25
1
c
260.109260905027
260.62181313961855
260.1026285789941
260.5749599927085
260.9095861496017
259.9580886048286
259.98757759956794
255.65031506919922
249.40146771672082
239.92207481853012
234.53459788789397
227.30628905193106
217.079109374304
209.82013285779576
198.8637264981342
193.05155086149978
190.75494004505964
190.38412236672033
188.86724092519214
187.37505725816285
186.22459060634915
184.5925709314791
184.14021350579713
182.30969871585052
179.15803010280507
175.71786825726818
172.93148695349205
171.0254337087885
167.53097467786148
166.76280287230236
165.23063131419383
163.4975462330441
161.2908432732725
159.87064839636855
157.72985019832376
155.46228526175943
151.29977031537905
148.52311893719278
142.05037710426853
140.3972441763966
137.01839203049997
136.2811355836813
136.14228797673886
137.11773448654895
139.4317829607199
141.2474988402202
143.50270411327932
145.17820884680725
146.52053862546097
146.40104777582047
146.9991986976135
147.58277437052325
148.40109477716268
149.09985259402015
149.61336304831732
149.99944355101402
151.46862571761898
152.6305533325239
154.39374761609946
155.50533497151034
155.78721980949302
157.48824288015936
159.34103819060925
159.0580795069489
161.77694203987193
161.44035672945418
162.43621061267453
164.72634246246014
167.06936134050483
170.28236685347076
172.65927375412195
175.21999341086214
177.56718823517522
179.90691482010433
182.33368402669788
184.88553158034253
186.83350989583764
190.68899422755388
190.50227749627135
194.36950290650714
198.85261501234373
203.39667075564785
206.68306513325254
212.24405299043866
218.12421059076857
222.4745409016975
228.15183461548642
232.58456170749926
236.59175899086077
239.61260748369827
241.27283999875408
245.40287753004662
250.13212032068105
253.56137768082155
258.4657811209969
262.74593317555707
270.12499749450035
276.31055611872927
283.23025857178953
288.449968276719
293.2057173665761
294.9100132122579
296.52030382562475
299.4840066137044
301.86958824491506
304.0963292483891
306.47398622737234
310.62717813308035
317.4397135919925
322.7112971240888
330.2462126380656
333.1789268811487
333.87001366072684
334.87883872952284
335.4115680165639
335.35968696428904
336.9144590031126
337.07617349473645
336.6952231838983
337.73995329972587
338.42752788628974
340.9531772865074
342.8715978083804
345.21104638854024
347.2640728699849
348.27164812453884
347.5657523200833
346.60892573553286
345.9455092835451
343.8887361917536
341.8882205542883
340.43710933552484
340.05970913827724
339.3528471155059
337.1370384882626
335.96986694834777
334.3934554588821
333.7591598268185
335.03554798203527
336.67156162474055
338.5203207924725
341.6443985932705
344.36181389460944
347.5747664639455
349.67886617582275
351.9170823866068
357.41189244716423
358.4956323693441
360.7439875660659
362.45658507118543
362.02056826456834
360.89418675396416
360.8346624619188
360.48678290053954
358.79376674200523
357.3749556357668
356.68396981666325
358.08255919847835
358.0678352934537
358.43535114848737
357.83599027089605
358.3154805804104
359.6361970724794
357.6418192761908
356.65617878095617
356.228934955402
355.0083805648679
354.20986176849465
353.751243283303
352.9949609363858
352.96079475170006
352.1426656093755
352.09538067403
351.8648518071026
351.0498231575416
349.80133849264485
348.5394957206991
347.1268197967497
345.87336799907143
344.01935036870003
341.8211503835201
340.6284010587022
339.13016573878394
337.14787386474165
336.36514515774024
336.7710259109617
336.03039136749703
335.75654862660286
335.27283437788
335.32589067949675
335.4027739732273
334.80663187712634
333.786541864151
332.79733598952663
331.17629477811323
330.86916232857766
331.2272937237855
330.1120210650509
329.57141291251446
328.8475524536567
328.6545417406047
328.6561698077736
327.89193477669863
327.15113866341255
326.20883529120636
325.6166248080275
324.5532986315112
322.39852789591373
322.29872712081414
321.641014838507
322.86800670198767
322.3161899381434
323.7172308798258
325.3028646637199
325.80725194616235
328.137741433685
328.48485598391744
329.19821479391817
330.5321693327565
330.8262248028593
331.13728293178076
332.29920498919785
331.8351568128983
332.20066089193125
330.5931531322627
330.9404280377022
331.9557354306394
330.458069975682
331.12225727364506
330.14504254200403
328.6932270470168
328.54374897506364
328.9393112628358
327.4921865086236
329.34110321112524
330.7077728529938
332.9707969566319
337.12611148210783
341.00756355394475
344.934226299173
349.4215297003754
353.74575668273263
358.63151425019504
358.9392727062099
359.4338749021078
360.288770154809
360.75421044896046
361.19419152254903
361.26392762215573
360.2226184314415
361.75318001832835
361.6490052915317
361.76453941767113
363.335120379083
364.3469583385664
365.77591019259825
367.09907372382185
366.72101054366516
366.02283643249666
365.62512438811103
364.0182428516958
362.094483846052
361.16537564687064
357.6859964132318
356.08254285668175
355.75095681891827
355.15715387952787
354.08549812034903
352.6565308860313
352.269086531691
350.6293384179943
348.2755010010444
345.2542906251806
339.73399309387986
336.00506649288616
331.3162532682148
326.44868961895895
322.3681324830933
319.00028318488495
315.54518710663865
310.5543864524173
308.7963917541026
307.8916612140578
302.01804822795145
298.0569171836258
292.62253347445295
289.6064581209121
283.3330670485865
