17
12
c
81.6039273270353
82.78494764201199
82.3442354334492
82.5903015521601
81.70376702683001
82.82416388116964
81.36482267820266
77.30582608886422
72.71711280869766
62.75711413935384
57.12851244044307
50.68346799232011
42.38693930552449
35.647980576506285
25.171389255909844
17.494322704849445
12.222042312608036
10.87900155160198
10.719802124473844
12.140998583726933
14.651886611682205
16.01612056661301
19.210751731729463
21.07754660752119
20.282636383328715
20.5180116748151
20.06838997382549
20.585000598967795
19.68019433921192
19.34953330109474
20.099513339293825
20.55314983483198
22.419811393780748
25.84781766088887
27.29650474853007
28.886912476644582
30.675904077825926
32.48688424450664
36.104915185733816
38.47957242392115
39.37804244473077
39.544689380005316
39.98006187810989
40.143410066864654
37.18847819394436
36.37125886956891
35.18503973196908
34.1924110998414
32.26556509105712
31.342156475547405
29.06243608120988
26.703460220649
24.22780639343957
23.34629404869528
23.559031614547877
29.084723814281038
36.682379266587894
49.45050669292118
57.45276366594787
67.78990088495334
82.492365729979
93.75314137236899
108.08249128874307
109.91262903250447
110.36221914506632
110.93293633767276
111.17026201309365
112.31696569504501
112.09086794084654
112.13783548369685
112.59512463310209
112.08983784898194
114.47823744057699
115.9622651388666
115.88779368205164
117.5275023480676
119.12663172233776
119.53589292101445
121.66662760637638
124.04983014187738
127.92465206385441
131.38289650430937
135.01151147553873
139.76268743867215
143.3803593314572
147.5295400144191
154.13483237669118
159.51022367987642
163.8757726022147
164.82792349233196
163.62045085810846
163.77492343037287
162.0441249448036
159.80352639164957
159.24101474523678
157.27640402144445
157.96180891112166
157.6783760362459
157.2976157003482
155.9728387520734
155.93102227872714
155.9644785575375
155.59508125476614
156.47558187630318
158.98695488667948
162.08712808081606
165.03475148580065
167.65660376254218
170.76737170754666
174.31717323977455
178.0276354904907
181.68786301007196
183.89867483469547
183.82914405240973
183.86407787776116
182.33230218839293
179.4802009634777
174.62308782069238
170.4771341588815
168.92563667070144
165.45040166820212
162.30787755850645
157.90505604259067
153.74552954805858
150.70391613753222
149.33908460042653
150.62325187269192
154.11383580281517
157.70165338907807
164.3288322004878
167.92108615091766
173.95472599506516
181.10535472237757
185.59608506642758
191.2982855207897
190.58483547735472
192.007446532268
191.70330923486034
191.92341535114662
191.47696606644783
192.030533419807
191.7734000911267
192.45983356243374
190.83425765039877
192.33955811472651
192.7060175142119
192.2337944950844
192.04862711770278
192.34386109827707
192.01321592270898
192.9534653812711
193.77941283719977
196.58958785243956
202.0032360079978
207.28929008771928
212.9307534334205
219.04580803110483
222.55418621964245
229.26896105858197
231.56932079127571
233.68838572071883
234.45251317378512
235.45182035624998
235.95036287666267
237.21246261301474
237.63760688140655
238.31655158879434
238.88047189074098
239.81827941813467
240.47297303625854
242.43094195354846
244.41730098597804
245.62720050869865
247.05825650141608
247.2475154234862
250.12757230321253
252.70285725061385
256.70617123326616
258.28145586554683
263.0829125461168
267.09849526023976
270.07318278324874
276.1381375452299
279.89682577457666
283.54202708618647
284.4751707879626
284.2938585956517
282.9399216672203
281.5496582283027
279.7548649963921
277.2452362434941
275.57192513035557
274.499008677892
274.54526735211743
273.12602149693777
272.0433812794866
271.93596340982657
271.1915185945387
272.54238411941407
272.1004103615685
272.6139532279016
273.3027390947048
272.49667345232655
272.9776811577769
273.38906079080186
273.5361921275334
273.13934246128207
274.06813139463526
276.0447732106654
274.9738786560026
274.3185923115201
273.9181109561915
271.60987327211683
267.70200845292277
265.7115016735028
262.8409901224223
260.49821305867846
259.73485675710873
258.0582257211162
256.9684782290765
255.48449770775807
254.89098171138508
252.87686975915815
246.98956554258055
243.12830211087032
231.95272445655604
224.4964896702384
215.37039651677318
202.00480537925566
191.57712309807658
178.39195074289725
174.75745765607897
172.27059911371603
171.68376652499998
171.59769157742457
169.95900609856582
169.59263256138794
170.4238482870809
169.4885105431444
167.33254524341632
164.6376972701539
163.241127199324
159.14388215243187
155.99509724476007
153.39333228627973
153.02349779708345
152.75574440186242
153.39773798686295
156.11703941519642
158.23135573337458
160.63547830976526
163.7697903375903
163.65322657222194
165.99183178149946
167.50548984316865
170.92930278261295
170.5669742675735
172.94431076936897
172.1115226873042
169.25484580504605
167.7228041593423
163.41632216539247
160.74388665256697
157.64491935890786
154.01636404972587
152.57088969576878
148.10369151741128
147.0502588678907
145.0129499132517
145.61952995988332
144.6647147471748
144.1207832580297
143.77190907581848
143.0514851500666
142.83032229796657
141.92471162724647
141.10962401928532
142.3184096925581
140.2400098152318
139.63899829276824
138.88393699435554
138.6908172702778
137.98040721835454
134.14246765743997
132.0907685972793
122.63812470058825
115.96711218646517
108.0159789714044
