25
16
c
244.2890351990217
244.56007893686217
244.87022358097144
244.27483531229186
245.30621961415798
244.98535891299073
244.3904785516443
240.4979482978564
234.48555426659874
225.12624456142834
219.52669475895857
213.98604331827383
203.46477708082057
196.04940636633816
187.15686817681785
183.16839293574623
179.42582495883605
178.61425017857567
178.29219963359037
175.88983002734327
175.27929756074292
173.84688685901318
172.7367105611136
171.8193843368486
167.80877147699297
166.4861327720498
163.12178810532401
160.31860362953094
158.32713721272623
157.64703446343069
156.45619657293395
154.99394838663795
153.111220854196
150.2185579075438
147.38916789677316
145.17730469663553
142.7142135033242
140.50793708964193
134.0650483538937
131.3136361114385
128.61634001612043
128.68431861262073
128.35531687403724
129.38101721447285
131.15488575536983
133.12228851529366
133.88415126459873
136.4683492470384
137.88603192863704
137.27799215536007
137.8843154435471
138.5622356135277
139.00891884121444
140.56806183080508
140.81827426990992
140.8131440761501
141.35390903773242
144.18647315685942
144.33238518593663
146.00346800591754
148.32702067344968
148.15739849240003
149.05653845792722
151.1223602478159
150.36477665394708
152.05430173584796
152.55270657040316
155.35038954944258
156.78019458643314
159.7467094670497
162.24698513864504
165.11016418469387
167.3465732441546
169.03017098885417
172.00383463552737
174.33022653433125
176.67083102340297
178.60321346690773
179.452892318052
182.00468200432104
187.46725521100927
191.42169523610235
195.23317088604466
200.178746660721
204.56889262818427
209.01616953335633
213.999577718851
218.46147017740174
222.16175349093214
224.7006528794192
226.31163050036454
230.63801722756372
234.82012185399864
239.7740904170617
242.4932832058697
247.39672173420078
253.27715192588843
259.3548085773369
266.3196560354918
271.21567845581507
275.8891380800449
276.21503164397
278.35854749932486
281.3546515062976
283.8834420234763
287.1129152476725
289.58341958012556
292.08887636786653
298.32203100267185
303.1455703619413
310.64582166204895
312.15356795555175
315.3263397254975
315.6060359670118
315.3769135762937
315.96794102486786
315.83345100132584
317.50612396632266
316.2933150291006
317.06053114929864
319.47392286325487
320.1912207091545
323.8405145492683
324.57821451061517
326.9803447035326
326.86487698658686
326.5882224550438
325.25015511016807
324.73906865771244
323.6020520295536
321.03610108443985
321.2341926095535
319.1567622366311
317.9808057405069
317.277983726745
315.97230010193266
314.3150848005939
314.6194243286465
314.1470176741141
316.38372152936756
318.2172242063763
320.91760453367397
324.0614697614031
327.3140311323027
328.7746558817956
331.79424549802616
334.97331552080976
337.40985930721655
339.952871684633
340.19233672268524
340.0354733661172
339.7918359345616
339.15915760786544
337.9389190210605
337.50611373801206
336.9294447219495
336.50722208150336
337.21270152001017
337.2575242107448
336.8357022030696
337.4473198014956
336.94198195632407
337.13770367181775
336.67267897281374
335.54222878066986
335.21139745035885
335.53048121213084
333.1659514791628
333.2082961374834
332.4413946864596
331.0898708866329
330.9564531246186
330.92732709428014
330.7166033635168
329.8615733795827
329.37894876820036
327.7560533471536
325.97073834647176
325.20194456146186
323.58543151229526
321.0346046953406
321.15803830866713
318.04546605097653
317.76074709113806
315.78898069935656
315.34551468103723
314.6387015244531
315.877059805021
315.3442673272932
315.1663364436155
313.9459150374096
313.7285950368892
313.17108087229184
312.4967799185048
312.9714251038562
311.4390369103567
310.79269257384664
310.6303485873575
310.49034881015973
310.2583745153147
310.36446404247795
309.0462104319762
307.5490408012785
307.7485572106486
306.9777746497091
306.1479826096241
304.81394304310436
303.19766036750553
302.913064895419
303.18856248527686
302.9526775435557
304.1622928455297
304.4356748053152
306.0239459045975
306.98947473391826
307.81681890025015
308.43463997469246
309.48441353123803
310.4204607175077
311.7652729759989
312.3474903868331
312.24700009912607
312.6782039421535
311.93406192769834
311.278702670066
311.44790249570065
311.4384736678947
310.42007203141605
310.8098758116135
310.14469325515694
309.8597075076998
309.5990471637804
308.8806770871147
308.3948365319038
307.9000561722894
310.00115788254254
313.3444406067131
317.1716352749102
321.63711665758547
323.15479247322935
329.00282901691526
332.2670791909239
337.18365645830113
338.1096681391696
338.2766289860627
338.18535221047813
338.60561328723634
339.0533297779434
338.78922951041847
339.37507625187857
338.5599850012445
340.41584122960614
340.95413671900513
341.45011186228896
343.36607316107614
344.5189354653218
345.3960674757065
345.13835499690407
345.37925379057947
343.89173674405725
341.99246320696835
339.8681135054824
339.41657318136726
337.2476245534591
334.8118574365982
334.3277833145252
334.7261738873755
332.9947643174386
332.16609832943146
331.52342512285276
331.03740395775714
328.5015101955524
324.8981855748589
319.81033384052574
315.23505696128433
310.96579006327624
307.41035855987496
302.71221516115895
299.5229319842411
295.58424381209335
292.17750141680835
290.898398492141
289.0792447868818
283.3926025060882
280.4655240876284
276.13060970263825
271.7047402322701
266.7145413822055
