23
14
a
224.97642961860856
225.61716278074604
224.42154854105434
224.7229005391174
224.8326496275217
224.56063154361732
224.89310798958113
217.05288709557027
209.10729790065588
193.88174308223387
184.5202688650551
171.4540747327598
159.68921315125684
147.81654659068164
130.70523434538885
117.11595608968675
108.33029642035125
105.98820196582913
106.08088180556511
108.58572943370065
113.72354015902455
120.07267238603222
125.57325451313045
130.86913414098203
133.9195266340792
135.5043267676578
137.72163658887516
139.16182672658903
139.50921307689347
139.99970595833227
140.42287643693575
139.96907163666404
140.5348456445551
141.4647881413859
141.81309286815662
142.56483583383826
142.95276825743605
143.69501425485777
144.81865996377365
146.33817723269925
147.0779235636024
147.00542971197
147.15769230679692
146.78495848180486
146.57781442752352
146.6448293104207
145.89799885144615
146.22704726277232
145.6265696451198
145.72621373120205
146.62708611503737
146.126022078204
146.00003417416076
145.05450907997493
146.30989581083662
146.2186461872033
146.65148561808854
145.95961562641995
146.1270118826691
146.5948405654565
145.62745090474704
145.22156757691545
144.32738942932556
143.0367304394365
142.76043510469177
141.51048183555798
143.0061028109835
144.8137566973093
148.90665246848442
155.5205275046732
159.72695940695687
164.86568572523115
171.25364536229102
177.35411905751047
184.25536466473545
184.6036236172369
184.9479342583938
185.1774259273015
185.02720333606644
185.51951624335942
186.04422134462908
186.0396642089142
184.94601213009344
186.24667800088656
185.49723332754223
186.01167129144045
186.55736052977005
185.09830596295805
186.9313888847552
187.19515108025698
188.2106929523517
191.42330121968254
192.5706722131501
204.68904556968118
217.593572473084
233.5982254763717
244.90573678438238
254.51845269949322
270.6060681764182
282.5929607974192
292.1201522432277
291.6659209319833
292.13972444295416
291.82437646268164
288.12295171686236
284.26621549243185
280.4990294390529
277.3445970640151
276.98223364206865
278.19198122286076
278.95509215441996
278.9986914289058
279.27157992979306
280.4798487371751
279.95486600189713
276.91349958833354
274.3218516150662
270.8061047915092
266.5945837643678
263.4380777560464
259.24138790906727
255.51997138562956
250.844824918626
247.764818718464
243.6953293521769
243.74288871355932
243.1797167016771
243.46520502769957
245.15001913357636
245.59773331262755
247.1040448723318
247.84494761105182
247.77857148398246
247.34554374517248
246.1975707968697
245.66342018697773
243.7494821949108
243.54736685555255
243.85483922098726
247.40476866190724
252.25847697119835
258.81982338150766
264.8019058041479
270.20343141748475
276.1374358689564
281.4172020530619
289.8222893180115
297.5640847736654
302.92371658422206
303.0795717330712
303.4997246519961
299.96787247681556
293.58481235977774
287.3541522233255
281.29312757019744
274.00814678187237
269.5943470444165
262.99215611489876
255.60954281207728
249.61326128470265
244.84947334857668
244.6829538796027
244.9023289842234
248.3797947325582
255.13595253341717
263.41342406332143
269.83498890248484
276.8150230905006
283.0381628966972
285.5520058194339
291.7203073154888
293.69632089896425
299.44968550793936
301.59767417440514
303.3953769471174
306.9225781104373
311.3936710940648
317.27135153488973
321.7627588497029
324.30806138354944
332.5403835791848
337.14322082169235
348.0791862145147
353.71639013141373
360.3920533995101
360.7180275884526
360.63219942394664
358.57683666530204
354.506464581596
349.97203287200995
347.1131353219616
342.27543064503755
341.60197678162507
338.3692504567469
335.11007558542815
332.1664726444061
330.2051640588377
329.8568368732749
329.65946106969676
332.3635906107203
337.5928247598677
342.9710153817186
348.7225605524377
353.5891232608053
359.02819784538195
363.337940638323
370.5404288472098
375.50730601663366
378.8993658759176
380.5365023458977
379.5265409313074
377.3108152414235
376.32562162768573
373.0683539931582
372.3508603885043
369.4220327660348
367.110259508545
368.6900466836621
368.58328262424004
367.5454895001254
366.874160002215
366.09061746153037
366.49896670141084
364.7663025694432
361.8495052932046
355.93866787053554
349.42477457054105
343.02340450836886
335.8422201146845
329.9940917810535
321.88935674589226
319.4312214242305
317.84817326934234
317.04483737500925
316.37734825766705
316.3742999132216
315.77053930104574
314.26401829927244
315.09747176751733
314.2762960571752
311.5709868697308
309.65685726052146
309.3430389601686
307.85601775191134
306.298070743929
305.76051889501696
305.60204902245124
304.3525178472465
302.4391862129536
301.9618138025891
299.7681931045727
299.54927654697235
297.7626040747828
295.1148820308519
292.8057132275886
290.142254135491
290.03830928597165
289.60146373210335
289.1712939524084
289.59430533750464
289.9675725657803
289.72996313995066
291.46511519871154
291.8708129369581
291.9785750465766
293.45865642942204
294.3008230968556
294.81341345767316
295.76103688912866
296.4027057328209
296.2247080169031
293.3917177548951
288.30902335969625
281.5166340123739
276.09972577718963
269.6428494654049
264.78939033482914
260.0675339226109
253.44129613772972
248.86487665488207
245.76590532512043
244.24501859959614
243.23824143292737
242.01267758983656
239.07760906225064
236.75837473015503
235.5879288038894
233.7295356111725
