2
4
a
65.72644303813681
65.75724816640505
65.45905551547182
66.04915794648943
66.20653037325174
65.97911627953901
65.88207384010296
65.672732507141
64.53998802514312
63.798471434668805
63.3672906730237
62.34033513844609
61.183391699710064
59.69441149996126
57.938531764660816
57.56311130939462
57.028300757524036
56.589680328285404
56.930446282565235
56.67899362059177
57.7212048250437
59.95423648122393
60.91773111703121
62.781126392091515
62.45718016726436
64.58091494166247
66.85496945227777
68.57329669293306
69.92257999462592
70.83325194005025
70.17148939513537
68.09287151934305
64.33933607778086
57.14018470680774
53.32194259030322
47.617490783528844
43.10665071873738
38.15485761230028
31.777598254177057
26.98417457521738
21.977916712745873
20.87104057853474
21.38171034565497
24.397251417162163
25.912269269191555
30.59682231322052
32.608632496210085
36.71572789063155
38.666771784723224
37.688642648941574
37.08549040659153
38.911894680133365
39.9020709325415
40.27280495838849
42.20505010576803
47.02861241168764
49.83321359641391
62.77122459654083
75.03033339443945
88.18758006507638
98.21085039971544
108.80038559467548
125.22447576235463
136.61573135907855
144.34087427970553
146.31429010123364
146.17249826244367
144.7464585044061
141.8831212884724
138.50981849764182
134.8433884110317
130.99535840356165
131.09537038433737
130.20842032874216
128.2441667432737
127.49497358695403
125.73194415894947
125.35772117126501
126.3157750463511
129.78462281142902
135.91639134149602
145.8400490312062
153.01077106112953
160.52365818930224
167.97898043589535
173.3393046387156
180.58012143556238
186.11698701770348
192.78572979821004
194.37387991382184
196.33403329731075
199.95884982224268
203.9484741439069
207.92361797315408
211.00892492866836
215.22772868615039
222.8058232704144
229.5509809475857
239.6882397521096
248.32445043818578
255.40127975980917
256.7499655792783
256.03811513105654
251.2102498287193
239.79508924487132
226.48561338268792
216.39498508986463
204.23079076177203
194.92356245910304
185.04704753086762
170.69917458270876
159.4752559861575
150.25173687139687
147.9893328689962
148.92471011631116
155.26607696187358
165.2442131903188
178.8273753007105
188.37351908497956
200.75433275389722
209.2972950841218
216.0233563060354
229.08295976078767
238.01282190729742
243.63602192032405
245.08419730779562
245.39041776004805
243.69993304203192
241.52621179337447
238.65715282460877
235.63503814211506
233.7179663835535
233.35625223646952
234.1988450284763
234.57372216934064
235.16572601892608
234.9609955332994
234.69249398950666
235.0690420889407
233.68201365962634
232.35842245768285
229.75124254652556
228.07122522881946
225.69723621281832
223.54992171803062
221.2753270219243
216.40797821020297
212.23882306455891
208.41127411828512
206.85694366937412
207.26798510493327
213.99527508215638
224.1013815820145
239.7624021729424
250.49587976868864
262.734444286437
274.6493656706534
286.0879727548028
304.45033009325516
318.0858634563956
328.62623640152924
331.3048501436054
331.34794550965955
322.3246364165084
309.70001031588896
290.3598076662097
276.52280826840547
259.43262160094685
247.61636470260854
235.77857753213004
217.48586092651644
205.0640897461657
195.06024491510294
192.07876949829569
192.3475473937725
196.17993351840545
203.0447944809826
210.19052924933317
216.47025820051613
221.45755507244573
225.50967292619876
227.55930064225257
233.507515433008
235.77287315425193
239.21683406448074
239.0228114442584
239.18361358735285
237.12685258887328
235.11411395557133
230.27477917335443
227.77376532787198
223.25598208997778
218.75884098273175
214.36011100845775
205.91837889446552
199.4658869348307
193.23311003336764
191.35371894091912
191.71850252866426
204.39406387279553
222.7096982542869
249.8749429640625
269.0076157047764
292.1413285557661
313.2170115306579
334.5226043700072
366.92445442804694
392.45961671839666
412.50052081360576
417.1431786326443
417.71619397572937
401.37884689428444
376.78706915603317
342.58617032314754
317.8727004111438
287.6779994328451
266.3109667666879
244.10392511330815
210.3637774845353
183.75321119368547
164.1057655089719
160.3591396015939
159.43344660448625
174.09736450839648
197.53266882857284
229.8650817607485
253.83094713959622
281.2620102060766
300.6451744846969
321.1690214646245
352.0149698863676
375.1588788873775
392.1286290962128
396.34435732167736
397.04349896585717
385.1070424257099
365.56950319750746
338.69631225671617
318.0140402190488
295.79279761942576
278.5537751396346
264.6932786094207
250.55816306740175
234.9604157790531
225.00353166977803
221.9337023545603
219.04365393699646
213.31853087960874
206.79895572834604
200.79674099755863
195.9984710981623
189.16306964892402
177.96233984605757
166.7704292819864
150.6830315442731
136.7970157887138
128.10877366491857
125.3074594767039
126.30473624835228
131.6429990669809
139.65717429008924
151.60376940839066
160.48170654612073
170.97928069626548
178.00426652715157
183.96244816936297
195.09636667164514
203.50924389885733
208.75505008423258
210.9900201062796
210.05157904304582
204.88150864155372
198.46049227141083
189.59990479552437
183.32849852999476
175.68725733090955
170.77963248636394
168.04839681580302
163.75784577398866
160.0955406335014
156.45016050270183
153.95768182276868
151.82301953105284
144.44966989833074
136.14650310914038
126.54145955190255
120.06901112426009
110.01765604826039
