0
16
e
117.24705102848806
118.15549112364484
117.1646685337076
117.48734776585292
117.95519423457147
117.12391781640383
117.76554122664916
113.81317925500059
107.97397605737925
100.18292114990874
94.71833249176291
90.02350421400544
82.33834048355031
76.81608120686586
67.42518022547921
61.273623271945894
57.04329030181693
55.040850687374004
54.5017639490957
57.02282829389609
58.93661489043742
62.851416062841835
65.39518362953685
68.27918780724728
69.49509205774736
69.76012645639918
70.90351495721633
72.08289457643413
73.24128214080602
72.44588401276128
73.83150261093806
72.84100661681921
74.36638427714632
74.06306464154332
72.59780642545485
74.39214453529652
75.13759552755371
74.63341216368822
75.76531221344571
76.37399611008244
76.08365239639737
77.0341001095674
77.0667956273224
76.986455173376
76.80696875728711
77.18762003108125
75.20613882120688
75.93849957764299
75.86489401079534
76.36260994333661
76.5810188436511
76.07091103586377
75.81139419905257
76.95297961754154
76.72650567060198
76.07842944634578
76.37869005657697
75.98562451168364
76.7582013189699
75.74454810209022
76.15595918470697
75.50258239440194
74.5542554823531
75.72033292037834
75.32538163642917
75.1542054666983
74.88205341440744
75.43832817728416
77.3305059364406
80.46983513282207
81.84774457606021
85.61134392257377
89.42127445729339
91.8802903853138
96.1469647722514
96.51473184758858
95.28958520927365
96.05436614379391
96.84671285329144
96.3653526789197
97.19496703160878
97.05972340981704
96.78405543900956
97.04219396940002
96.50894858472482
96.38828419033283
96.71034826651022
97.10354937685334
97.62991463329716
97.6962332734419
98.03514981683287
98.25447550582695
100.23397152173935
106.56215370469755
113.01320074769725
121.64585378162838
127.1790065758088
133.2029320998311
141.6064369700382
146.3481942122591
151.0996115255393
152.67623007583788
152.95809545101483
152.01251873770192
149.784319336386
148.38870885125522
147.94314288351916
145.04870047586573
144.6622881826872
144.71054273769423
145.76862079397804
145.71674225971057
145.20609448033375
146.69534937317871
145.94094786340708
144.980545213364
142.7990970185416
140.42744367307597
138.90532950269167
137.25533925469003
134.87746088847126
133.17711731500475
129.4579467051432
128.49176894471677
126.98054454737037
127.13463075903857
126.64385609772162
127.09357904759146
127.81699133517554
128.06709560410127
128.51463324637314
129.49953759815776
129.97737302065593
128.34293089556866
128.85543401303204
127.87348646374056
127.24991741704048
126.75092447908031
126.62393769363588
128.85525915157498
130.7963439194512
134.62638483045362
136.83004717721707
140.22543860747018
143.70672274337068
146.58390985944183
150.70796932452203
154.18569406778533
157.58573751665787
157.73434439863536
157.32895519987062
155.5354821998672
153.3085855576237
148.76928455944073
146.26778719850483
142.96976541609257
140.0736284452084
137.6244956400043
133.66795424168873
130.49429227180323
127.82293549141521
126.80804942439931
127.46638395095117
129.85800490926135
132.31723646619218
137.0290334289119
140.96479088165123
144.07657059406299
146.87022077287935
148.99788535272526
151.80060024702524
152.93278802225095
156.03782156759596
157.63090223709676
158.59393968422393
160.17701817856005
161.6472851374625
164.25132756336052
167.00549627670262
170.26990931666805
172.02791294412683
175.52439114547911
181.3617198580356
184.45570320480508
186.6519330643431
187.62173917733392
187.6760090606318
186.81772596215976
184.8063421977515
182.83090149152454
180.84364470406274
178.25495946832837
178.32385680174107
176.95854342846812
175.13573024167582
173.09305089969357
172.62180721543862
170.93257035181827
170.49414105053603
173.27960395716147
175.89199057228558
179.56722821838522
181.6988505008994
183.94468908739287
186.89600893297305
189.2389741206736
192.57996734929674
194.96372272998732
196.8159453079612
197.32671040459402
198.17748155769866
196.67048890290909
195.7698382434641
194.3178254104157
193.9138248594467
192.6095595954202
191.76810790280948
192.14588497306198
191.86797867681827
190.76573082166232
190.67563196636164
189.9500912303275
190.81647223278168
189.9653986678454
188.868319994881
184.7979236082754
182.60676471776407
178.9535629453809
175.2321936032663
172.05326926177864
167.4599700504007
165.82267088264035
164.96913892310732
164.94645036820248
163.8203177122648
165.0880556260378
163.00621621643052
163.64693435595453
163.79763291601859
163.96612381905297
162.2012978893773
162.5663204908105
161.91050675608113
160.8365833630651
159.61643286091038
159.65404632518653
158.9221759016481
158.54475876125187
157.837892450188
156.85265690590543
157.6103654611238
156.0594425596562
154.48908055206155
153.79578674592113
152.70634951070545
151.79020944400838
150.91567828489573
150.41318531741828
150.02899298616248
151.6699972207161
150.81482104059674
150.33643115388634
151.43667825972136
151.796603323427
151.75568706177208
151.9709578612616
153.07688942577394
153.64149824144994
153.6232348010132
154.33376405785592
155.48951284166947
152.48634975595283
149.8849564977846
145.44897284699607
144.00870483732945
139.5636090709873
137.82847127360108
135.305704415576
132.22173048428687
128.35773465136748
128.19255728792504
126.84742502444514
126.58072433655653
125.19772711888284
124.53066702987437
123.09415667133219
122.61961086390376
122.02332002772609
