0
20
a
102.8920834801831
100.82563247855178
101.01273538499808
99.68863218902277
98.95632635740871
96.42796516049012
95.34812507778419
93.9187305531218
89.62262746062424
85.74196814192275
78.24579229501094
72.17647657706968
65.49319189192869
55.368949591960344
46.43107652428182
35.727096385065835
33.6684490848526
33.91695716122982
32.28678331516251
32.167545769934016
30.977453249814054
31.41829253597993
31.782607840767813
30.783780024827706
30.442633263560705
30.012990640229308
27.12879342966497
25.566015304551566
24.504609585321372
22.19330568934508
22.285190884831373
22.02202577082085
22.786499945865028
23.67064212742883
25.667344665854195
26.04721049500701
28.413001069971607
28.26418733615392
28.201705764525805
28.985000794318054
30.65725009508674
30.320378191123464
30.905900448620542
31.346080271082666
32.16121281230852
33.25743015366789
36.836243785587335
38.802547016479465
40.36131734738197
42.199457910090565
43.637978956465915
44.8945077988974
46.32784219863953
47.34475808639926
49.220826093572036
50.07303915235549
53.673038208899044
58.05111150062334
64.61093821689748
67.90918635123779
74.58034526481926
83.27317243098611
89.19758708839558
97.93100292828015
102.57414248259708
104.15801768895223
104.4323726786876
105.09938307173579
106.36107658592465
107.36985394916648
107.99441147083351
108.7539050266162
109.3297599796486
110.7774249630202
113.16868312540446
113.27319330486712
114.35101455254512
116.31146455836391
116.87476708052094
118.45794530632676
121.89296728053601
126.32477179552369
132.504002848794
137.462686714061
143.01795446631962
154.70076687194418
165.30869633000415
173.27140335063905
172.4746827007637
172.41392429862492
172.06066040563564
171.41129199176476
171.99045415059516
171.72930666557042
171.5650093059418
172.33866181552676
172.00835588809127
172.26422617370358
172.57293581922195
172.43553866114993
172.91006035303442
173.1781018805239
173.88395943063801
175.51170334694234
175.5111006614217
177.84120702098323
180.6112259670484
183.99297048108164
187.17644972480608
190.5511626381137
192.8613292054511
199.20779308206244
201.83832438874074
204.56673993357083
205.50775675945292
205.64092520302935
204.56680539440228
202.67753272273313
200.91656670650232
197.8603080584562
196.69241568401472
195.69606473921547
196.47311467375746
195.20068288391442
195.47470706407583
193.38411503613085
193.6813709218496
194.08994279297002
192.2178669057288
191.9707052727119
189.60539221458106
189.11086397109057
187.39643744996488
184.81554454414746
184.09199618823718
180.98950436896774
179.0371818326836
176.59481113059934
176.384389869902
175.7798868436665
179.50915547230605
182.01274255022196
188.815613894102
192.07847157291306
196.46351166351945
199.44860828662766
202.14295177325127
204.82182061308183
206.488667143474
210.57697217314143
211.89775843051905
215.11907150419233
219.95361662859816
222.98839311611445
229.40680506268535
234.46461346653254
241.62304278323487
247.46468822289484
255.00084001769542
264.8259358441963
272.5090774998253
277.9665173820146
278.9641188078642
279.5124612753421
278.0724353230733
275.8084125064914
271.2988548843112
268.62399342376193
264.7172887998375
264.84008841457376
263.5916467624202
262.1325885963154
261.90184955216273
260.6558247335488
261.59922046555084
261.4573884523236
260.77083937982366
262.07387522129284
263.3951299454754
265.08905092096666
265.59659791642576
266.16758558742845
267.1360711327297
267.58393675105447
268.47736426355766
270.5322648063243
271.08774081262465
270.23417086300515
270.36546543035723
269.0642753704951
267.91923134754865
266.93862891393775
265.47006938721785
264.8939850766521
262.897531211029
261.09241198150266
259.2362364319843
257.31804480975467
256.33747202049483
255.8272053240527
260.3138323347383
266.1691006178879
273.90356876193954
280.34124274133586
287.6066417389732
294.54259516983285
301.8984659115704
314.17028559119007
322.35797979064114
330.297367641087
332.3205736948455
331.7630718632788
322.1501083635294
309.296012329383
287.9550765468869
273.78285115761173
255.81639515540442
227.60803591750624
205.23633551396546
186.60082849943763
189.43329637867413
192.52141926886318
194.2831515700021
195.43944509450324
196.32599537738574
195.2114357052855
195.31113877266057
195.94822533368372
195.57676944596423
196.50330138034036
195.37654560852337
195.85005015289943
194.74933371463953
196.11950951475433
194.37721678665298
194.65472017228032
192.96581920948017
192.2881257200251
188.0624083693561
185.07496369531992
180.94130853390882
175.92729557948905
173.68494237732614
167.94469916003766
167.31695389898388
165.91939633928268
166.5054042931752
166.68072462805546
165.9438530842473
165.85079285240755
165.65643199807965
165.16203709429067
166.0717558937095
165.2535241834507
164.98409772149353
163.70818036999577
164.75676186786225
163.3658066256495
162.96157616072074
162.29365739870872
161.03204137301086
159.40153434154922
155.58446546749528
154.2416961805829
150.8005854315235
146.65679417425304
144.9068366783421
141.13844955796074
140.07588240431326
136.5746796509429
136.03045166376725
134.74057272340906
133.27755452177394
130.82278527622324
128.94778781966508
127.56608944797338
124.10474826606955
121.35298994435786
119.54566366214715
116.57050677713978
113.39533616442769
111.02947150071273
109.80775509998472
109.8315069883532
108.41253120666285
107.15841391993992
105.47026962391969
104.51811015767642
