# format: from_node, to_node, traffic_class, traffic - demand values in each iteration
17
2
b
97.12189941970462
98.64617738650018
99.07865456801986
101.42062392038846
102.33384232021588
104.60299508174198
104.98149037185017
105.15751297548584
101.07376660195601
95.10288884735398
85.81872500599691
79.31327446466257
73.06999884972956
60.828430234983195
51.760722397766095
41.453388665228935
41.00735370842996
40.26966063316219
40.616421633244116
40.23499838552682
40.6527179877122
40.158308619978655
40.59738392883726
40.06476017036091
40.884394023950776
39.92181540114452
37.565309346533105
37.02760437672234
35.96214584707656
34.383017912084796
34.21689436521349
35.702604356608155
34.44005768209483
35.817141720957814
34.856978603637174
35.43043076130195
35.908175402872544
36.88618966006859
37.168457300127926
37.01955771852385
37.41874614346494
38.41078601186587
38.59335770872554
38.26975345561962
36.62178077952608
34.34960180904464
30.218768918738533
28.569552533086288
23.85603575659797
21.20349677517081
19.1582870730895
14.012207338814578
11.051722875086492
7.992107551451134
7.234906493826728
6.629365257637714
7.998432014477023
13.539769413147901
18.692080050731857
22.187520953312237
26.989636072062247
29.959109278659493
33.5716071348342
38.45967663618506
42.98297812528514
44.724819525991535
44.95769106552556
45.215361651940576
44.29738009879841
42.96440168924475
41.88076176460391
39.52841251630322
38.4681154609654
37.15100859845837
36.53532217455578
35.57540886117169
34.73496531602335
34.83566719257282
34.339034947993
34.96273565173003
34.81161064260457
36.43987989727348
37.99603519333572
39.583492177363546
40.03181722764294
40.62923287046181
41.79013415201019
42.39219510411225
42.79684051016481
44.63055650947839
44.86153869132928
44.882695070945964
46.90142681992095
49.50869038609497
51.434921157099076
52.58442876488636
56.029841891456016
58.96350525988239
62.04674405762997
66.23605273266985
69.11899076689352
72.05518769676162
73.27332893873226
72.75081508739211
71.70195448357926
69.56354133158361
67.42620861971656
64.51307691981026
63.625116079354676
61.94311835931174
61.31560616606207
59.216975213995944
57.52896360052569
56.99819116206807
56.114689976255434
56.936753512084806
56.946260648458136
59.31487124019164
59.36804337818049
60.17791505100674
60.90313966624553
61.28351546166201
61.31739075065021
60.83576851477434
60.791003119058715
60.931321199149586
61.42193622396837
62.00352781749775
63.60513846319542
64.9411143638229
70.38660914918347
74.44014547560914
80.96188555965345
86.28162590626697
90.31321351623859
95.20651399180502
99.58908474434855
100.66622534722865
101.1461416481272
102.50196914619903
103.54161482711129
105.24921603683696
106.32305834629143
106.89988230108901
108.46571943581388
107.86743594978742
109.7679855380975
109.08884783802587
110.86526264845476
113.51981816852084
114.34795187290148
114.71998705036638
119.84155513315726
125.34218014111919
137.8165686012304
147.84497057400964
160.82064051408625
170.86462164516027
181.85110067507935
198.40390884332714
210.6073806789377
221.7139661329371
223.0644977866638
222.09106382097804
216.363257682637
208.77653639242374
195.48091030333273
186.89191132552477
174.9172301145765
161.62189135272467
151.26507914622817
142.24030774720345
142.9595172337633
144.15006822174
145.1016676017718
146.06716345045209
145.3744675472689
145.97371691087596
146.68240990790434
146.73451162524142
145.9551304460919
145.62194464605042
144.69087861339887
142.5261584010634
140.7246501052295
139.71743465103546
137.97163937026752
138.52183080073883
142.60094270584545
147.39261507467774
154.88261145113884
160.8278424563095
166.7097991227224
171.5946182573167
176.72511466017994
181.7501530387481
186.1095818708055
190.8308297748539
192.74958054833957
193.44914867340924
197.13418141674757
199.3804237403228
202.21023362227794
205.92104154346617
208.62534580236823
215.1317002041707
221.3342166375154
229.38615182244027
237.3873769367875
242.96451962128845
243.66111661254465
243.88863623837565
237.8736233539939
228.57456977553514
212.9505007141518
203.48942314111872
191.9991325700558
181.22015377191207
173.10921378213985
161.49948885858674
153.53549867612682
147.64677152572747
145.75083009621932
144.34237765445494
140.65426896316185
137.97953510465953
135.5143608543083
130.5675026853637
127.91802595802818
121.36737810501558
115.4166200277831
107.35387297051274
101.12011072865091
95.1489481475625
94.12703271993398
94.77635876919697
96.47397397080248
99.15505000101292
101.19248523984231
103.51041431504748
105.31396268003627
105.87386005632807
107.03179108254194
108.68096593094687
110.06337256353895
110.2207997030973
110.6532504759415
110.95109477371376
108.29261164073273
106.5262456707186
103.17733887334082
99.9117188075008
96.5975665870619
93.58606652542616
90.76393980033566
88.27783396653032
85.19473264378092
83.3604929691729
84.4963988668669
82.79231279545816
82.6974037138418
80.60940324367226
80.78220797735226
78.51072826466505
78.73309461682959
76.69966277774913
75.34415168561931
72.15530748030677
69.72491955494965
68.53219694171439
67.10021505895665
67.19161019896218
69.1479016755513
72.73292634359126
76.344600701539
80.00197383861956
83.05081600952707
88.06062382689073
91.4659589957858
96.03810729998456
95.71902786797635
97.49061187410551
96.49960800195159
96.58095515926294
96.42690809241499
96.32481374450087
95.35562459498553
96.9254465714589
