# format: from_node, to_node, traffic_class, traffic - demand values in each iteration
20
0
a
80.9945577256246
65.90329413263943
51.395118330909035
41.21726985142049
42.23823889057688
45.220191033357374
44.71038979361846
44.803165841182505
45.22931098407832
46.44016252054567
45.49005423311002
44.749288479934144
45.88924102939593
45.01132964295363
44.92128862749938
42.93809384746367
43.28083038525403
42.319322045561044
41.72738264274833
40.89715356898731
42.14201576252646
43.359571662484754
43.391955011667996
46.03268303324735
45.670612701838664
46.13873076815493
46.904240274486334
49.3355092082881
51.30439455171666
51.548985176548534
52.43549476318695
52.051545696311074
50.45596027800628
47.14818651344708
41.922190293502275
38.83232849089439
35.70456731765003
31.633183937082862
29.167369227442
23.51032793358447
19.00042135896663
16.259551019251745
15.407985746180241
15.7591577670094
17.29779891708244
19.838222418737878
21.81468143060791
24.008006095173243
26.679071054742
26.81413497244875
28.338398810051793
27.582848073676693
27.239230856660463
29.329451408027506
29.32759118930068
31.57295849215016
33.307374223035914
37.53271526561413
47.13801856520624
53.96069749758064
64.2969625429713
73.2188255055432
80.24367335144322
91.77255201819429
100.83337782159936
106.61722219655258
109.13602684818187
109.01589054608192
107.56214285457686
104.60369539119945
101.9711561130612
98.98060797590999
96.31931241733622
97.11012074368738
96.47434210738932
95.9420796026829
94.98414269412999
92.96735498879006
93.05394289717253
92.66315052112984
95.64554231528537
100.71385387968687
108.3185241466877
113.48779958583697
119.63004108010588
123.67515373886864
128.29713737654578
134.07733176124665
138.0786242446912
142.9177436983064
143.68364182887018
145.26369162412556
149.00446589092635
150.55474471753638
154.6092247319545
155.61149127340522
159.44502813564378
165.05224737526947
170.3442749526374
178.125335024705
184.38817097788973
188.02853012050505
190.78037660753435
190.24090375905698
185.1370614324334
178.95365741275438
168.24379458384485
160.533045470779
151.31858679212996
144.0137845247571
136.8933483462473
125.05402993576119
117.49096455458204
111.4492168689147
109.50765490738281
109.8752391404653
115.12519180298412
121.96557438040206
132.04019862365925
139.88181889631522
147.95198216893107
154.68700482554098
161.12131394937012
169.06949643670697
175.29320895529625
179.8426902362646
181.18541813958967
180.9548059333366
179.86777703155977
178.7390227784544
176.3311060685578
174.07977058820836
172.39800722580915
172.68257136555533
173.6938131078401
172.98224232403436
173.1652677214252
173.24718846158703
173.54004084710465
173.81319027119994
172.88905150849706
171.89471445316372
170.40228940471042
168.66284400273182
167.8186807022963
166.09005991663543
163.70988427000708
160.17562727752198
156.92875792841463
154.1253584849113
153.56066276756985
153.94951493513858
159.10742153004156
166.55041271499735
177.5640270690146
184.63842351038892
195.11765401534575
203.74412896735663
211.80261688152308
224.92489808962114
235.48865128043863
243.53258387046424
245.88705607336576
244.29934554743883
238.3787653204118
228.9151950660762
214.66253967619278
202.8874593454052
192.45367574497448
183.05387698068975
174.2616640365552
161.61002548906524
151.88861024932052
144.87772690284632
142.61613282027662
142.86801286166704
145.36584708684472
149.5747058861848
155.78251977089207
159.6043421874004
164.73768391822037
166.16759171764176
168.86777526944337
172.32120297111055
175.56634152858152
176.5134651923495
176.69387628085207
176.81763652364396
176.28647717287436
173.08013362675405
169.79134710008
167.3857646325072
165.06361993804887
162.95387981677342
158.47845561914272
152.75271737960355
147.33303342247007
143.78149746054615
141.32372986092977
141.9742906960625
151.21042845287866
164.95054798620728
186.10432400548586
199.39613388936627
215.68284766489907
231.90059682294662
247.4728023473358
271.9667165463757
290.0166632871228
305.71631754232357
308.48403171288027
308.4395777028265
296.49425735073174
278.9371694384235
254.0124563105253
234.8792388215618
213.69334274596665
197.95805025672183
180.24790347585468
154.9226473021657
136.25905212404734
121.46648382020348
118.81191122926438
118.24647951277079
128.51388590141198
145.13875067752014
170.09147588382567
187.61472676698023
207.89596851593723
221.76756315816309
237.5639888351012
259.9661285664841
277.10586650322966
290.9859850590949
293.3659849767702
294.14370567299335
284.2833468632945
269.656765182358
251.00472704638858
235.14896415141658
218.06458020855277
206.26117341083648
197.01186682047464
184.25265449822035
175.38982284107092
166.59106664370745
163.52671853605034
161.79128801949716
158.06514067508263
153.78366067450534
149.07130583981825
145.95604737251153
140.2582436161941
132.36241139229227
123.80995211163312
111.85402854966294
102.23249409801119
95.1970067427317
93.46013472426336
92.64572594617132
96.53678832170169
103.55876989313845
113.00269251911378
119.46460865245757
127.505539512904
132.04992538336015
136.31193488796887
143.81559327480124
149.46856371176233
154.95710554774305
155.9781595168081
155.872466122641
152.14257749499734
147.55308073188098
141.32198731309134
135.13267858720036
130.85547300409408
126.73751373546605
124.2044200212722
121.45130087459812
119.86320641829903
116.47259078496343
113.55181546554637
111.8675408654959
107.10963709104725
101.48827875236721
93.78741986064888
87.5671997178023
