# format: from_node, to_node, traffic_class, traffic - demand values in each iteration
19
14
d
91.34010053478536
90.79486286804057
90.2527111821651
89.53444690273396
86.98005292455633
86.15693265679927
85.51665589090781
84.69569917942694
80.633320090449
77.46696484251625
69.93394937993116
64.83874590628197
57.974799980773554
49.825845995915934
41.357411485734
31.286594524961405
31.071116789085206
29.436524931176553
29.439292348060743
29.29292588700931
28.792355106439377
29.616801205674275
28.004631946824418
27.25912912870449
28.27028591347393
27.03416450036654
24.928833973094612
22.120693457043203
21.270344819107425
19.103334585710225
19.12677883988997
19.76328471543511
20.33688560862929
21.998184112446346
23.079268853036055
23.8732850699485
25.389060603911464
25.886981585820134
25.386307649187614
25.856645015162805
27.107231093213162
27.426016221651267
27.377754354161834
28.93710611693408
28.658522175212074
30.148828506685334
32.308515375713185
34.05448960222449
36.639187689876216
38.52557616670626
39.459030941100856
40.578728967099686
40.99787282098462
42.504863411930124
43.70927997318735
45.27309613293648
48.37177681523201
51.19964166556872
57.690763225688514
61.238249991891934
66.33453983764537
73.14196466511082
80.09612400881757
87.36369197979593
91.22982653397027
93.24112944037431
93.76015529420808
94.69845509343756
95.22142663891583
96.22818748408966
96.60588154009297
97.59556355477675
98.52188694532146
99.4970076730095
99.6358267999517
102.01099327976159
102.50017231295179
104.42381245805232
104.02688436328572
106.56957411645779
109.73090258111395
113.63835254200602
119.21465378123179
123.04618816760788
128.40707282034643
138.9332953638481
146.81876224310346
155.7089037449237
155.38238472400255
153.609596614265
154.72451649870794
154.7860595309796
153.7740828176073
153.7590560666369
154.51218912955943
153.89218341134537
153.43717216478868
154.43295024509553
154.65095512228973
154.4063174241695
155.7173408648328
155.62021250391547
155.9030298491579
156.15960499225773
158.1849118786029
159.12256469667253
162.41343092403883
164.47151119096293
167.87504024010232
170.7779988993002
173.42752287515881
177.95091120642192
180.76517166445421
183.29631077567942
183.75044513100738
184.19344663420273
182.2991051920517
181.22444401857067
179.61279592317553
178.21106538278343
177.1558612913136
175.26918009248536
176.09522707523473
175.58974030281203
174.02857816713905
174.31067226811203
173.86850535584344
173.00606101745265
172.60296033319872
172.41003298031973
169.22128540820262
168.50014255952982
167.06179507323978
166.6201452388962
164.4349590050469
161.79924295470352
159.58598837439663
158.25466169620412
157.79423734377517
157.2944514639515
160.561221467452
163.0540509327878
168.59017079576225
172.12360905635094
175.59454655907362
179.65591485902866
181.01462075060604
183.98642820328084
185.97236971601706
189.11130837689436
190.48842532691503
191.70472323756772
195.58404958896304
200.70923495388496
206.00741984348588
210.9584889137434
215.65643262192347
221.729924170212
227.16690016013402
236.71532310517833
244.17708971825436
249.02181275883657
249.93430668900484
249.28688458495816
249.0239851997713
246.56017826692909
242.6867906919468
240.54288953609102
237.6467615397793
236.80547667871798
236.78173857922206
235.08046823893585
233.4611318534124
234.65781477077746
234.23577678955172
233.87071912552952
234.0715449554508
235.29627932741462
235.45519416779612
236.7368445166762
237.64882090920509
238.7142894646821
239.10454012777913
241.11026323509668
242.44478110590867
241.95905817441226
243.19019145403752
242.91544584269198
241.1458899606965
241.11152048056317
239.27046244191686
239.4956117492626
238.11754408454965
237.0182863135104
236.44830717913572
233.9893580304924
232.0482342031867
230.4087926774257
230.33783043429727
229.0573850721735
233.55102180678475
238.36324172414393
246.20079857707958
250.95336328701256
257.03687732064446
263.4916894952687
269.4940696614454
281.25771848861444
288.6410204588935
295.49369737423604
297.4570479991801
298.4778037074981
288.88194063422486
276.70009028447856
258.3388889269226
244.90069747476994
229.51514958630898
203.34761188928795
183.70086104629553
166.00890476620737
170.20438096380983
173.80685922552348
174.0221304354909
174.83745938581984
174.8981095524461
174.96451428893124
174.74762381852256
175.5236331932351
175.24639638532233
175.56675050436985
175.21406617443859
175.49924977973185
174.8258358878576
175.22592037546644
174.13489976875255
173.61784756887218
173.13549612861453
171.40804558728698
169.15141611222046
165.8901445008714
162.18266963532588
158.21604378443317
154.73549878066598
150.69625056783576
149.87504594993914
149.37058131331582
149.1750968750608
148.9329372221533
148.52782397320587
148.49143069992235
148.33197620832993
148.67063502681253
148.31868561735268
147.4130420099479
148.37084946712912
147.900796838556
146.77188432590066
147.16001415322768
146.68299417994083
146.29440096672406
144.77074548636472
143.2128545646333
139.98230841917317
137.32851667021276
134.49442186228086
131.43948426146113
129.51847985527627
127.40011935506209
124.71265524960029
122.80834191553957
121.32123669421625
121.88785372248044
118.19075572684773
117.84759139368542
116.07044886835234
113.42097807640201
111.54269026636905
108.78967294387972
106.42063862375213
104.76827044268452
101.01400654986705
99.72607368563966
98.07829810198514
98.27237657007102
97.04322396399526
96.1632247575318
94.6241044553314
94.16065119360981
