# format: from_node, to_node, traffic_class, traffic - demand values in each iteration
11
20
d
11.403750673218351
9.922985461437511
8.081647728565395
6.575071174752653
5.897948733152675
4.115569353072304
4.940713453099587
4.242625586606708
5.049818529339665
2.9139684143403377
3.5566942587086134
3.5328974832041866
3.593854742954969
2.710800421973038
1.0597664715248019
0.37898116452550556
0.0
1.1947848312736016
0.3140453237310913
0.1428613905223463
0.12034508382447255
1.9094169120228635
3.738028355263517
6.1566071072430315
8.702574956001671
10.648794448670726
13.248821620349421
16.026761558675435
18.937133520271477
20.646893159410386
21.056086700647498
21.143739401232203
20.080613835752803
17.133352671291103
14.371685739819023
12.062650957490527
7.913812522198949
5.753276832180831
3.5461152547827433
0.8052264582510269
0.0
0.0
0.0
0.0
0.20813509733046742
0.9989292015906283
0.055907432669628165
0.16793791693803675
0.9412787756174803
1.6352445277937795
1.9476136067222607
2.361622001399109
1.583161742095458
2.128656876662673
2.727378161487213
2.1546785615775446
3.5979564790935443
4.029206360789159
7.39238656588233
8.548205053745313
11.651697193703626
12.259686137541431
13.393354488287414
14.398918034393654
16.051809125209576
17.19352498614443
17.926912819286787
19.64695663098719
23.337898379526138
26.071407200806835
33.474204495959896
38.67457423447043
43.64739634760644
50.87350348181364
58.52110158542291
69.25634893551117
76.76563329414924
82.71449841027778
83.88541298200282
84.61609410509986
79.92282885804457
71.32010933343302
60.61669296697821
53.0648038078609
43.465605606790454
36.87452494040052
30.159838678839268
19.710969350810327
12.697364048346808
7.055052744619786
6.319098832307497
5.79098566611797
8.488624021949436
12.329193066645349
17.267502564245298
19.616762631021988
24.465452743060688
25.553791062269344
27.101331261397462
29.436699225928333
31.876775403544123
34.37075943800874
33.06775419019604
33.95883994796126
32.50966179620643
32.88533986160403
32.71748413287148
31.684211680553958
30.68811645333756
30.93247824786729
28.64439740330887
28.503407031666278
24.56609090702826
23.608814708164388
22.536311068479378
22.231512584018
29.00200956802101
37.96209214587848
51.918969926501276
61.513028070972275
73.42217508638402
86.95694936493679
97.21321609602943
112.42086737075148
118.08064743956592
121.72611213933054
123.38866229089024
123.85393374605454
125.11188903860516
127.28194086882127
127.71248703974094
129.17024359488454
130.2988983931723
134.16445985128507
138.0079534543237
145.75357077001198
151.48405168826122
154.6384609713528
155.72291244502225
155.82147590014995
151.29954935328044
145.70544017592712
135.5092783150004
128.87659204534702
120.45258377177292
112.87817083527537
106.7584615989266
99.74332988021372
94.29042051387262
90.83607112117515
89.47137898705031
89.20998831657792
88.48545656606682
87.6409547723328
85.08036349311672
84.48856338764935
82.67078416335258
78.78577583672853
76.71216227812519
72.95492401499372
70.37920788607919
68.78870206177439
67.21882537261428
67.52723056044985
66.1770488924337
64.67894804710001
64.20884165566675
63.18527735841284
62.08158039247595
59.722448592560774
57.11782789271932
52.932405593800524
49.780171247629596
47.491382747140776
46.78410521717215
46.23871889490935
49.24788931279867
54.97407958882199
62.41799837385058
67.98214131793004
75.64360328854494
79.07132675015706
86.18999069437066
95.29758499366913
102.70317197859731
107.57486296697233
109.07133280954378
108.67032249069142
103.17580983517567
93.54600088177634
81.16160468295156
71.86031115416395
61.10029601775109
53.1071647836512
45.01293872460439
31.58517688022538
21.818785569947377
14.835097329008013
13.124200874384774
12.972945506808614
16.954926674128494
21.637383247830137
29.845886386379824
36.539387006387514
44.04607847946759
47.347598897470114
50.926244513316526
57.90767062154308
61.99272567925087
67.00431422662822
67.63453670742307
66.22885773860867
64.3159056307
60.12954566824577
54.7531272963507
51.64999883174323
46.584677746052094
42.5359252998197
39.45388060829266
31.37686369982989
26.930010579969018
22.465478574311586
21.24085601336631
21.017905593013907
27.974151818462158
37.14461203547397
52.76122367605077
63.23779200728752
76.11211376308374
85.88808367046636
96.60371709649316
111.49388317777148
124.2465523735846
133.43597692782618
134.9014713677125
134.48178986317873
132.45521777272847
125.67223853596848
117.51489146076005
111.05318459039793
104.03940873756001
102.24464117116125
98.92205702941679
98.46707758695315
95.63252250201236
92.79239017398301
90.97915229676848
88.60676002240514
84.23373815148365
77.91280172758756
68.09419723897057
60.84135185298359
52.39768667828936
42.87140216424802
33.7263659923454
19.591149518370504
10.496976221416475
3.073824928164793
0.40945030783955794
0.10156483478742429
2.2545974157234863
4.545083984115962
8.713211524870228
10.1434543435932
14.622470384959724
15.15565990717073
14.37058647563541
13.588261953641354
13.245310542602429
13.348215008046077
14.093748010139153
14.138255178500042
13.632042510313664
14.089197111314137
14.303900588652134
14.884780030500023
15.396703680698028
16.261475753493453
15.095551817598786
17.453964541701115
16.73098919676321
17.688160899088672
18.555066163418957
18.56716427689278
17.244850381094768
16.27085061297038
15.020524902987846
12.549870034847666
