# format: from_node, to_node, traffic_class, traffic - demand values in each iteration
17
22
b
25.485247949354775
22.24876884127319
18.65428505970732
13.850585766291198
12.968409094568374
10.960453943032752
10.677162414068851
9.771497405218263
9.558951033571224
9.681462832178093
8.838958832869874
8.84170252993843
7.462167431527014
5.494894673873322
3.3236078683629935
1.4280215085291261
0.7390890930530204
1.0060964573632354
0.031710981709603105
0.005337738013107634
0.013733335863567073
3.5756114611866585
9.740228346570035
14.309838995010102
19.052593677958477
25.839110712537906
30.968006058486658
38.05800446564566
43.79098488172097
48.70035586695682
49.57398233126175
49.83217039408699
45.27487092156477
40.86093994980491
33.707470381317
27.618655905123145
18.25133212469707
14.16797460455135
8.951508231067402
2.4600234021484297
0.0
0.0
0.16004033437892914
0.4448238416859443
0.0
1.361276113148193
0.39043354933993774
0.12655352774573655
2.547479440739217
4.662410437279026
4.146693111184409
4.059978758919773
4.7503615796234895
5.117517763395413
5.638764828867364
6.2819755438565705
8.131655041547472
9.448030039401615
16.397157745614027
20.424762178649353
25.623702446410753
28.707292804635845
32.67153916113217
33.652535461676784
35.820624064782976
40.07004636373634
42.47402588085742
45.794257203789705
53.15828521918669
62.59937729685477
78.84251620409061
89.22894040112091
104.4511968804761
120.24876029785996
135.63478326051265
160.75535960502305
178.7715161639966
192.55194990549077
197.18411317877516
196.793964594412
184.67713201933543
167.62837572642616
141.91459531874665
122.95388822262886
100.96457483752934
85.88115835941538
70.9877886076257
45.90174195307489
30.20165064020222
17.67103030393539
13.832499344088975
14.522469684162186
18.495635121239943
27.274709289875492
38.148587112276005
45.67176263734378
54.8165464375642
59.45033728016366
63.712896801282945
68.82297537306837
74.06895601810729
76.55602102898015
78.10052643683542
78.24898978082679
76.65712050585451
76.07025058985903
73.74135430029484
72.83657470355868
72.08913259720303
71.57034000356248
68.6576610835888
62.62540651089812
58.284620564622266
55.05653696188891
52.82263239357319
53.046306685466604
67.2522457001021
89.49603626689262
121.92548621335796
143.33477311080864
169.7914915883697
201.75923299008213
228.59303531630798
261.24458300548366
277.49710770581663
285.53402075925686
286.6045898598434
290.495665364115
293.66520616825534
295.88507847100146
298.48393064534304
300.8292874388826
304.32094149829874
313.89653036535265
324.52609878834915
340.2944789569573
352.85898032000483
362.0057500127245
364.50788213929906
365.2783137866514
354.8920216135959
339.57050762492105
317.24380029853114
300.79044450981
281.1265667827432
263.92023080488053
250.42214066149398
231.90667244230968
220.41125913337032
212.91993177194502
210.85401637701918
208.82406182958135
205.67393789201554
202.80756723428576
199.95742339201573
196.24958230078454
193.10948602460573
185.5440069348297
178.66051744458855
170.100887639414
164.25143072685057
160.6871045881884
159.14181294817732
156.66841873747853
153.9538904325326
152.41380325942112
149.2431845698864
147.8136936052798
144.43043003589747
137.98138769484171
132.19684559517398
122.83297196281198
116.49993671401825
109.40222830827042
107.08891514453765
107.7805463436194
115.14376402995694
127.96081064470249
146.14517647609372
159.16040401967146
173.1815904303767
187.42187378596876
200.609934607936
221.81488281998566
238.64449631120291
251.42062157213843
256.2926601628963
254.9629298690593
241.40368887313892
220.4800927139871
191.26110694899353
169.56203012281463
144.24503655926225
123.74517595476944
104.04258735419675
74.67749451809493
51.8096863696605
35.19701180155138
30.896033430790027
31.21478670752959
39.56026622113643
52.018988401964755
72.10301486299885
85.97441512682309
101.76191029536717
111.37482417463083
119.5709937772727
135.06147971185882
145.4951253916874
154.77793397337365
155.79398590378884
155.7033800191066
149.74816483569884
140.97522087922474
128.54757355015687
117.98238643905837
108.42984411095487
99.72097611966836
89.53555001248547
74.33715115349978
61.64694825284222
51.475402809114165
48.056356517494635
49.42294787868433
65.3952143380995
88.83902324865176
123.12061878484486
147.923486015829
176.68991467486907
202.30174935604123
225.7636167620167
263.2894849913371
291.5164650698288
311.4354099993784
316.2372841150745
316.2334299396281
306.4284661256761
293.34584268518716
273.98998073160146
259.4531687969451
241.89237469295796
236.59766218498137
233.16211215912398
228.79835573027074
224.462249914418
217.49466538860577
214.47141255551335
210.17425601281022
196.39471970180162
183.17778360446613
159.7136492900262
142.28988100646683
120.69545088187854
98.92765074091929
78.37295448540675
45.86212966055562
22.70740994339994
4.755164229838497
2.014862623246095
2.8150377885271336
4.949657901971185
11.102957431303592
18.717157712450167
25.41033759866793
32.87280958212432
32.61015949541992
32.504743040336386
32.28199579931884
32.47395622895208
32.513329208568464
32.10399401370443
32.126207869270594
31.640131032835143
33.71098672241714
34.164179673289574
34.93711167303786
35.811002350946644
37.29384625521076
37.81173478173711
40.470301326968396
41.53395248984564
42.18831257143196
42.30255114016647
42.71371425813203
41.00775340774414
37.352409977373895
33.3837906316574
29.907773068336713
