# format: from_node, to_node, traffic_class, traffic - demand values in each iteration
23
8
c
94.67079430092363
92.81159586124181
92.15265576870729
90.40926123754485
90.1677972854985
88.99462527051087
87.48540075580654
86.36127604605122
82.94997452002532
78.26717550868229
72.51645676947192
66.54800074504222
60.078216376799396
50.570456949982336
42.69489678626223
32.53383392440159
30.876209805886152
29.87613802886977
30.32515799210419
29.121047176091448
29.43267205546697
29.69112559387401
29.15344734859165
28.525441273861272
28.415366751592096
26.418460649382045
24.962177708915583
24.19919203765683
22.312526017290583
20.186961797892664
20.279947356097868
21.032604867707853
21.560087732900854
22.737411301966066
23.67456905786728
25.0914787189242
26.105194364472865
25.675509970491227
26.662088112341937
27.175124933038266
26.5371629277863
27.889542072276107
28.670190931626752
28.863432023837632
29.60621043943247
31.250678480827116
32.791503332973875
35.00331282560574
36.990188641764064
39.427439628462054
38.32432258333748
40.67255922533744
42.41722937263338
43.16509228264155
45.23067590583862
46.39394894086147
50.12497819418505
53.72573284943385
59.24055799079859
63.4832523938953
69.52088549684585
76.26247940383345
82.3996310037865
91.39445063187853
93.68665432391778
95.91804324883023
96.50959624603047
97.11170560651074
98.70146977335021
98.50880335320383
98.61763128252541
100.78850026912394
100.50674085540291
102.97025636583517
103.49559880811545
104.83571497416928
105.25366142820212
107.16877909420913
107.38752736941315
109.71547824030722
113.27480557848638
116.61323843795351
122.36065817685365
126.9929294048049
132.0364315596673
141.2076376150447
150.00179697507087
158.32742632134773
159.1116828552767
157.51886938412923
158.0319592618695
158.32000810150262
158.20079049824838
157.97857045212425
157.44985294776743
158.03339549035735
158.14394406244764
157.84222355040367
159.18246193628886
158.45689144585407
159.44616921045716
160.43423086386343
159.60459968942772
160.42194849030182
162.94824410843938
162.91313205100056
166.98317354571702
170.3411920312662
172.1982572783643
175.9445793474296
178.51759197439443
181.2649176070276
186.26774591881139
189.31995373059655
187.76336155075515
188.60484306500058
188.1100033008289
185.95250420846395
184.9522725978963
183.35223627897216
180.4197983329683
180.43369411819353
181.49164437175568
179.71850588215867
179.18877679144896
178.47144427525706
179.25538295499342
177.65175803975995
176.96364519747036
176.2048136136914
174.0881877608854
173.3781922127505
172.6883557402575
170.00825682748862
169.66419380929864
167.27413968293646
164.4035568305294
162.39270184347237
161.10973295847253
162.7219534519232
164.9612864951992
167.95649689050083
172.87492479773354
176.39965290081062
180.87370579529497
183.490345756153
187.18399816455923
189.16473358893694
190.9478442124144
194.0584330022278
195.02774964577824
197.1911159239794
200.4364326226473
205.77920659439351
211.23644865631275
216.60082013673977
220.98452241988946
226.8437569180176
233.43174837032146
243.72458483805343
250.7598063224831
255.24074232742092
256.53402916888183
256.34666498301993
255.631375810194
252.65487324738575
249.9068948646264
247.7255331157827
243.56509839791
244.50893627081706
241.84953588964115
241.95587291228458
240.4809686863959
239.68661418932817
239.47336537452136
240.7567702160728
239.6397420289152
241.77014163431406
242.17444829296286
243.85582030690634
244.47234674578218
245.939062055828
246.428457180897
247.20459630037035
249.15952517211574
248.16249688908835
249.24705126081682
248.18117848672574
247.21383934445598
247.95687041924745
246.6994751047507
245.68238055359822
244.0998798547241
243.58944111154418
242.36317013567316
239.80256098972205
237.69335921924895
236.0347837965911
235.23844964533603
236.43798868922408
239.7077479544706
244.43663385312374
252.51803825206727
257.7175262723615
264.3393445726695
271.35065796808135
277.62867377755435
287.88686162323984
297.0225890546547
303.9919919020061
306.009604339142
305.35027445419337
296.76582785313866
283.87778389453996
264.4405618836094
251.26276350166498
235.71255477628466
209.0590047244801
187.90255583325444
171.31950990343032
175.4391526424526
178.13688202506472
178.58360499280477
179.8752192075715
179.9801589661598
180.04838413034895
178.8806559259803
179.24919092066574
180.3902458165543
180.2312711211736
180.01089873443433
179.75300596573047
180.27686710995545
179.9589131339227
179.16119954159154
177.6378661858626
177.78994241857947
176.78352497647163
172.0439722107131
170.76134781819914
166.25841327841644
162.47218892801885
159.07694858653653
154.31998197704365
153.77168987364627
153.9425208904777
153.5437984792157
152.108386241928
153.0712407008578
152.29904253893645
152.08460721259655
152.54019344200069
153.0675212177668
152.17440468286284
151.83215213053322
151.09386133115152
150.52082123080257
150.48071546081232
149.23504660205762
149.5361595966712
147.9181617285006
147.47007407546946
143.8874956571571
141.25243674788248
138.03806730018695
135.5651649118572
132.9162665525814
130.16618154562224
127.4751433501548
126.02680372700313
124.61588554906182
123.75045396182726
122.2672838657408
119.86865944972968
118.326842979367
117.14735835687496
115.46786311067181
112.38427339276544
109.61732177511794
106.82523047514238
104.81698779922664
102.42699695524222
101.98473372554383
100.61358738403543
100.3328361780835
99.0960261833932
97.3878975892138
96.13919558086756
