# format: from_node, to_node, traffic_class, traffic - demand values in each iteration
20
9
b
159.76080151802145
158.64015636020164
156.9169117888764
155.92504313921393
155.17195260817007
153.5031884426639
152.5963527174279
150.1365152978296
145.84234291496432
140.7540989111667
132.62109476125318
125.60269634633474
117.4449892334797
109.88640064969866
101.44264691549853
89.39045875231675
80.5028376929053
73.66731062500067
72.6819589772098
73.40111119076424
74.97571255226022
77.40162151155154
80.62982942842218
86.77112833290684
89.44886702410656
92.30924285581784
92.08443019512643
94.00207476186941
95.6781835225861
95.87694471451874
95.5527245463425
95.79619972354321
96.80788893547236
96.60043982246795
96.5662155031619
97.21614503036237
97.42918879302749
97.7672791733518
98.33260637783867
99.66666137431484
100.27758261606247
101.29673899819346
100.63974460954337
101.55145761283913
100.02229143477737
100.42297470151529
100.89256295132874
100.56958805737877
99.36321330993087
100.0643976621949
100.22675636276627
99.70903663909652
99.24480512192847
100.45284580043325
100.14141594030886
100.76299169697856
100.74700493523763
99.56004936528736
99.73264172888366
99.32613513656507
100.92638450050285
100.31266560669889
99.5243839851582
98.61077107217979
98.19089231678859
97.72795721162606
96.77622721429817
98.17926958455355
99.22228126761934
101.67711879795883
105.6086907413192
108.67510635470931
112.97503008559451
117.96482030754308
120.88296235111302
124.8338940670512
125.97060727566699
127.34513138700441
127.080494110947
126.75900657661795
126.94977425406861
127.33591583540634
126.69204390109405
128.04537686585553
127.08847506025785
126.85060557983323
127.82624414071793
127.5779862605116
127.13203958328862
127.8667415123546
127.469899988994
127.62874992780965
130.5521377060137
133.07757427244908
141.26069452269678
149.2977241972955
160.50880697687708
167.5774311689542
175.031029207311
185.228329156241
192.8621934610144
198.4349884877338
201.07579537906514
200.52283781877964
198.78140042033024
197.05790712092642
194.93580001613492
191.73418490277038
190.61025058477287
190.20863549275577
190.2424804976828
191.1985686393928
191.90125169903166
191.63537936201243
192.53633502085583
192.1768104703299
190.65058120535318
188.39309906873297
184.96332789839468
183.22309963175678
179.099911609326
177.57881346534523
174.56588645512537
171.42893502036497
168.92856310744244
167.64063605651603
166.4426383791486
167.19309588843998
167.5535365419466
167.44095639892515
168.8365825750009
169.2252446805436
169.94850753146133
169.38071747411536
169.15460399732754
167.96137447219454
167.1410992935212
166.8525122423726
167.2924886100165
166.78391953721874
167.96264081051604
172.30151120930026
177.01605321312863
180.33334735746834
185.23807591172445
188.4707839214344
193.15393690989563
198.4575195048117
203.539957396519
206.67325128973917
209.16818182547385
207.66640029871024
205.15531739387748
201.00417850751012
195.52342444382828
192.03222581449305
186.7159294801234
184.47037623704793
180.2299593914683
175.10892845575103
171.1667210306189
168.80150031498036
167.55736442439255
167.73158090293427
170.71766978366705
174.6080187633746
180.91132141116023
184.87305597160451
190.8977403318128
193.3403007799937
195.37806210497536
199.17931498490898
201.93357172999808
205.36684017679144
207.5684816571966
208.7313432298136
210.92666587121968
213.40219629772278
217.80894884930865
219.91745466638602
222.49433142083186
226.85541898529823
230.6715621358038
237.8326553107786
242.52297643392657
246.59107812742366
247.2052738437428
246.72919378018403
245.7043887609023
243.6821655179024
240.254833086061
238.16717653978174
235.18210297239347
234.35398411471553
231.90719946504305
229.66600919256103
227.11961000755164
225.44082660336676
225.48077327629233
225.21835730163502
227.42662212887575
229.66554959669833
235.21267575952353
238.0358262142952
242.41004480612168
245.18725763667226
248.80371642211634
253.14257827096512
256.5277613034922
257.96070046806284
259.424968935122
259.3840354344454
257.81767635862724
257.84845498459055
255.9180943783379
254.42741518874874
252.57785210906746
251.93720973953845
250.47836348006916
252.68012810224147
250.95462680985008
250.3281029141876
250.78102625298314
251.21649075096119
249.4121718391852
248.0644040490568
243.03905569444953
238.91942335348622
235.37120677244172
229.7308878708953
225.46571703690364
220.60151186936892
219.67909849604874
217.10215510572522
217.12232342150998
215.54635968899927
216.25882918811408
215.89444398272502
216.30765847575142
215.51161291170962
215.02034946160208
214.0548797319026
212.47265928192095
211.622663107152
211.16903370234013
208.749143063215
209.11873112654024
208.6966115724157
208.40864313951545
207.52036623932614
206.6797950739935
205.74000941978818
205.07419397763206
203.77645024809198
202.053335267398
200.8518988369239
199.08147759213452
198.97028073832126
197.55429704619553
199.04732019713123
198.88039039596367
198.54892919779792
199.89969524646557
199.8310159088849
200.20269458206874
200.2032896325787
200.36616795761992
201.6413168465196
201.34432030606612
202.8443605008096
203.08994967325586
203.01730558295571
200.44001484982783
197.7271853841462
192.9508532791045
188.7671037603001
184.96522986865972
181.76155470818148
177.93362407694767
173.7562190048232
170.18528289776617
168.05107299266268
166.6794475476757
165.65366976252133
165.6574310574046
163.53515017022582
162.70027976630323
161.00331698410676
