# format: from_node, to_node, traffic_class, traffic - demand values in each iteration
13
0
b
50.766759939831395
48.12132175069638
45.095483924672
42.80108630321616
39.32656892571563
36.44785461762887
36.044405838007286
34.53270654801121
31.953924793261333
29.663413043188115
29.076846215904066
26.281413739274107
23.7092501466083
20.122070929758266
17.058118281477636
12.472174807155767
8.32865762248091
5.814201168544985
4.925478953327417
5.723560659474234
5.183397738705598
6.4600437866528555
7.550969183371487
9.480130357629765
9.93019364354984
10.266446627580498
9.6963696240343
10.084578884875846
8.924050371170841
10.356912919577908
8.993061915424848
9.255965723356582
9.5140396235985
10.787182298070388
11.425551980886015
12.548128293355855
13.72287709468608
15.185874176601219
15.83120467286947
17.279632490759543
18.346881950177337
18.526769574108858
19.398220785393633
19.78706300799305
18.92865323324103
17.73793560167063
17.72133036020586
16.564099724069486
16.119774786442676
14.538253769116189
14.653737679467696
13.821067541563087
12.166193572009432
11.07627663503177
10.81821008833923
10.531752330990095
14.019066316145175
17.97572895105062
23.886316390799195
28.217873973375177
32.818633274960696
39.708670779670705
45.09080982560435
50.8059159681161
51.92984246238219
52.94069425764519
53.54851530663923
52.947174668211616
53.70310431319592
53.93410967260175
53.334285904622405
54.063844066942906
52.98118172122012
54.27464347560448
55.081654578261684
55.80713310409431
56.64859519601044
56.41035558058805
57.31233762715079
57.57883071339272
58.55642504848581
60.79195942757018
62.53968566740024
64.10676865566286
66.23948806504549
69.11836556985126
70.44137212733106
73.65453609151012
76.42311242896236
76.81375052444885
77.726104044097
77.86774766478423
78.35694185249352
76.72201348421478
77.50957980510765
75.08948860594842
74.99622357636244
74.45994336288912
74.32048401962805
74.12426479430604
74.59788493946449
73.76287315594355
74.0883626112241
73.97469762721624
74.81819903114288
74.96143738359885
77.86174678676772
78.49511899887993
79.39504725070621
81.44557944172044
83.76743771893027
84.91812057506091
86.43763829742798
86.90715879523465
87.09595118851234
87.26251507410358
86.54068190465371
85.45189977324358
83.12955745060692
81.67226021316719
80.9886914174004
77.89260740463013
77.23601002736628
75.6296065473318
73.67033557200847
71.77260476432093
71.58043371719774
71.88765281020467
73.07723506605777
74.84887506691197
78.88151348901722
79.06440755737849
82.44726075712994
85.92113966671101
88.42751191088713
92.06819692277018
91.53876517082077
91.21302980026395
90.136762010337
90.24638545709011
90.94369211330256
91.49273536020358
90.28416998729766
91.26337051507461
91.40464181996148
90.92983625293438
91.13705566247025
91.77263710427792
91.38732772605294
91.38016923801486
91.03192751902722
92.63725084649019
93.00975680004672
93.78621910913192
96.34243781568621
98.53849493687541
101.57721126086007
102.94708533709081
105.57412051220244
109.10210675118903
111.07308115853981
111.48758761786007
111.8685774998175
112.92449680713304
113.79882581133643
112.646999829173
113.264998771137
112.42573956001851
113.36750482564443
114.52448786491779
115.11019929456744
115.24140875105425
116.01169626501736
117.04786429818478
117.11077346601797
118.04453159891821
118.52099549398719
120.65440200905151
121.66869383138096
122.29770686479125
124.39447704711746
125.98002221779689
128.58857537735784
131.0195397109096
132.73943061728724
134.92825314319583
135.7050259172889
134.87574531372445
135.1793582614375
134.30305401811822
133.58480182459581
131.76176256505903
131.9827366354316
130.92444376155132
130.84810760087854
129.82074509355084
130.51923444434772
129.24275574100233
129.62474374103007
129.77799887450877
129.80857235883062
128.78360877489752
130.66789609487284
130.09144940178183
129.2537331825635
129.88433369701355
129.56767029204593
130.43046989288104
131.00784103436712
131.50380227505056
131.0250238668204
130.77821651229218
131.31219641789718
129.76087492426674
127.58643675847567
126.98473442793276
124.80670651007142
124.48825724645675
123.68533337965314
124.04324198418658
122.62864079201329
120.98953612057889
121.79072706906567
120.79820561932723
117.54072417884113
114.6504726179279
111.5772418579592
106.83649867057366
101.87682502659439
95.7819862885233
92.33153510449571
85.25905786292054
82.7903965196186
81.58422834715827
82.2105223859177
81.41070493222637
81.320617462072
80.57720494315521
80.336095992924
80.32539676638226
79.61169499051503
78.40141612470167
77.61259025467275
74.48007768593136
73.84418710982975
72.37615556256671
72.80439672317087
73.1158681095263
73.35817518427136
74.3511516039139
75.57251053568301
77.26302801740925
78.17033464091013
78.97690592354311
78.5632469025703
80.22871965777779
79.83714419601435
81.86030753101572
81.93446196402847
81.36766328849204
82.47522086068798
80.90103187522136
77.429747818953
76.42933529576685
74.92644241932192
73.50544726947686
72.02793555432578
71.32804255024261
69.86767674615706
69.88713730459988
68.92992525332419
68.09145329063062
68.32337385576086
68.05458628875996
67.50733404068082
67.5012089979718
67.67644321173445
66.95113045319948
67.01380501829635
66.26028825941289
67.64052776403403
65.15472269624519
66.5856756430061
65.17897723279636
64.01546891787116
63.07727874845448
59.10494792544718
55.769077179333
