# format: from_node, to_node, traffic_class, traffic - demand values in each iteration
12
4
d
127.64387505068908
126.87192042783009
127.57772716546549
127.24855182068409
126.43109324884783
126.15287835699888
125.54522173973088
124.38837685082679
122.27534647959644
119.36130915892068
110.46458990555006
103.31681700571663
93.35939755915273
85.70843459280458
79.10390601063789
68.11947643973399
59.73089734140783
54.27590262013138
52.90891394546251
52.76242609058557
54.56298640252895
56.74251750534309
60.67267894917808
63.49349905180927
65.64529105561914
66.62028233757536
67.04193426034811
67.21761899179032
67.1393334864327
67.97047477561487
67.64378484806106
68.47985946324444
68.36151083803756
69.69168051053279
70.2775498961706
70.93023641671152
72.39168762653551
72.71773786068938
74.37661097415464
76.02741417746954
77.8032303416354
77.94826567721468
78.41105121776549
78.11766027161624
77.55436824762299
77.67721526636888
75.96322164797157
75.91647972626187
74.31478644463235
73.91599669250377
73.99861252201559
72.79637230338372
72.47767174224694
72.13093248359272
72.39589953607437
71.78436529776737
71.29652478298222
71.79624869204703
70.67539487825802
70.59770320654945
70.25406171979792
68.72563594130976
68.61087348397461
66.76788587480479
65.21139009244013
64.13075930054202
63.73877872851803
63.53339833226333
66.58035440933152
71.38441337140767
79.03713413568423
82.96095534940382
89.4542759397265
92.99418044259895
96.49874198181263
101.88214915188361
104.94528984201271
109.34658390623551
112.24579903779973
114.47586136034802
118.79762989068597
123.16230121483355
129.2248206174868
134.2477003004799
140.32572360255895
146.8245727409953
155.12118040518328
165.14395909984285
173.88204686885533
179.64973929593236
181.2199723592496
181.0030396320744
178.68643314111932
176.02822993209122
174.1708422731093
170.1117584582623
167.49254037994135
167.32167878175102
167.94462278762668
168.2494131614148
167.32631836705642
167.92256132170232
167.43897294614413
167.16948811437524
165.32609844699263
163.2545737131919
157.65857876624818
150.99073418843298
142.48535884423103
136.87370263135733
130.74554541830898
121.98185792774163
115.5159237842848
110.52179353159367
110.63784895910143
109.78039829679372
111.27252421607658
114.0947474987532
117.22707908920236
119.53444029360439
122.3132025288243
124.93562799537024
125.67310772884511
127.58893057243412
127.56278434816576
128.36585736235213
128.72075609251922
128.42800163350515
128.9262367253932
128.6492330920039
128.87479735132706
129.32019793715648
129.20461035607912
130.8736507325731
129.5265821005849
130.3317807943042
130.69124794451426
130.1839377818828
130.86288490900657
130.50101223346428
131.56356814776078
133.27222788781404
138.0372814749094
140.61775345414202
144.1809328982407
147.45797265853696
151.3741845195617
155.83660849101798
159.9005269171201
159.95136415917935
161.5528980539979
161.6715506298439
161.49055224954762
160.1826070545137
159.22306295742104
157.9082170967999
157.4555651891771
157.18931024779874
155.81219827732235
154.7569330991596
154.55491409666712
153.60839523139293
153.77532677095823
152.88103001958655
157.87387052492983
160.85028860191701
167.0470097373098
170.9231811681414
175.93167391886448
181.78492406302885
185.97695145307276
192.62441753374853
197.74386348919575
201.41700055353866
203.50515925958743
202.61764406324602
201.2985385711485
199.256875127709
198.10012234558846
195.56610532773996
193.15020753438168
192.24934395954128
192.90413641666206
192.18411783123693
192.88003351639776
190.79194617514918
191.39643520035276
190.8699899828994
191.3341226509268
189.33116356375717
188.53307004057157
187.77946432792226
186.71081498673223
186.35849231305144
185.6434611811295
185.32614805571907
183.94445287748664
183.8501103255299
182.6644872137541
182.6325809691701
181.16407033863607
179.75588172853372
176.49873314132512
174.43821906121605
172.22467656323545
169.31087591012627
166.59953849891542
160.77310104434764
157.95491776729713
155.4140060171266
154.012835498007
153.4808140858105
156.76091945852104
162.0682367132379
168.88654419383036
174.2649453124326
180.67890190794083
186.49496250409243
190.06457697176583
197.2860964852481
203.42720225404955
207.45432067501605
209.0196030740204
208.8718972718624
207.03916791459795
201.79116794725428
196.4592559972732
192.39067944706443
187.54304615665677
183.32220584088958
181.51547934429297
177.87595992344745
175.68265413835888
172.44862189945178
171.41121431728223
171.45356949461788
169.96898408543666
168.48675512668828
166.90235083488855
164.80289168667014
163.76640615079904
160.62054963525424
158.25757728887874
155.81654372576165
151.88212769605292
151.45517410640068
151.050991986956
150.4624726936017
149.10472013773642
149.5931150947892
147.9156789103045
147.73078347935385
146.19246185347967
145.82456114576914
142.70475219242053
139.78894609626943
137.60211489734996
136.12839071760092
136.1893176758689
135.27024198253315
137.78605772329053
140.80151820279332
146.16563852811677
149.226780902812
153.05662634252425
156.99530784590758
160.55852381972582
164.88013119108084
169.91070659648614
172.54816012085286
174.19857856892403
173.3831706468343
171.44709912197612
164.45310252256635
158.78110989512876
154.13976734326636
149.09683429408057
143.36452615382203
138.06721496945664
130.07514166611637
129.21798851430503
128.45420105164237
127.59694918173277
128.28298238157322
127.92962849563463
127.7945982726651
127.32988133695564
127.79905478798531
