# format: from_node, to_node, traffic_class, traffic - demand values in each iteration
18
17
d
159.6973405195894
158.49636676241846
158.12120742101382
156.20032339290242
154.72592168919644
153.48175260743315
151.8263847874538
150.3196926837577
146.46239025615267
142.3417992946782
132.8997868996514
125.8193861434061
117.3162089369416
108.64897944385574
100.54809219890286
89.58925619307583
80.02049060001352
74.67991333905992
72.36231259074745
72.00525910209697
74.55505994689534
78.09158173492062
81.82049884109438
85.72582200128413
90.044646448343
91.06136311312166
92.29599098508717
93.29109441923674
95.14768679269315
96.42468263516248
96.76383532113381
96.28304887072099
96.96753692456357
97.01796924917292
97.53125985494972
97.31082589063112
98.2007616125137
98.73454152679929
97.75756548221145
98.90773974254016
99.47975725275226
101.89843305034712
100.49594665955532
101.24711824819298
100.45232114863761
101.09204491382961
100.13547994633034
100.09680933135762
100.20820721408317
99.65944819015698
99.67807000007804
100.41930250310178
100.37553394195704
99.83875242628318
100.29403577814537
100.10382606134553
99.59391428880359
99.45416633809495
98.7863725083586
100.00877698858059
100.6307939941071
99.68895981780736
99.23662055310304
99.35801946383788
98.90521363410868
97.52124898326979
97.58016968428144
97.66908213768642
99.8817208196398
102.68795157733912
106.4617084812411
108.36024958299389
112.86340976215853
118.52051306934855
120.91834177718508
125.15460476085887
126.25383672781967
128.09886868148013
127.51701068587649
126.95670252446513
127.75829571553471
127.75774458658388
127.48115910600123
126.91648082577133
127.93528055961978
127.82537507357169
127.25350173691166
127.89535225984152
127.09604388434676
127.95124417288105
127.9075020645785
128.44249231595072
130.90207233497065
131.6892138234259
140.1389909761946
148.93254980027803
160.34842123959598
167.62868760881065
174.62403513244269
185.52319499203253
193.633706642972
199.49370399953003
200.5271334597347
199.96816208171478
199.69556370116214
196.9812819508064
195.53013777241415
192.5192313470432
190.45813454008686
189.42474048309776
190.2490806187638
191.30482516061127
191.44704505619282
191.33360135117337
192.53586636223778
191.80207335723838
189.68394955910787
187.29937196812944
184.39570065752372
183.127465194219
180.64808711411575
176.8035826918919
174.98924682575003
171.23612683087987
169.05622537681342
166.80534872240653
166.51375207469997
166.3113950774858
166.4888317663369
167.3173674253978
168.09401685780566
169.10123595963012
169.6588969304826
169.83025620718928
169.39738638013043
168.4040329469199
167.72822892996396
167.57242301967997
166.27555788248102
166.78303366885058
168.10959270037378
172.9592990611098
177.15492837367034
180.5957956144475
185.09931500742945
188.3856336686438
193.45127032092714
199.27788698145662
202.92594116133378
206.776568637763
207.79731907429343
208.04901398062833
205.9262183563211
201.3825953302096
196.28062026132432
191.81432181117773
188.79408921629985
184.3209692014813
180.77926047286562
174.58954572000857
171.33679922181727
168.6856924536616
168.07725990948117
167.5622596228
169.90899870026718
173.8197197060433
179.35687261436573
185.09374441164087
190.39159724448766
194.05847437838088
195.99850001256286
199.35380298616855
201.36490558342697
205.2473215254927
206.79471894768486
207.46659690589047
210.2496417586171
214.12471196292708
215.71712947031745
220.00692491216307
222.06433338732464
226.9456576957627
230.98957563268291
238.27013887461706
241.55032158186546
246.1990398608585
247.744120724282
246.33966226383427
245.96971443623724
243.65433449087124
240.66272315643198
237.36086420864203
234.16575344916265
233.90301313351554
231.5674882819754
229.5847121670763
228.2561439637438
226.57856677794211
226.52742500428394
224.9885267513503
228.05596041336815
231.8514740153883
235.32849048818798
239.72094675896162
242.32540708121383
246.0524213270287
248.87229759698624
253.466515820565
256.3167274851661
260.23562065437795
260.31121428801464
260.33643387598346
258.8678983044563
257.4268525800691
255.87873187964405
254.8095616505748
252.22074253957624
252.76096188436205
251.53225775538053
251.93471750901466
252.47241621656204
251.78900915455313
250.9660842813012
251.14887851563566
249.14064950768085
248.06898433178753
242.62086080753687
240.49161063630794
235.44884075065252
229.09674037759027
226.0407823443364
221.2363334901029
218.41770726699647
217.19775728459626
216.75704144967125
216.70056962678603
215.93967627672043
215.59263383990603
215.82094732093847
215.5006521611597
215.15873230520285
213.00410629951833
213.8202364641842
211.43406540244015
211.51608639970743
209.68160277013985
209.60849857225355
209.1659978133497
207.62933372500942
206.98662163064984
206.7239117999404
205.666969691741
204.8196456248519
203.86949998415847
202.76157477398954
201.22116023598892
200.14091174441617
198.92953526469495
197.84418411845286
198.96713169175496
199.06677735806704
198.19534492066933
198.6482943011205
199.63822343964924
200.55039514463684
200.0911881741759
201.73028545227453
201.21359184447746
202.37401372682902
202.5601335842151
203.16982650800617
202.60009781568203
200.87202862327354
197.29713753027116
192.5038084309626
188.72888393694856
185.44180767326478
180.58881398208078
177.7659238208806
173.16256602772927
170.7507315658708
167.81962288410767
167.3020760441334
165.60811900374142
166.15540988948615
164.1263583392428
162.8492144887834
161.0082756109428
