# format: from_node, to_node, traffic_class, traffic - demand values in each iteration
11
12
c
61.24056240078504
59.50277196989127
58.470284707745144
58.54887352111409
57.45500970026174
57.01104105637378
55.66379155398929
54.72796455107635
52.5124076161171
50.0554701864112
45.821880376976964
41.13161561401074
37.59999212841998
32.07090994647207
27.062771379898255
21.240765094753055
20.109398086777187
19.150271530538653
19.521118627137387
19.402211316474148
18.31296063940706
18.85160636777234
18.877393189257614
18.442000043356245
18.158983346605986
18.016532426573715
15.815599853938094
15.119351858077728
13.718499518540085
12.667723027315011
13.09505499111306
12.725940253572164
13.517558943675011
14.523031917309234
15.116109816900078
15.095051819160895
15.94785391321126
16.749353457437557
16.423507125301803
16.61352858815426
17.316820426016275
18.12156350501153
17.741371722698172
18.39148211975957
19.369248951639275
19.649522468454805
21.638548828239998
21.595126536070115
23.024747293451174
24.828782012567256
26.14123320214751
26.373424853816722
26.908140911071133
28.455218864834997
28.132018987078464
28.862009975541508
30.831977739246916
33.28956116134462
37.267990851845624
40.19525317225724
43.838057794020706
49.09132883499143
52.1281954652245
56.88259661940025
60.216400500759256
60.90723265790303
60.378289342711746
62.56390997200448
63.12295489778666
62.339976102909695
63.190701326357406
64.09772607572178
63.21899958989165
64.22230291131115
65.80614349635151
66.72941084244687
66.87485177911744
68.49677033503625
69.15532546596577
70.13592982659858
71.7002834348625
73.70472710120039
78.07735491225824
80.88256218018881
83.67050327732576
91.51986046656342
96.51817167881588
100.52045720655964
101.75263098106565
99.76248492468997
100.5784737446344
100.83603730105987
99.03474251369167
100.72145441327906
100.26040285144023
100.7062970466482
100.90887135854295
101.516161450177
100.76939330888369
100.63082495751001
101.5400579124653
101.0854541240581
101.40662461379371
102.31820090965056
102.9486120789911
103.98309286485332
106.11275465943376
107.88714966981597
109.41219396323667
111.07798200533215
111.78073621881504
115.832837691954
118.25582959243478
119.64463469002874
119.54089283125577
119.87604167526679
117.9153392691909
118.52801915089186
116.96545831433713
115.85296957591262
115.31063570338226
114.81663555902257
114.08671441962065
114.01024982787719
114.44435767736779
112.80496954693628
114.12259383463689
113.02490919589685
112.89977939780269
111.82437974300886
111.78960398515214
109.81988727778904
108.74307415890631
108.56112584095223
107.48424116384814
105.45031622768553
103.67060960346356
103.2275224134736
102.62667759987666
102.17243202386753
104.67459839039874
106.34461684091889
109.49478770184045
112.65392613022236
114.84637873011286
117.2184959701916
119.13523897465635
120.077109050427
121.3138214177157
123.27487635071667
123.99433214942437
125.21383402520347
127.72740912309712
131.27848499265033
134.59537407194478
137.13254166760058
140.71356564274518
145.58828101833623
148.65999855038766
154.52858848578614
158.84715206015892
162.11486710423435
162.44733872823252
163.8268777700987
162.08065215860623
160.0284202777178
157.78851991685704
157.36149152298262
155.41181635018253
155.2094863198529
154.48397162877413
153.70548743432593
153.10753693332148
152.1276151039386
152.1596252521767
151.6290657082866
152.6582946697986
153.09772304530068
153.9565439617808
155.41888740626055
155.85705520414106
155.7580440515498
155.74850384485723
156.18166252396117
157.01085576235994
157.0349110450572
158.00970869078284
157.27588649106835
157.37984440386728
157.78273460952937
157.03754627867295
155.36103667770666
154.7636835496669
155.4979413672351
153.48581279739216
153.1322870384281
149.99771761485454
149.53624410037708
148.61542032497147
150.26816751738423
151.05645681136428
154.89845762587555
160.36428205614277
163.67360649277103
167.12449048510723
171.62694018919453
175.59663774722125
183.15952899180235
188.1593093069005
193.9238490750098
194.01804715734832
194.1079716784262
188.5296701962244
181.1290660955521
168.42411854747144
159.42343036125405
150.18550199163803
132.78111414013912
119.06114253760303
109.59020402599626
111.16791705838628
112.6464342606613
112.66171108998121
113.83866545179882
113.78474400786155
113.50713923648541
114.23521401061555
113.38010283284754
114.6678109185238
114.78468805908456
114.73007720837224
113.62327403056355
113.62423738014422
113.72896967615308
114.1237131242535
114.48507253640952
112.46156541130257
111.40365429921071
110.2161246474233
108.11935898255118
106.20214167554343
103.56725491076934
102.12742197303908
98.72259883163913
97.85576735196295
97.7383781406421
97.67354257014208
96.90853768238854
97.33961976840415
96.64817264693531
97.3045319001246
96.53356529377851
96.92200052956672
97.08970640405784
96.68489653877104
96.14582491465319
97.08970883760352
96.08119173807661
94.72710755368723
94.68784102219668
94.13894087416838
94.07531710321058
91.2018000450293
88.54208412255828
87.59453524981694
85.16228704578587
84.56943426273115
82.76896495874652
81.74725172342464
79.79783343366503
79.51954822038036
78.91552601216529
77.60608754833365
76.9356560066791
75.16157815640537
73.93890429839436
72.95146397363752
70.43295297307637
69.11382709901159
67.6926465928566
66.28289861192823
64.35122087630454
64.8669820115674
63.229766159657096
62.72023757389297
62.795669923743134
61.446402121653335
61.586213724282196
