# format: from_node, to_node, traffic_class, traffic - demand values in each iteration
25
9
c
148.1930696924174
147.44229369665217
147.86548033727706
145.1575208235242
144.87236303597376
142.2969516963674
140.88341783358703
139.5035439904559
136.05585251411594
132.6833989092371
123.21539271996483
117.06245126036602
109.24890590650536
102.21757257468931
93.53582000642155
82.71926391155327
74.3129946076586
69.53686510913934
67.37768467596837
66.61836734888465
68.96436821301836
72.95617325464357
76.51603353421399
79.94251024332539
83.25110051192735
84.89697043837009
86.17014659462212
87.4167182107303
89.11646248328127
89.32650590614129
90.03046115582443
90.55583229929631
89.13007154312974
90.5917943832862
90.12787580941338
90.19046735273919
89.6932517561337
91.50654278993497
91.54289099498087
92.52877236486347
93.90522130944294
94.54736054365014
94.09268660728578
93.7115078707878
94.12639854266676
92.96078881287309
93.5605174359395
93.06639803159707
93.88169939187785
93.51952314754749
92.79900125810143
92.98989726084493
93.00590751475725
93.22992484847924
93.41239209661745
92.9329939370278
94.24187512407622
93.08244724616031
91.9553604782886
93.08501774567391
92.81699673854621
92.81893074026145
91.42304641254657
92.06897062642864
91.90188203215257
91.03909326565999
91.14428344253969
91.05260999013112
91.9635594769939
95.47754682418069
98.54671407080464
101.16265363695
104.27933318661432
109.5642241517753
112.80232242005162
117.28104542193616
117.91992962636172
117.88058631487685
118.20906341805413
118.15354795364584
119.03451472490767
118.22721306901504
118.43113430587165
118.37279722846418
118.66889819112036
118.56685649424581
118.948196886464
119.01522775011394
118.99009386064056
119.17072404844988
119.5832914449852
120.30415760632238
121.21882202292973
122.57276309630606
130.59348478158728
138.92061060380314
148.77505860176925
154.86655411078445
161.555839077609
172.13969211478147
179.076690835261
185.68071155640504
186.59271078032347
186.56460848199507
185.55519538023066
183.48300279023456
180.139354391299
178.1876874039275
176.1061163444592
176.65240320669722
177.2948619473184
177.28325309461727
178.2815912019261
178.48453084361364
178.9678006545858
179.75887184114893
177.0439504511325
175.1168301079964
171.69081155648303
170.5861567144272
166.71706095665164
164.87809380621533
162.9783190714047
159.99928308212426
156.67910558476677
155.40903647032863
154.95221819264347
155.50146409098627
155.3371269139487
156.3011271216545
156.7250507239794
157.85067557200358
157.69648792729174
158.36569650534616
157.56814520529747
157.1950185314238
155.51403093162244
155.44448624880226
154.8415444565675
155.12639962917382
156.53534615732724
160.07245948418495
165.58071219482275
169.064380434185
170.86046566322784
176.03668363838273
179.82205427039008
184.857438065476
190.79808270216174
191.30522403086684
193.28791106765254
193.7700753171184
190.67353172626105
188.38752980404982
182.64969352841453
177.58124820754531
173.9000001906047
171.3554732325485
168.22764507566407
163.91181063067322
159.9596903590411
156.79938951781628
155.87439308280665
154.9608083306733
158.29529460779682
161.95714508832538
167.9346156173505
172.116445681
176.12438083219598
180.54066380415395
181.82133881681273
185.923185331218
187.81396280043555
190.34497145976275
191.89361248746215
193.50404961241938
196.06029921847096
198.73480001715552
202.18517309101432
203.72064774486023
207.15318987917436
210.92351687954002
215.19601320660342
221.64470216971634
226.34439546270562
228.8014729613191
230.27986214232368
229.73734835792817
228.80138058669604
226.76164356108333
224.26494154490038
220.7075715298346
218.68997165566185
217.08257289936242
215.2238549599106
213.3914893936539
211.34244530055037
211.03902050526366
210.4552194720916
209.83119223168114
211.39791927382808
214.71098776750716
218.9339868698956
221.91563923532675
226.3028651415159
228.52618773292255
231.5330994277846
236.1415859818886
238.41109339541265
241.2711623914558
242.50434301530294
241.38191003592743
240.0093582617274
239.2469538184823
238.06297100356946
236.5156265225618
234.26635044560734
234.7371723304423
234.63213908483468
235.3363073307318
234.6293089868852
233.3544172053012
233.56836468803257
233.09023184112354
231.48908162260963
230.00318786286255
226.5136900439251
222.60263931371588
218.1308282775575
213.42958553369286
210.98641660718306
204.87089399508363
202.8458180048539
202.84387301319467
202.63924723843112
201.2494279665634
200.04750051290486
201.2937145123898
201.12520895489325
200.5356032444312
200.09092132332387
198.09157664718768
198.06013605314453
196.92257304922833
196.27964596823907
194.9089488295797
193.9750134502485
194.1215341880588
193.5708132340292
193.4385090051376
192.19426410492002
192.10240725262247
190.0363522411393
189.0601353901921
188.39309180251766
186.7698835255189
184.59951580457877
183.8702461957632
184.36493084207916
185.31663938373396
184.47337164044433
184.9630247423641
185.64711974693412
186.26591403772758
186.84636974950345
185.62575387171768
186.55290296096751
187.098045287025
188.2385856000679
189.34978351645455
188.2444862943795
188.3770222572273
186.901771482634
183.7910284704284
178.2724747299698
176.622275022918
172.5517587268218
167.85133413074703
164.51971231608735
160.82320284223562
158.955549622066
155.36808204236792
154.9092471228445
155.26006421096702
152.9320336779891
151.80518356064135
151.53500317274833
150.42867952574397
