# format: from_node, to_node, traffic_class, traffic - demand values in each iteration
20
25
b
20.405755259683836
17.049695459037054
15.034308606814076
10.954877836379254
9.401161844391824
7.7862102707717815
8.295595433845042
8.494183671839666
8.545270365037958
7.343748035099036
7.303355251728563
7.221093420603238
5.935922401762214
4.266401686344034
3.126996793426107
0.39324425919087325
0.37937067274033803
0.3902119800147713
0.386551771074787
0.0
0.569520712327285
2.9685004387418767
7.851428258976323
11.015708846193919
15.93772019253404
19.85817390648093
24.267333298133227
30.046594946504186
35.00680631790038
38.166541318024336
39.367883865117726
38.29722170556161
36.30313087445935
32.159933738239054
26.37484043804439
21.67448979391161
14.476944083771883
10.064351920490687
7.090686205417505
2.5793630830904575
0.17074299271657736
0.0
0.4422693092207308
0.0
0.0
0.0
0.0
0.0
2.5866227292936017
3.0563112606906375
3.740716033348189
3.6086845366578615
3.1113449043649117
3.6804247126921696
3.235278025720783
4.759054750215924
5.723591411785802
7.624911453449363
12.125761328629238
15.856837835732598
20.38366337838436
23.56654809646011
25.584178308995313
26.638241279040393
28.834674977766444
31.149412930316025
33.10290564075289
35.6138602767996
42.01335402718886
49.36821523639587
61.670763164274206
71.01243185713398
81.8933689499455
94.8819026238216
106.40763359337274
125.08527467303252
140.54028731514342
152.207276463868
155.00609880045604
153.98551993700636
145.52408572913836
130.78534066931653
112.38019329152347
96.68763999728898
81.2118848202627
66.69541027994539
55.95085644592523
37.32195678847614
23.72273024664312
13.861222780054614
11.205363625399631
11.302856228886972
14.839847710093565
21.394501537337412
29.961306359383073
36.81788937315646
43.021078478357396
46.65022409257319
50.25332756659393
54.09451338977385
58.34519304664249
60.003165905581554
60.60916781020444
59.81629537446438
60.824101852277465
58.61656469676689
58.73325743580074
57.110881160116726
56.3031788340157
56.11557781647586
53.46322554806244
48.676359303948
46.083714518194746
43.530899808472356
40.61333920625757
40.680420381878285
52.753294381301885
69.48305912030074
95.35075342992617
113.44970735805181
133.6377212008003
159.7552150120659
179.81745798934458
206.29703052803686
218.0725498437358
224.20699166630465
225.33878579833498
227.96461717045318
231.03222007193258
232.76389370912537
234.5667798187919
236.8771029786792
239.70245114693938
246.4797080768977
254.7122598645818
267.97889829312663
276.96511770845507
285.45254329777373
286.9377604679746
286.82901220032363
278.36499388189753
266.6580609096049
248.20454531901868
236.43880542325465
220.0725085175898
207.14945823255957
197.69873818410466
182.76882056554737
172.66933999555116
168.40019791629598
165.7423751482438
164.1821241664046
161.30112271095246
159.3757255579647
156.65451889775852
154.8700499844246
151.99575992701074
145.64056407884766
141.00922761383364
134.04246671635553
129.44885723475147
125.51918302564584
124.89981385304561
123.13809719118134
121.26993200974205
118.8894509255018
117.19454060568137
114.6792675774521
113.87133969094539
108.3691368579165
103.9172681375462
97.02079741024485
90.84948242367224
86.95183279265562
84.29155105050532
85.55659628987218
91.08733473211515
100.27718999093786
114.56335694820844
125.12079708842549
137.0009666328239
146.8090813012092
158.5199761240418
174.9154078261299
187.8952948656679
197.3861182607426
199.91709251490596
202.27395855794174
189.98249578899168
174.01028313641837
150.2029366281776
133.4865919770123
113.33701352592666
96.73158691797224
81.53982242465771
58.53516806239896
40.718263935701
26.358121689379367
23.606497661862672
23.99891760419732
30.871304131171666
41.49185627042732
55.814545499271716
66.66624889317092
79.54754294460662
87.30532888185492
94.69067164445221
105.71047569203874
114.55637855281681
122.36706831157252
121.38812177247428
122.13715051831234
117.84978108174677
110.79138414566239
101.12630719515153
93.18903302804229
84.61710823592924
77.95045510235035
68.97882373036494
58.78418608750372
49.18311017438592
41.28008870283189
37.869342516198344
38.51226651710855
50.76910320983309
68.81621880297314
97.20288438919941
115.96867544092846
138.7666678571409
159.4455577580401
177.91468597770626
207.27218375722234
228.440102035662
245.77398466955734
248.4722382125446
248.09027399051223
242.0417322191897
229.97995547190385
216.2292454828486
203.5813413196703
190.3329626705535
186.43432035425496
182.19980562628191
179.9052312905661
176.05144540672097
171.6380909944557
168.83663964457944
164.8105329726425
154.0442111499115
142.9982097722192
125.81943070576084
112.65909512809598
95.53784856942534
77.00878701301295
60.889425018169156
36.327909205012155
18.321609385011662
4.4422239716603
0.770893804577993
1.1628997281365583
4.458256330692736
9.189579882238718
15.469691085014844
20.505189726751745
25.203806148766656
24.477705810860066
25.751238772319812
24.89609255612299
25.70223676475921
25.108223053842515
25.475322598799792
25.29066771570192
25.84888739179819
26.655113056803497
27.065135459206896
27.319031362041645
28.34628681556079
28.419379224801844
29.530889285001443
31.868681709551133
32.661994780199606
33.648145383897905
34.18161864900353
33.291890250055616
31.981037334315104
29.09193462608056
25.90413899089433
23.19455224887584
