10
24
b
140.90915952854144
140.66112375162024
140.538026252452
141.82822381268502
141.68526884504737
140.3422042480508
140.94112722321722
138.62439608109443
134.84404604911896
130.37727300230713
126.67823785473324
122.75069668152157
116.59405062428081
112.24234222388044
108.00107512217097
104.09039389549356
103.21520775441178
102.99413078789388
101.84290055546884
102.03264721163255
100.92663386820178
99.4835932124018
99.60253667825859
98.12327472939262
96.46551819346983
94.72045954037829
93.68039716054514
92.55889699739568
90.90371823746337
89.69187577863792
90.1817729580336
89.7917368306246
88.378264200312
86.05036982601709
85.03606432090093
83.97864828555777
82.50882669804886
80.85257535729194
77.73115483845432
74.16505697136522
73.93644029433278
74.00618238465867
73.77288115422242
75.43748044641434
74.44288040247427
76.61395146936768
78.2790336325237
79.17052691372943
79.0673851450947
78.85204406833797
78.96933465476651
79.77635865246555
80.12157540779774
81.07843114336573
81.42705405431136
81.31226487963002
82.2875892649768
82.28655198021849
82.87650738204685
83.97284201616843
84.29234532494188
85.44983987828292
85.12888375335645
86.93567882298719
87.19889545390426
87.62025667496695
88.3520957930686
88.94941459135543
90.00690076912333
91.39364242538369
93.25174197825197
95.16345948520164
96.4694766229878
97.21391133896147
99.58335720866488
99.72894839037058
101.72156282128303
101.91948180744079
102.83690536728948
105.21490172331579
107.22599668880785
109.88977873951931
112.80218150356482
115.55295154384868
117.13757304904767
119.75905604562163
123.11636272901866
125.47727060827047
128.12221794466768
128.30892216071092
130.99075823675068
132.5578119812061
135.13745576953733
138.39388676352584
139.47596800435147
141.97961389778962
146.35053730060847
148.8782764286937
153.2514980725121
155.56947466601187
158.32466085813303
159.39387018992858
160.58905107351
162.83490895532083
163.41763731444308
165.74816241131367
166.36306588464203
168.5688536647796
171.0306923856976
175.15416835893055
177.74616698508765
180.80134580454057
180.98373875165169
181.21162130799485
181.75513829234487
180.7504265455493
181.5879888688895
181.7962951468824
182.15280416928482
182.47197264688862
183.00835264485795
184.0805488162798
184.58296962555752
186.9765566210362
188.48553768845764
187.12033647963554
188.16022449444182
187.43734867030676
187.3785078774367
185.26157157078768
185.05331507015435
184.78207053334015
183.58953957968933
182.69632379119417
182.74904433080488
181.1224826496882
180.15951220857514
180.87934159006144
180.9749034803782
180.92594598559165
183.93356867175444
185.60039463850418
185.92458494135767
187.65658807826685
189.2875044515352
190.19819577546969
192.26573799827904
194.15256942265506
193.86770653670072
195.4635932879655
194.80358496652352
195.712300638159
194.632154986248
194.4879182314104
193.61477984587853
193.52872597649582
193.99562849000569
193.27955328753703
193.12459814495858
194.23120635657887
194.53266670296114
193.71377346859174
192.28171989450158
193.52614987335264
193.11370290308224
192.00539591003434
192.10086260112357
190.30816340936002
191.55390934472328
191.922523621145
190.52249561360293
189.68134845274335
188.72338035163202
189.92065674501504
189.51899395190182
188.81592200403045
187.94562051415136
188.3600734234877
187.38888081414947
185.4222563269343
184.08886234447903
184.3570467900935
183.33587867017252
182.8018457125727
181.88323159444568
181.8200576648537
181.80282540820488
181.10552699591338
180.66051988670134
181.12992606664622
181.4979498539008
181.27192846536093
180.72509287801086
179.5285975890269
179.60858695451844
179.64066324399096
178.6213233556967
178.63418734694224
177.83338979103956
178.90710033616955
177.85089167305745
177.53236867356327
177.9996534757884
177.77220989678253
176.7920096763779
176.16804384483385
175.33099212134053
173.83070698531802
174.85934278856988
173.6934510198805
173.49632284141015
173.58810038212468
174.90466994447394
175.78868704689177
176.19670397992257
176.89085663550878
176.86740707259654
178.77091995612244
179.2307902144402
178.39400473110723
179.2952245258901
179.55213220496907
179.85296467546738
179.15047524654545
180.27284813101997
178.8777509532763
179.57035173268224
177.8451625154017
180.26004912326124
179.1253401628138
177.51656529679713
178.11655657383415
177.43028202369499
177.58118134435767
177.2564716515605
178.6241113975725
180.38237412760878
182.6671416807315
184.86570265864168
185.20209033807012
189.92422837082876
190.8887817692425
192.75323838554556
194.45606171776166
194.90224263432833
194.7193970419581
194.82840753610952
194.8555601844221
195.18469003151523
195.3914389055454
194.94019422703735
194.67942704087906
195.5892322543685
196.2626993913526
197.14846626538971
198.44811728950526
198.7148277772907
198.59990844900767
198.75762311260135
198.28961270462963
198.0126560563402
195.48807940167376
194.4945604311834
193.66976742331818
193.35149150021715
192.96697747899077
192.5037098646014
191.89195773078424
192.21748882247087
191.03391835016657
189.74060814276424
187.88895096957722
186.96546073527213
183.8394344448111
181.16925773109702
178.99788212543612
176.53453500484682
174.15250905241754
172.15138831064866
170.008474436322
168.18541313487867
167.0925029800485
165.95048388573485
163.68187917036448
160.53338156313092
158.18450567925407
156.53846719271417
153.58977898506242
