25
16
d
12.67788989102575
14.048151101421105
13.82954444820468
13.056622689981706
14.697303013769623
13.87149934703472
13.259416680098806
12.402154063884979
11.218353984459792
10.225777037348266
9.666007242011396
5.838815228061085
5.774486752373412
2.811886619606567
0.0
0.0
0.0
0.0
0.0
0.07191023032795164
3.080851411188739
9.385892085600473
13.837285886777028
19.699034168955432
24.774087051981933
30.176821911675187
36.91803007038906
43.0282872408277
47.25696630432232
48.29043684154299
48.64830264430466
44.99866866243701
40.063636863327794
32.25266985991369
27.099852801420226
18.371100617307164
13.67558334446836
9.548833321215582
2.016864441583843
0.0
0.31175499798231837
0.0
0.4088703203944653
0.4339417268432931
0.0
0.0
1.0941130983337628
1.422843798529382
4.144634372228306
3.952205513503603
4.299491362440467
3.5953006850361797
4.7052237166203135
5.011984768117667
5.907793949915835
7.9238098650982085
10.01760496846171
16.30629323276216
19.944748076473985
24.926991038564424
29.81260633433388
32.050889536551374
33.35159932930849
35.74987416028178
39.35014913122372
42.06653277262481
43.898708135138826
51.71910398634229
61.31380039202536
76.4672162016303
87.99625503963922
102.37702744971484
117.44567247311642
131.488283975849
156.25686060485845
174.29499411620733
188.72042076519375
192.37265085203944
192.52862577338496
180.93194412256426
164.23970914128373
137.9357446600058
120.32741220253344
100.07881850123538
83.6580368203786
69.09369714505753
46.364454867270595
30.443518119907004
16.286468734163147
13.857207304099708
13.930207924281751
19.071280280016584
26.788064994614963
37.73111078916728
45.4320715973361
54.36686422648297
58.547774818436565
62.22199693348345
67.92794708169082
72.528766182054
75.29372888827928
76.19412246551634
75.85233671574359
75.09088775753852
74.21631302652183
73.253850591457
72.15568925546935
70.58998315636558
68.84336660367379
65.98141945381484
61.18637594341437
57.302185802796664
53.63143108362836
51.08535577909424
52.04424006844713
65.90408584938358
87.04442250961972
117.72510506327126
139.48781194863946
166.64068706082173
198.4336295904567
221.7932464888011
255.74256818084376
271.3090664017349
278.522318017086
280.30985620249237
283.7506796692158
286.13689498714484
290.3990334790205
291.40413502029077
294.0459301474752
297.16513623358037
307.2305009585592
317.78725026052075
332.629702648261
344.3065936972037
353.9719950661106
356.2889346984282
357.90347227998103
347.0527945068151
330.8196021964838
309.91604204621973
293.15138045118
274.79928657008065
257.6469689572231
244.71782901005
227.6872624719283
214.83196346927673
209.419800751028
207.27158280456993
204.73090010757412
201.40280423436354
198.2691816410834
195.76782004256845
192.30680603282946
188.98404827705824
181.7926364185092
174.61812403817902
166.55951503865603
161.99356408622612
157.04069293434566
154.60067444785054
153.08697206772348
150.7660362753656
149.0501574590812
146.64033916920832
144.2633678708197
140.5022804271746
135.38437061600754
129.5077165243657
119.81990764271436
112.20026465873235
107.71597842860459
105.69951388263641
105.85793575493909
113.78070169260351
125.24877875749571
143.23530343860858
154.985040060543
168.37543070540772
182.0883403485635
196.3407969916519
216.57959378671185
233.39039300223865
245.86132948419126
249.89708141737705
249.18207948631883
236.61113553274558
215.98236318359264
186.46826845821798
165.23444953231748
140.94194316206864
121.50869036527193
102.0106345672506
72.19601374782083
50.39119154537047
34.808731172228136
29.2742446470732
29.765169699984682
38.654302197690974
50.55919105409183
69.94854962441369
83.94701240827212
99.77642399022889
107.97737740539277
117.45939331719626
131.1096202252833
143.40690532338226
150.66596033387899
153.1466226686833
152.98397927779237
148.03522214676306
138.23413957884785
124.44644359435235
116.23067898260466
105.13958667181554
98.15908463416773
86.89907052201693
72.75186288380449
60.355613771654895
51.12315296993005
47.79216786823057
47.62151807910687
63.07182337693013
86.48449096878622
121.04365707155465
144.32051925073836
172.7464554308283
197.90178413611613
220.48193171884463
256.8381267868797
283.03770775022286
304.2102669811787
308.63973750662217
309.2951001123368
300.43551560424356
285.8626958624559
268.19064907164994
253.50906745521235
236.44220375464823
230.10620872702611
226.6437475441071
223.22312759479962
219.1184136687352
213.1616646054574
209.23974870069299
203.42164068406805
192.4238482465767
177.42065506113605
156.3191863889177
139.3805408259731
118.35315279553876
97.61255749859262
76.61229305109288
45.93090162372463
21.421958789776973
5.705353791830534
1.0486929797645064
1.2988735863737175
4.6642414916407064
11.399928041068511
18.175440876643194
24.883942137036417
32.28254516107952
31.277537562505735
32.115119334526696
30.883052281199085
31.67593004727741
32.673916267207645
32.06676684485477
31.484361350529664
32.4626746037414
32.67861414314338
34.64604053747019
34.506924033641354
34.82742753564496
36.528784105177216
36.70829370602902
39.10001515234893
40.96875269971508
41.47585907050288
42.03906135864765
42.177581389016
40.088037857822954
37.723527266326386
32.64227578226077
29.000942831170498
25.645276367235727
