12
16
b
219.63171702014512
219.5257767224743
219.17163574486716
219.4200166052733
219.976023818989
220.14809920835586
219.2835320855806
211.54977055152852
200.4220237484196
185.79042208095933
176.34221505915446
163.1048171429473
147.9291291939935
136.08688380865763
117.44810009319714
103.5265749997557
93.29051313590345
91.47902222114793
91.06514540840563
93.55461785222211
99.07587818153881
103.25134488276143
109.2248299663197
112.97972766334097
114.49816732524114
115.85192177372235
115.2410103452547
116.45925405071871
116.14254465206535
117.17484464678203
117.1681615538977
119.01052227755429
120.40564244390568
122.83600049445185
123.17364231607203
126.38019544156101
127.67133074692829
128.45245180245345
131.33604429369782
133.38216028808364
135.78873482003326
136.19171228606996
134.91527825473014
135.92294999040337
133.79003512126752
130.94061373778158
129.80502766930252
128.7760619969752
128.0325705457797
127.18963061047573
127.15116169353645
125.52012959391858
124.33880854049178
124.71503502090312
124.26033508231107
123.64539097681548
123.40275985362588
121.74722955861805
122.10111975138464
121.1379080116749
120.13216554006343
117.51727060558395
114.86131615921906
112.79976948201096
109.37445153992971
109.93244221271554
109.21543971152954
115.10351940879366
123.16076701973427
135.2329627181836
144.6210085539056
155.1525038624076
162.80943005202198
168.62490504139976
177.17219772204945
181.95965383074704
189.45733472471494
193.5824443087208
197.30164423159783
205.88994624871498
213.69936864385937
224.38236586707922
232.64380011617973
242.55092530210456
254.98607011646084
267.0199615705575
286.29217126368263
299.61466933967534
310.90103533687056
312.50301376188105
312.68003512490793
310.16162115335925
305.00622756100694
300.1584014903954
295.57817635456155
290.4686805528325
290.3131714644364
289.7941605796727
290.09341089293576
290.8616041976839
289.68230750656323
289.59073543386364
288.7989311299667
285.2748721803002
284.39119605562144
271.3324842507789
260.9479442565424
245.906597475002
235.7286139105108
226.94610572433567
210.37890390832214
200.32666526827268
192.0962356349096
190.93650937978018
190.731459329254
193.7307798754368
197.62765141232134
202.93852456216226
208.09753058780726
213.25490813731744
215.24324005627128
216.2890091294681
219.00747149545862
220.82671441571682
221.54632209284688
222.23258082437695
223.09959612997983
222.25640443806844
223.4147049716133
223.23680398764995
223.32751110922135
223.4940109077874
223.9826992725591
225.24555653660929
224.54863384002394
224.58409748025144
225.36778375043878
226.13248100035068
226.72388715187319
229.05976753801292
231.16274178354178
237.15402202995293
243.7478918685821
250.06003450886644
255.78442116645644
260.8766616343719
269.37578053621854
275.46961778039145
279.31404906824037
278.45074265501904
279.7616476424681
277.9151337459146
276.9644832582405
274.43238972224293
275.1462567245934
272.2687539543115
271.6907116238968
270.3562824254014
269.99812541945755
267.0652361811197
267.0198208834719
265.25360534944275
265.7325857566698
269.6851296657437
279.03374333941383
288.4703062496905
295.01205398819934
305.1993113201817
312.198894926384
321.19986330704273
333.3100540955817
343.0494111925262
348.5998886292284
350.3555245795338
350.44058918064906
348.70457835226324
344.7246153710388
341.7481606950016
338.2173940208142
334.55266558701436
334.36430671078625
333.12887478487147
332.13527010648795
331.8986615782626
331.10602354794526
330.4071565069927
330.95836312310615
329.33086717400596
328.3094037031475
325.9562128596015
325.1492110076064
323.7116777453911
322.1085341808273
321.2554575987323
319.1824437483572
319.0105462956106
318.33055850606087
316.77822762511107
315.43719045000415
312.87097478009844
311.58844328164975
305.05178360048114
302.24677678273594
297.75929370803635
292.9177311990331
286.538514266747
278.3124520263759
272.662777436199
267.57288291016596
266.97814730297193
266.2242233251614
272.25458303834597
279.88739827596225
292.6018694029279
302.20603093039097
312.1550543449641
320.0012817019634
329.7041484101705
342.52407385599076
352.20488506530336
358.88211059780167
361.00302689436285
361.19070222206335
357.16984367167623
349.40470889916753
340.44933895992506
332.3800805489543
323.409660204366
318.63546452119846
313.2188019555939
307.7957561838572
302.29387755573896
298.1263678131583
297.4144598136485
296.1702732260032
293.9260030877374
291.5212612907405
288.4834729598599
286.52694631679054
283.1692123576228
276.8282226583651
273.99251550252274
268.6303789712558
264.1261534855022
261.9225220233913
261.1860005451529
259.989400521142
258.7908456582126
258.1643667687406
256.3719391077439
254.42025044349379
253.65602838093614
251.03656939386067
246.90269604560308
241.72979824755512
237.23641802959835
234.37898590947654
234.79610598962384
234.49005906050795
238.34620172361986
243.43688616704995
252.09152314790512
257.4599830133585
264.44871004125474
270.9599671687706
276.8161982869413
284.9513162149731
293.0715483117701
298.19213485216176
300.4838965168106
299.5633709130734
294.5955478012012
287.12936239744414
275.1187789793437
266.9446624032201
257.042232321915
246.26895281554448
238.27644885495604
226.00965589948152
224.05240929932944
224.6072054073616
223.43462282283977
222.54532017951848
221.61097447255398
221.61276834971497
221.04092110010183
221.56321166305122
219.60693332185204
