7
11
a
109.46423464616299
109.61069261465298
109.15904029809245
109.07867503995816
109.23971578739912
109.66508795457561
108.5764266342837
105.20866711850697
100.64139052365437
94.31890889399918
90.02195053558631
83.38178292699968
77.4664001016069
72.19028882215963
63.668818698997555
57.665377817751704
52.57575374466171
51.65955613419107
50.54250729677349
52.28976247360339
55.5408111833881
59.016887472375856
61.41120523969615
64.1970371051142
65.345617954298
66.7703711823961
66.82460927196406
67.73743476158063
67.60893224727853
67.65620822889103
68.29808184893785
68.23794756918285
68.93927749028974
68.80860191216395
68.84079559349986
69.44307123359458
69.74373494633122
68.8634486989605
70.04485880520971
71.02818208585676
71.13112458546964
71.50538417154388
71.43274468286687
71.06143825032183
70.93946432408502
71.31415716973291
70.72479926489744
72.17804297401211
70.79074516552852
71.30193342798408
71.67845367893435
71.26502165781855
71.00232622070172
70.79207196209053
71.22502685435518
71.56128044506117
71.78904848124643
71.0622095325006
71.10610573944172
71.00663795420515
70.77346867764656
70.87950138816524
70.1253628020016
69.91463463308631
69.34356033472916
68.51419505874779
69.23594437385614
70.70493719774984
72.04257451181843
75.45648124889284
76.33665877922819
79.63842810420209
83.32629465847327
86.74895099909979
89.91858281040665
89.90583865781893
89.52948444077221
90.08620407315775
90.36899926563935
90.20772179230318
90.03536971533165
90.2692763856438
90.43233573392273
91.03064496537726
89.86040697992422
89.96439855071618
90.58964298781774
90.66559067033926
90.83553732537685
91.09250085680851
91.55147742896492
92.20091511494316
93.68402321066682
99.52263881435745
105.49314771416279
113.36228920510396
118.57368982500778
124.48644287674152
132.04860718614827
137.25827348972567
142.24602411625656
141.82665921825878
142.18391184037253
142.10244960661564
140.3104610106811
139.9463284527916
136.18329643881214
135.18080476700678
135.05510347154635
135.9387140764377
135.91496960935984
136.01630895167335
136.3895359020622
136.3703255142128
136.64336531399502
134.49041822370944
134.11478972104635
130.90344036662148
130.19527062383025
128.0752908883844
125.88732681901722
123.96124211699026
122.8171177242432
119.85778197348202
119.28117923284077
118.89494798488073
117.91896673932621
118.8397874462868
119.04021609405807
119.90444893741697
119.37770733722066
120.75396110903672
120.15886159996646
120.8682853272369
119.59020772295571
119.26234989866643
119.14180198463477
119.14641958832024
119.20974833211389
120.17802842750899
122.89376083614742
126.4567145395519
127.66115109778845
131.11183048101475
134.9758302674371
137.1217938029797
141.4312018753128
143.13075265257575
147.21192806215188
146.85151147591674
147.04607212044954
145.60315713691017
142.4144298795778
139.38121851345807
137.17109112256512
132.85474377309953
130.89626987022453
128.0918211610272
125.6735538451998
121.7839969654749
118.79325427298902
119.18683652466282
117.64892018287331
120.81015331531765
123.93154824110952
127.6327174571653
130.54267041274363
135.16430547873605
137.52151615936867
139.79511439133393
141.61608720709148
143.43449270824513
145.4437920602821
146.5718905493903
147.77008525401342
149.92470553159043
151.90373272436298
154.17392359115846
156.14322351369745
158.21675662668432
161.08205000683205
164.30310776572557
168.12651270967143
172.0825930331878
175.122974831197
175.3057898931048
176.0632308126826
174.53587988746978
173.43991008105294
170.1383250478421
168.77432706231335
166.70176010634714
166.26115238634824
165.2341234992916
163.38380183896518
161.2118397728819
160.60167269593765
160.84553491721294
160.28346791382677
162.22018626505908
164.38252537661174
167.12766899239764
169.5575124379299
171.95016134840057
174.35441502047686
177.20183810550188
180.34230082361174
183.0400546022253
184.36772922777803
184.63229495233782
184.3121381137386
183.35432659595466
183.15847273227476
181.32546795767524
180.610315941594
179.62317592651186
179.8870638675707
179.70560023413515
177.70890611959962
179.49883435198274
178.62269166018626
178.0235265094052
177.86819658468065
176.65426185138713
175.36697788369955
171.9201989863763
170.26385922770532
167.0327119550289
162.59826843862908
160.5024837652877
156.58500447709412
155.03704158680517
154.06126915475977
154.31506301168653
153.93840930519806
153.1677041001807
154.3989557798754
154.02809232817444
152.08084548908275
152.26418243958923
151.1660520331413
150.74305956238467
149.70571620658706
149.41242625706403
148.66394806255659
147.88953309058033
148.45280629281106
147.953805555009
146.8673746697814
146.9270581871755
146.42487630223482
145.4621785674264
145.29799995954446
143.1568853389614
142.0403737181447
140.21435885268008
140.02100601931505
141.19723170321694
141.0120277904692
141.02984412935285
141.67358069002145
140.6512243634262
142.03066535863377
141.57606467071506
141.53548058207653
142.72082843129314
143.1111742842752
143.46824943703763
143.93345691305856
144.6594711075955
143.68671444015212
143.08751395657234
139.8026413372873
136.43591411306144
133.7361145573338
131.42025995389145
129.27218736616757
125.91601205014625
122.84804821684256
120.46146576640976
119.2163082721541
118.71388242113163
118.29751097510913
117.58901641026104
116.49977863175836
115.88347123606812
114.8324278743828
114.49257805697064
