25
12
b
79.97105845979289
79.59739452093969
79.77415542510771
79.54725955627926
79.86425038381304
79.68748374381573
79.30879596290134
76.2603982276349
71.69862263670129
66.99513516605403
61.40892906639893
55.62326835349094
47.84256016063511
40.17174635587633
31.260425549841784
32.19891296931645
31.857304676995145
31.405640194795
31.528206483231195
31.33189793860406
31.181775588829062
31.242065995190483
30.840204530138312
31.49555738530141
30.507471503384888
29.73900207740822
28.176215922227232
27.388714148805725
26.754276991301133
26.833905284796863
26.159853968487646
26.60163460952749
27.774433064874103
27.140676301960557
27.95317056924772
27.984954262940683
27.793883218863968
27.721010746647543
29.13027562165474
28.486598174163845
29.81579326067038
28.548870124371128
29.771689012958408
28.294226716272846
27.01767199158762
23.471227332293086
21.46139711558617
19.33589929330256
16.151914144897123
13.767752698071739
11.237252563310651
7.94709245748345
5.724480661712598
5.431005856452948
5.080795956407116
7.993660802491629
10.285445441735073
14.19395540999175
16.74261761576462
21.439089314943217
23.323663578179662
26.99626853567067
30.024065566813096
32.864315040621285
34.31952337579983
36.34955054889426
35.43138024952096
34.67520161460676
34.115751056797144
31.862586694014045
31.157377938299934
29.703745410677556
28.865478486892826
28.738687153243013
27.8721962086995
28.00364510846938
25.817877431838117
26.76371528511301
26.099096409789965
27.686956022845518
28.122973539638117
27.970344771646445
29.89565703937335
31.44808878457837
31.898032517806083
32.26334636301485
32.3431770119781
33.526289516754275
34.017878144258354
35.14225574301492
35.60957285883384
36.00397735157257
37.57711279828331
39.75782101107863
42.022162671243656
43.968621247849505
45.73975198423341
47.99854131254315
51.72334872609693
54.12636315020453
56.22054824179029
56.4778079000672
56.30424606636643
55.48733223621376
53.65970663144801
51.94829851119268
51.08126334055254
48.16850246596535
48.05793517828787
46.9874015393869
45.63566058049631
44.74950218902141
44.94922641396459
44.193726403298704
43.607795802761565
44.17950581836677
44.541437482723005
46.540816714870374
46.18456123819331
47.47736776575308
47.158905305572084
47.47944872196575
47.36010106336018
48.0232537097782
47.02403552674867
47.30250829019898
49.57239557156256
49.84941912351984
50.53086598944405
55.39259366808495
58.56386273442399
62.524004384017005
67.6000857759555
70.31290949401995
74.2686683234896
77.19345755440004
79.37834567249907
80.63858380697955
80.34326479707062
79.59001686910749
81.68040299289581
82.51215586780873
83.40343697371063
83.23713403452702
84.99815752525944
85.33829464771394
85.32238195148355
86.79595879935505
87.47697971236626
88.26104920549258
90.4135588487712
93.65271052879001
97.4497891341533
107.0426423304181
114.80476623700444
124.62633702693046
132.7704066186075
141.80959857707938
154.40810743721607
162.84996433876717
171.7428200787834
172.95940683945116
172.51083674190673
168.32695591827033
161.6390693328757
152.32913166124766
144.18025944237672
136.76045588615972
126.64402000688085
117.05201219489902
111.37324650760048
111.19448965831297
112.25041578298277
112.65338280352653
113.69209193066503
113.2457065490355
113.71792633364453
113.65031676006538
112.86908565381118
113.95066176350046
113.22062739318912
112.095736705655
110.1492958182533
110.435998177404
108.83147057141807
107.46360499183463
107.87749395487927
110.65120735777637
114.77087960441536
120.52139664763153
123.640307165751
129.36840770255924
133.76409625859299
137.7779303110272
140.85477338711814
145.18883479651896
148.38770169218694
150.30075186905137
150.54320355561336
152.7551958799213
155.1221622575593
158.0489837105459
160.10874086968607
163.25824298272286
167.40140484430597
171.46698405550907
178.6140081314757
183.56718654437228
188.77563105498425
190.321591682351
189.7909395293619
185.13976349885294
177.45977318738312
166.32615204229873
158.01112689642903
149.33578197063002
140.1087272214975
134.23188933893377
126.00574683000912
119.54552103397405
116.24384083660858
112.91322110428618
111.20880624087091
108.20469871243363
107.60752487511918
105.58335126751705
102.57980353062065
100.73057604195877
95.06124567450337
90.3019676852273
83.32827586247707
78.64961995383204
74.3321037717408
73.29108579889215
73.82402920065654
74.35485407653094
76.27342069237827
78.55525241231116
79.82983296634836
82.44167638504182
82.79737208958363
83.55448596202002
84.51934712660156
85.14084014265997
86.99897994747607
86.4323188401433
86.15668406455357
85.47438983136878
82.9866785039721
80.55792850390905
77.75514128484521
74.83764543960369
71.22617620529036
70.90436111974039
67.84071566687672
65.90566284026436
65.45756721974965
64.39346696463444
64.07749575907569
63.264858129480885
62.622483919794696
62.37070290719593
61.585711358075464
61.9216169601501
59.71191034134518
58.27990405735054
55.53848884281479
54.483658617270216
51.99881343415273
52.99926581289195
52.197007144741264
53.73324459895863
56.36456782080059
59.95723689773643
61.67746095779902
65.41958375696086
68.29253085821084
71.27441688183607
74.4572544417409
75.06691173781579
75.77715210507971
74.34779804830082
75.86967053185674
74.61847761917649
75.01345673119437
75.08238201125565
75.27928513519879
75.72603036608172
