10
19
d
8.921324544386511
8.80827000635321
7.4887141320058905
8.639021711186247
8.725763307038717
9.210548072439135
9.002476491198461
8.748056340812923
7.781719679725082
6.547415191569159
5.695431823906532
4.6065431298990696
3.8579664454714675
1.7340797401110821
0.0
0.0
0.0
0.5038903845714929
0.0
0.0
2.855413261474887
5.816377192910096
9.49150883620586
11.94890997401576
17.114219172175623
18.341402415543328
24.911962551298167
28.689271402964675
30.29433806138574
31.406681904471437
30.247625019087277
29.255510711676628
26.320321005481095
21.32712297128263
18.079456908024007
12.560456347481896
8.318713811825825
6.38118430717845
1.7902956304256925
0.1316652731729464
0.0
0.0
0.657078899929163
0.10586152813773182
0.0
0.0
0.18894772558068176
1.0539507775839168
1.5018417632652579
2.8903803703406523
1.9758251171615087
3.1725522450156243
2.3776022120359688
2.5983180904823406
4.049506421260032
4.970347392533774
5.552075879610841
10.92435630326785
13.230350542607738
16.964828928593846
18.33418484740594
20.692079999620354
21.13938038119464
24.256802762002646
25.391708500887532
27.15694175865445
29.752214990782143
34.50433084759785
39.483558564282795
50.08858474672123
58.01176292138763
67.99970978168876
77.64562643781227
86.89430857767401
102.46483470310793
114.77719690836551
123.54580530093727
125.73674741360415
125.5820049723788
118.28606011199962
107.06286456215818
90.73066041074395
78.47130839808678
64.946789079446
54.938971124355916
45.287788975007146
29.344854554527096
18.98665308796659
10.870820886842452
9.382865673940737
9.080440068836822
11.861223376861682
16.873730974878153
23.461551686757318
29.154511095710784
35.19247188065748
38.63841011396733
41.23947668422648
44.5374784778731
48.084206993475675
49.62936444730707
49.741501671759636
49.71709058485807
49.675797538949986
49.40363993385311
47.194006724708764
46.817837715289954
46.40614243199931
45.1608390463424
43.04251738616584
40.903949409155125
37.303734837134954
34.711440981816665
32.734089178653385
32.94579238389292
43.198012699470176
57.391275721773496
78.1490989509917
91.45236267358769
109.9947394241068
130.30843453405745
146.6278481294657
168.21654631375714
177.63535753586171
182.36933833021197
184.4310937333965
186.0188275547004
188.485341892742
189.91949639762504
191.5856631187689
193.69090154414275
195.95217939804485
201.09670954696807
207.57905908507735
217.37317303248324
227.1566494028684
232.56280144245068
233.88002578493075
234.58998199759665
227.25798457640238
218.17189220914787
202.5569725077941
192.05289606644325
181.41127961826413
167.92030315469742
159.75920921667696
148.83345477868633
141.20600695382842
137.93020969486997
135.8576719999346
133.5075562280691
131.88631083335085
129.54559875963162
128.41828287886827
125.92259193336875
124.98524609399708
118.90245054339539
115.35352998576072
108.70729941613601
106.02993146942251
101.71559616872233
102.12251240794001
100.82093737985551
99.23712367643613
97.51252766583092
95.51890315141391
94.38851317957747
91.79418345636952
87.68230639824301
84.63930061132636
78.11198096683403
73.84620121562764
70.03397193684002
68.48293918433838
68.56964754335817
74.9800824187636
82.03279849431821
93.18693606919065
101.03323139571022
111.81559502197602
119.47306853408492
128.282985933576
142.71989991702597
152.01766021748602
161.46173197528353
163.25288736633374
163.81627404768426
154.8770792816589
141.90613444740023
123.34084617880134
109.42722644732426
93.83316908019407
79.63359933588201
65.0498633376434
48.108848664495255
33.232977406442885
22.503288171898205
19.082634150550113
19.299475206649063
25.463599502001745
33.40685323195896
46.30072229330901
54.474901925685046
64.24559287138199
71.02746109860807
77.47490555621812
86.27767241106032
93.07094784218832
98.75292711108284
99.28984793621261
100.20294607083707
96.20415508922295
90.92555783915361
82.59905952973897
76.46029574349002
69.31182269083257
63.72224578502951
57.037553090453414
46.90505254456554
38.60440543432347
33.85823699344834
31.40783640282525
31.77825823854208
40.91060275188246
56.194425096688626
79.45326214782874
93.74260361450287
113.98353892309913
129.59491517181874
144.5904845230823
168.6642251780615
185.5931740118
200.83855266532765
202.63395277362045
202.61781634510572
196.95048802769045
188.18773506028558
175.4864450195598
165.81517076303933
156.0507813937552
151.78327739625755
148.52488253844598
146.52004858050725
143.31799617688912
140.17237267891488
136.49092174240505
133.6407688677826
126.78952912800393
116.27043246066118
102.47418225238859
91.16334074746547
77.69889998732245
62.854467129852
50.052738584880856
29.585243043525377
13.847669402534398
2.5855889814525623
0.752682495334471
1.1351551494440995
2.84872011048677
7.303646401523752
12.240664276938055
16.36898840230809
22.1192171190212
21.680228825351296
20.82817125968799
20.130491634074065
20.73686158162243
21.74636547230242
20.73064065952257
21.141843070345242
20.638906699359886
21.591167723543553
22.3860864715385
22.86129620564038
23.550217296285535
23.60006443700546
24.415706332659706
26.389726339087275
26.11377018738343
27.024614997867683
28.22000597562338
27.42481357455884
25.47344992593383
24.757574546633613
21.875820727616997
18.770074534907412
17.788081193735355
