9
17
d
29.34093294306868
24.224316513601885
21.03996923474628
15.980963134918401
13.336454669731712
13.318355636687018
11.473966012217558
11.103415557626386
10.866451832040186
10.620219442207857
9.935784750928198
9.218624151908847
7.618618263212931
5.795005899625392
3.416049377613328
0.5346849148925445
0.0
0.0
0.0
0.254840309668399
0.3060436151738767
4.433850286731263
11.919732175285825
15.884098598354754
21.030860939399638
28.99734272083307
34.405970589936466
41.27628127945678
48.12548706152685
53.18091510868528
55.31876495463916
53.5619967705857
51.49860781272146
45.52453005867806
36.32245150190426
30.350323743128826
20.02358024968607
15.397094049342986
10.76513802177625
3.643336296681897
0.19628198368654431
0.0
0.0
0.0
0.0
0.0
0.0
0.21411904799703352
2.202703136615491
4.122417023844755
4.652543459808071
5.013471314571818
5.229001148282429
4.893949492864052
4.30902328023871
5.836774374673901
8.248086365295041
11.11934445427509
17.683297833628544
22.114459593381692
29.762526664082703
32.26449698202672
35.113661734260965
37.235234705586635
39.7510733649265
44.82712060821837
47.31207684573998
49.85334041326113
58.27899747613673
69.30569161134757
85.92206411642897
98.91487879193058
115.14433399783947
132.76218802975114
149.0631662984269
176.49693196526542
197.43681431799695
213.07049249615415
216.0522026014672
216.23737671829764
204.05898061563195
183.37272517407467
154.71846835783867
135.4015814162062
111.94939134721649
94.80495826458704
77.06657956659335
52.6838806762204
33.362287634700785
18.615768273270238
16.057860188551132
15.849752925447307
21.78814386181923
28.754617511985586
41.382851194962306
50.85533732937714
60.414359912130664
65.88322536808862
70.15268383784208
76.91431388136657
82.0124336989886
84.4596021872337
85.72150884131624
86.77816257247858
85.47045698347792
82.40907568173006
81.86600811050316
80.44256534576292
79.38469012103673
79.089364480442
74.9182505753953
69.62695916990229
65.57727513972479
60.701492691691165
57.89205548262402
58.11557406608281
73.66786678394803
98.56756947823312
133.16737486872157
158.0387118863423
187.63240362087882
222.8690342318605
249.8691188859178
287.85250107510694
304.9824821009539
313.4719419377323
316.21877254899874
319.02634833571005
322.763034352808
325.193725541831
327.9221601460191
330.80157046775645
334.54885924858576
345.6762936467279
356.56597844951625
374.4535240220257
387.6027010884619
398.78390782983854
401.1561632098378
400.9602150605743
390.36013256074045
372.10327185874246
347.8808418033691
329.41644127073045
309.1291936930343
291.0886124211106
275.19358565339246
255.3650470095814
241.7496715234867
235.54776376910777
232.54482570516507
229.4372889757717
225.3993246940082
223.46433615539107
219.49474507996547
215.25834316543794
212.9462866121865
203.64777414055166
197.89250326838788
187.77157997156075
181.6169342605312
176.197343321032
174.29221581314218
172.62014377354907
169.6892018600497
167.0408294665663
163.64811867732865
162.04640755026483
158.5445793766887
152.32292715002896
145.0005124119766
135.0033682738861
126.87832958626242
120.92511219590857
118.74195165449572
119.89204917499568
128.0792283781582
140.4233558806944
160.83962537674526
172.99692191971513
190.0190532258871
206.64745366521376
221.13525113260602
243.68754187593765
263.2578886254739
276.88144015921216
281.0834497082537
281.74522612024776
265.1705072236288
243.27334203434813
209.16214162036826
186.9679087154031
157.66691986912338
135.5305413803936
114.83459081597601
81.52749461713569
56.19637931499236
37.14805026494607
32.94758143623337
34.29151938797906
43.57962612586114
57.835521994818066
77.73403455628541
93.6778809755895
112.17038697247766
122.51678502519268
132.75408108043928
147.9158899951692
159.94010106567455
169.041427131084
170.24672267796964
171.51685492468206
164.98718343398775
155.24092989667048
141.116958660185
130.29924888671772
118.84261176026608
109.04431823372258
98.26569781453641
81.56130321304444
68.11937131674955
56.03702371547525
53.94988506457096
53.176802060600046
70.86877438648989
96.46246179525578
136.04509121364254
162.13817331111267
194.96084144841626
221.2746787748681
248.65576342986557
288.0634812323149
319.89816817816495
342.5330558245574
347.52778671621235
346.87911960471115
338.001825221124
321.5601921372838
301.8832820632214
284.7412035390757
267.1889478781474
260.8307576449426
255.64630734109173
251.28232228977842
246.71188761649145
239.006154440643
235.18596934386355
230.15003913088128
216.4950664561568
200.04784706949837
175.9485247038464
157.7112761618194
133.30605252717692
108.4982816034252
86.96851763841052
51.37142452383419
24.710771808588593
5.675647396110686
2.039019665716075
2.7847611327585495
5.56189353455487
11.479534969758934
20.26291733918715
28.359670397952904
36.184750674167496
36.42430346849975
35.616834947000875
35.781700659183485
34.79920524975821
35.26501215786054
35.007293038463274
35.47627738266295
36.33770997216326
37.33851598534299
38.80928794832875
38.50009566014863
39.6829944296064
40.053276436877454
41.958462204712085
44.78124516674573
45.67360463815378
46.88570608786799
47.113877485808516
47.39729861294369
44.90265097331567
41.73894850371212
36.092762197697
32.6004517932037
