4
18
c
163.9140073660556
163.31580207464162
162.57365755254835
161.18203848180374
160.1229540758898
157.8118658329738
156.22893857527527
155.0660027153103
150.69798669346002
145.36095399085758
136.4313151793366
129.5332610160085
121.4552715844672
112.45061466444432
105.03002216543459
92.16248776164772
82.7080716211789
77.2108671480127
75.55472008174952
73.79851163776941
76.09891074310048
81.08790959222259
84.00075364568359
89.34628636174389
92.31981149267999
94.88201475074123
95.61307995479581
96.72740282297781
98.42815373061498
98.49630708056719
99.0375460197162
98.25976387344109
98.78135232183868
99.48364931128879
99.26834404795528
99.50921338163565
100.15038611236822
101.23361657017061
101.099678290133
101.43140238847039
103.38759483017319
104.49767083907682
104.07108700562381
104.38806827680187
103.5386242195238
103.23542908445933
103.65137818857194
103.55943720810014
101.8183229037182
103.72327075233311
104.39222701345348
102.86553373853647
102.50065856383212
102.96796084689112
103.70149094123894
102.36684743450553
102.34962372715036
103.83638891973219
102.40284227184029
102.94296750044566
103.24658297966607
103.53986741327341
103.15919136945652
101.70877807720167
102.09712094620393
100.51169629220672
100.35461573391513
100.78785605781702
102.93195600086561
105.01583616729702
110.03100592209914
112.49152484058068
116.61763434900783
120.7392556696821
124.28373092216297
129.46429717176252
130.21516494458362
130.367710523077
132.0115439645179
130.54700043157766
130.51039152884852
130.98936394070162
130.84070475519064
131.1083592726056
131.17304472317358
131.58524334989227
130.75776031375298
131.792853589534
131.11089739806687
132.20783246606754
131.192797868336
132.93394930432117
134.85058994080705
134.9731069300334
144.81063521127925
153.27908336201975
164.80673926783797
173.0295203314489
180.23195240583863
191.32591100098716
199.2151020521737
205.13731034628617
207.23958350873065
206.9546709631712
205.44726811557942
203.09187429162415
200.41589902202605
198.56342000282305
195.56502404757742
196.5512018838354
196.80883622119856
197.31227553806178
197.9667304365051
197.09509739675286
196.93941403009046
197.40837957318456
195.72309321652966
195.16579023327844
190.38290686360486
188.66446084958517
185.83614966200258
182.30452557276342
180.35336828544376
176.6443141610595
173.94012774940623
171.47977294449134
170.71345503226658
171.70644274282978
171.943734254931
172.96917653251955
173.51629181815446
174.31700416368614
175.16657422065796
174.02516669168025
174.70656628154455
172.39186446265973
172.6386685608434
172.2057676018955
172.37165474620886
171.9576144651615
174.10387912573242
177.5949803219348
182.43845781953956
185.78348887732798
191.3896743142434
194.30208896315122
197.98212840602486
204.5131467806742
209.174579416068
213.22229311051746
213.88592521370174
213.53693073767016
211.75335589091284
206.52125089382662
202.34593934351966
197.80614466496218
193.6570671954803
189.7264214655572
185.98084630948293
180.82365491858064
177.37188855004692
174.1066304284783
173.39462296465396
172.30228907389943
175.1083095383593
180.0203180018815
185.71903424581203
190.86373456259818
194.383783449451
199.04920215208458
201.95644600241172
205.0903163823233
208.04126374577191
210.2686810857018
211.69470678033318
214.4837458574407
217.46339283486557
220.1726025832574
223.67024407967094
225.62133456937818
228.33840569953742
233.84414456238682
238.93937168919174
245.3332706909053
250.05470193248988
254.0180216370782
254.65242218516408
254.46837744086562
252.89127305787304
250.8852494589406
247.6790130539803
245.29922686119335
242.09641348186642
241.19994255693328
238.61470998341565
236.3248334228332
234.75542260381863
233.47159795669663
232.40406891696443
231.82237513149417
235.24229677928454
238.35421809315133
242.80196548683435
246.04207101814816
249.15563711364754
252.65664627851686
255.57836207812304
261.0331724154113
264.7149565523494
266.889883015455
267.5350506208854
267.62674650765945
266.79675055601325
264.7886685975948
262.6969771654639
261.9899919818227
260.3714774650805
259.53806392371825
259.2442224610251
260.16950733242174
259.6679495676656
258.93758204636606
258.75493660797156
257.38558128591313
257.188418943667
256.1152886281487
250.18699530607194
247.5891744069359
241.22106070567503
237.16295942556363
232.9876100863117
226.83469403955965
225.47821724346483
224.17511036317498
224.08497158372805
223.69042326543362
222.93989149339777
223.06383953014137
222.16195318221315
221.66898688667425
221.91236428523138
220.06296237517856
219.11368908364992
218.76038940616164
217.0835242597563
215.97125293893555
214.96989096108314
214.99188741697094
214.83118557956547
213.56166018778075
212.7300569257811
212.7762618591603
210.916465802265
209.64688450655382
208.87065632747468
205.54865674395626
206.05948219759458
204.28178100120934
203.84523606414325
203.94090006872108
204.63351022262574
204.81583807766012
204.4924290374719
204.45557588627153
206.11611675444496
206.46403831358785
206.05850221086374
207.65315078098422
208.87801648868341
208.99933828763199
209.40541398492988
208.81421755119896
207.09229037220152
203.3137843693332
197.24578253431983
194.3690684208975
190.20974995432846
186.13517882214524
183.24743571400552
179.88077904956745
175.60332550291318
173.48140849273008
172.41814519855956
171.59866754976667
170.53899775165218
168.9371974283615
167.46707883274937
166.93310875085623
