6
21
c
101.79159859181865
100.6577955899196
101.48527652921247
101.54561747908957
100.76761223670964
101.71274192620017
100.8422762361919
97.66111754391827
92.43479831078677
84.15263396737778
78.65098002082306
71.12526980347955
59.57071058106579
51.297012649815976
41.63795066230874
41.87433212672651
40.55950431762815
40.211483048332816
40.413918801263925
40.24412116797198
39.403367520909086
39.487414387407355
40.66674775563136
39.47803422046417
39.208610477429666
37.89273799018066
36.717511661370224
35.354615439885904
33.9925336624811
34.50316215352516
34.12268177634686
33.89277772807828
33.896122857455794
35.1044029390311
35.83968466677584
34.82894529415436
36.111775983141
36.474989050015765
36.56675177702772
36.6714042387784
37.484560519096036
38.92065238479608
38.57998231727384
37.19590094626235
33.10236471829072
29.667778975550032
27.34028411264306
24.349369576266955
20.50937806536472
18.374180858077448
14.62439705276211
9.984948843938156
7.97957955857086
6.875373810135308
7.054347896434818
9.892379270542781
12.596892152083647
18.0637422845831
21.979705167652803
26.292162901106497
29.79606082198264
33.27836848974411
38.39289081968372
41.71457084944319
44.02877480600538
45.60287486935197
45.302146662429294
44.573238138304966
42.73321952908374
41.071189544080354
38.99793331205137
37.95644102548407
36.98104543621401
37.230191598653306
35.25102476134227
34.877891192953975
34.17913139429126
33.863550399231286
33.606980492541396
34.513882692914294
36.57178753072729
37.346366014690595
38.70865964486025
40.243259772205874
40.749702202678066
42.34236400664196
41.4966169109543
41.11323327143892
44.11837108459801
44.37510398466607
44.432166847575594
46.91441638053965
47.562156410590916
50.6129507453654
53.09114442015746
55.453016889704074
58.689221526081624
61.6719579325044
65.42897759860078
68.37587851265607
70.55783436242365
71.13932925628413
71.69916558600157
69.87837730588161
68.67509275114317
66.08309427375674
64.71381438077864
63.17551484618987
61.65262430024249
60.15334054185521
57.741766736014064
57.128495242945746
55.43325766915552
56.04803466079189
55.59575378199027
56.006160271072595
57.682827101227
58.8407446426261
58.490709570935024
60.098272551550636
59.96025451216021
60.89685325809796
60.86290112212354
59.992611466507554
60.381025452765265
60.36109479569304
60.78603712878245
62.741740057923515
64.27268152872375
70.53377065641176
74.25471114661578
80.53582154930638
85.96871831532154
89.33598740969781
95.35024126977034
98.14048341076848
101.8307453071813
102.07309822214916
102.007797958132
102.52217715896431
102.98525532187465
105.1761896965851
106.25232649858988
106.1950800900094
107.36642164115209
107.42944782307335
109.66483333630846
110.07787619677977
111.76712487594722
113.15646577934528
114.32992320603333
118.3161112496332
123.68651144464366
136.3565771243714
146.88892868589102
158.75562452756697
168.71433032244272
179.3754157209862
196.8838446271842
208.13440375736275
217.3157887466095
219.72350701218872
221.11558960115246
214.82126771458027
205.73722998313593
193.5223653517173
183.9791476611241
172.4011411746706
160.445855554492
149.21761683418435
140.4536933933094
142.63893547828235
143.8644467303101
143.4735740136619
143.76020955460405
144.52829753357582
143.4238310056925
144.2964071941307
143.80223072415885
144.54130585560708
143.65240672601513
142.55524486596167
141.38256769634955
138.64137337037553
137.8641009340099
136.82315809177524
137.97417290055884
140.34665122220832
145.75651776435774
153.16973137570972
157.93151093438217
164.32143880561372
171.12693424405597
174.5666969987458
180.2386084078138
183.38812308419546
188.4259769224869
189.36309824167955
191.2822030227984
195.20504012997984
196.57509829812145
201.26231562956536
202.78224626744196
206.8552458345541
212.33679814149312
217.89662946653348
227.3507408872632
234.36863526539537
239.61504409754565
241.50761183442435
242.0995277453396
235.15114484886396
226.43782892191163
211.85689493369608
201.2200931396028
189.18659104314926
178.52169311007086
170.44233356305318
160.03284769288112
152.05973761397422
145.79114842468096
144.19349697995918
142.52949182028158
139.09607844092432
136.2379646835949
133.62771460183117
130.77194342864738
126.5121110159004
120.6444299327834
114.94947235087753
106.57138459168755
98.51339800594606
94.22689548659096
92.73121899375141
93.53579576442334
94.09556497021048
97.06104401098753
99.11174998904019
102.88961535387985
104.5904633892219
105.0725003373264
106.73967962116909
106.84345615620137
108.69846363713512
110.19365658702192
110.5488915666893
109.12821979745584
108.22811622855984
105.81476826035633
101.2317128474385
98.5431645557579
95.19998724120676
92.64394701383338
89.16438930195889
86.66805132668183
84.16428927627959
82.23392640649723
82.62471955322648
81.45668700937057
80.54847716070205
81.67986118306528
80.63493264133945
78.55559082817693
77.82534663967732
76.26565882191254
73.47224239878649
71.10580083458271
68.13692875097031
67.25390248247159
67.47327348010303
66.84594244570671
68.56375323062268
71.03537634345832
75.22135705713863
79.78695541645246
82.29063340167055
87.38681133655886
90.43273376999623
95.64957855936065
94.76282102840851
95.58899622885721
94.39901694741822
96.18682305229318
93.96243007879478
95.1577679225115
96.36226758295723
94.74721284129666
94.91397298907022
