0
26
a
139.91312751768334
140.93844547551709
140.15106846398731
139.9491151809438
139.92559344144578
139.37828746051522
139.90719585430324
136.45411211334377
129.76066180133088
120.81328814880433
114.54417185992199
107.44458080615972
99.60510543326669
92.37840975401961
81.30928497223933
73.49404777692241
66.89107558567997
66.06068375443424
66.34579239591686
66.669046953628
71.19747027399484
74.84891812418482
78.70022308309193
82.07727927855979
83.66256898040378
83.97906218952322
86.26491738728048
86.8963143839387
87.00577616603327
87.57449123191141
88.20649416391363
87.39902713671171
87.97896543852852
86.4524633051244
88.41774193863628
88.21352340381422
90.1216917288716
89.07796903821533
90.70231928212917
90.82469011960173
91.61919011311886
90.77411497684723
91.6424567627388
91.3846794839292
91.05356186536234
91.27674731821637
90.73572680072886
90.43872453562689
92.10875659778061
91.70181105545846
90.75153767059525
91.26404218469371
90.75661120242792
92.08257547222031
90.7511665481901
91.69292639415585
91.41081045357807
91.9028987065077
89.67774416667537
91.04884691382105
90.86760529806661
90.04458001911928
89.35830885370642
89.92563259199457
89.0457975353188
87.79606995803489
88.96564177346679
89.87341485447719
92.93887229698339
95.62519428585959
99.03230877346859
102.21872708034408
107.30727608129835
110.19546705295386
115.09802444090711
115.42798268740975
115.79972269439502
115.35947991119512
115.80464329514292
116.02437734065502
115.49723905236179
116.11217301887935
115.76918368501254
116.6664189898327
115.40164345568519
115.78136234112435
116.09748996978409
116.59421182472391
115.84969158847177
117.02435539119645
117.11253543569964
119.8024992632458
119.50590428326753
127.9784281783945
134.96536694768366
145.02453284386777
152.6971421542493
159.68352990026256
168.66472826796993
176.22960207312826
181.87529776661182
183.04836073419725
183.09574942171827
181.4596153078604
179.82514508092555
176.70968765803838
175.39538686105777
172.8858357475059
172.58899334004178
173.16300083577786
173.14928251199865
174.01830662351486
174.18070440093533
175.59455531165023
175.70481779591097
172.49035971001257
171.22827096498176
168.32180866692534
166.01159584915976
164.36821462966952
161.59204402293722
159.06210864640877
155.53822582532987
153.16251087293023
152.2047010597283
151.16337513904398
151.67849110797897
152.113978070112
152.7726432131278
154.03476973374234
153.59576736079853
154.75334281871287
154.85564364176787
153.60876929740593
154.25570477334517
153.11670821997345
152.10582784227626
151.97711549059935
152.53226439987748
153.6619159075739
157.05246296222015
162.25618010875218
164.4322020107714
168.70323529772114
171.508898258492
175.9534733668518
181.21101040376857
185.34641028947834
187.44182124402656
189.39709045245894
189.20398012779097
187.0419304495186
183.9467985854083
178.35838254928058
174.6941778568481
170.88510824574502
167.070938798167
164.52947696810742
159.17039538787967
155.94774931789885
153.65980188912764
152.90636548702756
152.3362791639674
154.99762995580548
158.34317007115558
163.61173649774153
167.99433523846838
172.54276550862593
175.93808932721927
178.49939050238856
180.60905450627828
184.06450907028784
186.24084909438395
187.60966369151143
189.85048007483945
191.52766422672855
195.05178846923698
196.70819580424646
201.02065899442712
202.94267814589003
205.77283233129828
210.4100944908902
215.92284920743086
221.78018165518083
224.4745798323317
224.86917505105438
224.39634143444815
223.31246470375578
220.87052999465192
219.13314900182405
216.12209803753643
214.3399755044247
212.7058781683572
210.72872406579563
209.87963562306157
207.90165916542776
207.54343912761337
205.4497168898177
205.79700220774143
207.8572075468077
210.25194126217554
214.9323304847453
216.98767902704708
220.01813743676806
223.94923381121876
225.75291500829053
230.41783747871324
233.84879467957495
236.73029594648534
236.87540288994091
236.15649010939117
236.95716423318768
233.7902564011024
232.8951178057219
231.0973419462996
229.69381732897554
229.5177054517364
230.37350215527036
229.0543426082642
229.36501273303918
229.07999377242854
228.11367869619968
228.60323660366907
227.09737331806332
226.16308835319052
221.23419987011863
217.84039937644778
214.09689098792924
209.42486827103613
206.01618921804376
200.4871201371966
199.41808101799947
197.9372556764898
197.90784097635975
196.88505398286486
195.74922188627366
196.86759883239498
196.4666373363559
196.23817074137668
194.7575014717611
195.59013147418455
193.16735070731278
191.90170045506892
191.86527619190971
190.69961129012563
190.20961422834947
189.756222653426
189.22133077411593
188.87541626811046
187.26482555358686
187.28289805792437
185.7458361256526
185.5171113024896
184.4172208677886
182.94316951473473
182.08163074486188
180.95005859658434
180.8142361587767
179.74447463360733
180.83279855544225
180.07603202636108
180.80996002598025
182.01078649081998
182.35484649319181
181.49334634427396
182.5888721279672
183.35119885364824
184.78626102743115
184.82167509954036
185.09100894450114
184.45483270351454
182.48180285443735
180.1096190655751
175.2759106247143
173.38826862706992
168.1597109782181
164.93139287285587
162.4058404426921
156.63124985066574
154.38943612482487
152.7671988615868
151.78161955788124
150.23686539131302
150.5752817361372
148.85943267309105
148.2124189934567
146.90341932973118
145.838953024499
