3
26
d
95.8109075166291
96.09570484488243
96.78421259375787
95.59651308661198
95.55624823673078
97.04381642367576
96.36885785085748
90.86254466413457
85.11799740430786
74.22907421755396
67.32920060641217
58.47544637823888
49.965368820661595
41.96342445527485
30.710831991647414
20.660476833156817
13.838764557941357
11.991257565441668
12.40420942910589
13.826710562055416
16.917382399653917
19.294506380823204
22.13358512789511
24.435228374209903
24.787099905265766
25.108669782846462
24.037450281810017
23.432067561641542
22.233272160694003
22.63630435474857
23.118802093204312
23.65269039533172
26.06943192110706
29.153396313845338
31.99261866153485
33.44334020055097
35.97916712455394
38.59645553743695
43.09575316725872
44.3446065445221
47.39578608043602
45.90534430928012
47.02366886848237
45.260785939491036
44.23315385964416
43.39466464867846
41.681639455356574
40.03322370167781
39.351069820597566
37.09180485704214
33.33494527372789
30.386528329657196
28.314567095955248
27.064530453484238
27.507756860323163
34.12305435140971
43.6000925077645
58.217643985855744
67.09560125027072
80.03262693987529
96.92711714243768
110.54154909917034
127.08737426892671
129.08985587953754
130.32704608955436
130.8117757453491
131.4265297401382
131.86791691499258
131.79385226086782
131.6042333905178
131.97550564754968
131.1968853879104
134.616364199637
135.64036041999464
136.558767155534
137.24026702897004
140.07243848553793
140.74482948938513
142.12725148863925
145.38858175848543
148.38797169008572
154.2252982071093
158.1589150008352
162.74823978684407
169.15390138850572
172.04582094059396
181.28591795597927
187.41581281048255
191.736633645318
192.73307304949788
191.86195007641842
191.67461671913912
189.9057349370996
187.4369878995205
186.0197381688079
184.9749777184324
184.16021466077112
184.06935147841244
184.0253983534982
182.9584876560474
182.67930918984248
181.81353669674766
182.5737006951803
183.08119404070652
187.43273728288514
190.14878125436968
193.9006513029675
195.93855714208854
200.0396267479163
203.64634379828033
208.2561768494647
212.07354104490142
215.7176141342405
215.42577934294624
216.62844640141188
213.54840272866315
209.58086072078976
204.91446976535028
202.3545648568386
197.37103164588763
192.41043727447533
189.21946266097243
185.1980294187743
180.36820537757427
177.24920687253206
175.90678883774743
176.31723663920678
179.78141595558535
184.38125962151776
191.45508178382295
197.03405445775084
203.33692138301046
210.18289953437062
216.82615113065808
223.1486556816194
224.43814212859562
223.79503542812216
225.4472219265668
223.5096854886162
224.72211219446493
224.13860623616108
224.61707867662292
223.72528042998107
224.9596487474785
224.00605073563807
224.26051881295103
225.28077852825965
225.08933685256625
226.08236020678004
226.2206667325665
226.7521952597418
227.7896386791406
230.83628293266605
236.86446380605125
242.8528514970214
249.89455017588784
255.62218078025484
260.91922091858885
268.3652947133552
271.872646355116
273.7967320238915
274.60510041230833
274.90994643004615
276.6322836581215
278.1252093969858
277.12592240861926
278.97921678221275
279.6290547697369
281.7643652738216
283.3475108365502
284.34692403989334
285.8246057536731
287.1142231196146
288.7056937067738
289.04008282146157
293.0039549761368
295.254184101065
299.8472101324732
304.13916103171005
308.223179473724
312.5181994666037
317.06239992502327
323.26941145673106
328.77658425490006
333.02401853887847
333.35300136724715
333.69608210506703
332.0225584423882
329.7116560771288
327.51705988850614
326.19889710347
322.847185993625
323.6198767138646
320.8177900931265
321.00481385815664
319.45809070714955
318.80968991189195
318.93387468128776
319.01563341825624
318.2705504255328
319.03548312156664
319.0109028899488
320.5197814524247
319.2437163109854
319.50276442606764
321.48043392934954
320.43885327576623
321.5716762226065
321.3644533700391
322.2288100118852
321.5644658269724
320.29781427973006
318.0563945097861
313.5433051838333
310.67396106386843
308.0135493864136
305.26342389703444
303.0994021168323
302.9018925311629
302.2024432803592
299.00809443056215
297.5150024461741
294.9228994736137
291.26484836475527
284.3115543936955
273.3295357321635
264.0849955858594
251.3612156847978
236.06125480326602
224.87210365116164
207.69736864420452
204.2668805043502
201.32544612065297
201.1905935208277
201.5440207517794
199.54286802212917
198.6609084641563
197.967137091867
196.96078483714908
197.53325119142448
193.5055136230945
191.36683922976437
185.99581610050356
182.33454131360813
180.4464773634589
179.08491680610277
179.32291929521494
180.46074600912155
182.92844547982858
186.62424159638934
188.2080882898117
190.90901390017441
191.84609853756143
193.94623461438292
196.78454368255376
199.97789508773985
201.74667168676692
200.73634316199164
201.90730581251057
200.2452694714203
195.30354247200967
191.77685208242372
188.6507406757415
184.5644644450246
180.78622446568758
177.51138133387897
173.965828473754
172.5683519335148
171.07876847334882
169.50245849961973
169.55185945156
168.79351039649245
167.67813194990515
166.61739940553298
167.10907839653996
166.03353864848077
165.62681635366351
164.72695960694264
165.8466854058833
164.41982553633505
163.4277368427153
162.6898347216158
161.47464429294394
158.29202115792714
154.5827996511814
143.5047957207231
137.1745011903458
126.17098242192863
