19
8
c
41.55755816611053
41.40860277278705
40.85894588660409
41.19750523076279
40.94011752067733
40.65661363391428
40.55846107448633
39.40073804074644
35.60171039976996
31.846856621441958
29.908315312904474
25.250443045981907
21.495350786392304
17.475428153793946
11.71801570234122
9.518296445207017
6.211766610181682
6.091761463381976
5.712215986712368
5.783073102260966
6.8737964923494905
8.147494694957015
9.100646603981183
10.180979671673526
11.023518871481532
10.659346707293404
9.10188971264867
10.630447945838363
8.562284174370763
9.388644287900128
9.272124303954353
11.13535088827338
10.287431339339545
12.625424010582313
13.764775105694824
14.461401107484436
14.450170530430308
15.506714350644035
17.018636637153502
18.051201091479562
20.14949708112016
19.713898463969535
20.21612952168799
19.372624110642107
19.34635122284089
19.024191597550583
18.292459405244713
16.980558891122165
15.619969172105604
15.896158732967969
13.733735196515608
12.313772530687498
11.768718879415642
12.491062441392884
11.670554356222679
14.898198682568722
18.29648455406611
24.729778818674617
28.21643707414281
34.23521365342229
41.49776342855691
46.64479811253032
52.7876790815032
55.35520361189133
55.430967578846335
55.38548336555608
55.93215394917984
56.03945570564224
55.479472629102055
55.62513258106892
55.50155879685453
55.57825013858159
56.934022528642686
57.595127709898456
57.52311196963658
58.743967802936005
58.872112778238574
60.36564559845712
59.98838521987457
61.26991922077248
62.972253096171265
64.55125208795891
66.57539178169166
68.20662409318206
71.10681659116266
73.41062172860097
76.09271756833479
79.59471653049329
80.76061975773617
81.3150499468376
80.69105568273247
80.95259592818803
79.76661538317185
78.50305215157827
78.77445805991736
77.89028217748924
78.63875015828924
77.92732371244993
77.32702601753368
77.72846313482002
76.9690687109514
77.28607219168869
76.61711133837709
78.2749048040265
79.54888358853069
80.50863005218471
81.68175108650405
82.34996917392304
84.6713441377297
86.2044565323563
87.73731727914665
89.61512839307564
90.20787088396744
90.45447354507507
91.09903034729983
90.87747549969511
88.7853004142263
86.90119988981816
85.46072286946666
83.51549067370604
82.48815732189388
80.42660309156396
78.06942542265512
76.04665012538938
75.63571771177357
74.84371782110206
74.56404826679385
76.076534145913
78.78813641378717
81.25996931861413
83.15078710785752
85.92679980132623
89.25108597879783
91.5188033039468
95.27207341825206
94.79786546150665
94.40351615422415
94.53213523998703
95.23321487436945
93.7331631553713
95.42369954221621
94.99531814204556
94.90168677721186
94.8049985196171
95.11445899858592
94.67582927130927
95.01993298066571
95.47483760859299
95.25966981647503
96.16254802133226
96.13386651144423
97.64647148000958
97.09790415725199
100.22707553906265
102.84235529565238
105.59396189488817
107.94123832895792
110.73788780431015
113.1940204972762
114.53437800603844
116.53427044325377
116.05974064562896
115.87171513242409
117.39758410711602
117.22362234792199
117.68101354008783
117.49088857561027
117.80284239542371
119.0210886668147
118.840464007105
120.5773151827126
121.82198371746325
120.80216652037018
122.37375633664004
122.52141252216373
122.97906739107083
125.62324811319232
126.6377525432249
127.83281621925191
129.8112882011265
131.5487682134575
132.89422979657144
135.99429117654813
139.67206022271296
140.39088515799907
140.92271879975482
140.4929939221506
140.14960790624124
139.3772794948827
138.77010733898058
136.4510910415177
137.29195848776624
135.4594484301321
135.74275188822966
135.538964573339
135.0519011504269
135.73457973820686
134.04292255631788
134.50161772112023
134.8188439749019
134.68840584496093
135.2796258417413
135.0875864767173
136.36232145471817
134.81040221586517
136.39774335615866
135.40022842915255
135.49749692502758
136.5369732132552
135.92824496186037
136.05261477458785
134.94836611563474
133.6793993900774
132.53965798587382
131.9193894714251
130.67990070749332
129.27377614146025
128.50046811833425
127.43552530964133
127.52474239222012
127.47149576872319
126.12269134586286
124.97972760937688
122.92834484486114
120.00180670089779
115.47589376834232
111.70726114045172
106.76260826553694
100.93477865759611
94.45487841051963
87.28250479762507
86.92667332744281
86.33588863394941
85.45817450993302
84.85019471988183
83.03076712042572
83.4329940565026
83.00436069561844
82.95008826371938
82.39697123214162
81.46902995552536
80.58450571610018
77.8318012761433
76.86705435963853
76.18334805620132
75.5021570534941
75.36418313142167
76.65379729714842
77.54963752369163
78.18513633221991
79.29020527413068
79.72958920403799
81.87817885332491
82.59431660588973
83.43487355625057
84.63334747729184
85.0666546721538
85.10006475098746
85.0329520067161
84.68632291105885
83.24101291675844
81.32610208914579
78.75182436835875
78.26470346664483
76.61356540782468
75.98181086409105
73.75367616940657
72.99170282601258
73.13637040372198
70.91568650268813
71.94356228525996
70.43297568697643
70.46643594855371
70.1523634341621
70.33145198332653
69.78936758698111
69.67291366907152
69.46264908970727
69.1175858221894
69.09721341624386
68.80611133877845
67.90803059750301
67.72623087437125
66.73040341764671
66.04292600873383
60.427244210660454
57.76162117706757
53.569056064841995
