9
20
a
135.05180803323483
135.2109248754506
134.814043062691
135.53223521043572
134.89902913966378
136.0986096867195
135.02835334659756
129.9041181024489
122.41183754540118
111.98896056902463
104.35488803736514
96.38772551087193
79.6687009783179
68.51290365461226
54.36631591236451
54.24182071727355
54.22486003419279
52.82069842382384
54.30468569319618
53.07550710740677
53.41240255764317
53.4304535263214
53.30206459208526
53.56113308373228
52.21485463677116
50.29687628474935
49.23401682204689
47.17124915515073
46.09198266609308
45.04579231007655
45.246402900943444
44.93789269549804
45.32330436737002
47.01459636932607
47.83789321583218
47.008168002040755
46.745931591998286
48.38534621425301
48.42660933380236
49.103340667697864
49.597816077077454
49.874321670895604
51.1163835636105
48.53706343079898
44.27704898797264
40.27101057934561
35.858989213683756
33.31795714543865
28.046609658272697
24.3761954744901
18.7709650800521
14.007150814198004
9.653772490553553
9.350457848935076
8.689707252342247
13.257620474454054
17.042959472184
24.701443450360642
29.4279704673868
36.017240677373906
40.98660744414158
44.6225330797528
51.175752305898634
55.457947900948405
60.03488211579568
60.455890134295956
59.610268657390336
58.91020882734198
56.52441501127687
54.899592429197504
52.93202082299846
50.15132024059219
50.12568431577577
49.450205777641735
47.45633427154975
46.68887943040042
46.07491088567493
45.77454527554228
45.801708892128325
46.92380763162956
47.676490135623816
50.456726966380806
51.7248598254893
53.50984966867234
53.14237890860638
54.45221246042565
56.739037688898314
56.459627652211466
57.84589402109695
59.178582103619156
59.86084963286851
61.797757819505115
64.78450735747839
67.70309678045204
70.64291727812127
74.17071782154231
78.15653878272256
81.91700884017197
88.77134305301888
92.24362800985429
94.66807271924107
95.58202298056715
96.00974747241052
94.04414115341557
91.39064730512744
88.80416860458159
85.9441422246684
82.63993341972102
82.2167188934774
79.8022856917592
78.33099128417206
76.35099450256028
75.26596704975978
74.45847199996211
75.25580181656616
75.14054105203527
75.43834665104782
77.80633091304995
78.82750191450069
79.77166664812843
80.99244398478137
80.6271049733663
79.95454681538828
80.48384837301789
81.2621406962635
81.36849315485347
82.74962309362701
82.70899830016944
85.65810417643027
93.04868407427816
98.92560203008144
107.52278393988873
114.13750062041841
119.70311679079857
127.25164888413026
131.68229933126145
135.40959877209295
134.98324571863313
136.34759451032187
138.14096325601537
138.33729516949055
140.3649358579704
141.59635895905745
142.89377780049702
144.07123060476454
144.75438259261003
146.02739986376505
147.25795109441668
148.2684605042343
150.56735065738323
152.5892555372668
158.40293688281412
164.86892515585882
182.83756486559716
195.157878651424
210.68210118594322
225.3162610934794
240.1926134914376
262.3519840918088
279.4229514088491
291.15304504360114
294.34204506821163
294.7244512930569
286.20905772734244
275.83971466826654
259.29726642980097
245.82879286562778
231.85382200155777
213.8750974463618
200.06884287069227
187.61052353981873
190.09229103241412
191.99073232115634
192.71206089393576
193.94378765882826
193.42998095682657
193.2183410912407
192.97853380535332
193.56910070976718
193.2940849896843
192.29925093146394
190.09867100774522
188.45442380917936
185.8050557833463
184.9257608024282
182.81458638812725
183.6111951920219
187.3425810097478
194.3894691390926
204.22513542989864
210.8036936502413
219.68073475287727
227.6136246353147
233.46766205693257
240.76019142703413
246.06105140317388
252.09488613996243
253.75929468061392
256.47722751581694
261.09109182218964
264.3879528160957
268.05176048555285
272.680857724781
276.7623865287349
283.91088251403386
292.13546160342986
304.81175861766593
313.96261203815544
320.9864244166066
323.233049284001
323.0250604144771
314.76393766147237
301.8735653080635
282.69834793027184
268.79278342919065
252.79474416636418
239.43285748764347
228.04693748308333
214.04440697768086
201.59488948727326
195.46058875890193
192.42059175924533
190.56788416761557
186.17696281945257
182.09781161147913
178.74380195011898
174.41398790471644
168.88521044404055
162.13476389029444
152.61091712702233
141.23854334274714
132.05915824446168
125.8853013082858
124.85169689059008
124.9771353406911
126.4378812772415
129.56516026792983
133.24614072893348
136.2178182688179
139.44760288821496
140.5781053933211
143.1025999577877
143.1344744074362
144.85713095033134
146.54166519212544
146.5628175936991
147.58943012901932
144.61285020009396
141.53580938279958
135.3926344547658
131.67208742082394
128.2820810049541
123.92500538402993
121.11974850056687
117.19822605231161
113.22315470717554
110.97263618857377
110.27698744644022
109.95715145193195
108.06602404179822
107.10971712885136
106.60383052898145
105.0925900995487
104.27252462126108
101.83851997365723
99.34062739354711
94.8020366388132
91.7943754789767
89.45781590798903
87.75082601581332
89.04360351240143
92.29057621260733
95.5114745359831
101.42003882325467
105.29317578165512
110.55018598336542
115.31690785774738
120.14429696012401
126.66594214995372
127.41650654172598
127.61212740055174
127.84277409354176
127.23381242621828
127.01664845871885
127.79574430546855
128.7827563581743
127.49080913440588
128.53360387074872
