19
1
b
194.96007468500065
195.01694274163896
194.6312523368246
194.18463543328596
195.09339194592079
194.5348922536826
194.63843085937805
191.72305604026877
186.37740943192526
179.37817726916379
175.2308290666417
169.6386251442837
161.9587385183439
156.59621353095835
148.92667110614258
145.55143694976596
142.753069360709
142.04681052343096
141.42730321126626
140.34082580545459
139.19874822654444
138.997547925264
136.97112441542666
135.6137980911024
133.31100439577628
131.12595772546774
129.82870223917993
128.240649391314
125.53903968823458
125.34220623416367
124.37493339767089
122.5073433062167
121.39281094946905
119.20414990776068
118.24071790972482
116.39476904901967
113.80470852061404
111.51855909594725
107.0704672562448
105.17123498709903
102.11798995407915
102.45155784311986
103.41219470083298
103.11061624708783
104.94710506681454
106.26865761625434
107.32460096884999
108.21780784917239
108.8218218337469
109.63093224441154
109.47868676596758
110.30235661706632
109.74731419369347
111.44673041767979
111.67002719691656
111.89752603122557
112.7900965576375
114.38344567455731
114.35834859567744
116.08603521625069
117.54464921662822
118.18767263708644
118.03031290220898
119.54614317174519
120.15015379227802
121.0362248043489
121.61668653365709
122.70627500828425
124.36524264407505
126.99574691720979
130.22514482100019
130.59525202517867
133.08006326925118
134.55131592021846
136.87355761067454
138.01760362114607
140.26114080965536
140.53781112763681
142.36369596645494
145.17751787110907
148.00621876959838
152.85175737626636
155.2665734415006
159.52456512517142
163.9130976741317
166.55896280488835
170.8220696166387
173.26053485855397
177.1298204729483
178.96678411742027
179.35007745673906
183.1497036768604
185.9308653045427
190.02270867963142
194.36381295090794
196.79384657742725
202.80934516079162
206.76697417701712
212.37615411091147
215.01873048546648
220.19049761953062
220.87111992054238
220.77436902286098
223.53895719123148
225.5515518743059
228.13884575859643
229.8420690564372
232.60295372560975
237.57151424579308
241.39760462662412
246.7433510279481
248.71169013122775
249.49046689720845
250.06412410330972
251.4134027868948
251.06156368382318
250.82254443849152
252.29091436553495
252.88112342656794
252.67063125935292
254.1865779364886
255.3013106195744
257.1614851283154
258.77801912723874
259.1740104842772
260.06756186565144
259.5252214447119
259.4348405786794
258.14336328140894
256.84331463566315
256.4612676292294
255.64694007711785
254.35986587306073
252.58691639136782
251.9257103559592
251.72629925679732
250.17880952431676
249.38155497192847
250.3936755278258
250.4221112371418
253.255020840629
256.22123624907937
257.8863341386422
260.25796614689284
262.31163713505066
263.7096547545754
266.4841281119806
268.87930223311525
270.1343485816292
270.67577276159733
270.0563830981712
270.54743718839745
269.46390998451653
268.69047029689546
268.3072021951365
267.01002185540926
268.0509809610657
267.35575176100866
266.9754670069692
268.1381723630099
268.27219865248526
267.9485361234165
268.5730544547134
267.75937620024774
267.8425962439432
266.71021341899024
265.73844109168857
265.06091552947805
263.9113855595365
264.3639056452355
263.08940051128593
263.5257746773987
263.0786809236908
262.40304228435645
263.7482186349992
261.7016799635955
260.5526845302722
259.93558977260767
258.8113302788815
257.5082207467952
255.84769830318757
254.66300608120537
253.204978263483
252.11412037973486
251.17522054529834
251.13628200576673
251.41853001674917
250.94873137465143
250.60868526711207
250.62087787144574
250.63886690657532
249.9176087943142
250.20026610763506
249.59982543345993
248.12350597793366
247.27884198218712
247.55679656563916
247.85641711259288
247.2829889118073
246.59482529797344
245.50100812781298
246.47833820883403
245.9544672086974
244.521329701004
243.96800319231016
243.52316409482458
242.9029105864597
241.58437996718786
241.1710847251281
240.67568218831445
241.43799953695026
241.0851771470517
241.47158851514558
244.01764920515222
243.60100261304837
243.91089813427487
245.2244589701086
246.159047910013
246.5915231690795
248.0200711271413
248.28280245560157
248.2058405474201
246.95758545405562
247.7914099080207
248.03786171005953
247.1321422600591
247.94012738628965
248.51078122020786
248.0035373801725
246.36107460530354
246.35870668670884
245.76704531667767
245.60959578633876
244.52861748576098
246.38323105920858
246.72340304637402
248.50383877273626
252.53013835304043
253.99291518942766
258.0446103166301
261.00948942609847
264.6902288420713
267.9502763964729
268.5477896091676
269.0666951250914
269.43075446222105
270.0191555598706
270.29802124068317
270.16757778346386
269.6659436422739
269.94402334599494
270.4974077106371
270.6867536151536
271.18206933274814
272.17922541956096
273.5615616152205
274.9642667717537
274.0625282398254
275.03924944762866
273.96956604362975
273.99640034815957
271.32727621357276
270.0379267600741
266.6995098338704
267.5033818307065
265.7252940145074
265.56838454235896
264.2427785227361
264.51526882159567
263.21734622547467
262.5675036352009
260.81456013895286
258.82802624359965
254.83479900555358
251.11064865412897
247.32156219078098
245.01928278446297
240.32513773211477
238.09202579197833
235.30486475608146
233.22309190814605
230.71521054995353
229.89783171545568
225.0627276883481
223.49777906354052
219.0174816335963
217.1021192318753
212.77804975864169
