21
11
b
94.86823303531874
95.17731528691834
95.50630865836415
95.05823118737479
96.32927585328365
95.68403190214637
94.11256652966254
90.4787985259396
84.06979792398792
73.06913600045307
65.63534818081722
57.95378025943952
49.031182216613054
41.68879683428958
30.216413556991974
19.741803247780364
12.77496621733252
12.24797730350446
11.856351704924952
13.413232442673547
15.487956186832532
17.82033320439233
20.92880961352558
24.997584934357356
24.68506598294777
23.61860840004412
23.0334984401234
22.41528641989119
22.528374844057463
22.217228760143744
22.684576863648736
24.185437125518888
25.99371682013028
28.583370444813806
31.27117594019514
33.33367615671595
35.52982082545389
38.63161954615953
40.91970313944192
44.55107424344297
46.673110464153574
45.8954360808984
46.550963984505515
46.1393691622305
43.08082562450758
42.71643811438894
41.03445868652449
38.69192966725824
38.94609172975381
36.059448886166365
32.78695763506986
29.70955566028687
28.26996039297774
28.206367186059786
26.809657210273727
34.01315604985256
42.97617577532988
57.2298992661992
68.05073908128595
78.30390625868212
95.94847238663819
108.38197226077813
124.54511462032892
125.51996602294894
127.26483725943828
128.02907379263053
127.9122844379332
129.4388224942488
129.4039845158979
129.86699344715134
129.36587955819485
129.96862249463652
132.11362873001676
133.7668353912277
134.0735113411693
135.43800753154918
137.33017823574764
138.7127831479498
139.86780678325977
142.96937340179934
146.1772588444259
151.23578030861424
154.9067809447869
159.9588480891886
165.48389456869353
171.13374425259485
178.285491003789
184.0622670281297
188.50036291311773
188.92457056366652
188.9488048668163
188.497851430658
187.1439829877676
185.17945816903267
183.9354355006973
182.23287712314854
181.43838906639692
181.03821098595787
180.21817932217658
179.5513350051192
179.84069736788578
178.89238840297227
179.83646436085883
181.28881622172676
182.33830747026593
187.68603178442504
190.66456063440384
193.3324262651239
196.29806486895922
200.63637377806506
205.23707154088066
208.89333242023235
211.55760862887783
212.0314680076373
211.92694164662487
209.74735302986838
206.9263450555685
201.30554590223596
198.48926838550653
193.69084767136292
190.7176616417222
186.4517445799723
182.22861240198213
177.67365522323044
173.790329225393
174.56894784155295
173.56540153169124
176.4541012001659
181.51554932195862
187.87068478980154
193.02735400117407
199.34886482180036
206.76895518792065
212.53784675737066
220.82846594878302
220.42885460046188
220.3497981657552
220.3627472886011
221.12686729115077
220.9285234670237
222.10877695325703
220.61093815056677
221.13637522521935
221.20043757131873
221.05051610929812
221.57204351725
222.06271383119426
221.8759490736743
222.15225709080352
222.90739945049341
223.42844254739438
225.64877954305487
226.57502497331066
233.92389890253526
237.34980578331417
245.59892339860872
251.53437994894057
256.9629248763192
264.11617801799133
267.9595357134896
269.23186069143094
270.45321823113613
271.1139487867223
271.5712839489624
272.20823928340724
272.9818223596181
274.898111225816
274.6362468239708
276.37295085770603
277.96619823286835
279.8444937128828
280.72423995588497
282.80676936891285
283.29856812983127
284.6453241174956
288.8546115924528
291.0646734793367
295.4278964865229
298.4436789829247
302.39369971909
307.6569893599961
311.6350700577829
318.18965691161833
322.60706931809267
326.63452722187554
328.0343013876572
327.28009656062227
326.2852766296066
324.926315278979
322.303714000534
320.10837446008287
317.3611932582674
316.89354476490394
317.3383037527995
314.72720792260577
314.45294760410746
313.2925880064771
313.8006430568762
314.83904777491995
313.9583754917185
313.34267652813446
313.9907473406562
315.1093081827237
314.5730618690749
313.68994350840836
315.44044011158337
315.2373576515302
316.035760584807
317.37850945583085
318.23211827980066
317.1732408142152
315.0831502186174
312.6768241007506
308.70580075536543
306.71702540880045
302.36585995093617
301.09785611654075
299.2968013705605
298.0177047871966
296.4932302161146
294.5094293836854
293.1779932329735
292.64146849062445
286.47101562509755
280.2584020949741
268.71431003840166
259.5563101584994
248.3474129028381
232.088128502433
221.25550982272125
205.75565314551554
200.96927837782425
198.5534093317545
198.14618285932178
197.72815097132147
196.6188973462954
195.69598524984158
194.88486491044458
194.09132603190997
193.57432675367156
189.17165428421865
188.08313713085622
182.93373478484193
179.57593588198878
177.42657627610032
176.03980968923992
176.8738490258315
176.65431382529272
179.9487584518315
182.71729416076585
185.31386486092435
188.00905415199503
189.34517992994986
191.2045196504858
194.05465327979783
195.2929003776906
197.86118622966467
198.8880530098952
197.63088325514465
196.13353703572588
191.96484215547383
188.22264083689797
186.41661263018392
181.43563241509867
178.55509666625275
174.86926328494437
171.44876053263425
168.50083529799534
167.8094389181275
167.36042352202804
166.30622887671677
165.44323999013915
165.43044010798747
164.6594920661609
164.128611917549
163.15546413489454
163.0228251277963
162.20797582361428
162.74368608618698
161.04693788453727
159.97696198414158
159.87664045497266
158.42725700877227
154.68204183986492
150.91950959575402
141.84386074677744
133.20860558157807
123.85488308021687
