11
5
a
6.457988890552841
6.69344093391671
7.0279741955113675
6.5786754114916794
6.469054942568091
5.864655999825674
5.915882509763585
6.919774986450582
5.3692245052265815
4.908921625943298
4.797389360965052
2.879127803426381
2.4770796270029014
1.4520455052887236
0.0
0.38595702869110726
0.0
0.7045487180500998
0.027577562454614308
0.5176067639912386
0.9313227761035142
5.177622748849161
5.792138277389274
9.417408179904053
12.129166369543922
13.628271700459527
17.8524470041609
21.5385927345012
24.23336749772206
23.727618148275916
23.51131047457075
22.94385100545487
20.187732132971025
16.611577468710852
12.873501674165153
9.656138672933082
6.415569961990581
4.739748484278542
1.011934122072398
0.0
0.6818584064921444
0.258836870773539
0.0
0.5917049639056895
0.2682593492600347
1.0141170583544015
0.31646361281865293
1.313400408998508
1.9565048529978988
2.0193545556377024
2.3726125993310725
2.565904712705346
1.5761612578566613
2.804183098079038
2.8040330428929914
3.665770788733443
4.752284508337007
7.528654944180895
10.501976678454557
12.334030398102229
13.793979655753315
15.762228530534308
15.679324760493829
17.85877154865705
18.949104919040764
20.096605013907578
21.68117235668365
25.669189331222608
30.17002093857715
37.930131524753065
44.05253329787177
50.34134937724751
57.81048271603572
64.68973702860269
77.02256785560726
85.48966439672219
92.86692429843924
94.45556488768311
94.47649732964379
89.38120138040071
80.00319120457823
67.58285161481764
59.436299743465305
48.66558754204549
40.72295598581283
33.35556321535728
23.205751344387505
14.38751231128597
8.731757374234071
6.985136898465965
6.658681205667528
8.881473618969514
12.74230703850287
19.170985334137818
22.68838889165161
27.4448495266141
29.515777337988926
30.87599776330466
32.99570074709123
34.85109647070937
37.81531176286032
37.044220572412705
36.982258621752536
37.2582357447287
36.534517864804876
35.351935333428635
35.91002993041389
34.29992105757388
35.11271753636183
31.857398860139835
29.801965543415825
28.023316882123396
26.49767126626432
25.007857918003037
24.659937059575473
33.00390666730875
43.503741855461456
58.25296820678569
68.14555224680767
81.84431263920195
97.87141973002707
109.90014583676074
125.93457607449795
132.72170198109848
137.0981992672893
138.35025930102967
139.14417843650918
141.29755612211846
142.52226138410924
143.5085105566512
144.47476257721587
146.50224888594283
151.6057565630824
155.43446594961804
163.88611969259114
168.57201656140995
174.6080057084993
175.58839002477924
175.71848818544058
171.00725090131328
163.7412316660322
151.63749130613294
144.32738826344962
135.55659351151124
126.7136265746694
120.22392614652753
112.06720646667311
105.67870395077512
102.81735534471245
102.3761361173688
99.40368077841123
98.81813890546427
97.65156589675152
96.50107224615097
93.70926170829254
93.53580571547509
87.85680112212054
87.02936926441132
82.26823886190802
78.41942914403906
76.06985738881865
75.71125247255186
75.33247571396764
74.52599055056605
73.05183621122664
72.6007406021156
70.7090909309602
69.11602561344039
65.76051003454958
63.39484473075101
59.54725375852403
55.49436031596979
52.93474943973787
52.475770299429946
51.84699858100959
55.733608279156186
61.367388757879255
70.29585045699199
76.13139762888208
83.03586791907549
89.20941596671675
96.4610600954022
106.42134354803048
115.48480687260431
120.51525098955325
123.80351240170623
122.53553598117183
115.49476769790905
106.41906868073403
92.17300330884129
81.40751461661787
69.49889148002994
60.61288477543685
50.343599829955075
35.23127028883015
24.689595300103417
16.39015312457979
15.783327384511196
15.735786032841114
18.525629557598755
24.994013446530598
34.189669178153416
40.9414359564582
47.52182393006136
53.816449934138994
58.204687855873075
64.66855555698253
69.35849139978166
74.39695030871434
72.93409489876389
74.83514235910978
72.3670436157704
68.22831365992124
60.29871647620363
57.834237131368944
51.61495332983903
48.50524837708367
43.32141437578443
36.42138617718052
30.216510828531007
25.614638785023715
23.265517264142954
23.82902639304077
30.74145170051131
41.79672162270971
59.221731823376054
70.90248299329465
85.17912553313262
99.00000015662035
109.51252595448562
126.73622532759573
140.50933892767486
149.70561505123504
152.19179848038473
151.17347578425395
146.77652584799853
141.3532399800833
132.21990410295558
124.95925218957555
117.28499499799695
113.33642732175359
111.47178462619422
110.4811590261715
107.47040880954742
104.90258675812679
102.90480722751765
101.15552252929145
94.67006114341135
88.26325258680677
76.13758942266946
68.16022974583947
58.438455644362925
47.907668450313196
37.49693111874568
22.343802293932974
10.264672342811052
2.7113066695981125
1.9112620753380538
0.7725513663630571
2.809054003795966
5.698344130624923
9.335798905256038
13.340340443753316
16.160196548758623
15.26231460890954
15.970133855882628
15.932192661071896
15.44274554529883
15.896143465971669
14.987196179530175
15.231520158508726
15.995237647351955
15.772016929992684
16.649994688300858
17.156366086706267
16.941749616227252
18.776559004268126
18.08667751275406
19.180442632882322
20.091375095425345
20.440981000596512
21.093328437079858
20.65617955729232
19.2752575820048
18.09234527032921
16.161536318127776
14.654827985379864
12.089789428418987
