7
11
d
76.18029557975981
75.96828380023562
76.67023793587862
75.99780668763844
75.85026283249718
76.75111593302584
75.65083895102833
72.63297493387229
68.4740237770342
62.73068606482852
57.2395490748394
51.35853656278007
42.57785944487747
35.58669809168073
27.35026239408034
27.611332696602915
26.383318184355613
25.570123420690642
25.548276729470036
24.859575884735033
24.818081476574896
25.289849161406508
24.24231448257518
24.881430287200285
23.904436344529962
21.529996148795977
19.85888866209344
19.264175274672798
16.487156811143908
17.91641597878744
17.558320793509864
17.943991074769905
19.195422549561385
19.803935634016035
21.169540698462505
23.130740784097483
22.298998288024276
22.640786652556194
23.022508154956807
23.194909663585214
23.531835288988894
23.809517646503977
24.521436734932188
25.034323054564638
26.570120800739744
28.71242306990298
29.764338642052998
31.585312577527898
32.32352029827692
34.35508012575484
34.93045526905397
35.38298049479618
37.817483157252546
39.061523316194105
38.648772347047434
42.1984315331067
45.67476169359357
49.9070807044956
53.91695834670401
58.985544068930736
64.9437690918915
70.90348278085689
77.85535705275323
80.28539218839691
81.57280706356023
81.95823277742963
81.9680306186431
83.41834471831125
84.2800708859756
83.57922982042062
86.04702625124894
85.93348678828951
87.41361279929191
87.2457235377536
89.09393996300447
90.72750473065025
91.3704608457937
92.74103698485101
93.6971301979979
96.16092226100405
98.94566805585343
104.30939230778483
107.36669101300481
113.15935856359036
122.09300552333418
128.9190543095951
135.94296383785036
136.23070301668716
134.64399567834354
134.31947500773217
134.73094998542896
134.81884541115525
133.80920767586267
134.61323328046748
134.55748235674986
134.45513027298307
134.41690173765133
135.36764384175433
134.9054607570562
135.31112486445133
135.0660812226026
137.12349351472454
136.40561160818368
138.1773055241169
139.2140050285357
142.30128369921658
145.32415890885528
146.99939602323897
149.63189534966867
151.93362163917553
155.2315518657178
157.21453407651373
160.699470527464
160.86038500633177
161.22338017492515
160.669462320559
158.75813691391377
156.54458616252973
155.88674240805102
155.22299791645713
153.19009523282557
154.07634325657577
153.1619941599272
151.54605940861532
152.59853045452434
151.6301579758751
152.2538470893154
150.34769712043624
149.6739304311163
149.1839612430485
149.22627788044275
147.31817317606678
146.13436748474717
143.01485357721563
142.696122332518
139.75010909845957
138.29430724488128
137.04199648862325
138.86794626394126
139.6427981362603
143.68604767077824
146.96218050450267
151.04756039278277
154.4951045731635
155.8312525455719
157.9838386626632
160.27446232972164
162.93455958247262
165.0626331836366
166.05258995030053
166.77890843874528
171.91464839788298
175.9838511265454
180.17768622575647
183.13776319069763
189.9013189078019
194.09702736517187
198.9090814450642
207.2196809988777
213.6489923524802
218.3229555352834
218.76951098234522
219.12265562911233
217.43757489577843
215.03904910959798
212.95486416190263
210.60984338850528
208.39723015757107
207.01051197032606
207.12402071666
206.2253250470245
205.21321524769735
205.5339979536236
204.31471328360246
203.7952127092863
206.28216421188543
206.24480278841685
207.16701889090263
207.67864124755064
207.4136282463911
208.21906292715616
210.01427938436586
211.19491150943298
211.2277198487682
211.7234302109111
211.26361042405145
212.08489817320205
211.34960201301976
210.899984528725
211.14416635872814
208.60572159006003
207.27332348078053
207.80555891576444
205.52424037259232
204.31602904054938
202.34205545269484
200.82986109507937
201.3553030292796
200.7587539391556
203.74582311712766
208.4018689174709
215.3661314248099
220.1372153790848
225.51405071228788
230.9987067332406
236.22661899778916
247.32612825313933
252.63018884895706
258.72932196183467
260.0180792828074
260.58731629165453
253.08432460783172
241.86557543238592
225.9106264488515
214.54458659958112
200.86707363100578
177.32603866759572
160.13016043366525
146.02686640017222
148.65399713683811
151.76197094547132
152.30535129016693
153.69102853515912
153.15963916292498
154.42581501640288
153.43005030480347
153.13710009208654
154.49829458343385
153.89190153307376
153.3843859839461
153.44933072717882
153.71386642231164
152.59265141954162
151.86535133421765
153.294607912241
150.9513343097348
149.68255983498116
147.29996410460066
146.2678047742408
142.57325552136382
138.78531465705387
136.03432790342524
131.6183045526963
131.25903736771687
130.3516893213424
130.78176094649876
129.69926499634465
130.65043600485538
130.48732549225358
130.83975440913335
130.10939124819154
130.50815356866465
129.0004581516091
128.6674356641505
128.6181272865541
129.15490644578279
128.16140767181057
128.32358207794562
128.5141384184564
127.2829283242189
126.22664050525614
123.12449340384472
120.07758729471746
118.44254599331839
114.94184263894786
113.00186732152807
111.52600423817036
109.29564285392573
108.18322478513139
106.6377946067061
106.2210285992076
103.65599910345995
102.18000446931032
100.66784756395268
99.43601656858145
97.52622159081928
94.48583602484025
94.28498806722777
90.13781644121585
88.89484931490598
87.77995487691986
86.39597335530587
86.38281142589896
84.8539005703553
83.889856972466
83.73622220982668
81.7441497500945
81.23629457273202
