2
4
a
155.33856520616195
156.22010926939282
155.79677724547153
155.80179586006483
155.39170832971683
155.44901763318242
155.26166363143045
148.75343936500528
140.8268641295051
128.6411407430172
120.90519612369869
109.41747169446117
91.18169646718921
77.34965495972125
61.904815547036016
63.56997464580964
63.16614048629865
62.91801889163672
62.20859497639665
61.01097624833092
61.663859562096256
60.755447147375754
61.81111275079422
60.91030589364322
58.79729848555986
59.730890031502206
55.9984795996637
54.07617032391667
51.914458306975256
51.509366927383056
52.59086500745481
52.50874402042552
53.4855307241249
54.06474744069226
54.74033940208342
55.75646894943358
54.61109236404165
56.545249255448084
56.33529980370771
57.44155487245347
57.67946917246572
58.25517024440464
59.07380782715335
56.08446963358373
51.835687528346
46.2817617115424
42.228903519984954
38.20487737931311
32.94241200476302
28.685961923014073
21.557775554159242
15.682063832179058
11.726891251378419
9.891285311607025
10.027196057046583
14.740143067561469
19.831346640515942
28.185535476649196
34.31346270860811
41.114002998560935
45.892887509015296
51.14869351107097
59.351442618370804
64.52924850717937
68.38452560389003
69.64918119949785
69.23725280682677
68.02747905701801
66.08008154661061
61.93944675910002
60.59925631007818
58.40624935133429
57.81536930334241
55.761488174258446
54.06249540154552
53.138174734407784
51.7710346093481
51.93978457119452
51.888206670227746
53.44491325405247
54.78320654997931
57.77734567983552
59.92748534135253
62.861247652586556
62.34174199100362
63.83734770689666
65.1265203834813
64.83278349296495
66.67688611387763
68.58510217860338
68.51742162344601
71.16052770592749
73.17777325992138
78.46755683387231
80.52269349993229
86.76518464384976
89.35076450764687
94.20308461591353
100.23149274734466
105.36055805586014
109.3975891830866
109.81729170082698
110.36447152540896
107.94820594350428
106.60616477404848
102.54640569277512
98.8739945053245
96.23858469812042
94.66019306323118
92.55181419553817
89.42498243667563
87.1965548912464
86.97746845832837
86.47634822483465
85.76900124493123
86.3128110243752
88.25627880905375
90.29697752883436
91.24298789879805
92.5613920992218
93.32433495142473
92.74969077579705
92.59359170879421
92.36673523541205
93.67903609019109
93.72175004275408
94.87111430508898
96.65311248842082
98.70610476660718
106.47495727837222
115.22161411170761
123.27175140212655
132.73186410580757
137.56686185431946
146.54978428220397
151.28384456861622
154.3148160497329
156.2885663693654
157.0336551462022
158.44353406731545
160.85314272424608
160.5669809849278
163.5076593159192
163.2536972579148
166.17132793389598
167.492024019955
168.90551233376303
168.50069094169726
170.45125259943808
173.40390183175322
175.57489044276326
182.80252782505005
189.67799928395488
209.24818396762612
224.0524800726084
243.54726831088442
259.64880746051006
277.29945652873266
302.38653911785946
320.9060515762064
335.70509384790336
339.6634230742827
338.5074038244328
330.57036220354036
316.6903281529055
297.8506645349286
283.4336965281476
266.97582807287273
245.86693582636687
230.11816763170233
216.73651928858052
218.22495160869482
221.30362926962366
220.36433411653118
222.00014709883268
222.31684188084753
221.41224781415204
222.7939320388551
221.41352425497092
222.5571764756837
222.85719713552405
219.0458961064253
216.54205365895004
213.9889687166977
212.2381872588264
212.0781715948633
211.59165213145607
215.67100409947224
224.0802184279554
235.83024618791072
243.64928923859384
254.621425022588
262.7913376085407
269.1130556255586
277.08700700020455
283.41262192617666
290.15696804364086
293.2836436542667
295.7929590588499
299.9337230670951
304.4341556023016
309.80008564274755
312.8700164706145
318.0902501257227
326.4769552036962
335.34248239370964
350.2043948608206
360.24849267889175
368.77506008339014
371.73046739980896
371.6000835060655
361.7670570280621
346.1818997448031
324.89686667665256
309.80514569477043
291.7164270297398
275.610764328081
263.199870826097
246.44864380334468
234.46303102404124
225.3669728973378
222.09335441959308
218.71242744895832
214.2371054940393
210.7366845198963
205.49037461905073
200.17072542427962
195.4761646780487
185.83374866925251
176.3757111172792
163.27524418608527
152.6338876387424
145.32001743778795
144.3086634496693
142.81819618909924
145.20526597719288
148.66507155748434
154.0391807043301
158.02388709006885
160.66722558529335
162.25047706195053
164.23567381075318
165.03055721891982
166.9687563093916
169.15747094438683
169.49815096350306
169.3823563048369
166.92734788301598
161.9494356975002
155.94617443128328
151.54448499613005
147.45269042231308
142.1367070254903
140.39643672015018
133.74883014656774
129.72268773882257
128.65979139128638
125.95394691460704
125.78306255883251
124.90875869774332
123.8191134858719
122.31029781678781
120.99103756623056
120.19792693700863
117.29721436973762
115.23411588527601
110.11926752810818
106.47343314572302
103.40378512048086
103.48121348402572
102.52344681329917
105.55296810481984
110.02157201845174
116.07417883400215
121.59898791006182
127.3253895061607
133.76541550037246
139.1657967327227
146.1719563593226
146.1962842272922
146.09396861461246
146.5413092296222
146.6509858906107
146.59405964402703
147.17700436077433
147.95645648479604
147.18143502143127
147.9696642761171
