25
18
a
252.4293608337412
252.86739958033854
253.38130436939196
252.7864151335828
253.05423453911666
252.65401295471506
252.4332017378024
247.5740482099691
241.98360733266642
233.17934410268595
226.9697420227213
219.94054802904245
209.08823292937464
203.19590692363954
193.71271061084425
188.76276657711344
185.22840342166023
184.38409741155934
184.0456441450905
181.68692527230226
180.9320960054481
179.96238512347372
178.85316184595789
176.63559347820382
173.76035506635822
170.82337954225687
167.54394277406067
165.49882062524193
163.03887025036101
160.64296704978017
161.5470004464783
159.53789527874125
156.96852022383868
154.7908338105306
153.08778609809633
150.70827459551515
146.43897343698399
143.62641818477675
138.97840741832007
136.1834774247152
132.80784490315799
131.8246342567973
131.5176634724015
134.17693759928997
135.30212068948856
137.76905166443566
138.54196164904448
140.9585132758648
141.34527676634775
141.9300324897248
142.3556480050545
142.74944414624366
143.76016275015942
143.92739003938433
144.71997912340177
145.94597243663748
146.7556786733892
147.96158879660968
148.91390242254283
150.40441389194146
152.32287487293416
153.07188797246758
153.23530714589688
154.64782197967406
156.51594733819041
156.70116353293994
157.23961578742055
159.8448400614295
162.14784301899692
164.72420101862195
167.24081075704376
170.84922180563177
173.38195400330457
175.47278172534683
177.46032084649661
179.09807152619575
181.40991519510055
183.05506962164762
184.7514829823849
188.8423311388173
192.22127908874657
196.66651163860993
201.2388284890903
206.02150149871804
211.74695560113514
214.88656690032667
220.8633646259082
225.63750654972637
229.45265949904933
231.73843368968576
234.10858692978695
238.17068592508338
242.19980415104735
246.53296929673516
250.83836013919202
255.2157573581257
262.7076995313853
267.3808995814137
274.5521297159771
278.47530495340203
284.3966499927066
286.05578904426056
287.4201591458714
291.0702795878972
293.0065243846675
295.9262792997991
298.1206748006714
301.66067336103106
308.8575168353688
312.52981278391275
320.2984613224936
322.4761809748371
324.26330706213975
325.1958354890305
325.3759683985181
325.59767848008687
326.0606514771057
325.9916237868682
326.9766163136156
327.905587317434
329.43124928475737
331.0569399141101
334.007559199996
334.2341386180378
336.82199710555216
337.4824949577822
336.97887646158813
335.7582506934813
334.79009557720906
333.7623834171979
332.32247688359865
330.58997398230343
329.90203201278786
327.8743264568868
327.17168205978345
325.83878593532273
324.88928331155427
324.8182081537165
324.692959072967
326.48630620912735
328.71071796789266
331.3862207409314
334.1039054868113
336.6053769412078
340.3521775686127
342.56548021897066
345.68432086992823
348.0562853699677
351.04669781881813
350.6298507441165
351.083551737303
349.88166894733985
349.1102651484343
349.010585900855
347.4362791980332
346.68559916011316
347.0225771413866
347.1614526787786
346.46229202098175
348.11145222445225
348.4225785109108
347.8154506528306
347.6244549600686
348.0814278683994
347.08888607129796
346.2824197015632
344.29170427272413
343.907227075273
342.31510541102836
342.40372352223324
342.38199640272813
341.0444007749027
341.47998200250976
340.7166521871871
340.8122377488508
339.8180293893658
338.34336616123767
336.7540775386696
336.0081660776124
333.4997213768373
331.68075380595417
331.19431056793195
328.9199026788063
328.08583236843936
325.6620784360117
326.27031867059793
325.89000373438427
325.72086316490964
325.6216201045325
324.6724764885747
324.75911648938546
323.5201884259725
323.5163995105299
323.5069919655237
322.51054465320533
320.58294188878295
321.60621626057167
319.90712743780443
319.57011890429953
319.9304069257484
320.07419114981485
318.22336947324277
318.44959018457786
317.62795852923006
315.89676778000666
315.43995205815355
314.6934472772718
312.7622084293
312.1541389035363
312.27698157058893
312.86062216876917
313.0488750740502
313.5961495353172
315.0511996768405
317.0204153241215
317.3920775176067
318.36533420250805
319.9804889842455
320.79256852320543
320.9884031802083
321.84551508527665
321.4488384282612
322.0015128666349
322.8184284910376
321.75472506797183
321.1118421828027
321.1300838970928
321.78589670861464
319.562534037452
320.3984477111178
320.65065226190455
318.7012144010048
318.83798055458294
319.39375821855293
318.504754634367
320.82860970086637
323.17936344435526
327.5037474659204
329.1650310576575
333.6902135009335
338.69857989149205
342.0223490129996
347.46810261896337
348.0611001112616
349.6089817068648
349.5323530335172
349.5093990230954
349.5136185370894
349.54633689446064
349.7155585484977
351.11210394462654
350.5464555025996
350.8770824756519
352.3163345793002
353.40391701620507
354.9967363559146
355.4681179294031
355.75474434489246
355.7945319725018
354.9975622008865
354.27617430465614
351.81489489234235
348.8167681465856
347.1302534194127
346.4431819613794
345.38984424904334
345.0409376535232
343.7136981429644
342.1957703195741
341.5837414313059
340.74606109324935
338.3164278741297
334.70180731016006
329.4268391752079
325.9379083012199
321.6527416141383
316.0422501141925
312.23678730728574
310.2250748142602
305.8611755210409
301.98120071669575
299.0544822541943
297.144588667271
293.86960424190676
289.0104307793991
284.3588793099078
280.0055250597942
275.1052672966056
