22
26
b
274.952385284219
273.4127295009708
275.36419230109675
273.79135840556916
272.8830945589395
273.75854625240936
272.9329336151802
269.2040444855394
262.1992136609179
252.04466542103623
246.5365753264181
238.90588231595137
227.6771495502025
219.88117929989738
208.5239823324795
203.37004906210936
201.4411657462809
199.5330064445067
198.54401064346533
197.26154412110893
195.72039151028042
195.6603376747986
193.35571055189686
191.20077639520923
188.69151304138973
185.70518967076703
182.66376450500576
179.60416997660022
177.65293469569352
175.1231811535165
174.89162970088316
171.86241967315755
170.19424129695207
168.72124152859914
166.4081676992492
162.78259189606007
160.60976458868444
156.29943767048374
150.966267732984
147.9687625499309
144.66347435154466
143.44006381708817
144.38503772230305
145.26669575046327
146.0243502446588
148.84968209245937
150.51395036046299
152.40301144753573
153.3910762419527
153.44002457962134
154.82473260070088
154.44548406355568
155.37849812402064
156.4486404086414
156.6203398022767
157.57470996110104
157.5574429120024
160.67748117866373
162.5913872689327
163.78754085611212
165.07782994999198
165.69733858882833
167.45967402157186
168.17765007378762
169.23813247540127
169.61573135044566
172.32237632351985
173.19487708506185
176.59546487427443
179.28449577280347
180.46615344503812
184.47264368921614
187.26286073159187
189.6023749505086
191.38265398767814
194.68136967608757
197.64000597967396
198.02678810724214
200.57442531317886
204.407150179754
209.85057084550422
214.47497585458436
219.07205025028586
222.72187674469
228.84981285067977
233.3782199680032
239.92641298250985
244.31454472842833
248.4308148440881
251.0117253573052
252.96509743887958
258.1171350572921
263.2028458890204
267.07900952822223
271.68427921252857
277.1494181898527
285.1223515064883
290.00913910389994
297.2966884817739
302.87373104824786
308.97792628821577
310.30511057731326
311.7008946101533
314.6707357499374
317.86964463928774
320.0882212563245
323.7803799778904
326.07505861211195
333.2418745822341
339.0331790790871
347.6741404902479
349.1774444895012
351.59485954457557
351.2695752853175
352.7949377786051
354.06753465877784
354.09220236080586
354.0880319240685
354.8549749674991
354.44790863384367
356.9715275338317
358.645606995393
362.2189284475957
362.9474686514135
365.3269655587095
365.02365141003014
365.54730164811923
364.7154826440916
363.8921824535116
361.16405542396745
360.1744770664257
358.13223238432687
357.7746790415566
356.2101983984673
354.70898029016007
353.34447777617004
352.04067890084957
351.5363152433404
350.6547853894097
353.1723248294829
355.4992744129238
360.07319927283294
363.73555485527095
364.99504890863585
367.0503332424079
370.85656287329596
375.052782617619
377.1227380231356
379.269665026317
380.6481044157793
380.38249641412835
379.36730436612504
378.94683845994166
376.722239113672
376.3524820422994
376.74413320350715
376.08572360981
376.732064652194
376.64406474944394
377.4270150348363
376.6530130542825
376.8414787857886
376.90860655601955
376.45165598214413
375.9484319319311
374.66891026515225
373.4902022225388
372.58340959792156
372.4837860342448
370.658623052041
370.6664731477632
370.5286416587545
369.4922036124044
369.9046697774097
369.3190786580575
367.5673966987296
366.58801972383736
364.8215976155411
362.92560194047894
361.8463075221697
359.906112248282
358.24143400718873
355.852963327529
354.73636378389233
353.31393305752255
353.75192186886073
354.0841525608742
353.3908246422834
352.7375778077381
352.2723231673623
351.1628097412103
351.1576498861476
351.3460887965434
350.1436451944643
349.13405358595804
348.3316682242424
346.98555123813566
348.17110739743293
346.46317542867854
346.1632801475107
345.23380795915193
346.3399251925671
344.94290884933
343.0285634024877
344.3444437244166
342.3292133971281
341.1218108872206
339.4245194863692
338.8927770336744
339.6730226893237
338.5972161082762
339.45784146076903
341.20356862730927
342.0644632019689
343.032866864566
343.665749718948
344.91211790447244
345.28326822625843
348.2955109073447
348.0673695037103
348.2095858406102
348.88512226253147
349.4468756884043
349.1803521302795
348.7644616557069
349.6185302065984
347.50250852666613
348.80599841397446
347.6564860945169
347.56221185413983
345.826990149314
346.57398401127847
345.7432994551815
345.0804199381363
345.03718012709436
347.66203210368144
349.6181133900079
354.2707526161705
357.98130281111565
361.0393782060599
368.1033862143515
371.63431059950335
377.37539111047164
377.7773820150913
377.94338582377037
378.6239135443195
380.39356673330394
379.05475199195905
379.7922285314901
379.8370854183923
379.5470696408009
380.3222950665494
381.0606350875473
382.0863678499617
384.09729962422216
384.51284311517935
386.3332527138753
385.9546576233254
386.1037641472302
384.699657674072
381.6760755177336
381.0032207460974
378.7686939454841
377.02977142057694
375.8812463465187
374.1248536079853
373.1121007443396
371.9100293420846
372.3297322057625
369.87967722575655
369.22468766006716
366.45312270495367
363.7282971103227
357.1465331815507
353.2058680496674
347.3854101268205
343.09274874054245
339.1756042428993
334.9149074359714
330.75357037086303
326.6587430036015
324.64969431700695
322.28251429540273
318.24159034668895
313.26247496104156
308.16725825158966
303.5836166863214
297.92143924020417
