2
18
b
59.517836750957706
59.63025133761634
59.46513858694134
59.87325279023245
60.325569959358845
59.485672622026335
60.024605985853306
59.69707043529159
59.05843360607218
58.99898714535183
57.04850864260945
56.153125685854334
54.805146018470076
53.9521975730006
52.56218465745579
51.590079516568196
51.76305136461678
50.27117700657574
50.413387468432795
51.62048062943133
53.599314548277626
54.32506141347985
56.065465532188284
55.8683874214625
57.27647515817521
58.37234247877968
60.91008814800848
62.14973325634927
63.248244923550416
63.53369928944202
63.56174232286165
61.72427212005959
57.15453010875222
51.907589625249436
47.73913441857307
42.23532082661516
39.93359328722808
34.43127311685746
28.07769537653464
24.061995656912924
20.056209559852853
19.492499326677464
19.872052586747063
21.31708405752074
24.58897318103342
27.406098512773873
30.09235166275952
32.22525967824144
33.845689832656646
33.68468973315669
34.625692388464024
34.59015011303782
35.93763897014237
37.14330689422983
37.5068525440812
42.54272545075991
45.527114396132944
57.496803649810055
66.42407381277629
78.12317032399626
89.73276940236875
97.94970846648418
112.57871905377182
122.79280896683275
130.8244456103387
132.97816557763863
132.13345123446788
130.43301501608204
128.83060993412943
124.66441635858597
121.68396045800405
118.12141784623687
119.243755432324
117.71227416002051
116.05994154773887
115.81900618225306
114.60575859616351
113.61096817192076
113.35468493010823
118.42702912488889
124.09354431746429
131.82654204395098
138.6876525978008
144.90571015569031
152.3770161254786
157.86855071009626
164.06122447996674
168.4911191813114
174.36258059668117
177.05964735568793
178.30411326544476
180.61295411670125
183.84063364085748
188.30444715875606
191.95902575890764
194.77956030326894
200.7487480481703
207.15467783813148
217.37242741825284
224.79429097101567
231.55204927726774
232.61357237083607
232.87501762750944
226.07422213407153
217.83643565383417
204.12080407725335
194.84529330864075
185.0391933817394
175.79095705275222
167.44483584041402
154.55832470984276
144.6651557330689
136.75027542518745
133.64457082528745
134.33634757249195
139.13879456124974
148.4344092269627
162.54123872969944
169.71315298514295
181.66656025644647
190.26262055942084
196.0485889092008
206.7438238378262
214.72387517880452
219.2843055800089
221.52666984546653
221.11561974745362
220.14160212497706
218.38828020018397
215.8129024491164
212.88661877992638
211.78056650949776
210.99704533740433
210.82622042599886
212.21564831324062
212.41076361748122
212.69287325751813
211.71099063754883
213.05977691602018
211.0428803535553
209.32233480096798
207.64535800476557
207.00511475670223
204.68598782191543
201.54455596186398
199.69614391749042
195.28349443690766
191.1789533029057
188.49825296305008
188.132768175338
187.64284961629673
193.18393465011295
203.92084733364098
216.8856313777753
226.26205528848388
238.1055216934415
248.66477127288965
258.4329167246044
275.36751815953727
287.28004364011457
296.7474443882989
299.57883744613736
299.7554350172951
292.1085633566029
279.24854085908424
262.35138916092654
248.93230272977016
234.03234861120683
223.262620234106
212.89624560493158
196.5204760631986
185.4359498201828
175.7642199685838
174.93270010834433
174.80454120452433
177.48193961154473
182.28962877713752
188.91641881046547
195.59875421727145
201.48374106657099
203.50281322875813
206.58650982832143
210.39336149600464
212.9046140729361
215.7368571610734
216.9565754221973
217.18282549303532
214.39572865332667
213.0842167625645
206.97847327770174
204.50994608224377
200.88022669447193
197.3898563629081
193.50373178703154
185.84960616995372
180.20114752166953
175.6047430895417
173.56283742278848
173.57686187869166
184.92359168652445
202.16286717931428
226.87997528412754
243.34377273290482
262.9808755348032
283.5564254076058
302.01736850333697
331.8025371720757
354.69588853890497
373.0127910342439
376.5140648723154
377.3527299584693
363.6526259087923
341.52233779877474
309.9355124824193
286.9539249695516
261.79031987619794
241.37492448262483
220.79949206691884
190.36888841025385
167.18187900497477
149.26586696784938
144.73691054565714
143.14285244037066
157.9863367233065
178.30868195659218
207.44331887923383
228.12559099184807
254.22938704311875
271.87561606062775
289.89670375403534
317.2787708170718
339.6235369458036
354.65726426150434
359.61903061201764
358.7107217878852
348.76620978049306
329.425464918844
306.1666181217059
287.1918876053687
267.14637924332607
252.2372152733948
241.06715453644964
225.15876758717326
213.10452747287434
204.20391435688217
200.68663616261898
197.38812009736193
192.2304314319127
187.263609986926
182.30696832209134
177.12338014873575
171.7487481668913
160.6829468698219
150.89899506967618
135.8387952259184
124.74988998442412
114.98440272950508
113.16146087322083
113.22648942516395
118.45550083232818
126.65034373347133
136.88944785414
146.11467708043685
155.0630659051311
160.9727621333222
166.92881747316818
175.7795369152668
182.92828618690473
188.76024639225946
190.34745968941942
190.54720332782753
186.39957435640605
180.46308747719394
171.78203111603784
165.06732027788968
159.06014911644965
155.3630667835808
152.0351181930861
148.910078238392
145.2472627482557
142.33428145451157
139.83796181855703
136.4640481584859
129.89796734232266
123.8654536879152
113.9656299520813
107.41579176449116
98.48168520954212
