17
5
c
277.3110325444918
276.56103191103495
277.51765045942943
277.5054675812522
276.9351297789763
278.46298304339683
277.60859791387435
273.5383477251611
265.4901513269252
256.9708015459117
249.29337344607754
241.00340034040127
230.7435619354863
223.6205183348059
213.37514026681635
206.6408878425912
204.1432615594008
202.44319841969715
201.15873463719777
199.76824882457672
198.2817107621975
197.18845346111274
196.41963466654911
193.47614380388424
191.0804891511742
188.10488895901057
184.8023996178421
182.17098079290574
178.72325133838447
178.78359997386258
176.70559838116978
175.17251634467968
173.32880097702625
170.1056249139614
168.20126291347373
166.23765425190447
161.3988765064926
158.31767496136385
152.8541391962155
149.10060198797473
146.33536355701344
145.90392631705473
145.38950265177084
146.85897728082574
147.9415327513961
150.1841854447114
152.87728215593162
154.88244556803036
155.51045484039068
156.03737206382283
156.06098504768585
156.4053076609365
157.85315274753768
158.01868404072405
158.325063745762
159.85399870962462
161.66414057632497
163.58665798298776
163.77487872056295
165.3205724334277
166.58223157170218
167.80617340867425
169.1970784378165
170.4297838037909
171.56175355095135
172.88535441833596
172.65073692969702
176.02075524067874
178.13747738940992
180.69881612137155
184.15082996405843
186.69095074347388
189.68974868267463
191.81709816666952
195.8485070200602
197.7206368236631
200.0388245788554
201.90978057091004
203.06462024060858
207.36228167093904
211.19200891019418
217.42657562735795
220.25566430693573
226.77513642589034
232.4500597698502
237.19658694285047
243.412426596588
247.5856298119303
252.69319778508756
254.74181089348724
257.2740741408523
261.89090185398976
265.5225441129617
271.76695421732296
275.0597093193333
281.6280912381359
288.613318398991
295.2035406120508
302.34141436875416
307.8927697602408
313.36769362745684
315.19276558018043
317.96848249214753
318.4266718512839
322.35527484870005
324.2458533257104
327.1762499498347
331.54067732994264
338.18432845704274
344.08014754285955
351.9591047429299
355.0858739007735
356.44645409500066
357.32921183077985
357.0232241459624
358.7949854849817
357.5008576668789
358.8567460062783
359.65257427999745
360.08578625685175
362.7356778099527
363.74176566924183
366.1390537817161
368.61611116197196
369.23068638938884
370.8041893562151
370.36790488172113
369.62019465941523
368.96622204633053
366.54126472805694
364.93394350315174
363.4926831421195
362.68388681448624
361.0198592217294
360.0013861451641
358.31563663096654
357.8481895612135
356.8842373195022
356.74745901053103
358.2153457531017
361.2983311595373
364.96419430540027
367.09891998626154
371.08483909612215
372.67087970284206
376.3204953843436
380.66111632798913
382.82546133692836
385.8965469715284
385.99499483358267
384.6893924976374
385.0385773609938
385.1438540928709
383.2285779165515
382.52511179951193
381.93396885909357
381.0030176694996
381.11419119173866
382.11063687835366
381.81818992004173
382.7626044674635
382.99701611750464
382.24230002733987
381.3251382554543
380.6947532950875
380.5067802774576
379.6318544582986
377.5240850019429
377.0426217657068
377.0760841057922
376.88864885825967
375.88401698024796
375.2446961452759
374.66137151654493
373.6994212146583
372.77888607795205
371.4406242461595
370.5327126064752
369.1275038598742
367.4014241480832
364.5779672801929
363.1903013713074
361.0550590161984
360.27596125251983
360.03925704340486
358.98136905986155
357.3134946082259
357.54976200640095
357.8559639993718
357.416305191932
356.9942887943677
356.8016691727027
355.4260924691629
355.1742486332045
354.1002623418447
353.96191571937123
352.1790046041423
351.5242543711838
351.7317797449644
351.3177278665568
351.25750676598335
349.37490046366463
349.41513346872284
349.7531756633116
347.7761604896679
347.0991222988912
346.1972665939144
345.15759433387194
344.6271333677678
343.15334700084685
342.96793256659777
343.9727633860386
345.1470694789341
346.7733710053718
347.5370505326861
348.7745765289362
349.9305889924851
351.7430293386726
352.42515746999874
352.21701085877174
353.88156714251244
352.8323241686872
353.13088968593473
353.41857940480094
353.8863251532285
353.193440305786
352.6869243049834
352.89347602519086
352.4907709047442
351.44815748754314
351.74819242092684
351.3868685259381
350.79864611524374
350.14999343165465
350.012767292499
352.14826957277467
354.6162013360484
360.70018229449045
363.7371402782528
366.7129946220908
371.90178719555894
376.8569813250316
383.2812001736063
383.7275678989577
384.01394628792735
383.9747896552772
384.1402150092842
385.4060678329976
384.2605800088864
384.97073420687457
385.3411920782316
385.6956755626951
387.0402297362549
387.59043633028983
389.5060466398364
390.96173221967075
391.3364594496153
391.3598155656934
391.3894398657467
390.8025086473824
387.9275685935106
386.24718715294426
382.70967761366626
381.9840336781264
380.89404897208016
379.52976643134366
378.94981182099076
377.2259820551578
375.95535167179605
376.6673040421652
374.64516314394734
371.7411396588557
368.2214281532311
362.4720111031655
358.38986538987524
351.7710273383562
348.7912645059268
343.7118251634767
339.7898555338369
336.4049858552506
332.15465463448567
329.0751874542093
327.26991904578165
322.7147796043084
318.0521693354345
312.210208681334
307.76734297185817
302.1845334826903
