7
3
e
43.33742860073743
42.88684619251688
42.77550149774727
44.498555153331885
43.16657955189705
43.94160574791892
42.98233712341098
41.424641435840975
37.521783939009985
33.287296839784005
30.798566615728113
26.147160985404746
22.97061610220774
18.220329677658864
13.065347341918194
8.726797581154361
6.396318452372959
5.558662903822903
5.5043935857240776
5.262697073178527
7.5279331772239715
8.422264742036983
9.659131771960906
12.254812567804688
11.600004911975894
11.662270143385896
10.900668780657142
10.579850609606128
10.723835127765799
9.244170476485191
10.000345807144734
10.38336218243971
11.559715078421789
12.654533308620067
13.208279530472192
14.52390891201076
17.174967901853016
17.626620176283303
18.74664207439573
19.165231325670458
21.42107377093113
20.32231742106003
21.66915825194242
20.7971923964347
19.6106973785408
18.715037337121604
17.489366983329305
17.567163621995043
16.608953557869114
16.55310494427136
15.468729343744135
13.654221513380426
12.310410002688277
11.739742662589054
12.425250816282846
15.420279437870285
20.049472684471144
25.55750627742624
30.38438447168908
35.76599601181136
43.69245571840236
48.616315452303105
57.09982583377441
57.18905501164451
58.26867544141435
59.005773700746005
58.71580163021924
58.474223312059394
59.18595882982582
59.507929531079846
59.375266763428954
59.125593873112095
59.89369468465935
60.28370383033517
60.88132516009936
61.26290175322033
62.06141971880763
63.2414874447422
63.62542908757906
64.78567343905272
65.56183314998175
69.29383808139846
70.73560226943667
72.39785480361083
75.65398415049405
77.63045484853038
81.26777811597144
83.74043126845218
84.70542280134275
85.8111477356478
86.56789996796724
86.19052067414755
84.63217780875334
84.26150267939192
83.55254391002104
81.50784327424194
82.90497397720999
81.78686160308494
82.13293559160759
81.73397274630638
82.31853623860066
80.38873493978554
81.86624748315765
81.80740820340154
83.12192897940753
86.50995341960626
87.22343495391304
87.78515374145722
89.32041260405826
91.27804971891723
92.97154365717681
95.46423075796206
96.49190252807888
97.22498883099654
96.56620747591278
94.98417112551478
94.09176863312902
91.78839485498563
89.85321237256171
88.72773618016707
86.55066964646117
84.50072435364201
83.26171202673221
80.39567309496309
78.94938597044539
79.3718897778468
78.39354063766133
80.29728502696751
82.16642813858545
85.39677447634007
87.9029608077448
90.96401486373091
93.72847189238692
96.78566561163655
100.19351375352845
100.29500476571067
99.05222151609716
100.1614465036552
100.33089690452648
100.64729998012996
100.01245182921103
99.77939789832135
100.30825824201816
100.7815400629304
101.17259918128592
99.81071289618197
101.01707392208952
100.38212772014822
101.52820611306528
100.80594749222622
101.34665335196576
101.80369495331423
103.65819593093069
105.53580818714926
108.48886815668995
111.52888236883919
115.06243373626452
116.81254783659809
119.99227032450264
121.0824298576974
122.94238460202219
123.28418154148402
122.91323356202956
123.60177592398192
124.14413741565272
125.37939881551168
125.12700243952968
124.60321603223879
126.98496752507018
125.53938807486162
126.56061370215893
126.97988730165996
128.1143533839969
129.40633475688054
129.21929021217434
131.14394173516865
132.69505039751843
133.38191664232323
135.71276310275576
138.1209094547323
139.6722113954191
142.35319382175757
143.9099330902824
147.20470595773054
148.15994722521094
148.9472326507296
147.78065643232114
149.22107427886525
147.46588077549796
147.2112509592254
145.18362323996575
144.92889355891202
143.9749331329624
143.59825505074764
142.81353033437802
142.33251559506735
143.61393139097845
142.09172161154385
142.29830389221263
143.89359232035773
142.28691961374065
143.19568029583047
142.77333472406536
142.55887553734675
142.68030252815396
142.7629455600611
144.2558112508391
143.10211858742957
143.83492294331379
144.5774015464947
144.60191699948592
142.87320016006825
142.3184653042803
140.9122485236726
139.12534446025253
137.8308972878258
136.82788145421247
135.85972685670848
135.88552902018773
134.54025084826753
133.73214438579467
132.68258611655386
132.2695163886479
129.90686194149734
127.38713267193991
121.09403472113226
118.67898722293803
112.93327516278526
105.55210135246385
100.1619412504807
93.72615307065522
91.56698619177615
90.96331844092462
90.38010110714957
89.8429224066724
89.86428765333783
88.791958986422
89.24822999840983
88.70466574806608
88.5880166672255
87.35967202955837
85.25082051560669
82.86831308414693
81.39640313916456
80.82470045560784
79.9235177880408
80.00910071129383
79.64798581206222
81.40173878305623
83.31656286208687
84.31438801808319
85.62487122870738
86.28352624831331
87.82818382095884
87.72341320565992
88.70741025878903
89.60238780422193
89.6112145630696
90.02540722635487
88.52617379679718
87.42295527111176
86.44622566814289
84.09314211874278
82.73682578436414
81.3018156120142
79.16215409001751
77.89414698228666
75.77888070152164
76.01067539468835
76.0080203441643
75.87223680702829
75.6166059151588
75.53619356539797
74.36974011867066
74.5180692007615
74.80206531929498
74.55708552499435
73.81910146842169
72.58878147673104
74.09947847116239
73.10006906586989
72.95070790565545
72.80603985732981
70.73728381344519
68.48672333006111
65.08596895402563
60.93075330443614
55.954461947994794
