4
25
b
88.5061936812538
86.94696491736983
86.6637571885824
85.66519605870411
86.13561790748649
86.20975605676541
85.93504644779443
83.54213098804422
79.49947121801918
74.0033920028742
69.3358977579866
63.889378466618574
59.411322283349904
53.694466871045485
45.65248633870153
41.485755575427575
35.949086019997324
35.83648471914041
36.08240276780305
37.49563629332399
38.96869403441578
41.30431590354061
42.71711522390347
44.95265152589646
45.19439355664579
45.24255713118122
44.9799396132603
45.957676991422865
46.7937633401256
47.000833202498036
45.67791185940291
47.13750831671992
47.269933691074066
48.268031131128815
48.08537088747098
50.42129048398183
50.55691217834477
50.38417624475327
51.25296421515394
52.23459672621816
53.81120482988294
54.61883835595345
53.52705016004958
53.09267552669507
52.45765820435266
51.90764644573493
51.6925659499601
50.67835759239567
50.14310054024904
50.865886013913126
49.10224255017543
49.21504620407388
49.52986698925188
49.44448066823527
49.19588962650883
48.84611295406243
48.20522551463588
48.852175257790556
48.45747082084771
47.19269075451011
46.869427474871664
45.35176554626741
45.64695531760793
44.564834438428846
42.64269675941375
42.1675180366487
44.237579291119346
45.631691646490275
48.07241568632526
53.533536620604934
55.933167461932946
60.834876452517236
64.33097417684976
67.58628069282196
69.26385112926583
72.20070228297234
75.69059960252959
76.23911492615335
77.64288240771174
80.58927791750628
83.80938890176762
88.20811607304069
91.18425683335987
95.89197573052216
100.50197934402887
105.4977716178409
113.82278566480187
118.34799167022216
122.50604315406478
123.14847268226423
123.51154183928776
122.43588384494453
119.91121369861678
118.01367706061811
116.20555068187976
113.72670264834721
114.38576784315457
114.32346150312627
114.84476621483206
114.38918064478892
113.98732186971317
114.06114736917226
113.16216618720699
112.6875179112349
112.33864721838984
107.3149353777338
102.47181094712859
97.3511477307257
93.7165462221713
88.58962352604368
83.65044992049314
79.26403836550253
75.91977442640538
74.94753917390777
75.50402631535628
75.72629644269433
77.89232074095104
79.95132192922496
83.34569822456976
84.32122775446844
84.49633568055945
85.54791209476807
86.6741048236723
86.68086431432158
88.05239580112024
87.93017839523188
87.80771805807423
88.52777591792292
87.0422905542848
88.15570712128606
88.077349479402
88.78060348456036
89.21742405483941
88.68369768416734
88.28790002884242
89.26229356117301
88.95797401516019
89.01130950060417
88.86944141029026
90.40740417042083
91.17588997140868
93.46965214481574
95.36485715068486
98.59639043758467
101.81596281284713
103.22036506190099
105.71803672524774
108.13799951454135
110.18733690616156
110.21170865911985
110.50800839292958
110.3901731970662
109.64146502767524
107.8771635465806
108.78211832805523
107.3111828916838
106.38175173817693
106.73020093382233
106.83357319192633
106.03583321536155
104.84610994170613
104.32858650010866
104.57958464574703
106.36328512776981
110.39434815655031
114.43002149994902
116.30700785712716
120.62594428991152
123.2101716302611
126.15050935579232
131.20650056552893
135.0415145676539
137.85323868935834
137.75965577701692
137.5020550630111
137.70189262723702
136.3488372704705
134.0211050168794
132.94214432338794
132.2661336347085
130.9989847368463
131.75212284366475
130.5447353519019
130.40342320495762
130.83767541174697
130.83318955059428
129.9632997062191
129.6692184151003
129.10541392875095
129.29442496176577
128.89882120173576
127.22131673403504
126.70600051151555
127.06597370631661
125.93001734898588
126.42172101709215
125.53391299654879
125.67562392509487
124.46592663114674
123.37420001296697
121.82303729974026
121.39908895362099
119.28821470605179
117.27395942156544
116.15860114789183
113.11430972126898
109.99594233431135
107.8440806257754
105.66640580719772
105.02990844215321
104.84435508092673
106.87747905522518
110.95964179494284
115.83613869280111
118.80959900702604
123.61974161265927
126.2709157949655
129.87757855683856
134.8722537410491
139.9667499500066
140.62753866409753
142.99313999584407
143.09192616190498
141.05270380285174
138.5944449891974
133.56678179435283
130.84818065030663
126.56862346807932
124.57026555593451
124.25078952230965
121.38714128001088
120.85019325264051
118.17240455028593
116.69524650768233
116.59306229403884
115.87846486362355
114.96349460323347
112.9106438172025
112.24113501846932
111.57681210808664
108.96471653358529
108.12169226138283
105.18839424901583
104.7655192789761
103.09165836161138
102.42371407634361
102.81064375588554
102.96274934591804
100.173841896557
101.2982376371491
101.11380987177891
100.45741953072016
99.28253767197421
96.8215578502252
96.06122963596505
94.75680894882353
92.62558473725531
92.14708047400073
92.77867244500115
94.03380407244347
95.75449234509608
99.77752664621043
101.71839866325804
104.63573486737772
106.39657213929753
109.12165305589423
112.74280763886462
116.59940222483564
117.33179879711017
118.4481389812219
118.7173970425611
116.22851105645
113.65754351064876
109.1636907299629
105.74121674581112
101.51606228745679
96.44819363767051
93.84706937427043
89.74359608316918
89.7039740582623
88.13871940974718
88.11195422993613
87.91426231792465
87.47648388887494
87.45509752027623
87.35933709835514
86.57355875297337
87.00988280208955
