# format: from_node, to_node, traffic_class, traffic - demand values in each iteration
12
17
c
85.77063324406569
85.90123923961916
87.94712777031756
89.44618472894217
90.89569366941954
92.02604593440296
93.49196042544722
93.87668872717941
89.81647599855265
84.21876652026756
77.54374828456629
70.4396716678861
63.87225723385592
53.59650432596043
46.07527132210386
37.40608224115969
36.53550686420472
36.32847326278708
35.78515560125929
36.07691574741251
36.380132317078164
34.98762802305689
35.993724589359935
36.39987540059804
35.40616126900958
34.22732368720351
33.75071732117985
32.074099748782
31.35255507925712
30.492273783910527
30.491714137465777
30.83452280786381
30.39392101405032
31.24483288198509
31.47791911066424
32.00897687701235
31.861129309117967
32.43833253296339
32.886093785811596
33.279873626581676
33.23993374923145
34.479295472748746
33.65619270887034
33.556233996264105
32.468090734325905
30.554551027607605
26.517929696095766
25.675570575962343
21.994432260822865
18.3722341517374
15.06967256916464
12.360045960812897
8.89157468432005
7.59584685527588
6.189834379476665
6.228247844023128
8.967721729383483
11.662751534599776
16.741053077113374
19.91225476292959
23.911500351428803
27.383713906528317
30.22192785323791
33.52717645372838
37.82497074840499
40.41928406639273
40.91831970524771
40.59374394613802
40.713142163761866
38.21805733464957
37.229836163496216
35.49630480233427
33.66162298864492
32.64948073248276
33.45369052830903
31.325563293657616
30.416803386254177
30.666481056490763
29.812582468280006
31.489999262813665
31.397301752578326
32.58917662696286
33.255187091993236
35.49840767909906
35.80014439905661
36.50516879430226
37.999225038696245
38.09999415705535
38.947777416716946
38.94087742617619
40.31041246373726
39.842810423226986
40.82154169580951
43.03612533919781
46.3651755386702
47.33176845116431
50.132434543893
52.08765171555061
55.35491409171029
58.7215890601599
62.041791554128295
64.56142238526253
64.67641404732984
64.23204483475578
63.42765450595846
61.12652176208261
59.571393564426174
57.16188329529742
56.112208873226734
54.70063659063816
53.66628118665294
52.42880992218106
51.64012486598207
50.4379202089385
50.4829073221005
50.377391617363166
51.20561487076637
51.33669214758302
52.322322340619536
53.01388276436392
53.238652484325726
53.73738798020896
54.30959838015235
53.97298059423992
55.325361806340375
55.80564940102396
54.96483832563349
54.58980633678642
56.310454470805446
57.84994149776701
62.75610885889155
66.82024659595007
71.95943778445371
76.937800906975
81.37364408034061
85.57544660756282
88.74541541759238
90.30066556717321
91.1540310763286
91.73188489590147
92.41279525018001
92.84944904877236
94.27202806781038
95.28735763674483
95.66447331389337
96.22937435175433
97.98060953453977
98.26107796788273
98.6023660144345
100.61850446886262
101.19957670865033
103.77033967573405
107.41382396169104
111.1237389505736
121.91948518950238
131.3308627202373
141.87121918624868
152.44632405768587
161.33321515351236
178.10555007625604
187.6080121345796
196.21216466625108
198.87187432743096
198.55018905481487
193.86857118501536
185.15550785047316
173.74621458584406
165.0115071749661
154.6008918629887
142.96587388868087
133.7899706505023
127.74975683561264
127.94450555999316
129.88016218220164
130.11871164700372
130.07691659087322
129.26913053222407
129.66520258399905
130.06161511776008
129.5960051564456
130.20803564237082
130.0550968949086
127.44475273052063
126.73519350249603
124.66937140024834
124.26785554052162
123.25816121839335
123.92616276619135
126.67029195179968
130.72054073654004
138.4145590527086
143.0125009202771
148.22947199620177
151.68411469724236
156.98088464232794
161.73452730787363
165.7276117831971
170.1758864920836
171.128945138155
172.2443806517968
174.9459455268113
176.73829182493685
181.15972648070664
183.3841333146734
186.92628630366414
191.45286111570812
196.56857874959007
204.20212449522447
210.53913938031627
215.24670786472205
217.15484575002583
217.23737789407986
211.38291527511174
202.80102613103975
189.31238105366506
180.58705357331178
170.0714817502139
161.09667024300944
153.5596861235271
143.45854192198058
136.81357703547823
130.40809225113227
130.38198988568013
128.54877182512269
124.91894020042626
123.3920387184767
119.88922685937213
117.24532590768214
114.41694989444444
108.34661178623409
103.33026695594708
95.19279818199935
88.34567864743144
85.03334842593306
84.72288475511493
83.71014533580333
84.82576548095031
86.71168764367567
89.81020360110007
91.95074997592813
93.81797411624865
93.82233880447221
95.28740536629235
95.82072070768584
96.94548095783725
97.98973553643123
98.42467277201477
99.25941312278592
97.8152924520588
94.57216423597775
92.54439868350983
87.77023580753509
86.05240567089173
83.23364318777888
81.44538954989797
76.94333867129102
75.61478226383214
74.13005429336894
73.81441002585849
72.97876784588618
72.68442794368735
72.39387473403036
71.00238313432192
71.5050471022532
70.21437022773274
67.68067948181569
65.80319652884275
64.07625664237155
61.70470655548177
60.17540089447975
60.903203739103624
60.25600002285595
61.104892221877435
64.72925811601236
68.13123417732284
70.72583378041651
73.49612774457563
77.27412376412197
81.59794914448547
84.65933255360665
84.96702350345981
85.15918452345154
84.40140074927137
86.43135734702375
85.6544543217735
86.37255327810043
85.41278334018605
86.09525130398812
