# format: from_node, to_node, traffic_class, traffic - demand values in each iteration
15
24
c
79.972556936612
80.39026154694125
81.65225091089212
82.0470308085122
84.55837380568208
86.20108911166862
85.76158793034358
86.93551741682424
83.05187980322192
78.58547077379156
71.01403327029728
65.80140471548664
59.739670240071675
48.82058269033029
42.30744289396863
33.911325165206
33.756231802655805
33.831601352674184
34.445228713240304
32.83813974952397
33.39283082209081
33.33518968271127
33.13427738491464
34.550707801077856
32.653137157216605
33.15737101235308
31.83331524908803
29.434301135926738
29.624652484952826
27.747846138985594
28.12963683929393
28.12518333892675
28.585345264378716
28.772493151195377
29.164907509911718
29.00035064499823
29.31764751491943
29.72929493024952
30.839862660076278
29.935608306515235
31.808383756757973
31.296723584892213
31.019669529042567
31.946654047147675
30.690224768025413
27.666525882563004
25.993561430276475
22.797802497415482
21.000270316900423
17.25687695476289
15.942228948925946
11.074014497079004
8.803358011402779
6.772114396121656
5.4818553093981
5.5894087493064
7.610179855317421
10.928404933637978
15.49163020834366
17.93769746277998
21.60377825547425
25.914854906694192
27.81845678996894
31.163862250868224
34.61916727738805
37.61781570412495
37.404165451594466
37.86744065073147
37.14818946388183
35.22062361271395
35.00746617914223
33.77901178567819
31.81721592876526
31.58259853238214
30.420598848845657
29.384059843676873
29.020987601047008
28.605944405843545
28.419567539612128
28.186154551217456
28.080801082126634
30.240952199036666
31.343591936977102
32.611628147513755
33.50692494988348
33.21349946513911
35.482074352307365
34.93223721234908
34.966344139943175
37.05339958620989
37.71004508179312
38.56292733999104
38.481871878397044
40.774272768541515
42.6470364652548
43.661995009299474
46.86213761451918
48.53472224516317
51.18360807924309
54.5717097128404
57.12645826534951
58.86233490294464
59.40875008745495
58.603995281876756
58.27771632150352
57.27495655345802
54.85276458042693
53.71504275278733
51.97874702066646
50.053392631675926
48.43209919262526
48.25455273618504
46.96966621479244
46.842781685260086
46.60590702660324
46.819658207447524
45.4334562462426
48.27896915484849
48.81446240640648
49.12839780720435
50.61860069074959
50.04395191045757
49.257072806433214
49.710018082710825
50.26729792594963
50.92702352462059
49.91834873162416
51.394165433434296
52.44983975432947
53.06915658920317
58.00287846879665
61.87271944535276
66.46295631897179
70.84513228661667
74.92475488117626
78.31670683711626
83.05431366723616
84.06987467385997
83.99895753999647
84.95800470546588
85.60366001686806
85.51751807346396
86.57709642394173
88.1259047203883
89.0175143015596
90.00826457557137
90.27655912395936
91.43152335977793
91.60852041100976
92.75651890921195
93.08617904403154
95.32015021302881
98.78450565019578
101.86674347709649
113.69656854951681
121.82482219180847
131.35592040036863
139.80936471229154
150.0477810018401
162.9756371890934
173.15112942396266
180.74162291432793
182.7756948862459
183.54110605691875
178.4941654428857
171.19045948951853
160.82923564604258
153.39980774878228
144.28655420290937
133.45082832167589
124.85394619155927
116.84019899365654
116.54996138517944
118.35683641485441
119.73048977329007
119.63222543262467
120.880214283157
119.33169557806082
120.6456039545225
120.92809853705471
118.50463238973528
118.80428677913599
118.67264938485023
117.39863745672181
115.11195331087417
114.0735713145712
113.87586338984806
114.32381296349587
116.82609672342505
120.6667286521767
127.18262405585871
131.69275356701618
136.45816123102287
141.59166224353166
145.52527968827104
150.3006443745304
153.8043318439586
156.54450444838417
158.2134969840294
159.79836860408818
161.41204581668407
165.64052383199999
166.93184639661
168.98380530691466
172.5236868118566
177.60824684536885
182.27946794160854
188.38342868115072
195.38927594798614
199.48038479105986
200.58598474921715
201.27087983941198
195.23326624274324
187.28336142218183
175.30731718332402
167.5172730117468
157.16878535387855
148.75390431284518
141.74093465566048
132.26337496455474
126.48655624338446
122.18337162927376
120.58484485139705
118.02055900682332
114.94900839799712
112.86359320902926
110.63820328444302
108.23980285586474
105.52790423059989
99.76112725516927
96.39345444386349
87.53458259073062
83.20396712252729
78.7400793884237
77.61096319327298
77.14923942165767
78.17774496663931
81.14395627715183
82.36294666433513
84.42652288188792
87.36131345415555
87.56756559832446
88.56040648237573
88.73583387257312
90.53928838228224
91.3076281777714
91.13111906521033
91.13404223861319
90.16831395221634
87.15625369290744
84.11148215504562
82.23130972062204
79.54988161496212
76.14906495814644
75.7795843907955
72.02672718912547
69.99848803912971
69.00125077595487
68.65641465783013
67.68406492165832
68.34096039595757
66.3793109257189
64.86161435494715
65.79053429293448
65.42292465710818
63.36988763280487
62.072021935534735
59.52297180729073
57.907664082520775
55.917344090273026
55.42674892612203
55.210754984694915
56.874575938224766
58.80968575025748
62.11692753544786
65.2502029774229
69.06579254047608
73.41030046255366
75.29346735705478
78.54823067205635
78.9305348952414
80.31103820890873
79.24007450292396
79.31718915028291
79.36862143135474
79.95249886500761
79.78023343619043
79.61972467257497
