# format: from_node, to_node, traffic_class, traffic - demand values in each iteration
11
9
b
115.95502475617916
117.40689155777464
119.12999385735233
120.68494460453336
123.77493673576656
125.42332978555787
126.68959890524616
126.03252007701876
121.73495365178162
113.23727754190257
103.26783147829727
95.48833255168925
86.61138295953673
73.23943701502398
62.99534689292256
49.23257547369334
48.55441198607157
47.971083973711856
48.97063581674337
48.923321902054326
48.672052830457076
49.20251063625541
48.61473916551326
48.54028788154147
48.28752610046163
45.89322619963224
45.97828581205906
43.74493102159164
42.24534959393165
41.02339727100188
40.700599465486356
41.91384382493635
41.137967970023674
41.67611142249509
42.214104417917994
41.866747119427494
43.579951340806105
43.19182135187186
42.59508052352534
44.05512929554365
45.453583336699865
46.00209483568883
46.44416352995358
45.00043915913061
43.23229513743894
40.724438959665015
37.04037082859707
33.586165132305474
29.35712815816234
25.626239067698656
22.44049877147397
16.45242478026631
12.17075631223691
8.671523226375239
8.135828724318879
8.481950922227956
11.683142547370144
15.875085710787706
21.7292672563266
27.39390699441205
32.64198747946717
36.61828277813827
39.70905761656668
46.283528735099864
51.13230366831576
54.42955790316607
54.3408725422489
54.85030320950597
54.36059379849399
52.32838937150832
50.25632655827941
48.90505916638723
45.17967774800386
45.21317398252147
43.786892318567126
43.61763511198554
41.72316048214137
41.36426022334726
40.82127055709335
41.34585814553582
43.053765067289106
44.190197999362915
45.52247746593202
47.11259513039788
47.960828418022906
48.688959037704095
50.603471362769604
51.21528769873321
51.46359893117952
53.249809194854585
54.051910051087944
53.177516061560915
56.055946687691076
58.217764153941516
61.97484690808973
63.50030135522073
67.86561929509146
71.20709158483714
73.92355389656369
79.2567368880261
83.3036483223331
85.67406516091852
86.75407845442822
86.2037861292486
85.46963145837175
83.5587618823221
80.22642778407183
77.8355144981128
76.29779829776083
74.1468162801869
73.82155895472401
70.98933578582026
69.40902586830177
67.63673318563563
67.31435951946807
67.34325749510957
68.36932339640506
69.62137213264563
69.7664174975869
72.1486470701011
72.5758232040764
72.03445219952411
73.28099997987523
72.89546590881976
73.97543101692001
72.82844564487719
73.70530493613825
75.8203598139429
75.8151007227599
77.25419748140236
83.82539281257601
89.76883683737032
97.55668153399107
103.3931759262397
108.56597961855236
115.15107330725314
119.83886690120498
121.69974813078402
123.00466973836714
124.05403645277501
125.48070422305722
126.91802054331556
127.56938297895223
128.17708083084082
130.4973327506767
130.7214241900432
132.21839657534815
133.0124051416833
133.80585994865797
135.4148064663428
137.09819912316684
138.12443581965192
143.6551830419953
150.4144694497045
165.19966944085502
177.08734082821593
192.236309043862
205.25717171937575
217.50843500124557
237.7197546177491
252.71509275672187
264.4432358856338
266.76247938159156
267.6805502824011
259.6959570931209
250.56246525438834
234.88469130034835
224.61267949812432
210.79595440777703
194.8975758931223
182.01106224818378
170.70608887325645
172.26948528893095
174.61538566958612
173.76685325507302
174.99499218264614
175.45178612823537
174.81832103330825
175.04616234677093
175.07954086049165
174.5330109521279
173.8476975768066
172.5926511614386
171.135283965965
168.24481398533084
166.67066199952194
166.71172157916064
166.80756800214687
170.71001584369478
177.18684602860353
185.0423327145146
191.77473569116728
199.94785953531056
205.1803826665641
212.44380738311872
218.06965859744523
224.33638088958503
228.25697564551888
230.73132110338958
232.22773105778302
234.9168592501268
238.73578299059918
242.35753625429794
246.16817978203022
250.13864004832487
257.6944108054166
265.4595935918133
276.0308958264193
284.3396048649706
291.5573838318502
292.94994814758417
292.8338683964202
284.81581463607677
273.83791429994824
255.97954408164026
243.3692612836343
230.10777425311477
216.3513707997963
208.3497894230284
193.7823072611439
184.1159571593661
177.53124963622074
174.8541849972559
173.68708298099756
168.96034399712337
165.9613983318628
161.2574248796031
158.39273480390102
154.58789919728147
146.59304955502031
139.79939342166833
128.0859650074176
120.88662205688527
114.1489933807431
113.26880802855688
113.50942104255734
114.50676880253162
117.61628245681268
120.78582637358008
123.95949938744424
127.00781244607211
128.68970963697123
128.18718701994365
130.45685281103917
132.22656990597451
132.79459899720345
133.27719724804123
132.93587457627515
131.41272138672005
128.3668903354968
122.9959657924458
120.85338940718285
116.13881587840356
112.29974491923339
109.96430585417498
105.79880732084872
103.11762738203244
100.6145049496173
100.7793209940297
99.57309267291268
97.88884360626719
98.00312967385737
96.9978889322653
94.31282432632418
94.61662003325131
92.65141784093305
89.62382035764146
86.23026386632604
83.94825700346316
81.97199783808769
80.25591267991382
80.4674113691676
83.26352584808677
86.66678580350602
92.93480376137336
95.66059771946368
98.95506360940689
105.90349219662008
109.69841909529661
115.09187472058159
115.74753250224761
116.04528860174338
115.58393416574091
116.08934162833654
116.39462998178898
116.33679525350742
115.63604924394141
116.35711253729878
