# format: from_node, to_node, traffic_class, traffic - demand values in each iteration
24
11
b
81.54976521993443
81.90387508823706
83.39835304330275
84.8596444950511
86.94490265169932
87.73341603237542
88.88441699607124
89.40187815338915
85.81748248519679
80.48871593132978
71.59298308442312
68.20284075204545
61.01572399833489
50.40595719947548
43.899020280327086
35.35396066200658
34.74312116180466
34.93993485992722
34.43025165304717
34.829010319934845
34.22354960587635
33.39677519311266
34.09333314928077
34.10275235705482
34.081393606544026
33.374731981450694
32.1124976550893
30.399981089494677
30.57898186785341
29.132382517440636
28.531745011164627
28.291437380286546
28.4619858307585
29.10499349624565
29.195800317453145
31.05871859430036
30.153887809459253
30.7479530424084
30.835846897912184
31.651770438165098
31.860334107591058
31.492642356242005
32.58105208487236
33.16988127162519
30.500787084164777
27.99007123057897
26.31168627691424
23.687201409248658
20.95390735288465
17.730208898451632
17.104611591105805
11.201122576009395
8.769642212906653
5.896938418400811
6.1936253416721065
5.502659898031852
8.247109765745906
10.990383848080075
16.10384246313415
18.649748057233076
23.0891110468169
24.61445367930097
27.991912364262017
32.088925972035184
35.89696382458074
38.156021059528236
39.07270496766898
38.31857596714547
38.27199540441069
36.56546607466581
35.03592974271089
34.07786815129179
32.182102267123106
32.390305098225625
31.878261449601176
31.021588720482082
29.79746717338766
29.37724761431013
28.845931792620473
28.94849905072574
29.330999259021645
30.96286737463131
32.38609090045298
33.88931198723828
34.20301644799487
34.525161648966375
35.6107794205313
35.70612810216086
35.25098662461934
37.83241605080866
38.38492853591147
37.55308549838913
39.48899637944771
41.163707776783525
43.36995381352029
45.46200918376124
48.718812995267115
50.00351191559302
52.356156629976184
57.41175122578835
59.10863893435351
60.200151922891116
60.90018693516976
61.853343881445205
60.79662030120135
58.06886247137981
56.39400389533486
53.983975046943776
52.884750168988425
51.904033097240685
50.92659735252465
50.67240524676074
48.71210193031033
48.86173039231391
48.27778330703393
47.84887579128496
48.53011544636698
48.89162415610062
50.38498851797391
50.3907621393967
51.62228493412038
51.32802942508894
50.855917392495805
51.776576754718015
50.97134497870866
52.50563457349921
52.716191480425756
52.59911192093792
53.413965589949726
54.19931828954605
59.341589576687404
62.53191791166826
67.8714495912539
72.78474744082204
76.46369813210411
80.87670125291663
83.86445664435603
85.55222436966625
86.61347454092949
87.6767021401836
88.46986087656634
88.9110090959679
89.12454550287008
89.79420292088683
91.39854703283979
92.72544937774414
92.8632087916852
92.81013041058404
93.83550773622092
95.22866646909326
96.23550429060536
98.01741188259778
101.28832917137514
105.5417641156461
117.24238602278707
124.98131084979214
134.78425972326616
143.905371807084
153.57578171285792
167.13606692213625
177.6408576082425
186.02295844929984
188.97904642228534
188.86974749901268
182.94004359106987
175.3408429386657
164.64851149017096
156.69338959397263
148.6174323480052
136.38713669533652
126.87102345368488
120.36814280288222
121.01231231789573
123.13310531930087
123.1312972524633
123.2034261573134
123.03669185989209
122.86235324933223
123.88134567309042
123.55540448316675
122.67604211386991
123.10235732116136
121.98913450869259
120.74577114809159
119.09800205087154
117.09464709223067
117.1862116910985
116.76651307920986
119.07971097325054
125.00785782219569
131.42806291540757
135.75503178244313
139.5366664878794
145.35402648506664
148.51914957342905
154.06395876655893
156.979106658689
161.47307741345176
162.3372230039499
165.17372082383378
166.89458890047595
169.1198063831114
171.96177385717922
172.61565103482383
176.81556268874388
181.7986217442999
186.05255493024399
194.3681531456891
200.0089798650847
205.23702443166403
205.3355145454226
206.2936441638686
199.795141118792
191.65564890381154
179.2622664216929
171.78904342829256
161.08879260985597
151.83175437913016
145.59811400384672
136.37674521011647
128.52531031618702
124.86246848327632
123.64180740193642
121.56103055328315
118.86241766881726
117.30410825804957
113.33973453165014
112.09784465004672
108.76444935494881
102.00999690786061
98.4202167894173
90.80612813111519
84.76141189849348
79.3933375696695
79.80411623396382
80.12259802939641
80.55710426297289
81.949674216034
85.2522048537113
87.53379247173812
89.99271542811748
89.92967009909097
89.83737003609785
92.25974320443332
92.08999275557817
93.81125847235622
94.0100081750598
93.52551070759986
91.51832969929585
90.13884036332195
86.8882733506426
84.53833427382611
80.89509794840828
79.688365435488
77.77694347973568
74.26166144956989
72.18021295962835
70.91432615193295
70.41948473012545
70.79035494031703
68.44403840316487
68.87350319589325
67.51020081034385
67.6885409132974
66.55840891818987
65.3519184891436
64.17503209890913
61.58214988274617
57.64752104199545
57.492558566915065
57.037785750780365
57.62255180051776
57.911289574016955
60.8002459643132
65.11664928087305
67.04992219151784
69.91745145318475
74.07882268430085
76.63269668925135
80.21675354758156
81.08760002710723
81.36113444023748
81.41191562949003
81.65325768430522
81.1343969660418
81.62455142686986
81.95252735549401
81.45144222977125
