# format: from_node, to_node, traffic_class, traffic - demand values in each iteration
7
21
c
54.13522210781757
54.33864625943259
55.27735656648167
55.70038503450433
57.35688511911629
58.71714177169571
58.364911822309985
58.927935786281644
56.599543665117594
53.20739874109924
47.13705373084838
45.02398371578078
40.09507505855112
33.35964975125008
28.48390475105727
22.249024631371785
23.31206513501996
22.55688027479999
22.166904375038854
22.597647409538272
22.64580085411726
23.455275363673007
22.65491116089858
22.266288178308166
21.9779969602762
21.155111442732384
20.86521480478435
20.769922593436142
19.83549761051149
18.373418925962696
18.81847880434865
19.494288266759177
19.90037092235883
19.7189195559986
20.96034859044038
18.954747347961693
19.235038750023005
20.11011316541566
21.012138418937266
19.618010357666726
21.064824452989264
20.948006328577435
21.467305285032165
20.95692526709025
21.545026809024566
18.873945649722128
16.085309293454703
15.348862276086209
13.21521613232642
12.40036082667899
10.365169048941636
7.866014931627981
6.182266412765894
4.424376468764083
4.076514030162425
4.0834037278629385
4.551790925702248
8.06209068454322
10.704392853758636
12.73191859717381
15.073638836923726
16.453792881835742
18.555726202204724
22.2902170854954
22.554584330345428
24.21580939838688
25.771540148704545
25.274417115356048
24.94788477059327
24.16414900794281
22.60832147409906
22.009211685773728
21.23774770262678
21.839413852906556
20.275604761536535
19.83515857604445
18.774497848543504
19.483202641472438
19.75177118490181
18.601832130324635
18.77318484638569
20.3007262965004
20.67026186053764
22.266053259929855
22.342200461914672
22.762444844736056
23.63352634086239
23.902868220726006
24.371994646171416
24.467779671560677
25.192032480177307
25.718101480665766
25.264464753927378
26.415365998421123
28.989779594830743
30.27380535475023
31.548244264653874
32.197483834887464
34.69012672308974
36.82829021189272
38.093864010481916
39.72433269957184
40.905061552641094
40.54132307918281
39.372119187793174
39.44776458612666
37.1110378991233
35.96756239520029
34.62008727616305
35.11413825360373
33.69779347406544
32.021677120240355
31.74223580895019
32.0536333059715
31.385989476372444
31.55457452651447
31.73664092849275
32.83992037349647
32.91474926244709
33.24735991965845
33.46290980200349
33.78160152572331
34.072232933242084
33.717708892931036
33.6843575541613
33.54430866400418
34.82832690006644
35.169195752782024
35.68735964067362
36.33751111724955
39.08517208811043
41.37387823864574
45.557171383011045
48.3252583747634
50.92488763636195
53.00356395836245
56.16562299775779
56.02361146046226
57.77594246215413
56.29736857388849
58.1033454153337
59.009915176380794
58.997184136663414
58.476323418632106
59.89946988829906
59.85606742341173
61.37834675579665
61.388912508965056
61.31589323600848
62.90960273431808
63.42483290894149
64.88000387434796
66.62174139303522
70.00579757715767
76.60348914945376
82.77534786026067
89.22279912940992
94.62807041461825
101.38428381736088
110.43100338646377
117.013652348829
122.03023501511632
123.50190487364316
123.23502870742168
121.2411079243301
115.61300700203364
109.2114553245523
102.55931205906397
97.76867289732105
90.14558770423832
83.47349890216623
79.71090042184196
79.28658078161847
80.32600685393177
81.27643635999968
80.82320535962127
80.86655437076764
81.00306814713107
81.12276870262482
80.4831783551086
81.0552143591303
80.65909552367894
80.77959829130731
78.88609754121245
78.22527131337162
77.08345826044568
77.579055395277
76.75156246843945
78.6169623861707
80.73820299651342
86.40932025935487
88.50822522297612
92.44015348135352
95.30213471022978
99.31122871383367
100.96776192330626
103.55713494101248
106.00771607216208
106.72134976754941
107.31207418220961
109.58747998784864
111.42313789216506
114.06670539435032
113.71937600544997
116.31213201902317
119.46827715585488
122.65737990720295
127.26226277947322
132.03237723351495
134.9488117160809
135.2014646122452
135.65871308436775
130.77720790929445
126.4867543155684
118.47433397242351
113.21340230624817
105.71322407862371
100.744338988249
95.4640120721104
90.57206104454954
85.61620820157314
82.69871203664215
81.54828063304659
79.82605298253797
78.4150973470286
76.51306436215897
74.73545510025056
73.72024003384276
71.51005725297695
68.589279055547
64.78068801686167
59.86483129333885
55.5505311329453
52.61554469069101
52.93524635961861
52.5535750708866
52.40290905517409
53.821218559088685
56.26943861479991
57.52290994397384
58.289542642073506
58.962015621193004
59.55553631029399
60.54800489323058
61.02007060269502
60.821652161793686
61.779132166267864
61.88908571399989
61.37999414502246
59.02110671968258
56.40162129322507
56.197426967844386
53.474395315788364
51.58034971845856
50.61038056781118
49.71958188872958
47.89579133698514
46.424294087077776
46.50372737375263
46.77278529604487
45.33293505787702
44.832001278716056
44.04690942854086
44.16089764663388
43.86316410082008
43.12040408180632
41.17564328284185
39.60111558919372
38.95428001443011
37.7481295051281
36.86161189693263
37.19301162494912
39.09196241813752
40.87921923514243
42.78055871541749
44.61589667244333
45.68875012347673
48.50387007583047
50.25035866892701
53.494689820663496
53.78805293559084
52.58264075632589
53.1720874635029
53.35042488482112
53.56870671244228
54.04143427437447
54.316220003666864
53.62042506830607
