# format: from_node, to_node, traffic_class, traffic - demand values in each iteration
1
13
e
102.82405476034953
103.81175177745386
104.02030167151803
107.56655839057206
108.70966415687661
109.76492571612839
111.00588824917885
110.48357564754185
107.24068707247686
99.5532097677425
90.7264234943556
83.59372464392253
75.66070081464501
65.04418624718042
53.74074857595919
43.07808930646282
43.85458566885722
43.68318868981004
42.778019525486876
43.291324407101825
43.38229322239575
42.88712724789001
42.00275984121419
42.37861040629522
41.8669213648795
42.38040085912783
40.48646657670688
37.99272092460413
37.92062146900597
36.7777158462909
35.95666168260371
35.56441439647243
36.58113946357629
37.02974821196921
36.841944968222755
37.39400467913648
37.96919364621544
37.779280109303805
39.10488010692142
38.692716298044594
40.10779035433372
39.81302824812482
40.0997290394328
40.97886269337608
38.60495966597768
35.99564952962345
32.19962447210091
29.745636995425496
25.744638582982727
23.65252641741696
19.260214792152887
14.745120511387052
11.892715128336024
8.498413044085966
6.54395073743534
7.4081008323680395
9.817074282939844
13.997543885768293
18.679628013316137
23.76484730628413
28.789929509098208
32.313900835963636
34.82429233864063
41.15935058657043
44.68142381704402
47.34763133225276
47.88385096941423
47.82538509923349
46.719724833356075
46.354940216741696
44.496878378547585
42.24418661456376
40.47412259569682
39.18570180388342
39.24169853021087
38.367960806381454
37.59922286945047
36.845338197876856
35.5162567125288
35.79601998941272
37.1435563920025
37.20231986426133
38.40208661163932
41.786300312816046
42.744737092271244
44.02750003083925
44.41606110146933
44.60046206075746
45.58050842835087
46.522492458944214
47.283999582474245
47.4727267087136
49.3884885454279
51.07454081762566
53.71760561297947
56.27809040881522
59.31590895177665
62.94542732158758
65.4927275304578
69.51814691608497
73.64119626182577
76.30065080647341
76.71112200579132
75.99407004571003
75.67688791595931
72.4280803996611
70.62873014148278
68.88915560738623
65.74896826244802
64.52282809265743
63.639594230709655
62.12127120183066
60.449058067345234
60.333076546656855
59.82614164269506
58.97271218681134
60.497767182426074
60.330672338644774
61.82725587536379
62.740215921488186
63.67666825068118
64.42483051906468
64.17078997355594
64.92502176795004
63.791376262219
65.1507498970298
65.58298238111806
65.92419049707259
65.88717832484232
69.134610558182
73.68209629049487
79.70471641901308
85.19424092139415
91.55435203875179
94.48538801672584
101.59795312845108
105.4809954964814
107.58782054775375
108.45048748994212
109.41035937718843
109.71827706263653
111.5908823570328
112.45925670551661
112.44161924571638
113.44048202884625
114.96199989395879
116.47019444771739
116.85820025480456
117.3578053608418
119.60525488998012
121.20603505373325
122.2938911452583
127.34511164791252
132.58521627489452
145.2934931653056
155.56767526310776
169.94123428856543
180.12206502372143
191.82225026662857
209.77268446064286
223.2391507337234
232.93075310713579
235.4139496880406
235.3365433410188
229.27822551201086
219.1345631271218
205.92738881715334
197.23080503873075
185.9089631906227
170.38374805035915
159.497856294238
149.72120469075904
151.29178112554388
152.2758706761293
153.06104319742636
154.1436416220564
154.3810822921546
154.8136441193103
153.47458150998744
153.28065570048886
154.67809188327504
153.74549327442435
151.78169130521644
149.77774753519165
148.13483742229047
147.4728118329234
146.3810845949857
146.1625759905453
150.46176363647461
155.29171224258312
163.80346045880947
170.06406427585398
176.19978975415034
181.38435196267122
185.7776814886418
191.68283840267202
197.0946719767753
202.09226710518828
203.79861727078813
204.80357974816175
206.89623696113142
211.1575639162389
213.78532725666378
217.2390497991076
221.16472318163434
227.1012139690967
232.72121573571414
241.9496369544918
250.36573339227076
256.2962123274782
258.1311946785588
258.0494642892368
252.03365500776485
241.12701067716384
225.53931191627666
215.11123289599465
202.3885844651016
190.93552525327078
182.2935904314163
170.50140677287197
161.61022639668963
156.51021708657504
154.55760805822283
151.46385226654658
147.68720527339664
144.96823568806406
142.2731159795525
139.95151769146983
135.47960293581647
129.53166798167177
122.71697663031432
112.39712550859313
106.53238708980587
100.17233230849698
98.45126563648165
99.38150918841664
101.18994570118146
102.60139933417854
106.2299643250011
109.26568805795524
111.03746261667482
112.53949308703731
112.9925589452603
114.63609988305869
116.3505517555835
117.42367302573449
117.12117757637337
117.20815165214962
114.6873857735212
112.5381892701539
107.20830673725058
105.11864089481142
102.96929319923616
98.80433571892202
96.65455598331963
92.78831666223924
90.01966212815776
87.99056338504688
87.75194865757284
86.36266581027648
86.27466434716037
86.12561365218502
85.20689766034201
84.47605791872834
83.29347389432519
80.65863965402507
79.3101239895604
75.697110829567
73.18467221468538
71.86415074886025
70.28625794607873
70.88189304632277
73.07080375983556
76.72687578407091
81.10733007128509
84.29133893465517
87.08332153123142
92.48762650188944
96.2848162021968
100.75005110754532
101.00526866986245
102.2356686831539
102.28792253839988
101.81476182603468
102.21996754323268
101.61506408141044
102.31292299904736
102.12383933045808
