# format: from_node, to_node, traffic_class, traffic - demand values in each iteration
22
18
e
69.72322968632766
69.941848449261
71.55783103958053
73.8336818848859
74.5330643796393
75.33022672096727
76.79240505418596
76.33267040131761
73.21398257939589
68.5311927526386
62.132587836889606
57.64093868470166
51.72282824451916
43.10377448556512
38.122046218626394
30.192727611916833
29.583318597058682
30.102673904196422
30.223387243195045
29.792115230972918
28.89119103107474
28.55231520945701
28.230773609279968
28.908866651763837
29.688833462715056
28.442887643607442
27.72268299266514
26.147366623240185
25.64852776848956
24.865971904113458
24.67722988911591
25.20590353393577
25.239695206104614
26.30632234688999
25.25097510858979
26.23741882064073
25.91696120658792
25.1945436122025
26.22810615351323
27.348718039506437
27.419354969330286
27.02766359861306
28.17790309702368
27.851550676527125
26.472530869995364
25.32936305211131
22.526028739947076
19.4860929360358
18.918358737460174
16.162805148991414
14.249557697594433
9.856483132874871
7.446881229714456
5.878011915291028
5.255678777853784
5.865821397555356
6.480254154743901
8.529054773980311
13.468476087312633
15.43486057755744
19.481103586063288
21.632410359471255
22.982451769593965
27.690938800828324
31.02460425346973
33.28901823944573
32.990174226277496
32.80541526907786
32.40588046579108
31.719926515662483
30.433733625968813
29.18368749766924
27.785741105015145
26.901401767194393
26.347050596545454
25.440058842116997
25.17386143896386
25.502760179333514
24.405406630258124
23.949647880609582
25.4669112122366
26.489801783626095
27.69737569010841
27.70399563154059
29.50698157738693
30.266161761893628
29.548891122841404
31.057986651170808
30.91072193808116
31.620582220501177
32.03200728011436
32.83373868152289
33.63304088412256
34.306642806879985
38.219522934941025
38.657754681247134
40.56722690954339
41.98088583065152
44.49369823416613
48.603352492306605
49.86904432606464
51.1549570816778
52.52394716286645
52.01077244018067
52.82223152978258
50.469450779366106
48.87415869380024
47.143056441086316
45.57793970967308
44.259727138678095
43.58074736962958
43.30027060356349
42.167777536763964
40.009058179786344
40.96755664406194
41.0052198610666
41.67938286746425
41.301683992165685
42.70447939099672
43.15329831061498
43.47335947315482
44.184111624370495
44.92459357092793
43.908044614102224
44.690334818677286
44.0873170204656
45.6116767564592
45.19197881951041
46.68219136750563
46.55797328450878
50.58393007232828
53.82839885098211
59.847208842757915
62.01570206003044
65.35536961448868
69.720290116844
72.16342618316497
73.40418723801977
73.17332698925378
74.92856222960324
74.55893019928557
75.21248019389775
76.3177233413777
76.72130561288706
78.4536012846624
79.56304631633466
80.34199376674111
79.24805961129239
80.30489950372807
81.24502264340101
83.02391443531026
84.28138150774271
87.72573490322938
90.19702845478383
99.57238340496309
106.72104257007464
115.63612634338256
123.32233288326222
131.09799382264637
143.31204840059462
152.8131056344268
159.3269916229076
161.01866855089267
161.26818944582206
156.79829617783736
149.45050309323614
140.6499053361346
133.59981883804434
125.69596537835977
117.09585740229069
108.91998204265857
102.1805267711237
103.56177698654639
104.98367931214018
104.30746230100236
105.47012316550115
105.11059531269773
105.61190391727762
105.52778831472288
104.5933276353224
105.75466388852091
104.8302498554869
103.76628572440079
103.89780963177158
100.8481127484153
100.60369853830376
100.50127449654576
99.98845476102026
102.92887272866287
106.08471044185954
112.3913754200782
115.30946765734359
120.07224495224203
123.66078114229605
127.06611755918064
131.52403819677545
134.00901507980413
137.259361915303
139.1162331813463
140.0606862339133
142.05715220350515
143.89783719349265
146.56697452135833
148.60978980117508
152.0484415522232
155.0367053179845
159.67524424924054
165.20767990623344
171.38913867746248
174.5871113747803
175.89817993345972
176.0707534979201
171.21072772107198
164.2343747425362
153.95060661439032
146.9389958823289
136.97605993233998
130.58843474634315
124.59573313381203
116.40964726980054
111.0077555489662
107.40839819367044
105.37988183479588
104.33715884609583
101.5500354769594
99.12071446988485
97.81672001699788
94.69174263723788
92.21421086856212
87.41494557606808
83.97165221771068
77.4439213688412
72.41613051253212
68.87521803707894
67.35066031958509
67.94960501420589
68.57614955922206
70.7348854256238
73.15877139733324
74.8493884728201
76.6959018568359
77.08552460901033
77.20194525478965
78.25064838032517
79.3198051273692
79.7030834961287
80.05234277486821
79.78047572723634
79.18436189442345
76.57118010798565
74.09736382855007
71.89253591354539
69.96299301408398
67.94486711703183
65.5511092170418
62.35078860320132
62.236937896059196
60.53459891346063
59.834259651446615
59.511353065966
58.58461318653519
59.0847807818348
58.02412675154024
57.71358385635945
55.99085214895048
55.67256773533593
54.410608193138884
51.6240441496284
49.203796224149045
49.05927275478474
48.14144297002664
47.941204215197814
50.19503780583101
52.81417321953752
54.849901898016356
56.94147888492183
59.70662520830014
63.61131309208947
65.43654303892045
69.37497353913575
69.69721828080478
69.28208769385098
69.88288069579501
69.96966369532261
70.0510750624998
69.12270885120954
70.52753181393946
70.32911645570684
