# format: from_node, to_node, traffic_class, traffic - demand values in each iteration
14
2
c
67.80084385193128
69.82115742907096
70.48470910114816
72.28618823647825
72.90400573310424
73.97130114347117
74.56510325811352
74.26575830310816
70.65274613987071
66.92321083723391
60.74634217888307
57.0740849121914
51.01918708176038
44.0351288044522
36.27071963363184
29.182066527034003
28.64503244312532
29.56192035700098
29.380587681796463
29.073969037569245
29.141522752144304
28.59723973523309
28.62674055851204
28.553025475704086
28.325042900751903
28.157342879696255
27.36277814440942
25.590933602254783
24.98242493910122
24.30136622791823
24.857537619701965
25.77529611026238
24.412526560602796
25.89646681266619
25.241765974723563
25.47435752168466
26.135366427093413
24.69450287963038
26.45679337509277
26.592961040181113
26.162599301356916
26.373269117623714
27.158850880110954
26.939351412875272
26.701158906380265
24.258158994784395
22.055315911186636
19.69369843510408
16.81288977746672
14.8207536450283
13.282590514372167
9.827730986400338
8.231801727296535
5.026058768937567
5.1016355153696304
5.188115254528826
6.392561369602782
9.571977387766218
12.63038698707911
15.57540543555535
19.22418294403159
21.11371319232716
24.267916522670067
27.79745055772715
30.225122025692386
32.52569713356044
31.9477579154693
33.00894047385198
31.57174986440979
30.545561897217308
28.922328445124403
29.292895509636516
26.591002959401465
27.52144393986016
25.688305161217553
26.0799592350967
25.647444433311403
23.120375261088242
24.109743202370414
23.961977225437696
25.7653232191838
25.903761568213383
26.289143454691054
27.962028799320308
29.455327966538412
29.56993932536417
29.72174083443893
30.695763443885284
30.843628882985062
31.183355023062365
32.03202775866765
32.37052023631597
33.72087560638399
34.215152999884744
36.47339651051427
37.657294842694704
38.944443362914605
42.78051481083747
44.13727459867004
46.97271332639917
49.04209061086376
51.30566668466885
51.46403926711353
50.56600305894565
50.646133636264885
49.88435291280345
48.18775863011236
46.667201216007406
43.94074042787074
44.0486519487824
43.48557220930849
41.75686759880142
41.616548420166765
39.915198001015376
40.32282789304937
40.78473283577913
40.155072709386516
41.04823703094941
42.22952947045002
41.96302374460342
44.059091788021476
43.86786338075191
43.683203054378566
44.0117767047777
42.76244461842921
43.57586966998157
43.392979573628615
45.05318137812774
44.64050632971955
46.17866495982824
49.24748905209814
53.65654627669699
57.97958333224778
62.61046256175592
63.30265257265768
69.12740332598241
70.92553830441292
72.58938915002337
72.74479311113609
73.09696784441103
74.11036116723562
74.75909995730656
75.02661377146212
76.448390019877
75.393713548746
77.05834864898586
78.78113888702072
77.6253339325945
79.68335033308706
80.08251752843269
81.17186514143212
81.93452799496573
85.57143163397882
89.02098313441965
97.83195862935966
104.21041283330615
114.32987478161256
121.12807729122342
129.23748036780358
141.4787348355786
149.54607314323584
156.59640423189535
158.63009359222195
158.9139513017691
154.1689874115557
147.6504407542871
138.83938070168188
132.7114686793942
125.17462784553999
114.84995819345983
107.48921863939165
101.02379935367752
101.86268204832122
102.86835939051463
102.73432214660812
103.45502402824982
103.91678420204536
103.87086215322279
103.22576700031408
103.31346536174294
103.94080435971298
103.39839187863079
102.04869862843782
101.34397538523947
99.63047962118179
99.03990203016026
98.99975182932772
98.44792745344171
101.31330816390036
104.55349102069492
110.85004716354344
114.5403138075978
118.13065339194901
122.50249146952507
126.62558328157951
129.91260340032153
132.62667438447937
136.41805969207465
136.1237473035262
137.68601280676754
140.69513470155945
142.45035806398064
145.47869588701423
146.38559198640056
148.51623156690164
152.3363868910469
157.65201006879167
163.17381489538406
168.85123988494163
172.43039418884604
173.95621444988302
173.89441673386352
169.96703090142213
161.91169197872708
150.8218048222141
143.6363529517964
135.3689479023693
128.2316413806844
122.8107825251561
114.4775022540173
108.49762062206648
105.10931233868351
103.98612247722718
102.23812564598754
100.04930287801955
97.71646632376131
96.52612748169226
92.46092696128751
90.91356383964012
86.34394756041215
82.9139770887946
76.34392707365357
71.57907757277695
67.30038190216875
67.36737961300429
67.4391107969486
68.28345675844658
68.89386600605512
71.83475449476926
74.11851781334335
75.92344646093659
75.81760413624693
76.72779245040718
77.40901281611724
78.07118630137762
78.80547040040872
78.94151452382822
78.9291514668594
77.60416016193547
76.20423871569625
73.88957796403635
71.03053433743088
69.19212936782137
65.979892790768
65.37702278658847
62.430019436734376
60.74839115714428
60.138589476947715
59.515285195925735
58.49781614459368
57.26855256952764
57.64011710847908
57.2710151113958
56.01965759985687
56.55931713781796
54.67128300651456
53.01846264205906
51.14070510763097
49.314641763487835
47.960795899698894
48.24408616443148
48.04851574488121
49.37650615053933
50.92884778042136
54.36179869406621
56.81340535786952
58.871686788100135
62.643064632657634
64.42264580809854
67.17526897870141
68.15295447660036
68.85493066880954
67.9807907157734
68.82715119959896
69.48676340464814
69.25504428559691
69.46716721596484
68.33794015941461
