# format: from_node, to_node, traffic_class, traffic - demand values in each iteration
12
1
b
73.7554645226945
73.091565778945
74.65407750551748
76.91455373512004
77.72721167613145
78.81768215364136
80.30775470999924
79.73987585499093
75.74557483579596
71.68102581444496
65.44836069714766
60.24211860772468
54.89196996403333
45.98009432231844
39.455332541960885
30.69859071772462
30.56965299043906
31.008485408576508
30.33998983269378
30.998233378875174
29.805287807077047
30.665883023404835
30.453981790925354
31.451672907872403
30.87137585615524
30.1015738774643
29.514989320122503
28.12867095703086
26.89212608794048
25.22140309636348
25.733941397931194
25.992867796409808
26.211978463200055
26.412490349322074
26.53356813607553
27.28301017505228
26.71876010562321
26.60718653775906
27.945605056817097
27.492359521006815
27.956662134593373
28.686787587379577
28.510419641322127
28.499346794989883
28.92942735327794
25.96543889908185
22.706868568031087
21.120126162265578
18.35650649677579
16.094843920877622
14.02323734854912
11.216022428140798
7.8325089740354015
5.754849778406762
5.771538753111423
5.771063271361725
7.356825811284848
9.848729681026509
14.469955733348366
16.71964067231587
20.83445143275425
23.15679836183875
25.554749604056035
29.08052181817602
32.344832073023795
33.30458953114948
34.54078324119972
34.433848843317286
33.25979959620503
32.912156660910995
31.355634734303024
29.820846339648384
29.881069835084865
28.939518780826837
28.879937406873918
27.36966932651397
26.53766217107926
26.614772429492493
25.308451085280307
25.50311460855511
25.491629399131735
27.360948904854947
28.869830605615
30.24503858682369
30.891910681718166
30.987804113542882
31.463251657491647
31.539441746031905
32.422647740618046
33.03697818256435
33.39358364983188
33.84093501058349
35.97067275590142
37.05752705623897
39.047773014198334
40.322591528033925
41.997630982677904
44.47566247766382
47.094686007608495
50.61332280879851
52.970830974010205
54.54529210033675
55.15773732276398
55.68451226912748
52.60536317767299
52.6848064160542
50.378221525449334
49.03281502214233
47.09481500910175
47.2052918982541
45.858979698257805
44.610431005415364
42.9840747314386
43.128138515626205
42.2322494179416
43.02768999091759
42.62968476939724
43.35603091546524
44.943115389161434
44.906810695934254
45.63249629173538
45.47587610728567
46.61714707860642
46.120242184537936
45.929544625485946
46.60768168246748
46.490876241317515
47.90802314981212
48.29590930854626
49.49173667209712
52.80341683575366
57.62236435882567
60.38745446515871
63.92977491862487
68.68977136055778
72.26104237329474
75.11874555988511
76.62104229229219
78.36352762591628
77.21954340997483
79.03675595466335
79.11393668895418
81.18661529511415
81.26950523726356
81.59132327231012
82.74757367488758
84.1648582955081
82.72396371956266
82.66503782078537
84.84600836835055
85.92923202891778
86.64465177670718
90.77510884339397
94.49908979963475
103.94157464956928
111.50354554317678
119.9878646010933
127.72760875192193
137.0928160173935
150.77257588499145
159.51818591683212
166.3917045999124
168.06571797976326
167.59932912061228
164.84679886020666
156.44653725710074
148.46288804894812
141.03900969359776
133.20797210616647
121.40786698629589
114.39948597979846
107.34895904154024
108.48425601305966
109.15617162782398
109.53583008417402
109.710042600921
110.117306500566
110.61699413703367
109.99639015447121
110.23766709063113
110.44333489878642
109.40510984614748
108.71254841260541
107.94653749912622
107.5250693804977
105.82173216922915
104.07373388457674
104.66532898267903
105.9895085542304
112.26557032872873
117.12939287206822
119.91178352787968
125.27234613792614
131.01627021882538
133.1431216197351
137.27594120070756
140.84485492441098
144.38646822800172
145.98050611977237
145.93344512526303
149.42685637644868
150.69439229578288
153.41708157149486
155.29748765913823
158.82660817468252
162.17013215070682
166.85010993259894
173.50211874948698
178.96081438230772
184.0554653090953
184.56497984976522
184.27796935518046
179.80642659849258
172.55312446048922
161.65349635861236
153.40134336408
144.5469890319082
135.94866268977873
131.37258604230306
121.4818189172764
116.2937540499634
111.19968346248352
110.33415455972766
109.13764560703639
106.40577259648812
104.0943316912783
102.18710888036092
100.74748972159362
97.5207665839634
91.93931335068828
86.41589943727814
81.27294590457124
75.91470261044815
72.02539351748419
70.97973796213283
70.65271024847638
72.11542231933464
74.33211651849085
75.6573951496131
78.20440721972787
80.24139886390653
80.15321915855799
80.34759447875923
82.6523339966746
82.94902282308936
83.86533667203382
84.08953696403556
83.82640051765445
82.44496600764766
80.0498173098669
77.60716315223858
75.60301223607739
73.4789190283379
70.35201260939523
69.06305697809829
66.69582325226347
63.95392614070212
63.372738430733285
63.05727419105818
62.37974760813938
61.85709138574805
61.189960890655286
60.38192227777869
60.53052965003784
59.39118137005237
58.46837352426509
57.38451700323891
55.332715245851595
53.17171712904351
50.85742639601717
50.00258205171986
50.48748723653642
53.54779110248557
55.370446532166994
57.91463422546068
59.664137254625516
62.9638041659994
66.00803251833841
69.42698228460299
71.5664307815244
72.86875140939944
72.27060181966803
73.07164453895068
73.25870098981248
73.39362159602062
73.82728616619451
73.01045882763538
73.78748077670963
