# format: from_node, to_node, traffic_class, traffic - demand values in each iteration
24
4
a
155.94808853557174
156.67155660233917
159.27054955980898
162.92027215794513
166.05575384301133
167.29774598322203
169.88464139137318
169.3973311437981
162.45258394281572
153.94536154717872
138.12993025614975
128.26277379333268
117.69735300562667
98.18446372653209
82.46395522480155
66.61141181427514
65.61509044690925
66.94928358621202
65.47874203773408
66.34359685910485
65.02599971741218
65.79312500408562
65.30841377222237
65.7284362797083
65.24672871070791
63.85214763011574
61.242697053754966
58.88036280332791
57.0329115119413
55.91268793482245
55.691122563855245
55.46149880874867
56.142937119523815
55.599974405607696
57.00529379995716
57.34143981434518
58.37132382060299
58.817119869543134
58.02975228927069
59.8079619394071
60.7647183169416
60.987154162237566
61.63955604801913
61.047554174596335
59.19988573768778
55.13091551275211
49.166858465037066
44.9371634861186
39.86091821351139
35.52029319807725
29.53557808450911
22.43974134800012
16.464012113204397
11.82312914688738
10.655232539793317
10.876798432911604
14.284073819018644
20.657477676523484
29.149380446023564
36.334175912772984
43.7670139403503
48.5729451033809
54.15012808673507
62.433242744874065
69.11114420321577
73.26663182808484
74.1832432608344
73.0968032908739
71.39629237968428
70.06376476975947
67.08769848006476
65.22450307719232
60.87219085844768
60.3668678882748
60.30624446058601
57.4762486640957
56.355013426648405
55.453334028395616
56.46687945599159
54.88992491468553
57.30130826200062
58.282700551183844
61.079446878022054
61.981299265952934
64.93605713082003
67.17610040249289
67.62274369225547
68.96294966177292
68.680625217383
70.47717163957726
71.84302053518448
73.09315807344697
75.64174977609724
77.72906356486901
82.93399511069343
86.92033064880533
90.28545639416815
95.42487020084724
100.75872232967559
106.74646239819545
111.31910424381482
116.54653474690855
116.15082603828682
116.04678973740215
114.82363533880286
112.09175135838053
107.73823098097897
105.57184149090301
100.38761151369003
100.21963303535809
98.2808055967474
95.54997134898237
93.10782812939236
92.16625866784649
90.17654209512574
90.31820508199228
91.28709803892659
93.53567406347304
95.50416757021641
95.42441177128006
98.29508963309235
99.00076341323401
97.70520846718175
97.75276724908264
98.32454444448764
99.47594131284623
100.30511548236522
100.99297004303386
101.72457562949894
104.06317165406392
112.33597693600862
121.30931584403969
131.07669132376216
139.98689619023858
146.40191261444065
154.7937599700377
161.18227533407227
164.0412585701511
165.18894480415736
166.71374588563123
168.29312823888108
168.92484067001277
171.48079369531573
172.28715560863864
174.53056387393502
176.03804220681596
176.89385512419625
177.5253705511235
179.18649765256308
180.8997776662081
184.3007496879137
185.91126440526037
193.59136711884983
201.60737227425085
222.08650823122687
236.6140731632251
257.9397740106081
274.8411700355898
293.72131532647535
319.30350711680865
340.15099328450117
355.2626509433046
359.54441601665343
357.8787407666934
350.1788428948589
335.6461787456808
315.4230414188721
300.3552056226642
282.52836274703833
260.3319851668973
242.6769421404546
229.2279530206591
231.6585105728501
233.8302373515369
234.17639181679448
234.49261106719354
235.71588585555773
234.68201437532778
234.45599485054072
235.03146255535236
235.55875628608322
234.06741854166302
231.45936261162055
229.62904125650303
227.27401130597198
224.68449449382544
223.93296019671067
223.93183734774547
228.76924495664053
237.96851026711266
249.17597803777758
257.44654654382737
268.30284070947675
277.53255254140686
284.34823391998736
293.96008261397174
300.7025765458354
307.6061841952974
310.14040666985125
313.43597164889866
317.72537131864857
322.46456919202086
327.3459477534276
331.4139743957331
336.42603833826064
345.5076937033029
355.2102639764854
370.54426897075956
382.23488454371517
390.2651971011826
393.3533541217481
393.31625479135516
382.9257854302304
367.52304288764935
344.18576353003357
327.5598145685136
308.10008812295297
291.47322355978787
278.688578975852
260.64132715708985
247.57879464121223
238.34630475737734
235.66979876645954
231.83704714761836
226.50312925594383
221.36572524410062
216.09606641408212
212.47545861227874
205.77579328533983
196.46039688415595
185.9582475981908
173.3665319842047
161.48050674538396
153.47016755803455
152.284045065935
151.51747807574876
154.60059882824223
157.61835646290263
162.39603740688833
165.86738797644836
170.13179326488387
172.6400270620919
171.71645795288777
175.14045593961387
177.5822732879622
178.11883731310553
177.96496938456283
178.23588371142296
177.49552208870102
171.51606750890068
165.22794011447425
160.66907420402723
155.14523619830442
150.40564573959966
146.13674047755885
141.8452692244446
137.6323156536805
134.96595775310612
135.09044687797146
133.3253947670594
131.63590406448617
131.6449332122064
129.3130096676846
128.3429618620188
126.63727992561479
124.10293079077432
120.160417147245
115.78083417927628
111.84237109365834
109.62641383516137
109.3130523098169
108.12926902260011
111.8113041588582
115.70738301485281
122.63447980518906
128.248200374446
134.17823860817174
141.19614079817848
147.75141018240993
155.33199345486508
154.8035593705746
155.06613015889332
155.66187646191455
155.11913432291232
156.19587814455986
155.9610722314033
155.8312151997073
155.7281622262077
