# format: from_node, to_node, traffic_class, traffic - demand values in each iteration
16
19
e
133.24815307218947
133.27753642914575
136.055740592759
138.09454861163042
140.97683008041457
143.50409972611337
143.7809728885047
144.07574019820052
139.12618996240695
129.83292678596698
116.82450372606543
108.3297860547071
98.5567997565521
83.14526340298173
69.80809761547333
56.57044846482055
56.67074615974739
55.748098757430704
55.98201098790618
55.29080494323804
56.48606921974156
55.71127340243476
55.06081007474792
55.77392940255074
54.245066817667954
53.512298661328416
53.093432073895876
49.75749353954755
48.222742082388365
47.57575023740306
46.95752213697067
47.74752926808341
47.55162705734895
47.61944143277523
48.67993644019494
49.00373023184701
49.62817353240041
49.83111847485032
50.869519355770386
50.35861890137913
51.81664376620664
51.76837096641021
52.58058839740799
52.29628287511931
51.00857066529159
46.67709864240631
41.93609891553991
38.1060192843143
34.14338335684843
29.481730187373895
25.850579950254122
19.305613069443826
14.862423324350004
10.420569456745248
9.903267835577516
9.143484013804276
11.370549196689021
18.433534912444955
25.334728459238956
31.63302602399113
37.1695074451878
41.43618737466722
46.230470580167825
53.14762170633836
58.33986978366736
61.479058946850195
63.19219958947867
61.65636284707066
60.73317556368759
59.730417595068275
56.81533904820307
54.5808123320041
52.480103869378304
51.04817595800826
49.93592209067035
49.60467766871231
48.215260862231716
47.80489757095022
45.92618103887117
46.911668386392094
47.609265989750334
49.81143932685865
51.566630645054126
53.42760332592192
54.70465910869603
56.688559472726716
57.00859713622938
57.744189450015874
59.24925566324432
60.37457055161275
60.345553710198196
61.699019684734395
63.94192117723333
66.46298576370002
70.86752285168645
72.9026659331614
77.52528889661706
81.09893663445976
84.4873091778619
91.1584768858264
95.29849314841954
97.99224972842929
98.63561275123119
98.5101837071518
97.41219125040321
95.56388974684182
91.10302455213179
88.20749885991279
85.66542480390842
84.26454660873613
82.57318324934023
80.83584131736028
78.65022795762617
77.12256104526882
77.14798508218274
77.6792059291434
78.37935367233636
77.92928702270865
80.3380223299809
81.09493478139373
82.5420606634267
83.5520000293072
83.2984943795597
84.14161963252282
83.2216093865161
83.9266469423538
84.5317591909021
84.90763860655751
87.58729680056221
89.02102054973007
95.14435150995126
102.4367438198404
109.54262708795945
117.33551663686038
123.24043521794815
130.52461535716049
135.48954959634187
138.76509907816336
140.17633995517144
140.5295080432896
143.048360737485
143.9013664025072
144.75002432458191
145.94167023158053
147.7641298170916
149.41076788630468
151.08834784298688
150.80715711305575
152.3309613513794
153.54731253756705
156.145175159878
157.96820896645963
164.3060329065296
170.24580183619878
188.05453438431647
201.50031228176942
217.83503552484578
233.97160794372084
248.4619320907645
270.46430334025683
287.9601687613699
300.8816719384387
304.2288120129913
304.09196026702614
296.5810521589844
284.6688305561453
267.3013256768062
254.76985430206912
239.82845200602492
220.83629658877044
205.9137815264358
193.90264112428792
196.69719721313058
198.2365313411423
198.72766729645159
198.49259664720577
200.07906307519357
199.48574340523126
199.84043268259018
199.75679940375636
199.91306388637116
199.05599195678812
197.21156182571104
194.74435290819036
192.51359533506854
189.6981174766027
189.08530889566026
189.31034266946764
194.11325415445302
201.1088678806644
213.41920232651597
220.19838353210463
227.13334220817245
234.66843070068762
241.45328802581665
248.58459292065388
254.37864716398747
261.5194596913941
262.8513997462675
266.0196893604463
269.494447385368
273.2090659042824
278.0130080817893
280.7633483659254
285.0683478517067
294.1394514862902
301.36390215316493
314.1592752534442
323.98906794501545
331.3371181679026
334.47694187502236
334.73112046835
324.15013385078987
310.6069051129749
291.79356678182694
276.7418525468521
262.54029290476547
247.20541597795201
234.78431050864597
220.81181989786364
209.23672396023474
202.06801410525748
198.99256925891564
197.36001069409105
191.7400965029351
189.0661212071731
183.94286910821177
180.18370368595257
175.45196485953983
167.24095974566706
158.7926425679865
146.16008715518615
138.0907711636198
130.61975277709158
129.4942010831098
130.4530729425929
130.51514931953693
133.9530469645799
137.4810759204459
142.12319301447238
144.1388535273692
144.6217985752983
146.12601119567057
148.21339272439783
149.89986456435923
151.57447436443522
151.17432058467912
151.7536440330362
148.37124258246342
145.41566826154505
140.06382689814873
136.4539639468204
131.02396891670185
128.07297260798174
124.7040271094194
119.86133052293754
116.9593483417187
115.16752492691631
115.15815974189827
113.0576387369619
112.10632560105071
111.00122957309658
110.45629955850221
108.68255787416402
107.12954617663739
105.39949728568483
103.11971499348022
99.60196525408473
95.37875459054145
93.27985095913373
92.71886012072025
92.1861955529276
94.19463771689254
99.40407726868004
104.16621450289621
108.03946885282049
113.66263308801538
119.4693577254236
124.43582069839175
130.4487571356989
131.2953261510668
131.54575510364882
132.05097925204237
131.00554265164433
132.22918023632377
132.41003499275558
131.88966398086663
132.38016305811524
