6
26
b
110.82872702870397
109.88599005707766
110.85766601172506
111.36377269517898
110.59681917558648
111.45943155200474
110.7594072586423
106.78369489367533
101.9907381361088
95.80842056924884
90.20004536811678
83.92375770359169
78.32993556313816
72.96987549723245
65.466668357204
58.04636532370085
53.272166185492914
52.326706273047456
51.861925272861896
54.4552951790227
56.67193925467985
60.073709616394694
61.60324003990592
64.99490025461478
65.53411154847348
67.29548314306497
67.05876862700981
68.64415272743629
68.43901028486226
68.54401650213408
69.25615072199955
70.33183056393787
69.9209496518284
70.52676021378169
70.99119483113505
70.93797332159053
71.43577272418547
72.18019769877233
71.46930056759867
72.23310065501876
72.55740421046742
72.27903023616318
72.7959410741895
71.69704299008691
72.7548320565169
71.40597987932877
71.98055562413671
72.26512107663278
71.87546727362579
72.27075010856635
72.16018758199488
71.07478316541443
72.1831561756725
72.60599977160554
72.03061656775407
71.91627745544143
72.23501361159173
72.36208137375718
71.65040989262637
72.29801655254283
72.35517419638902
71.70910396771328
70.64324051496413
71.42399488071251
69.7399956406222
70.11343987613054
70.25776499668291
71.48094030665101
73.82782806504764
76.56462632362513
79.09380957071238
80.55544829867881
84.89384092191622
87.24944282459103
90.92877174320567
91.770054585089
91.67147188323572
91.99233071078959
91.8952544568139
91.85930780020384
92.28571075744168
91.22972806850385
91.33445785831671
91.66047048288914
92.16313789504355
91.511183077344
91.00111912682512
92.37766168437717
92.5248118810836
92.46423197871303
93.14388107050098
93.07629141316151
94.75226533307614
101.01621491103413
107.77167981360978
115.32596524944589
120.5796844680448
125.26850789332795
133.17852355893572
139.61299093078105
143.46256978945863
144.3571493245753
144.08888873413312
143.5991728742925
142.18707821563999
140.56269864482076
138.63932072921486
136.98996537604032
137.10475564348548
137.40321062128996
136.96209944532117
137.44655408450694
137.2350405213933
138.23536070569966
138.64053843540532
136.46666901159216
134.99357104138784
133.24997308299965
131.7324424578447
129.99108561891862
128.32140253198935
125.83941856622346
123.25089931392496
121.79208902164382
120.22409097232703
120.46089754285599
119.75765364394854
120.68678523980908
120.75070143454737
121.30513345687673
121.40488556671231
122.95606411023483
122.27647069963581
121.55812704389126
121.8422590341113
121.29887616090835
120.80981075178147
121.65795965423985
120.06873920293268
122.65958578219043
123.96718969480982
128.88736379567482
130.5886952277189
133.7292566796425
136.33642468616424
138.73911028448222
142.99923416969307
146.92446359926294
148.60761296775334
149.9459817119907
149.21099430750985
147.52232139742924
145.01647464938696
141.56143935996283
137.86270045180376
134.9367669266149
132.6087472748163
130.18167135224763
126.62943419314446
123.58967064429385
120.91750290864607
120.30554470182209
121.02732575242382
122.83799481893263
125.14159529703085
129.57750323516672
132.70265271973219
136.49191625064717
139.64863642828206
141.6695565671697
143.07737449820775
144.60524421993577
148.5902753620787
148.7076544299412
149.68364281784343
152.4123796856529
152.96086228065616
155.86906875673202
157.11238653555307
159.42773982917132
162.69413334136095
166.42621060765939
172.26851418217538
174.315654524197
177.83276559954885
178.1051058944144
178.46117695278957
175.95882245029708
175.6844042941559
174.39001511029548
170.80244159833705
169.33982997810847
167.5898831875035
166.688104342841
164.89948295505056
164.71564626298044
162.6254933577494
162.79331643701585
161.94429607819265
164.27890457308743
166.0328211127518
169.1212449521835
171.5738117161448
174.70904632514262
177.32004094697683
179.14270386651785
182.44991583702733
184.65870886873122
185.62671638097893
186.78660027785003
187.13246516211686
186.7559261159442
185.4038266070789
184.56183695086028
182.74754088071478
181.90438979867972
181.03062473827669
180.1015883421839
180.7950753827399
181.1776701864507
180.9738048726242
180.42631863354003
180.18646337315099
178.5420252316745
178.36397184951306
175.63704546430878
172.2323449847697
168.86711324759233
165.89998414584676
163.20033853374878
159.59561856300823
157.9167979575952
156.51305692570756
157.04949565552954
155.95596237545996
155.4520304076708
156.1889642964475
155.02146140570102
155.2264523003882
154.97048430799484
154.19770991487349
153.15578324727318
151.89868682231378
152.26819534595518
151.1201921977288
150.02258593131486
149.8103317632631
149.57787116498827
149.3855392457056
148.12012933507665
147.54557485494288
146.7808315757042
146.57763593653505
145.77095906908474
144.8514819047088
143.765069956619
142.2653519419437
142.8287639465383
143.88581820380406
142.82388631827982
142.67662680858962
143.19051225771113
143.46887869872486
143.59696190033895
144.37043437254516
144.93942289472113
144.55506186201316
145.64247895022294
146.0371641014804
146.11462583418245
145.63610700602732
143.94101080061702
141.74794708617347
138.71358411976345
135.79030070495688
133.29144940211467
130.28647679741636
128.49683648330645
124.96945417709635
123.56999466970495
120.624224853515
120.3374767235611
120.26917054646874
118.83032343916497
118.07724722424338
116.59369995536711
115.61493919392287
115.31679081737958
