1
16
c
12.535388969185918
11.856811531659712
12.12753994717788
12.771053757866568
11.830091000582835
12.201968816984094
12.682738740701877
11.062959331814863
9.894572034362794
8.919938285953991
8.031838064916936
6.713387004291432
4.901562375365955
2.8843835083187694
1.0165248967015539
0.0
0.34875287614902556
0.0
0.6082249935950277
1.1450464998467018
2.636896164696381
10.325191987737515
13.524246219506125
18.755066353652854
22.95773827060196
27.681444862426734
34.68498590836339
39.651568779009914
44.80105615276686
44.63226318581852
44.57441109493609
41.46141356585024
36.51228809043088
30.544959179494032
23.237413903554586
16.145739000196905
12.342736436220715
9.211558423211985
2.0487450866220973
0.6120952518060174
0.0
0.7373567602730491
0.0
0.0
0.3637168836867507
0.6890496416089902
0.0
2.0463804768809903
3.4827793235235083
3.360414621408043
2.6391764477268045
3.1348377115901433
3.806076087857011
4.544927329800192
3.8231265772506644
6.563849006126187
8.299521099350303
14.720079060622174
18.661045941330507
23.729397094064772
27.108622105446255
28.5447050167147
31.33519894090284
31.853285141556036
37.051312129706375
38.91049375390136
40.81016022345379
48.54725579517124
56.77379006787902
70.95311527548216
79.79389591534225
94.88507639172107
109.0152570133626
123.517111261404
144.80175783649847
162.35663328833556
175.6174905223323
178.9572518274903
178.03999288253274
168.8420849637355
151.47056161760852
129.03219812239854
111.76935039330776
92.20605105456247
76.92438193708476
64.08251932693919
42.767464340778346
26.769756685621726
15.820211169647411
12.627884083049262
12.882925791583302
17.873455299743746
24.235501316746873
34.766186093218884
42.21041843767837
51.53239185752474
54.27566574338266
57.394963760311384
63.4723739565937
66.49705335791967
69.45961410106392
70.64484047256157
70.27326118322561
70.6317859770516
69.41405227095866
67.83463176748339
66.6465000948971
65.13561578999098
63.915683112739956
62.15358971950873
56.282248452322996
53.14389215489058
49.59056560720949
48.26786273222809
47.92966874115857
60.91949849882232
81.87510427249552
109.88765769854928
130.59241151508974
153.98860298631772
184.80106937843982
207.7968051311041
237.82085597808685
251.09762752615734
258.3900938424004
261.4463002488738
263.40605000372125
266.61546591640376
268.7271064190333
270.5431031551211
273.5695696252228
276.4786640202294
286.18866296493286
294.6561417774946
308.54170305211005
319.31703260563114
328.73016936648384
331.5404847478025
330.9914862792501
322.42122631619304
308.2471937321263
287.34590753042204
274.00726061189545
256.12199798910456
240.56209631104466
226.78955820721973
211.59418923689503
199.26129811167024
194.3018276918514
192.25851005698112
189.08176845051858
186.152318103354
184.048603635752
181.60558887588064
179.29160526952788
174.9221717007929
168.29386665682554
161.29908586717212
154.70266819065688
148.6070342941348
146.31986670439565
143.97768052663366
142.27040090851511
140.06663082523596
137.98997803519347
135.38087973684094
134.69326344591482
130.5912714254546
125.64052778384135
120.42233429874834
110.9808733590015
104.97817462844273
98.80018895460735
98.95516038285787
97.73594865805809
105.05004937316563
116.3638603527664
132.88318896493973
144.88128158085738
158.8059203705024
170.02614277459946
182.66925876078963
201.27829526806724
216.28627788704563
229.0426477249134
232.8508312314693
232.1070993001966
219.84087630961687
199.81245419188681
172.68152189263526
153.4586237767579
131.7552242459757
111.2056015007469
94.78333589182992
67.15770315160664
47.30675543902149
31.98565182378496
27.689884955342563
27.275241061089925
35.59840493970654
46.651232675105355
64.0675175424431
77.7993242127973
92.16926544553579
100.8750029701131
109.91336924514708
122.52894423274851
131.7475737797393
139.77100495296182
141.74474478716803
142.44208971202258
135.85308610289266
127.90525574370389
116.90241195177782
108.43907657760121
98.6902289104385
89.80385219892038
81.4748500978542
66.80834986431616
56.65683643088636
48.154910149517065
44.43252342994277
44.258146580035664
58.72974719176979
80.40228572648752
111.61690098752831
134.14622518386034
161.1074118522289
183.30249103252527
204.90776707074954
239.55507100943385
264.6095959701526
282.9696108790443
286.97263484018134
287.2337338259096
279.0173905159592
266.3313814128563
248.24831279073987
235.20044402727973
220.81181134891753
215.89925464796963
211.24219217904988
206.4606664179065
203.55932186504432
198.09860041814215
194.76272438764528
189.74013635453528
179.63887077234347
165.4563251562458
146.00824310228097
129.5935970529728
109.49657306302231
90.65474509567494
70.90809193666685
41.58092610457584
21.40924099146547
4.771680696690078
0.8630454043845778
1.163630966374296
5.105476233565526
10.102132222693829
17.28231225350692
22.905294291904553
29.557410482525917
29.78973523828385
29.51430616048732
29.50194872091766
28.878952711467978
29.40116529457141
29.406305596065412
29.129619643103545
31.042599657356057
28.82965470689017
30.167043963313304
31.540931670918802
32.456218041860886
33.1009759279805
34.790934522635524
36.85950991587344
37.7804034528179
38.39691682758231
38.787853653226556
39.07079629922175
37.8928639396485
34.21077217785574
30.282244547637134
27.040187614525852
23.88086463899525
