10
11
b
13.118903120430268
14.092556256918138
13.696874000184192
13.238425265577739
13.996755123376703
12.858730760377842
12.88553909579521
13.114603344825673
12.1617644901673
9.649006763555464
8.002177735897614
6.033126714597539
4.827501967942752
3.482513681188983
0.0
0.0
0.1475361150433309
0.0
0.0
0.23150577347570192
3.9675170941339664
9.601835742735664
13.329149829824626
19.55734921602173
24.85089802849496
29.333189623344627
37.249397503110586
42.69491622254674
46.83736474349861
47.596932709350625
48.07100109398025
44.657821815976995
40.01945777974627
32.18551328406121
26.907751342102113
17.532361310114965
13.549330794009647
10.02383173908199
2.4328311317314695
0.01809848188831873
0.26631614558798467
0.0
0.0
0.2444335075560723
0.0
0.0
0.0
1.9289603327914222
4.3309261030422075
3.520137552750134
3.1063016155017307
4.352078129299573
4.270949067349514
5.582882916215828
5.305124855458224
7.348380836561676
10.783834734570965
16.486628842552918
19.96019476506079
25.539352283338573
29.394652605859296
30.816570289174265
32.08234736073981
35.499733995937255
38.77119969832008
41.689029895192036
44.1491188591795
51.842610932946606
61.27130938593875
77.41946609981437
88.15354431743953
102.15101278611496
117.57485122238941
133.1730456799367
157.02466390965486
174.58258759504645
188.8583690131283
192.34076612747
192.13215181573835
180.7525589148253
163.5572824329222
138.9856340137016
120.51580154898635
98.93421116855993
83.80669975203223
68.59319419499049
46.65772071450973
29.013474171638837
16.742345932679967
13.949434329485051
13.250229199797587
18.50348614881383
25.668843143592557
36.00209092596086
44.9356737389862
54.985871213537145
58.300979731430324
62.174809695817366
68.85732113306071
71.82050257406532
75.3036638230896
75.47763865438009
76.26225625101783
76.29137799537237
73.42958973372686
73.59544292631091
71.04471125940275
70.58126113560874
69.15317727253492
65.57969856909347
61.90122074582573
56.14849613858399
53.1236966594738
51.777570402319235
51.47069348692503
65.88666283838978
86.75402109111089
117.83923708603773
140.01940395085435
166.82832321390893
198.37019171135336
222.5841608542818
255.94999928908416
271.0456032841723
277.9996401775877
281.34967485743795
282.4965506814273
286.8830999673271
289.3826788432626
291.6531796758024
293.33899157477117
297.32745845722195
307.7909600558988
316.5075327874612
332.82564559835953
344.21133293252757
353.3990911036012
355.61721923457304
355.6937286011184
346.26156321667935
331.13195704368496
309.5277327212787
293.0407483072363
274.61429425232257
258.7792387916016
244.0371308751935
226.6879169724599
215.82128183721116
208.7891749107617
206.8564191532735
204.23427438173337
200.5620829307487
198.31841288517137
195.30624893595166
191.87484788264393
188.57261715061549
180.60608471055
174.23484791568112
167.0912688606869
159.85877543622297
156.10559837514194
155.39656573750187
153.03803726624074
150.19438706346426
148.82276954052628
146.1932217084733
142.8895915379956
141.3511110018345
136.2169913749854
129.5343833714016
120.67731868415105
113.07090611453614
108.32481490598876
105.75963318264641
105.25132307590766
113.11134102113753
124.87317769447412
143.1873858872385
155.63474116875892
169.16857709136744
182.17699762622644
196.00813750686717
217.2137528916229
233.55853733169587
246.25752925538362
250.37131030685663
249.76370211187287
235.82854650774513
215.90110104643983
186.66793671601934
165.45861497129565
141.12626867190832
120.32996339850646
103.52070054021553
71.96500762499883
50.73674767543167
34.03549975592596
29.547511058265428
30.199795383026064
37.703683510874214
50.629183727136514
69.61839695909678
83.34064809588814
98.79074433856503
108.34419848255683
117.13592586206627
132.17885067866646
142.357905339197
150.34736764464284
152.4917985612944
151.856028701571
146.96560229179164
137.3433928557295
125.40720271471885
117.22873571319082
106.07438113752264
96.95589662933551
87.85616286968148
72.64993889485154
59.639898218510275
50.74640200920831
47.590910221165146
47.285625198741116
62.13654798216429
85.82470061661058
120.05880953884606
143.52098247748586
172.56588781765055
197.05136787117416
220.3047931746533
255.52871253460293
281.99461590991984
303.7777196096972
309.0168701459847
308.9450442474505
300.407283924642
286.806571650247
268.3335053601299
253.37699396554234
235.7118047021471
231.54623817515937
227.4556216556421
223.2597181565579
219.01074774765542
214.36516830287215
207.96712152012506
204.24858733006613
192.2306888262749
177.63548304451984
155.47226514612774
139.6485175303216
117.95743871510322
96.05118449811394
76.73315358731517
45.391878252174315
21.80660985422235
5.541156574114931
1.1510429797201653
1.5488715549418737
5.359842967592874
11.152997806571792
18.868542597518093
25.36360154798199
31.230535917590107
32.14062783316301
31.536532937053508
31.687711038342588
32.161401890031044
31.56711371886614
30.97363000525803
31.51706546304396
31.111804859856072
32.619987220949774
33.89478403058546
34.52826099366066
34.91550989020973
36.47352846145234
36.675498019859425
38.6137095946587
41.198965283725116
41.57483184302492
42.33055580690482
42.56243925787089
41.198831226242284
37.06241247174661
33.10889551230719
28.170080084306328
26.661869443824468
