0
20
a
35.70601470625423
35.29545880482323
34.99586770311007
35.74989311531952
35.08171718862489
35.704912318478556
35.34406347295042
34.50529471834977
34.10245599111344
33.28306290055025
33.410514877736176
33.339353247662906
32.9715412819743
31.994581798188044
30.764675376866414
30.804789792839173
30.121072663470745
30.17286075605469
30.536320971236606
30.361679900658114
31.750352344510677
31.708386214332272
32.502377692873694
32.704144481318295
33.923948057346315
33.95692719582499
35.39643056067165
35.83738264469598
37.806739366997164
37.13544671406507
38.229428982042755
35.657813084180475
33.799408787201656
29.610330459115822
28.09432656591981
24.65393343283803
22.84554181602652
19.76302051921796
16.565599397216705
14.293573683010596
11.786057777432605
11.449866907118906
10.973162043141985
11.365465062207074
14.615450288377783
17.172102367796388
17.27603265130135
19.23593011396816
19.436651606879124
20.603262900231652
20.54777308109518
21.0263936031146
20.490109275610642
21.667361527925575
22.848340443753607
25.19064666089612
27.89985480350798
34.9929796895868
39.269963200066336
47.11570683433958
53.56430468202973
58.06545854306536
66.9752313256816
72.51866247103749
77.33639113592234
77.68068094294435
78.39410284390384
77.43627701953932
76.44851663558482
73.8045116863437
71.78149938590096
70.38195321839721
69.7591254118807
69.52407948973786
68.56523011567576
68.27410409747687
67.71778781028773
67.29944808298542
67.1689148227381
69.64263410675588
73.0689718684322
78.62420777602567
81.3291000838101
85.06154427806007
90.0120024394573
92.84726530465207
97.03556003616704
98.87512289096676
101.95436242750006
103.68792573980156
105.3682562701115
106.94752962200198
108.85035873834242
110.76744186226341
112.81716361356129
114.64011803473329
119.05146125412365
122.08913119307515
128.35371281760703
132.54089895408114
136.8903422145684
137.91785329297724
137.3643455786121
133.6269771838856
129.09369526428623
121.38206855860962
115.49750727148205
109.04620456123513
104.34240518344538
99.86515906489504
91.60096458930045
85.68709634408184
80.77334579905956
79.23028168057479
79.76718196685071
82.28811498572453
88.16453186806451
94.70971346136804
101.26392848537965
107.75904568152352
110.98613308499714
116.37486382841666
123.22980324213039
126.79065992833273
130.02811657254804
130.5145531511991
130.76239209713182
129.96145387675796
128.66931307043842
128.25632532980373
125.76049068482995
124.47515890334901
125.71535401491775
125.30303281038432
124.36056099972731
125.59785586474256
125.05505804763332
125.82469277371352
125.89625892247767
125.67906505513272
123.70737189717026
122.2957688073522
122.16526763381262
121.20991029114009
119.53546042827165
118.2669275043487
115.55916816205108
113.2799323098713
112.5550251089498
110.9303795627952
111.32117397786271
114.76620743558539
120.07160140382781
127.7787254533826
134.1510479116692
140.12425683348442
146.89339331510982
152.46670866737765
163.01747480719075
170.0937934661332
175.081338603854
177.58924638648142
176.57293863071445
171.99264004489146
164.97566438042927
154.93466149688444
147.8611042868822
138.01320094885997
131.67031986792327
125.76253583687503
116.6562208958548
109.3339083167294
104.53017616806677
102.96306655151903
102.72354114366259
104.50028776375885
108.05114783421979
112.35062320094868
115.21355775076788
119.54356281853403
120.81433810626055
122.7493912621471
124.75005834681151
126.2789408110572
127.93997713898014
127.9779817540332
127.80267589353757
126.75584314814208
125.59355449322987
121.99441593266921
121.006123858224
119.27065839763065
116.87842867766071
113.26694016942449
109.89437592548511
107.11722795213436
103.03375009643356
102.02816271236372
102.506428435611
109.20919822184872
118.67869717586538
133.42300583860134
144.7253872464372
155.88343001971413
167.44139984204756
178.02899867015338
196.26128245426185
209.27888119392716
219.75844912227836
222.66851139305402
223.91704807563843
213.99740446713574
201.6564759257468
182.87220127601915
168.99964572797384
155.1117415416042
142.601376552067
130.62138843575784
112.5744008367289
98.7198009012093
87.4381902319442
85.3673416084274
84.39377529505619
93.40989192223563
105.44257860321994
122.671011894682
134.88875269388566
150.2864340115485
161.4786595647677
171.42812078600548
187.3602980171822
200.59502394446793
210.0741808623043
211.9661562470171
211.73981265304067
205.93150530959966
194.44538139933303
180.30254976552678
169.60639051465625
157.85988456763465
149.2437830451648
142.44498281117484
133.01438941377938
125.120655553178
119.7749808753851
118.65534710594
116.89165421826901
114.9191190872497
112.22575307524527
107.95062088531793
105.11359304675004
101.96150708045107
94.5103365259987
88.64872170597386
80.70509751612201
73.91825642486224
68.1640342258785
66.99113366483282
66.91722863387136
70.12722961067931
73.71166988635584
80.6856979164714
86.52759071003769
91.42657910408977
95.3523866420868
98.34529804769201
104.6269797134142
109.33093359540861
111.86699817123147
113.4026657071338
112.70095638714925
109.4798373830308
107.51506880567281
101.15390550861805
98.33202101507251
93.66048053182394
91.25461309324464
89.13800418151138
88.56678224927808
86.21267170531148
83.40617383610616
81.6107785189425
81.11207337745446
76.72933937545264
73.27608709588863
68.39085784795525
64.55041347796603
58.299664994732225
