25
23
c
103.02869312230216
103.21772189498647
103.20775516832691
104.02395744396439
103.0919885642941
103.19809223344203
103.54437155564567
99.04726667707509
94.39374795102589
85.02561985848413
79.9672348630301
73.76414154910313
60.75356087206965
51.80729686336253
42.16777968927524
41.52454216246462
41.01263218995144
40.92861748947683
40.65449998893651
41.23551470750102
41.4002435892511
41.30051962670248
41.21316664504199
41.25992915796679
39.35565159827714
39.03007297318931
36.5198492865919
36.39751243389415
35.19031283677209
35.055834814291586
34.4241503180983
36.14154561406494
34.74414278297752
35.79106856004209
35.58229934146015
36.01146201477408
37.242343639160026
37.00560501952013
37.08915812454581
38.61986517739708
38.22088519726278
38.554998404869565
38.95727479001851
36.27512505784881
34.44325748120446
30.414517307654915
28.285907562176778
24.70168989717227
21.855594895113324
18.943416573682956
14.978775411843788
10.748151212039884
7.164701363206556
7.752930741443182
6.6220668256233415
10.34946440840061
13.101782550155468
18.198981432611603
23.05780965434004
28.056277096988943
30.61715353101565
34.824283145856995
39.251487184782526
42.979674844718375
45.002546663249994
46.17039539295214
46.00274181165402
45.31353570739369
43.85663057519581
40.53844416616025
40.41299678117267
39.25612911439789
38.13925971279586
38.24336409026494
36.568326421289164
34.80008918245361
34.93999070795918
34.36415183152987
35.215312109771254
34.68496559721477
36.54740547455953
37.879019071986306
39.65304721712103
41.648633560914476
41.804213034848296
42.82914046699566
42.615787171285376
44.34405904886983
43.78210888449991
45.285877028165274
46.10929721648209
47.078586815382096
49.05500012119607
52.000089637048006
54.29259367900065
56.080003015573354
59.38528300713029
62.32246804789383
66.92481989268873
69.9455590256655
73.04042497879189
73.63130500505706
73.13398435234016
72.30795498376746
70.52008954211526
67.73295907619784
65.77052769736767
64.2177547906377
62.896145411973194
61.50399422210276
59.427504236262294
57.48869777421716
57.289796167120926
57.1383213233831
56.54647774903403
57.44544482549164
58.22139043545032
59.00618664860591
60.5099431211074
61.313680453266876
62.301249377109684
61.8864693636519
61.39682066829194
61.72343995136637
61.65641511924655
63.11115271826495
63.46678485027089
63.51793596356942
64.64579927519813
71.40341905438324
75.03052365758487
82.08361563039583
87.50965959527566
90.84591367783045
97.38533490524192
101.48578317638882
103.26231085674421
103.7952971367927
103.83872046276873
105.0993749915472
107.19751846046763
107.09029876475442
107.66506376750563
109.29816660934884
110.97955594149268
110.96648705332555
110.18814817878932
113.04928148512883
113.76783549301773
115.65551689683012
116.84811182680254
122.01715496043067
126.29589305207803
139.4941061077913
148.96827066744072
161.0407011194914
173.09243156539702
183.65181743013113
200.8205344314188
212.7900724800385
221.846245542607
224.7534335082771
225.7455740063369
219.86641094535878
210.7882064279682
197.8168377279786
188.71694395547811
176.97606020748097
163.43741444516584
153.01541139324752
144.24650363348132
145.48513572458074
147.265791419173
146.70214488497572
147.60617944701656
147.4284326436781
146.96749451799948
147.7038034895047
147.55766860023647
147.57432021145365
147.94816886368682
145.63144910738293
143.97835854784478
142.81264033909451
140.0844527946459
140.35178551186436
140.5444762033912
143.6875015469609
148.80681745053525
157.10433411510851
162.1698461505333
168.42491321403563
174.02896850945106
178.80427919777043
184.1346864531521
188.60192957756783
193.1962229305877
194.77859255769837
196.34388257980373
198.53345738280927
201.8888068545169
204.79141727742544
207.60819118767574
211.72077543002138
217.71659635499546
223.79809744041714
232.23304353432658
239.19246121174504
245.22856098488828
247.7089948435305
245.96340300395255
241.03211160768623
231.0194977794951
215.72267303206442
206.32400090437721
192.58438552505015
182.11961777261882
173.73149864603403
163.36943380724506
154.6766632068381
149.31326971215825
147.46826945550706
145.3549245460689
141.90709424933692
139.21717425622748
136.65811790705322
133.4528736362336
129.15838451108186
124.13277810778573
117.36536046125492
108.59005352323783
101.60171970545751
96.69650875327324
94.9705969201533
95.88018011004363
96.09518944839634
98.68033070086985
101.71813702955387
103.63559912444798
107.01398124152632
107.37481764946499
108.93231108180328
110.0117515649248
110.18152970167269
112.6050373653975
112.7808321357551
112.67355327831014
111.68049636160865
108.32382873289929
104.25201191764788
101.5195696313346
97.77089211608605
95.41402226446667
90.8240149380934
90.01494287691112
85.89364454664756
84.92872265442303
84.50158958918635
83.86702534725276
82.16087690020804
82.69979976914107
81.00296556440513
79.88344674300667
79.51950541271712
77.47655045180565
75.4365851526215
72.27018887043366
70.08816860560748
68.54494418512836
69.14518820474905
68.42673360880919
69.76778527443443
72.66643674438389
77.80736495091735
80.0434364934973
84.97077377456228
89.02551475846485
92.29232507393557
95.67877679968093
97.42986457460306
97.36832462154206
96.61747435798213
97.76482386237272
97.42260942524923
98.04656668621921
98.16383990862703
97.67559954083151
97.32849913545043
