6
3
b
29.198248326431685
29.029711565857102
29.17186781512
28.607574085423302
28.298973961741098
29.22085902064312
27.88840788288642
28.51506760886522
28.003301305305836
28.213688982990217
27.60882089047936
27.965512424390415
25.837827938257785
26.949466117920945
25.904907181439714
25.635161697267648
25.97965358491452
24.917453440244547
25.16528104291187
25.294647240862467
25.91426234611644
26.038507800206546
26.873223872935966
27.39825483846805
27.887482046012998
28.413852060382716
29.916273091818947
29.93603421266405
30.747176886829056
30.80576829100621
30.553400507133524
29.578546815913484
26.94278417541432
24.303614305293742
22.858061179381515
20.56084965165103
19.40768299729525
16.695034589081544
13.138990325269122
11.187386741280557
9.490049463490797
8.791966343563326
9.874841282180839
10.00722286890197
11.691303214223527
13.29529421715937
13.908989230787464
16.161356747172295
15.617124952826533
16.06546545148169
16.725721336667668
17.397866626153416
18.52492956025709
17.811272892648063
17.717134966779113
19.97825855283113
21.99473460095854
28.237853187417677
31.628452434740996
38.15460286443537
43.660120449562854
48.11003321955394
54.90043694096713
60.047013363767846
63.46223211715636
64.22197631048448
65.26512400765739
64.17047184214589
61.409986963169935
60.91285619931031
59.1230581182177
58.40377935540254
57.01683880787995
57.86897940695171
56.85753231964846
56.494392616264406
54.952882980703976
54.468373023826906
55.02148227912486
57.13451405749365
59.358784428274305
63.64715046616553
66.5591991993231
71.14688977891629
74.56695256727726
75.1604201595211
79.50099833495284
82.16208590505751
83.7592531960907
85.77714466682193
86.17025379257157
87.47871665857771
89.35471157979566
90.96065416307758
93.92495897718186
95.34507503203719
96.92288444661497
100.63973478737795
104.82421687192458
109.06048458571703
111.86574644324826
113.91139372319402
112.99826529136126
110.33610332717284
106.00627227322406
99.49869345978993
94.56947813823099
89.98301052437952
85.50628048997588
81.9416073794246
75.44706058374192
70.24205127698775
65.96119442565931
65.14691072754074
63.82095547955244
67.76092990970854
71.71859249793114
78.20043130981894
83.27659295121232
88.52355829493848
91.76682760329031
94.95434795129636
100.18016265518348
104.75941237038936
106.52920060609996
106.47323738894806
108.47072855134061
106.72630770991447
105.31611513933534
104.66164188256562
103.11220453505122
102.82118433405725
103.04586934465414
102.40443049873036
102.91052520373091
102.03228500701356
102.85270461206136
103.78197356448841
103.33085867847137
102.12665668004848
101.4610980399558
100.57671900077948
100.81611553481564
99.64029645831455
98.57648255865178
96.51909552488911
94.5583041542228
92.49934958846573
92.29288544436311
90.79866541164624
91.28049759952539
94.92267170093801
97.77641106781881
105.1359919545044
109.56553387047079
114.71973041237408
120.64114931500414
125.92992958200819
133.29098409798559
139.843179196267
144.8468957723906
145.29059859274003
145.10613864164546
141.60041625533896
135.22287749484855
127.6053727936569
120.88812479749099
114.59893631421942
109.17094267482054
103.21277218299961
95.74706168068856
89.8299947673636
86.1256024064303
84.27185944698358
84.61985795208419
85.71020438200753
88.55218943578882
91.50544270675628
94.73823062391779
98.4469927073082
98.14922081393762
100.02322147162901
102.75954059590875
104.12187484594267
105.60974056468385
104.84428752247126
105.11749167965617
104.66000610723897
103.11402994025434
100.98466348974534
100.18411912662488
97.2086088238755
96.16911850833023
94.66757399650172
90.32102891590019
87.66167498332133
84.65490774420586
83.84317575382735
85.05910633444486
89.62005251796944
98.33857829559419
109.85581250910263
117.79107972362495
127.58891851141568
137.27327203407856
145.9662504230775
161.35223247825053
171.8677383289933
180.38139621330748
182.16864618616356
181.88509145786867
176.61796864520153
164.5598381569239
150.66105147899995
139.7329431692625
126.02060035393889
116.48099770443464
106.74663068917887
92.12178229443221
80.99444135200844
72.18036736342985
69.59459496141328
70.76829671569593
77.17028448486369
84.69074751833494
101.58243529255
111.44517422841054
123.39651920847692
132.43015540776176
140.90099808260476
153.43463410082472
163.5690967949338
172.21585945606617
172.7041615538432
173.60486290230713
168.11258043531132
160.289541958096
148.8470800716059
140.2145899939923
129.85246647341103
122.0176582204531
116.16006342757757
109.1804929751386
103.28124386788038
99.05948461371833
96.32716582680935
95.65862991324579
94.26493807298807
91.3778977028515
87.49044034947164
86.90751986201592
84.47864878715515
78.39692474896262
73.30845161475304
66.5498778389938
59.877845038818684
56.42614072115242
54.52993272852293
54.629923177962816
56.8316679985498
61.46357139623911
66.10770731680083
70.82764403124442
74.90045618128087
77.41173545372894
81.6990324339436
85.32198474041654
88.78907924300239
92.38999473893408
92.35191066160692
92.24438735828396
91.15386001977616
86.68349237173015
83.8973667821805
80.47425033512869
76.53154357681579
74.49261083834479
73.51781918891214
71.8642712801498
70.06935651765119
69.12256984253501
66.96055957243144
66.68998477127269
63.83372132765415
60.52922152957313
55.269279967072166
51.308902660666824
48.12313772588257
