23
10
c
22.21666845685653
22.327325856271514
22.898826426758344
21.833930510265564
23.02187189421467
22.909769258127028
22.349773420288248
22.99194605677619
22.407049378636792
22.23523566718469
21.75545495759227
20.986110400908277
21.696526646776213
19.812190264273983
19.46020731887001
18.98654296606464
19.11164433142539
19.72144781479585
18.91381746441435
20.488561846679158
20.686725387148787
20.921583606285587
21.1839331945392
21.23178189833563
21.097929056958183
22.7459039072819
22.71877170044864
24.343064058008732
24.26934411360914
24.185568164483897
23.761982741791712
22.606054987237528
21.66518944813511
20.559388902356705
18.407676407360093
15.188404955731178
15.497909427139493
12.261709389548761
11.173936247575913
9.131294909349867
7.983726682515169
7.663552018445297
7.966283348497733
7.692573034461753
8.01648615234093
9.922500257087176
12.116995384403962
12.782920251922894
12.680025540841944
12.206150386045556
13.344829648455171
12.679604915709763
13.852221460720033
14.570202017957852
14.510103489537597
15.965468302994728
17.59333610544493
22.05715275023072
25.853040912686883
30.593840867652734
33.53716287935357
36.86834839712777
42.63300599525297
46.81009539958903
49.45183660893544
49.68641536541538
49.82760293202407
49.948065396735586
49.35178385415062
48.158353036572436
45.94507219101913
44.65721491644038
44.703854832211036
45.16917539332503
44.28492095501923
44.06253217138895
43.382218243878924
43.32734370492899
42.90932938911559
45.08611811689713
47.04741251583813
49.53097750300901
52.02553316666068
55.7563933386789
57.57167637440803
59.585367997040265
61.94184486522564
63.96106522323616
66.06044906306137
66.5040874452646
66.78861442997716
68.56545586158134
70.02232258713809
71.28932855706357
72.67506817015718
73.78666293146775
74.90461335778785
79.42955649508467
82.07127448529648
85.81657812452823
87.1289601466227
88.136017355097
87.19707135973641
85.99843654087061
82.91656509461437
78.10646310082136
74.0849918222994
69.3034976820121
67.33303892316437
62.89910193313642
57.939133065687024
54.74605534469284
51.1778133575686
50.773847655872224
50.6276030208071
53.67447896999133
55.96855930747174
61.302489319732565
64.49366428358266
67.92158012216713
71.52204015334014
74.25064257235277
78.97199590383394
81.19389856633283
83.13880883613655
84.96163653200804
83.98910228572728
83.87831956823266
83.36047835734527
82.20934846967582
81.1301335793009
79.41174272977013
80.66310284671806
80.7826237257161
80.20986883650346
80.7121556182089
80.86152591026276
80.82313136022765
81.15170648111567
79.51270537815624
79.9393618087132
78.83031873830024
78.33432077677772
77.50335687792665
76.83942173026998
74.47710254837135
73.80611771490835
73.07349291545367
71.80836168726022
71.43047310121476
70.86563197562467
72.72437586043054
77.17179533441501
81.72534303534566
86.26071760238587
90.51092763701602
93.40605775080857
98.24180583132996
105.09284941758737
109.0193165396082
113.23623968769257
113.1309073804236
112.94119315100751
110.16441460933517
105.7408837592049
99.69357271146774
94.63703352029513
87.70638744830539
84.62230304639127
80.60224128290405
73.50530423694389
69.63727386640176
66.92637470181894
65.87652287901096
66.20833014125455
67.7460778452563
69.0830597802698
71.26510674707382
73.78834415722284
76.40047783503839
77.55700480279867
77.817676999272
79.62990501561116
80.2381928785028
82.32029373497959
82.46655441197107
82.30025894729107
80.83009025702722
80.21554972857749
78.96063051987909
76.3836684528654
76.92137183379594
74.91398373328275
73.49398982701511
71.31961687004384
68.31277069587686
67.34782291165844
65.97194812842555
65.13116130226798
70.14806685703454
76.745326277737
84.99730956831992
92.26857066638289
100.43451198718145
106.94854598836551
114.54689339106608
125.51076627461991
134.91442522443424
141.46946990538333
142.5995463359301
143.28273770355517
137.24130965415932
129.26118037377827
117.60405648228722
109.14350397800382
98.97396005196823
91.56151296607749
83.57413732511668
71.6197150670806
63.37424088022981
56.404530424756985
54.21534677828998
54.80970899494092
60.102317385188904
67.72147796758163
78.37004206858147
86.86412771571736
96.66262007757129
103.21464749754908
109.55128174745681
119.79765525717266
128.4224219635051
134.10882271623882
136.05749271854606
135.15207045550952
131.78713831362896
125.050910988593
116.06530497705474
109.81764401289229
101.32552304854245
95.47076504975749
91.46488407543053
84.9676681932647
81.52487258525218
77.23719940973052
76.33390458443304
74.87102438056066
72.97480339792679
71.4133929076832
68.81149334497546
67.98596893037714
64.92288624386708
59.8823325357618
57.241558507955254
51.044897058531795
47.592453372962694
43.970742848097274
43.29996015096834
42.89844305556274
43.87878543748582
48.6204051738699
52.03999422929783
56.35989315998072
58.76173682244636
60.59640065827688
63.13095874689669
66.80666457462138
69.81622352023719
71.94209264256729
71.62886664109044
72.31867131634351
69.43468173761931
68.35194953102598
65.9531285698902
62.83187763684173
60.24592068164862
57.71091513362772
57.80739618398392
56.2637311963451
55.04120020955643
53.422460235355786
52.074560552629805
51.29752456631388
49.21569163544946
47.0845629880909
43.2201347640277
41.11932025627579
37.11415250156497
