11
15
d
96.04889415093862
94.26057140643341
93.59732984626451
92.75851192185807
90.59084414451324
89.33308737498233
88.47846091993746
86.75212830999823
84.19795557107682
79.23233515792992
72.67641596967644
67.29437833982082
60.426305813017976
50.858320080138775
42.29148979908882
32.35949035317432
31.579479341899155
30.288640871399114
30.400447002471726
30.48264294868289
30.221475404051965
29.36475014513002
29.327977204415216
29.194239528327746
29.01046873222302
28.21730586913987
25.726352283003884
23.302242129922206
22.26793839056479
20.293595106229805
20.761312869923128
21.208298273222933
21.949174039889584
22.865084142812293
23.36074895044949
26.19106649496634
25.648220207588963
27.537302378244636
27.915359153847053
26.386028896831526
26.97061293887618
28.441701237953872
29.155127772427303
28.731976812506186
30.397221376918132
31.030392605786613
33.59791761768285
35.97235975914677
37.32700560023735
38.787530913424455
40.741720799570736
41.662001335061724
41.90378197178046
43.66327242105828
45.98415908786042
47.05825055151045
50.12802967797921
53.81031989282014
59.875574354902945
64.12872189201308
69.01906890290473
76.63854526086749
83.90277536054026
91.23401522268082
94.08377541918549
97.63095175886215
97.3862197992897
98.19795216167287
99.69654147868154
99.56637625716844
98.79025534691698
100.94849849735189
100.5710568500987
103.30655864224912
104.61184327930748
104.68401591337776
107.07638691478044
107.62762307159512
109.55639950190951
110.25229799580266
113.60121439649188
117.08609138960537
123.07791189136104
127.11149994364908
133.40940415589782
144.7639453414606
152.46864606494188
160.66827047864456
160.48411211196867
159.50154446696098
160.15515202662152
159.80853972666347
159.61785233618855
159.14425854493547
159.23137737931953
159.8256387014781
159.665723164639
160.0284885682496
159.55750322818395
160.35748954243158
160.2929982710523
161.7615073984297
161.89480003758402
161.81436696124564
162.67615022330128
164.9002168015848
168.77750290393985
171.07526906471483
173.6478737017558
177.82711180171066
179.24494966736333
183.501169494838
187.02146841882833
189.59990716555757
190.40719353747326
189.932617717738
188.93030598648437
188.25717600360173
185.6095244794654
184.45770454751587
182.37146134700444
182.02051211307742
181.80736815376872
181.0689009954705
179.8050904872041
179.55646519378078
179.59320153215276
179.99034104527792
178.48045807742923
177.53813847196176
176.41360896226178
176.43691927121276
173.26412948020732
173.07300752855323
170.81455484949373
167.74731830053543
165.26267915249116
164.00672795406007
163.42869069435474
163.37893435630158
165.35110206799246
169.13833536646283
174.9313939333597
178.42653617087493
182.578571067551
185.02301770093476
187.88202151776053
189.3866203823831
193.12658986629467
196.28617692623683
196.9297852352523
198.22089662790245
202.58579322303726
207.16175566672666
213.42765485609743
218.03900597784894
222.26662782057105
229.8874887169955
236.07446280780698
246.24614125944004
252.84593904586134
258.9873756002491
259.6639177438408
258.6825180634128
258.09924205757886
255.21876627840072
252.19774017479298
248.93876273823435
246.1113511918329
245.27880537959973
245.43224607088203
244.19041301208682
242.8491817238779
243.1341175628926
242.0866336139089
242.7161507466615
242.86366627739483
243.92456091153238
244.41787025600266
245.83501400530426
245.98170172031445
246.41974004554535
248.62080527496218
249.56795774970757
250.1029621134049
250.53315926547498
252.01216842158996
250.4911835407687
250.52090617862373
249.4870937805669
247.41774289113343
246.68044090443865
246.11697133891957
245.5620894088549
245.08679478493673
242.20071102488458
240.34770481509847
238.3718291541496
238.31081162238146
237.33976267011886
242.9046405119157
246.96433779545276
255.02551310834383
260.4767119848672
267.278821903847
273.4435999136519
280.57037495919997
291.006388308647
298.8586158069122
306.4338898353242
308.197250352886
308.32684085226555
300.1889525947573
286.47103504115074
267.3821840959864
253.9821597810036
237.54007282943874
210.50509810224128
189.24932710916806
172.2912059453426
176.18480867985983
179.9246808412361
179.74191936416278
180.72013400571385
182.18517677071404
181.49301841843294
181.90769859028092
180.61511663869084
180.82988325883116
182.33221382795293
182.5221520897076
181.96875100534245
181.32728107467628
180.70100288943738
180.91138013481782
180.30446461932667
179.62528015330906
176.85647007317044
174.97739650112555
171.08567157367025
167.632442046175
164.22040833235494
160.10527112681456
156.76256961334184
155.11469118834987
154.4928007793799
153.8014024083182
154.5782680154567
153.43050902319192
154.49258518860117
153.9774903260806
153.94607944731743
153.17855711391914
153.44453375519115
153.0771102461718
153.12745295522663
153.43000173080125
152.03989869989755
151.31517490953308
151.1281907248529
150.10100379681106
147.73188469098477
144.7665304677366
141.58654706237215
139.00553090418714
135.55039189836523
134.56135035270486
131.0788341869108
128.90003199235133
126.45804595288006
126.15421474221579
125.28998803480263
122.86567677266098
121.61070290009525
120.21051928033144
118.68123534662458
115.92272976652038
112.57939836220822
110.27404444032904
107.14855089506563
105.34943911217616
102.43817438235986
101.53082851308122
101.89036283125738
100.6586944890652
99.8223647749263
98.21960164889647
97.20293150725414
