1
25
b
106.01119611215621
106.53154011903085
106.07201547036662
105.81714761009232
106.69319119728567
105.03038815080664
105.2695750646959
103.83086515975539
102.45917537919513
99.60695211603348
91.87770712544224
86.75297859047197
78.23397762567414
71.92685480213817
65.5742413593629
56.63519060780941
51.556436412052385
45.59511424666463
44.649212297971346
44.243055298481515
45.337161585943804
47.105509953250774
50.033295650094104
52.49420142891913
55.88082739401754
55.94414036096345
55.02298337933349
55.94155473835648
56.33720956036172
56.336645700222746
57.55847240822957
56.54301779036806
57.52654937350636
57.40919280015344
58.52642396690977
59.39519431523429
61.47772124294417
62.16223170794104
62.5602603921531
64.25995282222246
64.37285046194023
65.95120629017987
66.27546719223558
65.55907793379211
64.94612771219126
64.69610508591252
63.84465615790401
62.5235981889008
61.84485697186338
62.80631958510991
61.00975406149143
60.4607714617921
60.8035564648322
60.161543624888026
60.56789256963196
60.108412657729275
59.72462555712253
59.374339257804735
59.30116825344591
58.94811665061599
59.28080961119261
58.33812174529832
56.595284086847464
55.36590313651818
54.95321096978729
53.11817612143921
52.08461896291932
52.59478473782385
56.0058630154104
58.04692289203128
66.30177152897824
68.8357337018574
74.73959916878533
77.57969216866739
80.84516265309028
84.80944281281302
87.48194724681835
91.63808996354288
92.7471729045602
95.24707650534415
99.20133290267323
103.18213711646949
109.70538287460863
112.42996022378324
117.94393790282192
123.87192728154197
128.60637643393167
138.93393455369255
145.8863826786835
149.54248817895422
151.55268643595437
150.5974546066118
150.33894341901976
147.83875135483544
144.6405100046632
142.67009684398468
140.12937057230522
140.602231175286
140.82953899371748
140.2301245384799
140.79814838453663
140.9378606358607
139.79661225991177
139.6786531060296
139.14554487788817
137.6820693363787
130.8601095190435
125.88269222027225
118.50092467543082
113.87828408101493
109.45001254436278
101.80521357442287
96.82056189105401
92.62410538661206
91.72155626119002
91.93533024403054
92.60709384344614
95.74708715391563
97.86947747261992
100.39877660571767
103.02673588841652
103.60674318247494
104.62756724500096
106.4527029477463
106.857206635021
107.11629286804057
107.03073197377131
106.9815347004063
107.1159349267494
107.63863055457283
107.8489725289228
108.28686590385988
109.40438569740463
108.90987551637045
108.82469280843927
107.96965979680553
108.61660089199994
109.03842950045052
109.8824306298161
109.87649584713864
111.1596708245592
112.23514487055999
114.32640176059887
117.17061035330867
121.14585271124787
123.64231199089481
125.79994502381425
130.8360116910476
132.104112548935
134.7987767969483
136.67505510184074
134.69518219300852
134.3524483131334
133.92770901359626
133.25048094091892
132.38466906804823
131.67849395637901
131.22036750935948
130.5547120709525
130.31182110234303
129.92282612457007
128.23769484850274
128.33630391173816
128.83259279184472
130.96258614454948
134.07903163621947
139.54540708130864
143.2134036938779
147.63385823380955
151.09861540487378
155.03335157999493
161.36777999796521
165.43919476483467
168.3870741813018
168.59185397628443
168.68161719490695
168.76467607961115
167.28616052548517
165.2590854950503
162.49033720277353
161.89761283416303
160.8657755949114
160.60722528906865
161.7779536284279
160.2639896882151
159.43794492548943
160.33429692174968
159.70389366042522
158.40468120803735
158.67445698000483
158.83574517663098
157.36259932293115
155.51894129268013
155.2985966013979
154.98098302538824
154.02066835114078
153.86620103602033
154.46922982812669
153.19860528635039
153.04362563702168
151.292874356011
150.05491741369008
148.7636560184215
146.06952720720304
143.68316435483877
140.69163908452936
138.08868318537165
134.86547141120823
132.26113972041026
128.5748165658565
128.25188926051393
128.7518949976105
130.62557955577793
136.5540509926572
141.37419327370375
145.79433638684657
150.83189745696154
155.04192511548925
158.79062441803472
165.52254361786433
170.1835296371917
173.4212108165901
175.12853753186508
174.3352369801212
172.2571339702297
168.5633134701921
164.25412439980533
160.66923671870828
156.3029565868119
153.08736643885277
151.5133788225559
148.14415137139397
146.35194836723917
144.4370601277503
143.2299466440739
143.4486043519332
141.35055285419966
139.97674873015433
138.90871389482697
138.54968007222925
136.53231549758814
133.5567394917951
132.42575393483995
128.3152696514696
126.74087860504834
126.8576808297391
125.76313644847768
126.04296651637564
123.98026980410141
123.91146864437678
122.63450732245933
122.6312529691612
123.08879516212663
121.03400548308001
120.03672952366094
116.17105565792805
114.47030689832937
113.39968958489558
112.31328295554216
113.83860034900243
114.83365300525207
117.44103634118052
122.33173448557228
124.97526246866812
127.75827564175032
131.0122803731185
133.47661538398617
137.1799497839215
141.5836285856404
144.41123978218823
145.00371693226666
144.97737323610463
143.42760785501974
138.62002057786435
133.5405577873905
128.40260317600442
123.66078360707071
118.76004768028565
115.20744315599806
108.43155587342414
108.41043532724645
108.38704822777503
107.9048690791329
107.05853602017714
107.51015312336209
106.31426101003845
107.21476361027423
106.88367787972665
