22
14
b
151.8972203278307
152.62131008773926
151.9326462930929
153.20434245027732
152.4912434508541
152.285932691287
151.99843159092393
149.54739975235015
145.3780062188771
140.55900783117144
137.37107617555938
131.6456677008622
126.5335280681174
122.25527821821713
117.15284941354446
113.40015376064031
112.03464855482444
109.92830199947542
110.4009505001314
109.61633177455282
108.61647628833965
108.3156952896873
107.50426521792689
106.64433843114202
105.17998137403207
103.32913423194276
102.52812319678912
100.20686929655886
98.1807349308433
98.54265074760191
97.45693959550236
95.60055681636693
94.79598248492685
93.4175243949827
92.36089256326927
90.96660196215412
88.85276215016547
87.65167809899135
82.98400199388198
81.90205839309398
80.96299608003386
79.4283464245057
79.64656137627351
80.21737985745317
80.82411683064015
83.26355488536788
83.83930877321076
85.00337172053152
84.69984441107115
85.27695581915093
85.47486151279398
86.31686938663478
87.76972930110202
86.57985312527506
87.1299426529165
87.74838202401415
87.53475571668214
88.82144534900085
90.19223329162251
90.2733096539307
91.20769941546253
92.2153193197113
92.81925407379104
94.09070098662762
93.94960912574064
95.93762201668942
94.64748059585162
95.93963286932426
97.15396982489057
99.94316355925405
101.0224405871087
102.21272732608313
103.8879391451902
105.33407416436725
106.82723633250126
107.84618434567268
109.40705939809538
110.91751956288175
111.31621467771193
113.58470482308482
116.63953903471776
119.75468852040349
121.97527550239313
124.56156913100385
127.41158246488189
130.50869416823735
133.2567987069881
136.23627138408565
138.91553528907704
140.13518649529547
139.91796480205574
143.71802870111767
146.2732662236801
148.5611654540306
151.4184427567795
154.73345296488773
158.00566965443724
162.12834698698722
165.33197700670897
169.12713839123248
171.57484816663208
171.9189749939794
173.53648599328562
174.69489640670022
176.7314452767902
178.10043955071689
179.38449588852873
181.83964417550757
185.74796820389864
188.7678137236651
193.56990809633893
194.46402874316314
195.75025434667424
194.9914210247574
196.01598477514662
196.48963541522153
196.23551137512916
197.3347925462759
197.33178722737065
197.221983797588
199.09843614267982
199.39535853688767
201.2016009033806
201.86363514868762
202.90446347251387
202.91576536082516
203.29717340843183
202.5868776414803
202.1017328459427
201.46195089050045
200.885457417137
200.212597992158
199.35109751769895
198.72625967339653
197.85621826141545
196.59065667076717
195.94011083149366
196.45187453246407
195.88564215652337
196.78362083426788
197.5617487037455
200.09307259961528
200.95236569264432
203.0862841150661
204.48522071217627
207.00702465680942
208.35992490909211
209.56159815804216
211.0344893913159
211.15310422465927
211.71471163925904
211.12723875118263
210.56600050301543
209.77158704482855
210.71199190118557
209.6756501995143
209.49906533317858
209.46863795265446
209.57819161773529
209.5016220756532
210.34114614857862
209.5362283922047
209.91220909002448
209.58135658142805
209.25870692973777
208.58630381729856
207.14852540049876
208.31409445751223
206.37992315568215
206.1509559701687
206.09470158435
205.97246996569638
205.1160424588995
205.81734362160464
205.62064263620496
204.90853883805613
204.63536997444842
203.24704445416663
202.18053484096845
202.11098977804042
201.05605623912513
199.02399903033728
198.15055017119775
197.84411203721325
196.50131384253032
196.36494556560524
195.96850805360094
195.98403999899193
196.0100099082961
196.42582973963022
195.22466487050906
195.84893076962734
196.2451718553846
194.85152712844356
193.76260387278734
193.20763833330247
192.97902723379465
192.9968683576045
192.3461408889404
192.3350557052171
193.40652913291964
192.30781219148525
192.15495969531938
191.44097295973268
190.65531963284135
189.98566564223322
189.45312403216178
188.89666096084605
188.479863610583
187.65482291565075
188.43312770304152
188.94741826402523
190.24021426629182
190.44595074612297
191.58913663287095
191.16261571764701
191.71988871534907
192.0098594900627
192.18474745067184
194.00413071858898
193.4543069974634
194.28737150915916
194.92150664733322
194.1837944816359
193.9795251838864
194.56621722617783
193.24641943896182
193.92783620313332
193.79908075399925
193.76042241295883
193.3029806067455
192.69215725181797
192.84423989615243
192.4613918045042
191.59895522093964
193.51266740140426
195.36496828134037
196.79019975574684
199.53581934674816
200.82090414903018
203.52400460443317
206.52297294932
210.8479687774427
210.42542022364924
211.4067595400622
210.7417111781904
210.78198710288717
211.25723415888183
211.24685484378696
211.7023386312395
210.52774651228248
211.84866532372942
212.46417993411643
212.10557574847053
213.41193843677297
214.25322137966833
215.19881227272194
214.27260951045653
214.50254781873224
215.0521876587569
213.58918274986624
211.3286405113527
210.88223219932374
209.40491257849743
209.0217602278911
207.82914286223757
207.66045020443465
207.58684219276216
206.30163099946319
205.49734518872023
205.78769112514516
204.50412550241995
202.293605697862
198.6677640202836
196.6504757571461
193.73020574144508
190.67325387151712
188.34717249798118
186.92603778920642
184.29253067645007
181.87771827226726
180.89249330405553
179.86754699640917
176.70448229855717
175.19300295247382
171.52877893809992
168.78160818048624
165.61679243881485
