20
14
d
42.70868267396618
42.520143034139075
42.18345866531287
42.85296630339244
42.5558912421249
42.707016938429035
42.239823660702704
42.38461129258613
41.17428647852877
41.38630328642651
40.69148745626756
39.998425548110184
39.350520144020884
38.90466829691932
37.059919526833376
36.878580101436064
36.41393032808691
36.183114414876755
35.941414917914926
35.791713405437655
37.43238003580722
37.57847965546214
38.31517214238465
41.28428994143565
40.599221702339555
40.59044843729629
43.62875308545101
44.690556133985126
44.80591815323703
45.43910954501296
46.033442244171134
43.431068025763516
40.466806795396735
36.51008052751959
33.61430565553207
29.83855826686302
28.12269495814105
24.869448813453765
20.57057523109886
17.249625877100428
14.166568311199757
14.2291651671747
14.055243931003917
15.692273202894661
16.718165493085294
18.80935323457145
21.40210835306495
23.614045894193726
23.433821495346685
24.29037455925448
24.30064849254425
24.798256684692806
25.098019478161653
26.18116524655061
27.26583374365924
29.39651868235914
33.7621025164092
40.82515609828948
47.581062826618684
55.89226024497213
62.29804447683812
70.41785923735827
80.50008580330521
87.48379575801306
93.08680137160741
95.58399366845937
94.82081114433868
92.88886871223124
91.27875981385446
89.19153659688723
85.9920674794437
84.63477718914534
84.46296910163956
83.6709962070322
83.66869150507485
82.56940938274296
81.61143597170707
81.30725746820258
80.10635751889957
83.72561714899292
88.33272614616855
94.27349253310099
98.27316208994054
102.44201258680677
107.63937075637246
111.7715556757299
116.70482038694541
119.7697648359466
123.25086169186294
125.35226330970295
126.22340523230449
129.37551262801762
130.47291915741965
133.70774559956138
135.17618947295998
138.2194192983224
142.98159814912202
148.17298845975486
155.0621445391775
161.06627215495467
164.24016866264714
165.9675268766988
164.92664829562332
160.9871792670825
154.2363030677225
145.50989201825996
137.95450823714958
131.76422558747154
125.16215136381761
118.43506983412597
109.63581570967993
102.42894925348266
97.25386053760876
95.2894130045927
95.01069993384147
99.51934594686963
105.33900614152616
115.29657626874354
121.4345274649558
129.01562778775187
134.7925076177374
139.70969001796323
147.16364792275678
152.33610636924266
156.470954193015
157.7212873757721
158.74927937019723
156.66181024962057
156.3301489148244
154.03098550903752
151.78973270837943
150.20143216435952
151.04651455983384
150.16213661224205
150.10870288134842
151.7527399708324
151.87076103817202
151.0267172727356
151.59873374737705
150.02023348073214
149.8365573992656
147.14444226823215
146.82608512650242
145.18554215696176
144.91180828797752
142.50427809375574
138.671346671911
136.45676565285933
134.57629775306492
133.20009385646628
134.2620543364956
137.86684263366575
143.8607722672603
155.51888787572616
161.11502181610615
169.3099899316273
176.78215848060407
185.27217981825999
195.53349197170516
204.54277952892323
211.88250299623962
213.42750205169637
213.0917276618369
207.33689976113402
199.76178127986816
185.99588468450787
177.87196419643925
167.35654018498528
158.94936322634234
151.86855629113734
140.78620948957445
131.64117220299562
125.83639172819929
123.01816680835014
124.23227175597954
126.38623308479559
129.99157045961448
136.11055177079544
139.25321144298564
143.31074950191848
144.83751160088212
147.91011071400087
149.6284693397795
152.18301974761516
153.7718407206084
154.2308248989977
154.06846744514527
151.52424056003545
150.77635288032687
147.88894089975128
146.19365335242043
143.2966698461954
140.8819095939258
137.37230544920237
131.95735267999325
128.16534609226468
126.21172880658204
123.26869019491929
123.71625907986338
131.6132071935335
143.69509294005525
160.84687548419558
173.3110310862102
187.19886519090656
201.2925478208783
215.32803815252092
236.284836960571
252.76571859420994
264.46310444253174
268.2536564271149
267.53235976297606
257.5203747258149
243.58902232494793
220.82635801550745
204.79424694267487
186.01477120999863
171.46917095594293
156.89818117347383
135.06926102935552
118.41594707174872
106.10108500459816
102.66887476073964
102.49952478135344
112.41046969650385
126.90555905833675
147.86841457213288
163.17210168421738
180.88221847163143
193.33500426625417
207.2223702878512
226.05745292435944
241.60806426568186
252.60019511242564
255.57249047431364
255.12014716104284
248.20902089036267
235.5968934220955
217.6456669922554
205.22562344110494
190.66046308564546
179.06041344316745
171.11376126552318
160.51847987068234
151.6628528462402
145.58777668000192
143.50730487487982
140.80638526915413
136.4295693092168
133.4145320435987
130.00502056218346
127.27553936486308
122.35926363749952
115.24244356646386
107.41364973805848
96.21471457778678
88.35158082278033
82.20061152125278
80.27961041675256
80.27317811439997
83.5064979573445
89.44425937661632
97.45248791073826
103.01261317237125
110.25341766572204
114.7919282768087
118.87622073305506
125.64836775650184
130.14571922517763
134.75683622769728
135.91082208439028
135.36416778619744
133.38582243209555
128.6337075326372
121.86037659667615
118.04582374267223
113.34386530927493
109.52396480331639
107.42509610406601
106.09881466662958
103.80929953626666
102.02563876701785
99.30381773885642
97.66801417857027
92.68961047785875
88.25519364848869
80.79089149124113
77.65559081113614
70.30371301580263
