9
6
c
181.836224297745
180.9908069407498
180.9816789134992
180.43135235341887
180.81560798775635
181.54166635892602
180.60885831060554
177.4438954795408
173.89649894243018
167.06035037667087
162.76651640697247
158.08689508059183
150.83908004105575
145.35641771918688
137.6677160209763
135.3104404391946
132.77858938227885
132.47668093037902
131.84980699247123
130.66527140876008
129.6393955922726
128.92449371665333
127.44786104453419
127.41794880072018
125.24351577722094
122.83868078914115
120.353670130325
118.96539043039365
117.63975580784829
115.80184806937393
115.96122557241549
114.9064612784625
112.47372004944665
110.38564060147735
109.95959192740115
108.86862917782243
105.815415477645
103.75625030067559
99.978004542779
97.73021705371279
95.94811437526712
94.97921811152484
95.09886608913358
95.73632244127904
97.04519236845651
98.65375746055619
99.84358134250009
101.26901744130096
101.82649844738872
101.70407818885138
101.61919095805246
102.81692536703751
102.36144225447156
103.60780836636094
103.13986224574438
104.82201574736362
104.73763179195575
106.17014460321063
107.1185107053388
108.51415414304367
108.77194919348446
109.80845144350396
110.70743059311259
111.43772380390706
112.15645927113732
112.68016584911594
113.20610514094489
115.26383108949857
116.58639771310514
118.58409384382125
119.40464189322235
122.77768085335757
123.75370700508556
124.92709924332901
126.59751114549232
128.400184101626
130.38486850145972
131.84396029177617
132.54903469750806
135.34545520409165
137.74690248984203
141.44174201614481
144.78563365584355
148.71252136108316
151.17376787398626
154.35645202341266
158.84111201145046
160.75472952380156
164.68486662783408
166.752922280008
168.45252195122043
170.30611013687775
174.4358849527367
177.58993388253873
179.71443567125056
183.526509540618
188.25934646505928
191.41069135783832
198.21837476093754
200.4152835590792
205.3580733709728
205.56357077244866
204.96930175262156
208.27989734542228
211.09431979934277
212.51749612775612
213.5062039006895
216.8819828323204
220.90232669802867
224.76370453152225
229.84292741235288
231.74759007857278
232.95480279066325
233.31746354272377
233.02206052052782
233.21501649312927
233.8086743376802
234.24920221544767
234.41767435765115
234.41850143094342
235.31490673541083
237.2322853367941
238.52740341568565
240.76728390578808
241.60375732278123
242.29439445230423
241.15258190263506
240.55037195693689
240.19061496442595
239.23270564616
237.81830726056586
237.39066523923697
236.95118721311385
235.07477140333842
234.13020606411558
234.11165918544123
233.07381728590096
232.56396352043637
232.86548712478083
233.60469573404262
235.51997087295794
238.31982918003834
240.54229015822625
242.09248459114824
243.5462232710646
245.55648076300616
247.49858773029263
249.2704719430827
252.51775798499875
252.00184898707042
251.74588695085797
250.79478575235453
251.6245686049116
250.37170858759941
249.58233431784961
248.1663851306918
249.13175945707656
249.21491481006493
248.71291575143158
248.80216451364862
249.38146434762837
249.72871665169097
249.9563312387253
248.9526641764008
249.36049965755527
247.96286173518448
247.27581205439748
246.9479826412612
245.83255357512115
246.19165349664323
245.54938195398333
245.7264242471651
245.38068409307496
244.73978695630026
244.30138481075807
243.48067117370988
242.47343624556493
242.0396712260128
240.42472281750847
239.79862290094013
238.12886024786167
236.2273328184456
234.58057770785734
233.90926656012755
234.55607929572392
234.25994833043802
233.7524256751966
233.36441171374037
233.13587699083047
232.98903416625484
233.6384759668284
232.7796334232781
232.4812851670245
232.29333247845886
231.54583880371
231.29233299809493
230.59334884879726
230.38557278285276
228.51943459050926
229.87031288052074
229.31021110228764
229.0437201946648
227.63869361427453
227.76363062875222
226.89007587393536
226.11125142067726
225.9532412304543
225.06794730995193
223.74524084381855
223.71914689334
224.20631551475296
224.41512134867995
224.9597261520704
226.19407047885483
227.5716055395413
227.7183410086008
228.59105717538225
229.15377312390635
229.84600206303077
230.1138752816478
231.19708403675796
232.21394156783558
231.0038487990512
230.7214461657241
230.91480204860073
231.90152072885277
229.44371709610613
230.7193248211623
231.23977261462895
230.0208064394122
228.72823008323846
228.52332083960712
228.5603636834879
228.26650010124632
228.44831462374603
229.08468613170504
232.2751581499585
235.48821833384346
237.4906098510445
239.5856639120843
242.97188968714127
246.70846200957948
249.1558195765567
250.24241994723508
250.31318222719386
251.02250298262507
250.95505898237252
251.09950021231128
251.61691680060133
250.81054415319332
249.8426977804245
251.39282202178646
252.11979916258613
251.9722009858409
253.19819821762368
255.1145079688778
255.2908112602502
255.25412429540359
256.1282119579035
254.3950759222698
252.9657927663454
252.1966980370937
249.98868872771695
249.74474184680994
247.51646461124352
247.7839833046775
247.3325640429169
245.54726676360397
245.41042103424292
245.08916489363983
244.64524723197334
241.97414399159496
240.07476402915435
236.08569989640208
233.49233396436233
230.47598532557913
227.56810720020644
224.5712531132584
221.2225452188263
218.9661957112994
217.27915759538422
215.0429649619747
213.04179660842465
210.8849169451458
208.4888921189621
204.19497819660188
200.32538106080187
198.17635931179387
