2
16
c
126.76402553210238
126.83503042949545
126.36322821274396
125.62563464685816
126.57647994784347
126.87258211863374
125.55547725175698
122.30529320660376
116.78175659865055
107.89627200807155
104.437067188957
96.84011101137222
88.50901188572841
82.59328956920936
72.80652316055782
65.27679157043299
60.336194302446586
59.122622680158784
59.3286374032561
61.69465061444216
64.46890956566934
67.38507598406403
70.98324907255777
74.02988653745085
74.95909699765697
75.77498422049257
76.41891362007733
78.92001957970194
78.91031268348355
79.39190852770983
80.008230399926
78.999073098757
79.74236077581718
79.38731930666205
80.08416179557396
79.31307124194397
80.55439992144133
81.40099592377929
81.19851356438697
82.61891310799955
82.75567203735419
82.43160197566806
84.10654593284832
81.56107200075905
83.03145003874475
81.87355000492438
82.44594707198118
81.89611655607911
82.56297753173148
82.35108609899613
81.58599773862736
82.17637358884402
82.1308367322777
82.02452498590267
81.96231619580207
82.19305270777274
81.54335232843167
82.19737308325065
81.67653715219167
82.35114372613822
81.53167570383454
81.4399033590229
80.71503024884713
80.79386183329488
80.09659556547665
79.76170956794971
79.9963233558732
81.77723041225622
83.87047986561024
86.86000181451249
89.51141535330187
92.9219674684342
96.57785462620402
98.96894001079063
103.19700963380905
104.35350904937344
104.52106764208368
103.30874476096578
104.43750864228157
104.43706015346525
104.60708034933525
104.9320191543229
104.73958581281093
104.47690278304496
104.58051580554631
104.14360331010391
104.36523610896198
103.97168476236106
103.80829195942887
105.33401691129247
105.37120311433493
106.98225792889534
107.5437947087423
114.97767496678333
122.84255335968813
131.79451815035236
137.3645611035307
142.6154477340028
151.8846743386158
158.76535054260611
163.37345618737
164.38620383457828
165.01517985486458
163.06036074834722
161.69777754314185
159.79596322052396
158.60075595120213
155.88869440819212
156.41502443390792
156.04740696324495
156.32862218186256
158.33031927707387
157.1816818826189
157.3031653108357
157.40590702507342
156.0734393065041
154.5007928048643
152.60310255980457
150.31639006238672
148.4037015423444
145.3785220537719
143.77096811765867
141.8868037297869
138.30814057189852
136.6507434390958
136.8508569524764
136.7744313828217
136.72369501883273
138.2657189229655
138.0608675548555
139.16542857250133
139.8329303265544
139.925519477252
138.9935914879382
137.9287146933972
136.93316371419348
137.3249181621144
136.91228156390238
136.93103126219077
138.56261425229982
142.36933202590438
145.05517387879752
149.14426430818557
152.7068234076916
154.33729707739022
158.6846574682924
162.8960924998157
167.06038141581797
169.81911063975153
171.2493525851291
170.5988875663044
168.658876272371
164.92032644872344
160.7402263531994
156.56482967712847
153.22267280161307
151.0697885286323
148.89860668218637
143.51993233875544
140.6491638933234
137.54211501610945
137.72596889234302
137.67941753666724
139.82699778413075
143.08336333712384
147.91921920586367
151.62798106530641
154.48791942786445
158.40873538398773
160.52863250049262
163.90426989683453
165.99743092785863
168.71462978765365
169.52764950426308
170.57116335175357
173.22811148642745
174.58431900067825
177.06325693930634
180.36671082757798
183.37496112888184
186.29413362516004
190.60525054963423
193.76487904047332
200.05913525829786
201.8623622478071
202.47384299277778
202.62636542120808
201.40789817059516
200.06350219793083
197.00573403506687
194.64222258147203
193.0661809512487
192.0818162086864
189.8177358025168
188.42690880908103
185.91854223655196
186.46711626891727
185.52010198822265
185.58573502986107
186.33772050106057
189.05035645246477
193.61569915390353
196.19046794557713
198.50517071009997
201.61757025263023
203.53368843573867
208.35843979887497
209.73587888433838
211.9716958441464
212.91078760301517
213.0394177094871
212.2107423546239
210.6269012859654
209.7704283839671
208.67928691995195
207.16535638879816
207.30745317057398
207.21789330493377
207.4045324900478
206.88711103192605
206.49356868304176
205.50051775945718
206.31325399782574
204.24278124300238
203.1039985365704
199.10332355186662
196.30158378808252
192.62797708302043
188.52733164232393
184.67676522273584
180.7110024378842
180.10221665647592
178.26095134794951
178.0072677205709
178.37075455456593
176.97319462106262
176.9057533334164
176.9730307264584
176.76736786953933
176.39653072713492
175.3935295343592
175.30713461694305
173.11213021465613
172.20230751891722
171.4199002207857
171.8979511114011
171.2959506820636
170.09127511112177
172.30499536347577
169.79753340915556
167.89348335908798
168.22888596843705
167.52627939834937
165.90442651346189
164.23181644237857
163.45047072028402
163.4905139188647
162.29132999537083
162.38367958013143
162.05675828996843
162.78955353188087
163.5652458401841
163.3483022369125
164.56495284019817
164.3134724674568
164.54295822397293
165.81157526128783
165.88125218283128
165.80229170055318
166.41132332611306
167.7700253095081
164.49393307369166
161.77379741011143
156.88513579102042
155.09952800243906
152.47073508450848
147.38844622012732
145.0867757682461
142.02277293318582
140.43776273505395
137.69321558925628
136.9075011855176
136.38286628236398
135.13735800496494
134.59305289159698
133.9887332873571
131.701399027496
130.7084976622274
