5
4
e
162.2615025971061
161.27440737143482
162.15995182570373
161.5688287682235
161.39486624600403
161.73799223151892
161.2011827674884
154.86230861555995
146.8110738364389
132.50638534747966
124.8799510741596
113.90746795273417
94.78668307682318
80.84220205365673
65.16211047739287
65.5792044836039
64.50132729530544
65.39846571316535
63.61593428284901
64.40671061678
64.22273498993123
64.72309970287691
64.02408243819421
63.85481063008061
61.40971353004307
61.01565305947106
58.22268877676017
56.34853859978284
54.31280729246587
54.85814397714614
53.534760176047165
54.78284743623627
54.163903651244055
55.73276377704297
56.97077105213416
56.12262074572589
57.52378115695462
57.28017989406423
57.889023680782564
59.08368238695049
60.46135576999918
60.32804568384791
60.760629474864025
57.797976886370535
53.93574466974766
48.006239219715056
44.07306985661114
38.39314303567325
35.58786881281335
29.543428596951525
21.691297729746474
17.21879309385398
11.330544639151102
11.096002688230922
11.293033930652895
15.372384919904585
20.9220297680849
29.070378364712354
36.12215521111356
43.11937074001828
47.537883274298274
52.233421584472445
60.84130017151902
66.91214367268623
70.93136182244626
71.09786214402341
71.38683609997892
70.3760603444183
68.42840517935873
65.61911088240409
62.41401153472303
60.73571751776708
59.4364952539238
58.228041489956325
55.96472099195721
55.46027477860467
54.11204839615599
54.13799354941831
54.580416248401036
55.084837798975606
56.71157311814543
59.84347688308004
61.51291000437199
63.74292356788383
65.62374914346037
65.40434622384753
67.28986499489211
67.58610263681823
69.64828507172909
70.41225706952017
71.23773998725562
73.1539506382226
77.10997647386104
82.03602051996926
85.52459503650068
89.2755129243592
93.17749633272145
97.48236888181982
104.22802058596945
108.81394801589471
113.38035697926549
114.54044990744345
114.81045166946944
112.61225818994203
109.13009091007143
105.28881708537226
102.83143805283704
99.68363812681078
97.4676666071113
94.9627657836163
94.22731421617684
90.28963723815166
89.19305195504207
89.07493043519652
88.86376846335371
89.5290133108924
91.3584308366533
93.3691854423987
93.66806363992154
96.68047415894185
96.25868706020071
95.62086803552802
95.76945297593335
96.09678331197753
96.37413352032056
98.37847603645545
98.4897336998331
100.27357171509442
103.30447801335565
109.89467622854632
118.60256412527555
128.25146175763024
135.62281736692188
142.7405156796273
151.38830193244203
158.39335810171383
160.3659238707743
160.7790094987006
162.744384139811
164.1986728446894
165.10725791041784
167.97625166844438
169.10163937229248
171.27545918227844
171.8496930378872
173.2637493244273
174.01254825304744
174.62852759645253
178.05295919496376
180.03495052347046
181.79677222333225
190.1491860636165
196.727002624157
217.5268227425632
232.4235251881986
252.2610110953207
269.42424725026996
287.1128941609326
312.5953238742834
332.80827413600366
348.66809704805763
351.1555155793689
351.9370571551916
342.7199974586361
328.6456275365845
307.96694126906556
292.77711013240094
276.74408876742314
254.9221065533898
237.41711002371687
224.11953958128126
226.45254328586333
228.904683244454
229.64872935706174
230.1945032101839
230.58104943032473
230.99536331568268
230.177126706017
230.9198553513902
230.4612649852722
229.78169663823869
227.31956028595937
224.54072579201033
221.28525273571762
219.25825902952622
219.80400094461606
218.65548612166086
224.2116576194554
231.82627694115067
244.52279304955425
252.54822655743186
261.66373700611206
271.0379301955364
278.78463459084526
286.44470705638776
294.3355012790766
302.4078127688553
304.51217831102906
305.8420583352743
310.59027892217824
315.10892792926074
320.5625251339445
324.3527919678112
330.2948848119505
338.79075225675285
349.3520219514193
363.4333945091755
372.8396269824971
382.7867508559301
385.59564239449287
384.65288169921945
374.7712500235667
359.1284237062557
336.3765322004159
320.5440846436075
302.3537213371537
285.2771694560738
272.74322215188107
254.95306819693042
241.63047675198973
233.11998406941885
230.11443988058073
226.7771079295718
221.5235190235914
216.6445276510329
212.53655599385004
208.66044314578173
202.81137616843276
192.82333355770302
183.0700537297824
169.52048935570724
158.0397162643522
150.52364131133223
149.23881772918585
148.3431059546627
149.5685338213093
154.53069142121484
159.09532671161577
162.77154804322942
166.37055266995452
167.85416302633794
169.79782376051597
171.97797801470622
173.10435812629484
175.4259164974225
174.96704442202042
175.06570801570348
172.02432125581763
167.48440549198511
161.90341557853537
158.24738412084702
152.70687821085644
148.2872072998406
144.00848526161263
138.93575446309137
134.54308539357618
132.25115447876158
132.43493166458694
131.699132629163
129.23510479155036
128.2036772571233
126.96809530748743
126.42811955136492
124.58960830850872
120.9992395250081
119.1787954447347
112.99782467334144
109.18626967305312
107.07192600371951
106.93011083656783
106.46628063793999
109.0045084405128
114.75682676623906
121.439071738532
126.08653641611869
131.51676589596144
139.19925055004552
143.74514579536867
151.3656137869394
151.52026165432775
151.181702537142
152.1618829608016
152.2587499928878
151.83678317014122
151.65925080601616
152.63781816038053
153.426986970686
152.10869450020797
