25
0
c
64.0461005397475
63.150055949478215
64.36585979341153
63.06769818008781
64.45283077112997
63.67987452833447
62.249017009560056
59.923686846013894
56.02708125855619
48.947587692280685
44.50110806927478
38.355616442495716
31.938628967688526
27.642580511639498
20.38890172500262
14.319740392237252
9.449237595857056
8.018960973467719
7.177355430136586
9.7383464281816
10.5629150831492
13.183692048514548
15.157367468365583
15.3241615470238
15.649144273457582
15.81505596237452
15.61193625686154
15.823730795744527
14.677175854459387
14.332521141533405
15.242323683588696
15.162551383857373
17.285660642546603
19.585142475636093
21.26402708260048
21.357223693138156
23.258016871492682
25.395172054153527
26.905397032606185
28.88278142025598
30.683449581501442
31.381856045005968
31.052363767017603
30.675642861611678
29.4939969111669
28.39064633478927
27.12194369343887
25.482081135505133
25.863267707922706
23.92517576522382
23.2022599566168
20.54339746196491
18.260718016373747
18.43986914475138
18.048493340891905
22.110599839105397
28.645403198965013
38.29878758861335
44.57071266205992
52.03495518228648
64.32355117908487
71.90927681954307
83.06091170844302
83.73955030198603
85.19787676565996
85.45915016740256
85.61430858531524
86.80498990789405
86.74738930656154
86.27330938138864
86.52377331298808
86.866574775041
87.70211346767181
88.1059942454563
90.77911118657069
92.22858277809283
91.25511414007998
92.65650953780485
93.69423163922453
95.20134390391092
97.66527629284705
101.52217547726971
103.8493435912003
107.47942273470767
110.15531963077444
113.68834458832674
119.63505407034434
123.14080832492598
125.3772093292194
126.61443858846926
126.6280871055458
126.18047868811733
125.57232621940703
123.64357008144128
122.67260882703451
120.4794640486445
121.06334666381322
121.32725481716506
120.52471400362518
119.82850920455391
120.67356056173125
118.91138509108973
119.77125948687632
120.86970915605991
122.60818534850388
125.999167670491
126.9727991475513
129.48891313213355
130.92884597396954
134.04769244796083
137.01761874676984
139.04687947880788
140.70518652152515
142.17396483553074
142.5288322146351
140.52521465767856
138.50417950098327
135.28686339157792
132.51491661057264
129.3037245449909
127.61300230200754
125.46409906473355
122.00569984527029
118.86052499480425
117.37354503481366
115.8284532183286
116.9130133376093
117.80819886133828
121.32028296589759
126.69087414119716
129.12329022197707
134.60025025176904
138.89362277089012
143.2259075639082
147.53886658198655
146.763645865294
148.1239455819424
148.26703836952956
146.26666793923363
147.99578825225475
148.49026050187402
147.58243746190956
147.6302244101179
147.2107795632914
148.59500809826915
148.01589914578716
147.57085302500545
148.29256340199518
148.5827350347209
148.68738806198238
149.1855377536531
149.95741557984968
151.76414234054334
155.33335786670017
159.8651260849987
163.89829142462935
168.49672031472423
172.23654242327876
176.77674047231886
179.74587866506872
179.56247284279914
180.24363503069557
181.89654642815657
182.23481115433026
182.70297175115877
182.8999197978561
184.01409738322812
184.5067893452222
184.7286774302018
186.5439615950248
187.27481495987027
188.34646357116713
188.73422405028714
191.12744577251402
190.47862894604876
192.07162255674996
195.0825985367457
197.24407921783072
199.82199168152923
202.79548256005745
206.28890364353316
208.65342913216995
212.29952887223055
215.62430752865072
219.26472314758962
221.14771231122242
219.81343724775573
218.02241428919746
216.11293463428632
215.44769257846437
213.93712653029382
211.80916315532693
211.89821295445543
212.14116578770017
211.07059487401293
211.0200891958085
209.6774587432501
208.92483733398723
209.6420973558353
209.6711994382496
210.51074277497514
210.22113948075335
210.16455971329265
211.19789623257262
211.25385935715093
210.70810903578166
211.37441243138565
212.4344928625033
212.48752816004617
212.41483766400563
212.68686302247704
211.32283015349498
209.58210461170583
207.25437711056992
205.83498165578303
202.2804766273643
201.6274578934216
200.1250231241644
199.51551696558496
198.4283079834964
197.9201263745223
195.74874611119822
194.21535139852188
192.16007982642228
186.8714548592424
179.47839043788682
173.43753601711595
166.09649045548736
155.72045228087256
147.97128526843315
136.8598810831304
133.73431314722308
134.60589832064537
132.90174288044386
130.94527761508394
131.54270391175544
130.883633675879
130.6204707297484
130.52174554975613
127.88639415801282
128.2654588367768
124.7867831785618
122.00206716956872
120.24030212435756
118.0798381445196
117.88203539874301
118.39728125908093
118.38684535612113
120.63203797612151
122.00110461664731
123.00737075512258
125.22471339739901
127.5833266436434
128.17905792220105
129.58946826368023
131.1590407961658
132.2701131484
132.6277037187392
132.40972789447903
131.28379956202647
129.26163281773523
126.37023350999183
123.0346645733289
121.19691272499689
119.44188953162133
117.6898045716
114.56931272071216
112.25086753901957
112.10376208297338
111.6765314089189
112.18154735173636
111.10757326403466
110.52116193076196
110.84119266347672
110.04053029275589
108.70242841315532
109.47147865053087
108.99931740608407
108.72394302470374
108.88791992756742
107.17954067828303
107.4714486910841
106.85315097874775
104.04118395150769
102.1057056465066
94.9737051938805
89.44457276555376
82.99200978084147
