13
1
a
39.3927380149247
38.75537298536164
38.66522004314464
39.357141397522724
39.25431195661886
39.25728442268981
38.2021454607662
38.46503683276414
35.676578530635524
32.234019749981776
29.823589714159368
26.493969443386362
21.684216118082286
17.96189605843219
15.059794978064332
14.825364937767304
13.575606178528492
13.117541248854325
13.018062088062644
12.674443120322387
13.474740217805751
12.645778627265734
12.784391301296175
11.586950206526149
11.876761621866022
11.263152922276275
9.891444425314184
9.240110381266945
7.854937318960367
8.987168548981524
9.034209932211965
9.243269497555321
9.702399681016727
10.122196379013008
10.760620987149151
10.529278928732731
12.289514668707696
11.667509281755164
11.243589122824023
11.400304717626268
11.988559982121352
12.45650830165463
12.719505074286664
12.959594704646797
12.841453510433672
14.670886615005378
15.025534193599398
15.196636870802598
16.30040276942949
17.78300022452878
18.09213896127911
17.850212568642572
18.718136262114726
20.234421857623392
20.02923195570646
21.682411035423325
22.916815168276187
26.254530440557783
28.012680284145535
30.231972157530997
33.28314540003785
35.37015312759138
39.245362135204054
40.99573915256414
42.151620163462596
41.17912748701019
41.59928995847072
42.395664653595595
43.458185969806905
43.459904511159515
43.16832472300778
43.317306628472814
44.03359016831652
45.28571580408834
45.38366032710892
46.23630261880602
46.572117270113374
48.036132170621045
47.9742836847903
49.01932460478083
49.29916602496833
52.81715006327856
55.30799158158095
57.089616970923124
61.46851756432573
65.81395930002817
69.32376293259057
69.95869704968284
69.48498523704035
68.5878531401275
68.5939034384384
69.22760122140112
68.34262681407826
68.83996246772188
68.38926814602137
67.82147048733673
69.04715589026753
68.95142068166071
69.32440798550574
69.05154847800463
69.60886096623595
69.53409596487316
69.42165769823502
71.00346700390129
71.49881500928822
72.34068788060047
73.69790628598702
74.58504744169385
76.3324888738725
78.53766482552622
79.06736595679799
80.45382493264329
81.99932956955473
81.86822768237022
81.75737054428222
81.74283489650539
80.83437168575637
79.4428204885037
79.44154855286673
78.93280738813179
79.43158309889027
78.08624474412888
77.80861976781071
77.57973369870948
77.5196956365941
78.20571894084438
77.600920819381
76.64296948757865
75.5936083983879
75.30780133454661
75.65574624021696
75.38297151981305
74.57564470377427
74.27654139668617
72.07778319930988
71.37725416602599
70.98298429229672
69.57953553576387
69.36914496346223
72.44813332262473
73.53606602856563
76.27798350315275
77.38387202129502
79.16458616347576
79.64755657520897
81.00571735995881
82.01506132864323
83.33200966317122
84.71591649351801
85.15243456543395
85.63293267761483
87.59972477955439
89.1338757697689
92.47450009767547
93.37359126516525
95.70626075767579
100.02791256955989
101.05815064743705
106.46676777582438
109.12467562649249
111.24888812732856
112.36219817367548
111.78365768714811
111.38422136140412
110.85248275796788
108.5219048639013
107.57722065679155
106.0611014120352
106.25055024980989
104.96221079240243
105.13333157936401
103.91053941870513
104.0744812099707
105.27753449538807
103.99985602124491
104.48533017839026
105.05344769617469
105.11992118159087
106.43792181441812
106.6962761450187
106.61423495530367
107.62878259800753
108.50075230258426
108.12574278132477
108.59506801898388
108.44121467923375
108.37119052165829
108.2497505057928
107.50875903101365
106.52071590226164
106.57787987414991
106.46707249873064
106.1249763319913
105.09161153960616
104.79420693132727
103.65546799729157
102.9022955212277
103.77455030395994
102.674548763287
103.93590800195943
106.35028267680309
110.67020054567857
112.48891479988403
114.78554761252683
117.77538686934867
121.15667838191435
126.10294816267977
129.60037467538976
132.039832397579
133.10460696830071
132.6960291531619
129.70190459338582
123.7977574760734
115.04341790686195
109.1628048311585
103.21839109740564
90.9961445539533
81.24122593731434
74.07329587229309
75.53931521701358
77.02694665945967
77.77532636737911
79.10718716026422
77.09949918153585
78.08281151049182
78.77623352029126
78.00712221462918
78.12459837460884
77.84205357500716
78.90641864026297
79.09289254948834
79.31557239028193
78.24508635758149
77.22937865914982
76.96816670853077
77.92565382018172
76.70585499891946
74.42775177814084
74.64719930481866
72.40867120011934
70.96399235891049
69.57799465186953
66.77419193270534
66.41638092854083
67.18458287633932
66.38926453798086
67.42574279507242
66.29340170550856
66.60163360696338
65.81249152138355
65.87236517282776
66.27585969462191
66.43699038723904
65.11237889233722
65.77666515725609
65.24321914611122
65.6167647424968
65.5715254510443
65.02187918755773
64.65346296447623
64.2779462585333
62.21423773869591
61.38799654544517
59.68781578251826
59.479361100844784
58.52860361906435
57.26439200168417
55.867751895747084
55.465851470387946
53.94031895026725
53.61991513195681
53.11682411754698
52.73960405710824
53.049437429511954
50.12731823965368
50.87196297833808
49.08080922741242
47.35220831598612
46.10871195138696
45.32876671596286
44.23056390589631
44.701628820911516
42.91134871058298
43.31750973055511
42.56407136402449
42.17640074886818
42.07840582643833
41.08204286283655
