7
21
d
217.6083421089979
217.5017515632451
217.13001285801076
216.5063367253436
217.19694075817267
217.42770754570165
216.26121836812823
208.75111687396384
198.32554639294852
182.00680406388136
174.63762470873107
160.00099906444487
146.70189260313802
134.40538254912565
115.1820648790463
102.31612727751087
92.7530791524053
90.53512434286301
90.80521915733043
92.60213902937177
96.82854781208398
102.95776201841328
108.02784245985058
112.42344960005315
113.46136368010335
113.36619997952336
114.19731113639256
114.34200414687452
115.39313183922036
115.9999805344428
116.49041177572404
118.1493791268377
118.74992718475319
120.43707174253278
121.34868549221534
122.94288156996357
125.03511484286264
127.4629718669931
129.82511806562303
131.00795350256973
132.7063643337888
134.17521586128763
133.14555226133933
132.3135112688043
131.59197865433276
130.69123105971107
127.90832917975543
127.30121913823702
125.51415094196884
124.23129816632151
124.10025078513539
123.38912657634192
122.76456450284323
123.57575606300368
122.11315062877617
122.05421361091528
122.08153584497643
120.09846600668695
120.55671528352639
119.32612873722927
118.79758329979505
116.94213192173251
113.3425512231495
111.5000148912777
108.87375766694427
107.7285120826747
107.56847563774537
112.33015544455452
121.97724056433064
133.83608661033776
141.72741484401377
150.83480398781285
161.3112967091013
166.837700600191
173.73614164871452
179.51415857085428
187.48902039622476
190.76401657416943
193.9389034080156
203.1079360967986
211.18537338153962
220.68639811289086
229.27826160065692
239.49015900502286
252.780826052321
264.2533153071614
282.6220888935794
296.63042758184855
306.30689679551494
308.0297031734667
308.81975809938524
305.9143008834418
301.70218791832286
296.4563724281839
290.77660856714107
285.60205517276904
285.5927982439706
285.99306931879386
286.24529168926284
286.02817196629246
286.47814628556944
285.01629489444144
284.09445661869086
283.6989650710453
280.3864971964016
268.36026624123184
257.86804593328674
243.08452383813002
233.18329153639925
222.81824622309512
208.22848815178455
196.88524750067978
189.1764430816523
187.7788298579634
187.84799960334183
189.74376289493242
193.81613653860862
200.11725563059906
205.06976042022305
209.89838993221585
212.96063722423418
213.65367365835118
216.37280466784034
218.05842533274665
218.77127566831896
219.8545618940633
220.02057736937837
220.77770463755203
220.27163529137098
220.37796789050682
220.19056210223894
221.2271943145421
221.48341502579603
222.15960390328667
221.3807946267403
221.80836505029856
222.90762589956313
224.06238820641366
223.69062269620585
225.6623475492726
227.56283192091814
234.37068613091026
239.88154809583494
246.45779540297784
251.83788648695622
256.81326580220394
264.807061096621
269.63942794067935
274.6355871705506
275.30044997711866
275.6519832234078
275.39963314628193
272.7801476771121
271.86340355458134
270.1049199049345
268.0649920255087
267.9692971919656
266.4934235983928
265.68940473538635
262.7479665318765
261.71133785554997
262.24228616426785
261.19919092232414
267.4907419204477
272.80300870265296
284.37854776360564
291.81347385909805
301.2452285487859
308.68266600048355
316.1196572058738
329.0465837829375
336.8628524572822
344.0546188944563
345.83670137291557
345.39132835542836
344.37125629182384
340.0916365443812
337.46316489204116
333.37025017898395
330.3127040374818
328.920648153484
328.5701002342816
328.2178098413435
327.82740178761543
327.2321676718832
326.5930705597831
326.24216763628283
325.36579042708667
322.9060730110902
320.5461235062975
320.85636525038416
319.5170429722586
317.1217657943044
317.13291591123243
315.9895366145433
314.91881250299645
313.07669172637844
313.25661300039883
310.90933482620943
308.282652529148
304.7418818656753
301.29885466493505
297.9641763598353
293.61168444211745
288.3408775416657
282.3056971563619
276.0438139301873
269.1477608043474
265.4808277091962
262.20437115593063
262.46491661920317
268.5695804198494
276.2844119093203
289.2045183417193
297.38996046680455
307.7869602929055
316.6514364218897
324.74828293938253
337.1543929914925
348.10870440306354
354.6925384722177
356.04862006351954
357.52177530963036
352.5737411716771
344.4525443498443
335.554455819088
328.17834796087544
317.97127431606066
312.8249643697341
309.36331008509376
303.7950362498334
299.61295552255876
295.2610138578049
294.35408822966923
291.6630266202147
289.8900598469352
286.6453968052393
284.9303305901613
281.15227334093834
279.20160513723465
273.10585304744546
269.32715251771543
264.7850915651764
260.6166054379651
258.3488348638919
258.47807482415453
256.6599253248805
255.13912676670114
254.76032817252545
253.3662003971857
251.47799958610904
249.35726119345728
246.7651944380256
244.39966981173185
239.60607323081211
234.77705072456274
232.10281444573218
230.93195202892056
231.4941089476211
235.3989840311048
240.67061400876713
248.59385873581817
254.0153810204665
260.8200817905653
267.1965646725954
272.75886672132606
281.87721419389834
289.331580269674
295.5223826432635
296.32232183112444
295.8844947114417
290.9722903686876
283.50727635307874
271.572276558329
263.1612587858459
254.12077773857624
243.48008194960894
234.6195863105059
222.9630323899021
221.74417876492362
220.02602146428129
219.22811187016856
219.3000879456741
218.78415695224885
217.58089663393127
218.54996248792148
217.46297092934321
216.78109548321552
