21
10
c
80.6346198155304
81.06050385811307
82.85048974500327
83.79315159071871
86.81305857167544
86.8807189460889
88.1318510047955
87.81476836834294
83.7928322437366
79.00584947024316
71.80550026309876
66.46492602604852
59.68204013611233
50.04960847924566
42.94172426506404
34.86731108057024
34.21735461341728
33.75561791654359
33.9857051052936
33.46810826915156
33.67462956385646
33.888350443097295
33.48958146843365
34.155518347317745
34.02408771661663
32.70517970405512
31.65797273062182
31.763239376917
29.84426453290892
27.7583061874084
30.12169832781451
29.00677901997142
28.141547961544397
29.146969579930772
29.634406035192878
29.144960772979456
30.392740383522018
29.461823745438267
30.530332484578373
31.221976003724333
31.853064720357438
30.704382660186962
31.658509495445326
31.696132756550586
29.85439091754425
28.13590566552475
25.172565434125644
22.936279104844132
20.033053314025477
17.96076359488692
15.857832717330158
12.23271792021863
9.70810589328579
6.941613577158698
5.797682411784142
6.0708248242976905
7.372058632746321
10.613358867350849
15.309603965329629
19.65484686848143
22.144727098223637
24.501620605657422
27.24514162395115
32.28509991512053
34.67583504215988
37.02944298346385
37.19199458499943
37.84087591291902
36.65332488493823
35.48290366795219
34.78937761369557
33.09817452098521
31.851676364367666
31.411534957427797
30.13890919805738
28.82547815237856
29.065011857508715
28.500558240768914
28.26874958428587
28.505901678813714
29.351093183989793
29.969828508873547
31.272285547843737
32.69823059403923
33.50867724937775
34.26285780723539
34.853973668097936
35.19675407413559
35.48715220397934
37.13475009173647
37.318440958146546
37.105966103084114
38.652301772451004
40.40678432909058
43.14050834654992
44.96243638711701
46.799440427565564
49.647263468607726
51.86681191895835
56.094660582397296
57.679023692791866
60.46307273646826
60.51874679234441
59.929705461355525
59.262362971215566
57.408286389172105
56.023076822937554
54.98688635273321
52.092290118598974
51.67345281203969
50.355024700122065
49.18454549726934
47.688457086148055
47.85714773339382
47.7128755768477
46.41703899282378
47.38607962753911
48.65431641969462
49.40260351037118
50.21471274381787
51.25943891100435
51.72594078465628
51.27439102495424
50.653021910350574
50.29570295368501
50.93122771688353
52.024298508289725
52.08852930278256
52.64328473773812
54.39677746692098
58.63481833238535
62.97196481355203
67.3667874925581
72.36059357305122
75.47659670922451
79.9344785209734
83.9298675865815
84.98575057885661
85.6273756922149
85.73786852975869
87.37868724273852
87.6862513218711
88.06992802557656
89.01533872160883
90.31269403390573
91.3355453733766
91.84414580476256
91.36053866364666
92.70062968055068
93.77000833724117
95.41212322132692
97.2014412944102
99.77185715211324
102.65371956386107
115.17072615218301
123.38922893426201
134.02766818915467
142.32667479286238
151.83133518267837
165.07199119879513
174.8535389059991
184.7905606866723
184.61980777004914
185.46778136729938
180.3175071485296
173.3833688890507
162.5440567646442
154.24176203317947
146.47334038760712
135.13286747119292
126.13541088796578
118.77065319656622
119.22176500872092
120.68945699973743
120.95757142296313
120.75528584053652
121.8999466412346
121.88608257149076
120.9881211851732
121.38032034074816
122.26004334228851
120.54553403236646
119.52320685172592
119.28355537240095
117.36348319112264
115.89107062196605
116.1029525302878
115.41112173490384
119.19395261639777
123.94443740340184
129.17879791392252
134.76424235028682
139.3571230731413
143.42894228787853
146.11771742844655
152.1187665820978
155.0082307311161
158.71778798346975
160.75813486095797
161.82313944194703
164.146407641571
166.05739593671117
169.55165343479106
171.25991789967014
174.32993475285443
178.90801211862293
184.07539735526296
191.6972845497217
196.90542169736162
202.39790759291466
203.46880169475833
203.1650926823349
197.65238828981964
189.52359067050685
179.01417008189696
169.08501330764275
159.73764854392803
150.28475471075717
142.78609185654912
135.24205000831932
127.91971380450605
123.67345012633567
121.53851895300134
120.1756313150646
118.24563672718853
114.8291768457401
112.22195258418479
110.57701887906471
106.91245840760769
102.48550981278628
97.22667465317188
88.88669841853024
84.9023223031765
79.3194998594836
78.16595098700644
78.66351068227692
80.25811161889952
81.71347360468475
83.64864704431899
86.19905165842022
87.11494136984146
87.8966235483317
89.50441397189483
91.26859091457155
91.27101396112562
92.44775890522801
93.13779460660658
92.04745218911104
90.95211238611395
88.53168799011625
85.85513118721283
84.79196349030575
80.18702103592655
78.46361976901545
76.38884559560354
73.85641675228685
71.26926185469864
70.94717761599021
68.8580596482635
68.98075369012378
68.94803088140932
67.31122416522169
67.49486013108775
65.9932066616374
65.91923019544758
63.37732002265522
61.94019045579429
59.85577213121835
58.16622662076726
56.522145785758205
56.28245657204961
56.639898570378904
57.623531875867435
59.90434406433849
63.35562934944759
66.36358154147457
69.87358598072393
72.91508001514094
76.13706879056163
79.90384395473792
80.30033225042158
80.90076973855756
80.04010767571171
81.38196565263449
80.61189181640115
80.92012702189975
80.52644177341115
80.77822796200557
