21
17
e
205.70667816979443
205.2236962187571
205.1160476188414
205.1352123629216
203.8532219350931
205.28837480411673
204.54439784057547
198.17589867640152
189.38981734676548
176.29570734065913
167.7102801459367
157.23258073908497
144.5850529756778
136.16969175622154
119.33074408050494
107.61893203232948
98.52758175887524
96.77094244145015
96.49744153474283
99.75996187373423
103.00695746272298
109.90155239691055
114.80323112411952
119.34676560395955
121.23515207163314
123.356564379712
125.42066003465973
126.79051394931966
127.22645858215975
127.6257517406946
127.84086787332208
128.02735605463843
127.81648249614346
128.8225871213794
128.76789756420843
129.6573881829137
130.26074340945743
131.4927739439934
132.9933376565142
132.42604870635367
133.4461726594017
133.91385614373425
134.18619717192672
133.9361821547949
133.2498904040415
133.7037754688401
132.92623293480668
132.55211930040167
133.55664403243247
132.97982685293584
132.59345290600396
132.493977767112
133.3925949461655
133.07423624884734
133.42065055542093
133.03176913687116
133.03723073938284
133.06460104197367
133.4171262688108
132.4173476835595
133.2213669343216
131.9736386345603
131.74055265623926
130.26918492259958
130.5156734539439
130.24353883629743
129.74535034580546
132.2143918833773
135.07678886151245
141.46930835452147
145.41731640152122
150.62778274687557
156.5754776145723
161.47155924811565
168.0796111580982
169.0708622881275
169.87920459556165
169.02419435379323
169.26587533064796
169.2935642361115
169.62981404150523
169.1346451856121
169.86290159576157
169.16036469224625
168.92881672680178
170.1235875176743
168.6419938410188
168.83870293481712
169.63558036470695
170.7419749920764
170.61841103102532
173.56108468317439
175.21529305716302
186.5713202045478
198.01661586536764
212.97756528094874
223.95521071885514
232.92626898369878
246.1548223835087
257.2116014424034
265.6770861051119
266.6200863918447
267.06363232392266
265.28183760668685
262.1053884050068
259.1171060409889
255.96909245346944
253.58058674629717
252.86603661284647
252.14810184219215
253.55598310579913
254.5432647879848
255.5161777603223
255.26666361913357
254.67935181690322
253.1552287036902
251.49740180594543
245.686546136783
243.1449682888955
239.26425618777805
235.99396511349815
231.8318771806792
228.76356542667486
224.84977754532903
222.350561092489
221.31778800369514
221.04400714333406
222.88125265800392
223.22318853424508
224.5435872068037
225.51762504074324
225.4857264295552
225.31356363249293
226.18559017919213
224.0405353731188
223.11023077163395
222.39450675166086
222.04325165115262
222.50395241076342
225.17177529458544
229.67849879754246
236.534936709933
240.70046910359787
246.28760671872476
251.51143712252838
256.10284483926614
264.65343063942925
270.83800066565357
275.6562457973504
276.24615664588475
276.2056622054413
272.5926106065661
268.0530475483448
260.4664010756133
254.61337766258052
249.97650907767587
246.1642018850992
239.69074930782577
233.65612084455776
228.34795554324376
224.2693339678642
222.7793690939596
223.2766228504735
226.7873281970037
232.22573668118247
238.54695405325077
245.76111016355205
252.71126484104062
257.5995703441333
260.6095970585417
264.3598966773274
270.19057904424454
272.71738930320726
275.42367188065725
277.30372534675723
280.49297645716655
283.26445764727333
288.0995765399375
291.4338706765146
295.846929325468
302.02501355826087
307.6556274820699
316.6971161199626
323.05947969317054
326.928726338355
328.9097788904981
328.7933174268426
326.7975017975374
323.1582218999667
319.248866773551
316.22994486978325
314.1568989314022
310.8016152547526
309.49641613651875
305.8740901669592
302.78267802399006
301.1702362268725
300.58713568467454
300.40204457811467
302.5980612755073
307.59606206587677
312.5662450114662
317.5526347043774
321.79689768713973
326.5751614342725
330.43602011836833
336.5948591073558
342.1510434124718
344.53975078485684
345.8900945627881
346.00101881067314
344.7354026466294
342.8496470336219
339.02390728832574
337.97672964317405
335.2283550703444
336.19445519614914
335.24516294263
334.64305259710505
335.4008219015391
334.0802739249931
333.9200012247299
333.45476421899855
331.3581286511048
329.90981014734984
323.4450755217399
319.16903589546143
312.74730464126907
306.05257218218804
299.6895648094167
291.9816167873373
290.7697249867436
288.90704600376296
288.64268009990906
288.6237742422986
286.99818285461777
288.1431244786996
287.27807873928725
286.7759615204999
286.34335055191656
284.4973321421481
283.19977209558243
280.99641238508804
281.3341057735913
280.1387636223007
278.87600696688173
277.03186397365545
276.5768597244162
275.1987908096508
275.01838495741947
274.1169567160185
271.94600524784937
270.9046374957442
269.14853002072556
267.1001512538997
264.8963063999898
264.30043922575175
263.3231806854966
263.9815222816559
263.9634959405781
264.6207016821075
264.93345263656545
266.5830251894181
265.5707220392838
265.89697707444736
267.2778129573317
267.8944830619367
269.25760021466755
269.82766228666344
269.8021533655272
269.74584273542087
266.21436035716397
263.1614436814561
256.25578069866117
251.46081959413922
245.6692475419356
240.67148131404568
236.64570818394446
231.16645847065246
227.93702414963906
223.49699664222982
222.87501594028802
221.02073302197462
219.0295547148088
218.1783361146244
216.07098132576832
215.15232441656045
213.10196941236165
