1
0
b
265.9730637218442
266.23516537376304
267.07828405316644
266.5284272123608
266.0029267640692
266.8593924822424
265.34787039383815
261.04521699380194
255.78127771387207
245.5038982285143
240.3325735641739
232.55790817693193
220.54150595730886
214.96178777601503
203.6593154210689
197.70917404568218
195.1654182075409
193.5746358915654
192.83613498396718
190.4603982558731
191.04988466269518
190.29883242927812
188.35629507644168
186.88549677061843
183.1703158156763
181.5863308951744
177.07312539157047
174.2915978668653
171.49537509794558
170.914331134953
169.07839526848488
167.9716550410624
165.35530531715878
163.65570420679705
161.7280037315368
158.9135787955049
155.7836725824716
151.1896720925112
146.85120077836638
143.06719701473727
140.82974510908966
138.42827550829148
139.08980265508907
140.71588995494
142.0719942737944
145.26367035022795
145.3620498500213
148.18699672153514
149.75284557713945
149.3823126928687
149.7968097718875
150.4532496449191
151.43620164169891
151.96037915110256
152.3824302796013
153.42949192055804
153.44698839343965
154.83136052230597
157.66243262353805
158.06623367732772
160.79115625686947
160.71820319381766
161.80136561612608
163.68052240074948
164.26886095260625
164.4166356456691
165.06189742948024
168.08136932044283
171.17561245075854
173.75902764433977
176.65727680007973
179.54477182363541
182.64670320548177
183.78380282482487
187.60467893004483
189.8575172158834
191.78351192626343
193.14657445871984
194.73049129362084
198.99229807881918
203.21158374850074
208.47882707741823
211.73454334530294
217.3533547376538
222.71669469434968
226.9234914627269
233.37679014907744
237.5079768783816
242.86360872786582
244.0689584645825
247.57424602083634
250.40100545000152
254.5832188250121
259.41237180633055
264.47359007455964
269.80285464760254
275.88049240913966
281.9000569044595
289.42422319047057
294.18357032530804
300.2289488934595
301.78977876053057
302.91319115465336
307.0001235871516
308.68995686010277
311.80082543684165
314.26153800833754
317.3284705677267
324.06538671588595
330.0883789789778
337.28434439949564
340.57008303070177
341.359664868239
341.9793420250267
342.94305521860906
343.16739071215164
343.6994077627556
344.06041336025754
344.0016492828731
344.9930112295678
346.43764137314946
348.0382442389168
350.7184988375844
352.2752987696546
354.5275755774622
354.13500899103184
355.07204860582067
354.51170448985033
353.0841968961119
351.6196012840977
350.12713750677364
348.7930296908019
347.82162635733243
347.1532355025967
344.78670657747404
343.2901549298191
342.22900143069603
342.5745404965446
341.25092608199157
343.4736469272082
346.4086599880586
348.99873061313133
352.7476594689848
354.9163496336655
358.93399463557444
360.780540972923
364.35221800865247
366.8145830422733
367.67787014985055
368.7588298167197
368.28400753781426
368.04492288546805
368.49206958626655
368.23858473655343
366.0076457253751
365.3339369957382
366.2540600286339
366.2725986925806
365.9047924316018
365.9260718821752
366.59870820034325
366.30355168316686
365.80373357653684
365.9209155914801
365.0857155092962
364.60594408048695
363.6975874199079
362.7900564973557
361.3485222448619
361.3018011425872
360.80915237039477
360.15640840289643
359.11843051383534
359.2559072698119
358.7871631448153
357.1753984680705
355.8189089467328
354.639339702392
353.4154700418712
351.60141449389323
349.6222633984435
347.7256273472487
346.30387560519966
344.78971534504456
343.40819273695257
344.03334702226925
342.40896987181594
342.68518390156544
341.95514971749435
342.22450383169746
342.219722954239
341.9672628524327
340.4677506572136
339.72794069908736
339.9545763903854
338.55258421003936
337.7618252265448
337.3192754930123
338.0509113324895
336.7050053270193
336.8079088809023
335.3368636604608
335.1979417963145
334.9191584470713
333.7586090762061
332.43965920672946
330.8619483232762
330.49941375093454
329.391287235345
328.73053944824613
329.5161512884843
329.8631056771268
330.19985358910753
332.3644089249539
332.5533589787644
334.81589273686274
335.1572038118292
335.9740401558236
337.06851868127063
338.4846916677083
339.45498449341903
338.741429509084
339.3291907747738
339.0595100229136
339.2646804631572
339.5172560999534
338.898920843977
338.22641472497224
337.96352177103194
337.4879750622453
338.41646517842815
336.9154784387995
335.306277799246
335.1982987303887
335.0006086600492
336.9520078731359
338.8414158733158
344.13189859413444
347.67659394648706
352.0379343267307
357.59730379767814
359.95073216701024
366.572726115793
367.8433958755275
368.31743687826025
367.645336755876
368.4124980828215
368.5708663772564
368.45192757540804
369.305352066004
368.38488337383814
369.5658086617576
370.20194754120854
370.7755628122436
372.7740277430944
373.28641455553884
375.20768678527475
374.9193231709391
375.1272418704727
374.321150411502
372.26818127202836
369.5503367077153
368.48076531854275
365.8301038467206
364.6853440588259
363.1924791723492
363.4039044858503
361.9748828795542
360.70844766278907
359.6930307619348
358.9319673905023
355.8647532593323
353.52117519543594
347.15022872002766
343.58138894149084
338.3256725912766
332.84188928486
329.7578580995658
325.35041104611696
322.4248622945933
317.9199147494559
315.6620866823167
313.77964573766144
309.4126753389193
304.9895273468036
298.6174076396214
295.36707083096445
289.6921848109866
