26
25
e
11.467065141729917
12.210065100953457
10.859767816833545
12.088043252771946
11.901413487826861
12.358940484775719
11.46142919054088
11.55811369890751
10.329702008217978
9.144751547464535
8.370979572029835
6.675506206828962
4.144434886010725
2.835390698771498
1.4495799193169177
0.43275309383855554
0.0
0.2943028002578472
0.0
0.0
3.5498718293384126
9.225738008877082
12.81662780160682
17.51313630426325
21.050665104837687
26.962333076987125
32.75872916508877
39.67284475487657
42.38170354206054
42.73263578854556
42.86050308478902
39.56337866977035
35.423081415352314
28.67324148992336
23.51974726716864
15.649283661222142
11.79207874762149
7.936091290517069
2.1519596217662182
0.0
0.4984246293674774
0.0
0.49198665552809645
0.20750623402839133
0.17259599396272837
0.3969540588217693
0.034136997566200075
1.1070179072176338
3.6987119018158943
4.263917907722036
3.118422529952113
3.9058629559984173
3.5222613942040097
4.525992577066604
5.056046047551759
5.930888153622057
8.688806572880269
13.894566363421717
18.351357669951916
22.332479916246132
24.602013777313577
28.386675284309476
28.8838773042936
32.10276399967755
34.81964938946741
36.821196461018594
39.00467084117024
46.96701336656819
54.71376864342211
67.99896903337404
77.71657217645746
91.96160875631782
105.01678307172295
117.93034083185208
138.8716675954469
155.21898196782604
168.31922467558795
171.2268135766653
171.2205553625415
160.63481590409506
145.56548256298328
122.90740391339538
107.57683662295638
88.52190875026488
75.25465844523814
61.393050024520086
40.19815819797614
25.990504346096046
14.950090690126903
12.71790228211748
12.994078635022019
17.4874599787679
22.59293487504793
33.70082702242381
41.00629527558763
48.11781666791588
50.99239811392553
55.30199774635508
60.15153680177427
64.70245240702208
66.88962684711278
67.26759232082705
67.89291270365902
67.414029345937
66.0527878772552
64.66713009373791
63.68065001665929
62.586248972255504
61.62440862117788
59.653500621461035
55.31936424785703
51.47614715298958
46.93490287883454
45.6483552805515
45.60386966299384
58.59339088230613
77.03436297468176
105.60514810186338
124.61835079851895
148.69391045383972
175.78905762228936
198.54221021738024
227.64350166116736
241.37777270142175
247.28191372897615
250.1857414673164
252.6093624901966
256.26416130733605
257.5987388044601
260.0043761632457
261.6954554938809
264.5622385731946
273.623047266613
282.93861285571177
296.352262501909
307.52442318313217
316.474022248001
317.40766081562435
317.31951357580465
308.72495674857527
295.09579657070987
275.5998784079259
262.3899569732204
245.09720156832424
229.58808298441366
217.2416003935693
202.38778889094468
190.23889015877685
186.23941731647145
183.99672997147826
182.95308653220408
179.06576743840125
176.53481661747549
173.6094532838341
171.23160772080817
168.07544874375006
161.10880151476786
155.96860496034634
148.64514297938524
143.50389496181808
138.86092368836887
139.1743040211135
136.7239629546629
133.27811923386756
132.15339636755596
129.83064151336103
127.38406041672273
125.41377715021198
121.31511061437315
115.229581689152
105.95395712077728
101.29082542974652
95.43670345541582
94.2354423352702
94.11676901717303
101.07261039491489
111.04795455487836
127.15343572230518
138.67131076263132
150.72146089298167
161.39780033847677
175.027340973197
194.13307408222838
208.1813007078415
219.22459422943504
222.3320501050486
222.31503063800824
210.20897860589915
193.02506777485766
166.65593816263396
147.24802002720867
125.7652378719935
107.3031391852761
90.57937562160058
64.67572214801893
45.25086502727092
31.25878487020838
27.834012404137912
26.716006100856934
33.98023703854963
46.0521805306028
61.95782506343999
74.29357286980496
89.11135594613526
95.9820530561634
103.82975156287597
116.93602175867551
126.86045006211991
134.29638118937424
135.20539992091008
136.17363264005905
130.12116877557094
122.85373711369441
112.08425149164064
102.40996433486642
94.52333497213849
87.14957464790987
78.39710342717902
64.98423453695139
54.4030915079525
45.037300830989444
41.412217365793204
42.4302505566898
55.98781413276912
76.66930178750309
106.46759256962548
129.14493055402895
154.9648848640008
175.8186850304155
196.9777710386732
229.07726479869214
252.39316423725236
270.5454596305349
274.17345410927584
274.40199613411795
268.3828894537603
254.9819354005287
238.31146533359575
224.71123600140584
210.29164869390002
206.57980476489138
202.60903383266654
198.68615898994153
194.84354722626193
190.09787496078758
185.090327722179
183.3240883708473
171.8771090701397
158.54222710487224
139.0890936659666
124.37369396269102
104.95900053229677
86.38387450088803
66.981222353602
39.28992996359656
20.34558719626438
5.633754580925504
1.6942505627930413
1.8721710386257824
3.817005733703894
9.914133791148437
17.52715423784592
22.959555706229054
28.975827678497513
29.891765968160662
29.147745374118056
28.99840904901954
29.234645805604583
28.649353614199818
27.732251746009187
27.370763663708047
27.7837025048422
28.65143998554734
30.18670677977081
31.549215845798063
31.130541804097266
32.97369861882036
33.940857896869126
33.6673462102911
35.58829016368565
37.415404806792736
37.54066831782629
36.99033873092055
35.49335849251987
32.64655529989047
28.087125773872007
26.06124466227096
23.0931087656743
