21
20
e
100.93826105835596
99.7748213874124
100.32091236237788
100.41577916307595
100.14913312742118
101.10164081880208
99.6164637820953
95.68392440564601
89.92776963795211
83.2146486505547
77.02954189988277
69.91085034843859
59.152640139046184
51.48544895344311
40.76551350382769
40.3843050865678
40.60379850838433
40.16424816224719
39.98570244003754
40.32781748770637
39.55224760794997
39.82142228048684
39.27057776663234
38.50207594598177
38.411813784351764
37.0127801888642
36.00481200816793
35.20977844126566
33.55384346718371
33.44285850467322
32.31814323300287
33.627066874850286
34.2736759906782
34.51854163249683
34.90710725267163
35.381242848068176
34.17362489643732
35.67179151952923
36.33218491657667
36.681343135814195
36.87098922096894
38.23438306839175
38.140220079287914
36.76830612841761
32.94735118434012
30.233361411186877
26.96087301981526
23.994559274653067
21.744058113698568
19.14024478344859
13.312045642317443
10.354485524062417
6.722519239268175
6.2060558666646655
5.042285742295199
8.81737124892807
12.574022206852398
18.5413513676092
22.024250868951214
25.86816502514301
29.312148155637523
33.891966505465334
37.877630126020314
40.95951539655159
44.834641376564406
43.955778254981944
45.07584535941189
43.21171942668724
42.72330325656394
40.31489196714267
38.594965997847076
38.84874343612367
36.40306137632847
36.148055031077725
36.05333806127814
34.54564817499612
35.049833023467166
33.723041513072516
33.466896421243995
33.64597387296469
34.72740521926038
36.902165462955786
37.79782336254671
39.64713936904452
40.713789497812996
40.27795780980383
41.556224546823415
41.26200202980425
42.68030559051102
43.40531187494265
44.26708786715042
45.54113534879582
48.12899728355254
49.22826493876234
51.05597892572132
55.67140732241388
57.97762397223042
61.519890233997536
64.59878675321613
67.82895181120152
70.20561974817042
69.96727135917985
71.52823989352443
70.40821881980264
68.16045048963552
65.4123071043405
63.03197223650416
62.13099905682244
59.38333737672714
60.09306669392062
57.26296523339787
56.175861484678656
55.28488762834097
55.02096440353159
55.32325279606683
55.83749798504054
55.09068413365916
58.24324385076034
57.6272267928127
59.27731637381225
59.201548662008264
59.33402311815034
59.48501534064979
59.67628848018251
60.30670696172811
60.73960181243245
60.57948362605631
61.99698468217658
63.65535070809778
69.12323532536159
73.37702731286834
79.84170762668784
84.63044865803967
88.31103157710399
93.89499960624035
97.67316701141799
99.01032574560169
99.66584099656461
100.83076044074997
101.97400459621674
103.50245075920324
103.45372170856075
103.85255935664145
105.73887726317646
107.15965339176381
107.45497203586213
107.8057809708766
108.09616905925449
110.03543136082949
111.42875168945234
112.70300978826215
118.09806608564769
121.86493073666963
134.57838793844326
145.15942762153801
156.25542836753266
166.3301975849199
176.93253335696105
193.3208055769623
206.4849419891374
215.33828935004507
217.69422486226185
217.57994254734305
211.25491851184552
203.46050986346287
191.61288553115315
182.784920183379
171.50657902949524
157.5245960818939
147.14116331038963
139.548171630062
140.86485953253847
141.7095121457346
141.71980250244712
142.35934278104315
143.0715556322305
142.7733538135213
142.4678711519873
142.11588407061933
142.74747881592492
142.33524212272818
139.4496759583954
139.02162262043197
137.41853353003603
136.03507057410113
135.08709094156387
135.2235910226755
139.0502109449041
144.39991829912088
150.84111193847303
157.0363283628282
162.3442449129801
167.808564611708
173.19414765825923
176.9590207725007
182.03581006460502
186.31076236460768
189.10465589528624
188.67400079579446
192.03293143975665
195.19759117471946
197.79883731121706
201.21976307780088
205.31617697054304
209.7630261244192
215.17770515716538
224.93426522951904
231.3007158020749
238.6117051425957
239.57057537383767
239.38007085218243
232.95700551582507
222.63154775854989
209.32109971574351
197.74531374911928
186.83151136626992
176.57941748486138
168.73790168200472
157.66429981523385
149.98793728349972
144.84144329322584
143.54242935308986
140.707117060368
137.51519784807806
133.9206673221343
132.51018597997657
128.9905468226634
125.40428859520448
119.22088148131637
113.70385972868958
104.93351170048236
98.22995075734161
93.50905241434967
92.23963478929524
93.148257223552
93.60385577191629
96.13261502803005
98.58327261939318
101.24111205021467
103.74077358142014
104.06659118608562
104.64955901048813
105.71719605866852
107.0109918587663
107.72826696187072
108.58071476058375
108.47283297108079
106.40529506718931
104.70921106750086
100.52664253831026
99.13176985668295
94.51073563344366
91.21319508581558
89.50656841617707
86.35982388992804
83.37961079307279
81.09987070189557
81.17187153644069
80.8657511792343
80.25554148017652
78.65156424194589
78.57534650077932
78.07131483740287
75.74089978966421
75.40899472076708
73.08903116662586
70.60745984258746
68.87477115634267
65.93693749508205
66.43096303991459
65.59732499494011
67.69717956557292
71.00033868785458
74.992500132079
77.93364969040992
80.91443195279716
86.70738511823082
88.22819861796812
93.92915794410024
93.99061276680465
93.34236766597783
94.2891234454925
94.28057248497086
94.41523043363973
94.93848709851407
94.13556267696009
93.4756635152676
94.83786122264175
