5
23
d
41.759052658154246
41.49288491699651
41.441963487298125
41.81215153610934
41.20614908572506
42.68698836469872
41.84234230765211
40.31152762006826
37.19925534971724
32.357192606853495
29.094465559746606
25.258904217960957
21.66664656827085
18.44503969141314
12.506311683425018
9.172640283201835
6.085068706974887
5.306179373619189
5.495601436968535
6.584806752550652
7.385467051339153
7.998329941231427
9.884957661133017
10.888618936841207
9.988080572642689
11.360314223632928
9.733777619469539
9.529594104723433
9.73254548791764
8.749110341776833
10.181039339255918
10.572512238830615
11.979400390025601
12.79627802107944
12.854734345591659
15.142809822840968
15.442958360147415
16.666873743324395
18.692967324441447
19.002677959189153
19.733865781093115
20.118987108463113
20.52336167098281
20.562003478405945
20.100144409084823
18.814471542441776
18.498861261029408
17.321229953434944
16.431657652720922
14.742355292844257
14.18636954609895
13.323436267805926
12.523719456738327
11.961092681019618
11.474063672219176
14.381219976223477
19.135136262772708
25.04151477192371
29.558652131340782
35.10130401950785
41.85009058146937
46.55802130938827
54.17830426525039
55.58152253721835
55.259958111379916
56.235885717627355
56.78762304354377
56.612964413756295
56.32697359015708
56.34222107312758
56.953119291600814
56.96564260605551
57.33677039477171
58.076925010604285
58.92520003329874
59.41260627182713
59.98623367985183
60.89176045469782
60.89519095537393
62.184441286331996
64.4640929518872
65.86725108313047
67.63119752237017
69.63931499966962
72.9864087502387
74.94840436061658
78.81440355511772
81.08079418507737
82.09092111226138
82.51960117383292
82.98335417015231
82.30313684433098
81.21611325156032
81.01610376666325
80.34461170430062
79.85154457698017
79.36246061477961
78.71806067918462
79.42731086786293
79.46632636885903
78.56585302966182
78.16373635995632
78.49618257568567
79.594711363813
80.02367975361
82.53762018910463
83.1406433817399
84.91771269490853
85.94960152829677
87.01907654757024
90.09201631201718
91.70302499823786
92.28108970762926
93.22304432811396
92.78756412060352
91.33848117054185
90.0289934993739
88.50622449869103
86.83322042756163
84.96779540894718
83.85046976630693
82.60825380282782
79.89511943145585
77.3942138787021
75.7030043692054
76.22750658050927
75.99319286673193
76.93541620813292
79.40910407073206
83.04840188140275
84.6933093353378
87.13282986688165
91.54603496285131
93.33417930307651
95.85871053866236
95.88467774622045
95.76082417147892
97.52154560499763
97.2881573157517
96.30326396541615
96.62814789862846
97.57268964466735
96.53694661431396
96.96705577499154
96.67058623395089
96.49068849571795
97.6168416151111
97.17977453190004
97.2189396648319
97.61957974306975
97.3060333757997
98.17465521220869
99.36002846552675
102.54471148972618
104.62258322572964
107.17264126248197
110.75916150195201
113.12720386190233
116.26156012354987
117.36196193614185
117.9954823539987
118.64246009825457
119.10908361538566
118.56343313138883
119.21526047485325
119.84341423177358
120.04823111315953
121.0081217882611
121.92588540191959
122.23805412706068
121.61239547503229
122.37475399977731
123.62098343530988
125.09913299229342
124.72248127532146
126.07063575555728
127.81581880708828
129.95050670498458
131.41419974459717
133.29145053472843
133.232417698809
136.161877636576
140.20974206560905
141.9816948808192
143.26443213423184
142.66317496133377
143.68895708896392
143.2972656819458
141.5448087673086
141.20638508594115
140.28482338387914
138.58621869762243
138.48629829045976
139.21068839991614
138.1781055004261
137.57240177193455
136.85380551512915
137.02029731042325
138.45005615469285
137.21909187646574
137.56303680658755
138.47628691193214
137.31985903650298
137.57944108101537
137.2414143098195
137.61848696449212
138.43219829136092
139.27235317715522
137.7630881710778
139.4606186735576
139.35584041457585
137.66551810911895
136.32292590998043
135.2385574095567
134.20840555616496
132.023091754769
132.1896367634017
131.70364541736495
129.75850217238002
129.27416114185993
129.33702527395752
128.2424105946093
128.11306773714355
126.02624868721614
121.98184293998123
117.03729995680861
113.64882186213072
109.53508118540024
101.53512975146565
96.84163906126084
89.79137687548524
88.38436016927803
86.98983914502503
86.45101971199692
87.06231853949744
86.30224929869406
85.39059141560455
84.5959687701452
85.70753723109009
85.33334084606207
83.43639449065982
82.29599180938155
79.68183204718947
77.69332975264861
77.28649171283195
76.7412369931806
77.57936133152897
77.48707928848592
77.56487490340552
79.76447175188976
80.37543539521066
82.26228491969187
82.95150472031548
82.66960708885978
84.49669646801163
85.55221226348205
86.69463467346282
86.1828283608877
87.3880107290647
85.88904720523809
84.0722688671788
82.82087058944111
81.7515342786193
79.6803411217292
77.86910098390972
77.01153491069987
75.90576609366755
74.29884068239566
74.43747436530012
73.09775388869232
73.39318693972244
73.64972009517298
72.99939559729982
71.62461223427553
71.89070827430788
71.04493830275844
72.37548880676326
70.71843062641226
71.01182220648046
70.57467359414329
70.50083872662194
69.76391999902714
69.80546283959698
67.60544214206051
65.91160072858042
63.123952200038644
59.289256011490345
54.44234231672523
