27
26
b
13.234703102220521
13.962860560696718
12.622201727332488
13.896896328741272
13.934190580109272
13.687432104578196
13.24155414509298
12.044997838248998
11.366372161959767
10.37507313564321
9.05338512537329
6.47009001533232
4.474054332217681
3.447519943855576
1.186236160404311
0.0
0.0
0.46683594854606203
0.4472206225092825
0.03598748330709307
3.136052356752909
9.645019881493482
14.49033665841643
19.881722543620043
25.289919370422012
30.776004950420063
37.9511920084762
43.44674298296225
47.5151546144662
49.375101054134085
48.811321862452125
45.617344130023916
39.58412965415225
32.18988730591323
27.55666498135289
18.43945478934893
14.04542661138599
9.812463722458489
2.3438647700887163
0.0
0.0
0.0
0.0
0.5867978755614478
0.06739029245918002
0.07862691973904175
0.9215015877788335
0.9923080869095099
3.6065039401313324
4.2873383786694905
3.050321638508592
4.226805711535732
4.713237182307661
4.755791954116617
5.8322345124186095
7.387441018887358
9.83580264485631
14.81764388970823
20.15689346843552
26.134978304731845
30.51881207624295
30.173843535358717
32.96378540944067
36.0104685012147
39.35306242402572
42.64056260153564
44.59415064164296
52.51985638345923
61.97379118417075
77.35687244659042
89.42442720968626
103.17936519159433
119.4794718445449
134.96257080538766
159.34728903172203
178.44142900806534
191.8190221962056
195.4502009934786
195.63301002328294
183.65473081504115
165.9963775881074
140.90285100592243
122.16452750836825
99.55314928598663
84.82036293455296
69.83095551747587
47.21811437819642
29.760250478800476
16.71965444602465
14.085605452414567
14.4453433288591
18.795384824767986
27.455707340553385
37.32435160316641
46.17226568089441
55.33630599291308
59.13770455560683
62.49440510289391
68.54285147447351
74.06578311908325
76.3777526683708
77.24369974471594
76.90222039506698
76.58713939018625
76.27144149367565
73.57781689479424
71.92497001428836
71.49981326921086
71.05769396933886
67.51491987914939
62.538790884846684
58.473179998643
54.516366368327716
52.89057577517541
52.452740021927276
66.6381633610821
88.46280777802667
119.66710954202206
142.42446283628516
169.67261918460892
200.9698516684078
226.65230445629882
260.1742368650595
275.4551538667387
282.03325138446814
285.3623721334672
287.16598593241605
291.98871379235186
294.9713042336887
297.4922931652017
298.64717407143974
301.5746006626538
312.6132051507428
322.1074438598036
337.1741557409634
349.8723175264778
359.29181276075946
362.16505816990923
362.4668433866847
351.94515543956453
335.88344796336594
313.5746071093011
298.60841357959623
279.13772988634656
262.3809354851482
248.5652145779083
230.48202556035022
218.10213866680743
212.7179472468081
210.17975538010083
206.81436020859937
204.54920250063356
200.87331577823355
197.75447245265073
195.18938148718158
192.02214138067023
183.39350253046777
178.17430063552558
168.4789722451022
162.93987948923646
159.53259939018395
157.369838932769
154.51311094726736
152.43201005197952
150.80268562152716
148.65747834159694
145.9547132385208
142.50243907356693
137.996062593947
131.33062925173957
121.3444146074387
114.48756199830503
108.39413936369418
107.23486582736139
106.53738798532882
115.59611817237591
127.71813860245103
145.65527897896723
157.37709568166252
172.89657357005672
185.7538462305498
198.80865456480998
220.65935232784256
237.41449085627806
250.47499838036387
253.65084139359908
254.13951685549398
239.67176320736255
219.6469676545567
190.0927689974172
168.0882433752314
142.9814976988533
122.89077410878942
103.2510546493847
74.02725605565956
51.16549594846426
34.01436668933712
30.34959897724035
30.990556320658577
40.479416880464
51.92811501731497
70.07328234948501
84.29526186163734
101.56546389820282
110.7561879498647
119.66437272570755
133.99859293843767
144.92400808537164
152.87745317037925
153.81822685925636
155.0211573694157
149.54770928812044
140.67260514159597
126.35010741653454
118.27901759408923
107.01256804803432
98.41486639520065
87.90027124969333
73.59252144132364
62.415128370555294
51.69038967078397
48.60951394449145
48.66245539249953
63.79303739565909
87.44274706303419
122.76260626955323
145.81210177176115
175.13476638514692
200.4634941995361
224.01638612720154
261.2314445730502
288.5828168249619
307.9536028080012
313.28279523546854
313.4917297608275
305.6325721053757
290.7266893710951
271.8323318597207
257.3465183677909
240.1034739060492
234.8278101137153
230.12182752321954
226.40817332244043
222.23702974311325
216.578481422426
212.216105367683
207.69329964559662
194.54304132431446
180.88833393698778
157.71123786563084
141.53699057948873
120.50064034080134
99.03065255281989
77.95738841829636
45.55911723403061
22.491765367824925
3.542242573164959
1.4846666193069504
1.3546380541453231
5.996279813957589
12.372384765546792
18.082038381359073
25.00372182154842
32.57593273728085
32.06573446362409
32.15734151279273
31.70426055138975
32.36621476060133
31.92178469174383
31.525130801233892
31.525714679058755
32.930329997451096
32.06228108808215
33.89487121162801
33.95988917962312
36.66575706551684
37.34089817466328
38.748488407250164
39.30934671071783
40.14933442022109
41.6507932598792
41.94945401992163
42.01594229822132
40.82197150426625
37.03970718772741
33.64729893013115
29.94852166065016
25.43484172253747
