15
18
b
55.76845788876058
54.94695829692949
54.86805017197764
55.1142724508216
55.17426610203788
55.9084072773601
55.02185966064249
54.575024625176404
54.385653804509566
53.443563504601435
52.18389828739025
52.26929650869595
50.59690969702296
49.84179509485395
49.345271741059754
47.735667677611254
47.44863300512505
46.8261325166767
47.17357173022057
47.276935135607474
47.375234667719944
49.78183564897421
51.78204302799805
52.20761842098165
52.755946917015535
53.71614749766748
56.64148714846331
57.621600338272806
59.1024173711468
58.9903021247204
58.43807403971785
55.82837352839835
52.512625717798905
47.728688501168115
44.707847139759885
39.54073661661742
35.118762564997944
32.639581589136945
27.34348967146942
21.326788733059722
19.19348661774525
18.251881973252573
18.06699785561719
19.796001266789016
21.350301683287114
25.046986685431172
27.716276941725745
30.37034333312193
30.958971485194294
31.765150897138124
31.64063207283652
31.41618917485437
32.724561230857994
34.340006660482075
35.550955971136894
37.88161805825366
42.541764575178675
52.65133338697774
62.59802736255999
73.26191015914675
81.63799489265465
90.60355625963531
104.42785831562614
114.55019023065533
122.34930515020854
121.38584355060996
123.29620575877625
121.84456139900038
117.84047063676522
115.90229398427816
112.06642297530827
110.02145882569054
109.54717852346657
108.29218782014603
107.92505522420583
106.64285466341707
106.13162326907866
103.51046277067918
105.21295393339305
109.20411612800268
113.7649932213849
121.45033891959802
126.54912495768703
134.36490455323457
140.89483419882256
144.47912483920672
151.14780022414402
155.9358331577521
160.57805123676846
163.3828402466874
164.56044009573947
166.80235634359565
169.547304946511
173.6061814912715
176.15545901062305
179.88511745356104
186.10404334432948
191.90647748363253
201.47525890669215
208.05769462051387
213.14333109998705
215.2569165195311
214.76110286722135
209.63746084952086
200.59708083839945
188.82283472937954
179.98245499202662
170.6228793345049
162.04007338278254
155.20944229124424
142.74928907913576
132.53690850769132
126.30832888245062
124.95517696577807
124.40654609111908
128.92921061060758
137.1673129068124
149.2647998140077
157.88739737264228
167.72128797411784
173.46617018721503
180.8045165255832
191.45073358647252
198.03789999823084
203.5129951948498
204.20159675995924
204.52987278782157
202.96867607761934
202.04183981414243
199.2265457078813
197.223129729385
194.97358017261317
196.166060642934
196.40909821478886
195.9588675569499
195.90264282883606
196.02721955170753
196.4376267029601
196.31321843836537
196.2094315291822
193.52007352173288
192.6231893004016
190.34577286160254
189.2635728248259
186.78674864842748
183.53126215981572
181.00513966220873
177.66070731627522
174.59928427564628
172.98842159948737
173.75061454254438
180.57245937251398
186.51525662825273
199.8343227668625
209.79438432272096
219.4717991160965
229.71286116990402
239.0012821827937
254.5613562363656
265.5990238018458
274.8681321797444
276.9346917482959
276.8886585004222
269.04063559328995
258.93920426372347
241.36687590426354
230.50123194306155
216.3923145674539
205.7629802809044
197.17489279082824
181.70762360478847
171.2130439633367
162.60061027817923
161.38631169422322
160.11809359996633
164.24602160126696
169.18098895065884
175.17897802043606
180.37847095916405
185.78025783579955
188.71597941176807
190.41899601445425
194.7855634084875
198.23911775993412
199.66929278250552
199.98004828484545
200.17778826709826
197.79823899609963
195.33973802888542
191.44926186262006
188.92003786753847
186.35324331019004
183.5567282746782
178.5815398282197
171.84496975678368
166.44833537891054
161.89630668025762
160.0423596451407
160.71288388675129
170.35477083205976
185.76334567002823
208.6509345828715
225.94638174854884
243.83106287142218
261.94778348778755
279.606032032347
307.1889723039467
326.59328854924786
343.98846295397374
348.2130126799885
348.676162830351
335.4709862040535
315.65079604111605
286.0832178107118
264.9103152333163
240.35713183785484
222.34771818332462
203.3619704444901
175.95766704726265
153.33183191368815
138.09302305772232
133.43601071608785
133.40405295446672
145.47052774956407
165.00348264503586
190.90577549329623
211.63705532553948
233.99507104933164
251.13944511225438
268.5657249019634
294.3288713203244
313.40837477338516
328.81258950384233
331.72660206237515
332.3698237918786
320.840142149206
305.91446791363376
282.4558823596851
266.1718525238915
247.37407370990144
233.11389842354117
222.51718032839423
207.97202169162645
197.82689415893944
188.50537045047489
185.78404062933404
182.98312445638874
177.7138717032732
173.34711726446594
168.26585336299553
164.25135776673412
158.99474933966982
148.9751170959853
139.71991106386557
126.0368229543507
115.47512149477063
106.67743168403894
104.57255528876047
105.04923303895093
109.68154520107028
116.39994225123006
126.78752175758919
135.10694583467603
143.37200683152193
148.9487047381803
153.9352766513258
163.4395257443711
169.13251885340935
174.45054320052492
175.756754891319
175.22877300448616
172.66621098973846
166.58740090887673
158.682076027155
153.03532778679423
145.7747867912463
143.6036492051953
140.0013038561518
136.79094194351023
133.41164076857714
131.69542057890297
128.1853669626045
127.34112139274299
119.79696061912522
114.86026764779382
106.26069636677857
100.3484096347234
91.35185629056784
