2
9
d
100.1659761483445
100.70297387511653
100.41506357504349
100.41099818041009
99.58497923535161
100.34546225550163
100.08522302305751
95.4518933034391
87.50256896940998
77.20842600044195
70.76616292910404
61.09753285953995
52.22623289867941
43.18579310197692
30.667853952989244
21.404113124996663
14.320393528177968
13.312130194069562
14.335819796732002
14.819230831209692
17.276771452117227
18.695177249841116
22.935949137002456
26.49463504428424
25.48509480237084
25.753840895058193
24.504613769641406
24.76142607186538
23.857575252923084
24.294762511119732
24.682577182980552
25.436459400230028
25.99986241657023
30.39317592942095
33.49080776916568
35.443520287345976
37.34062643743753
39.932859718256
43.45070715188669
45.30230902719265
47.85676795043408
49.33020495585797
48.61787050167525
47.222735669520006
46.57485553802262
44.918892147803334
43.57418476944038
41.73726307761785
39.66691984415188
38.34354497986727
35.459340580834606
32.57321136109876
29.170051398764386
28.419948593841482
27.939030432641108
35.04749658372491
45.415785245954616
60.76580877281158
70.88294757013774
83.67764485329039
100.97819405335724
114.88614774934267
132.52104994571965
134.1046097857235
135.1740246909016
135.3196058531348
136.04964561677042
136.4239484007196
136.8385956038217
136.7991951876529
137.8397883233327
136.78350657266677
139.23979803281148
140.99560232088555
142.7358990770885
144.09193376075334
144.7624466254024
146.78230573855208
147.1636699122039
150.9137532625278
154.7453972293613
159.3383010972218
164.50924915593185
169.25162889032555
175.17823317000756
180.8743449809249
188.4594377942946
194.76066671600177
198.35637565195498
200.33252255207586
199.4241914921744
198.93014878076409
196.9168414587466
195.34767924289574
194.2453124634259
190.6766711531562
191.23986535409807
191.20994757205895
189.72948369106888
190.14275438868188
189.21693278038975
189.76996842562727
189.42142540826305
191.15504410094445
193.57383303482268
198.16016413757765
202.0027025435703
205.18972857704279
208.1103064332457
211.99746872041356
216.27630278803642
220.61183383994975
223.89543745723935
225.11974320275064
224.87215077171328
221.95637937322272
218.95485960587231
213.22240912598315
209.38479009837758
204.15124922430067
201.73899457416732
197.14283652912343
192.181702948559
188.0282340538787
184.57061453951317
183.73254550671018
182.91031833493147
186.84859338155215
192.4651597720929
199.91716713988805
205.69982218672382
211.6827933212655
220.18930917643843
225.81447962716524
233.6131322275914
233.04427231418853
232.97196831992738
233.07339298372202
234.30946541058609
232.6396733390746
234.3840337836696
233.8063792957908
233.25932041951427
234.33995232301885
233.9250472471885
233.8041656239772
234.46244568977997
234.3420176414535
234.23575171264653
234.90218991657096
235.35211407467943
237.28725857841022
239.67192919379127
246.17981701041464
252.16647718078798
258.89709862515707
265.9658580122325
271.44175530879124
279.2195241836182
283.5816047889583
284.684024373767
286.01371811437343
287.1374925419559
289.183733908309
288.72246766122237
289.0657816270755
290.2184958240525
291.19845414617583
293.4909110787941
294.9925458200859
297.41941312928384
297.2961775088645
300.05062006501805
299.8629578295862
301.04440487507406
304.8104565975969
307.34501138086785
312.27764088430797
316.1626416629587
319.8783937705065
324.707758501146
329.745226428218
336.8183792893418
342.6624660752063
345.3562132738928
346.511845649791
346.58463336553916
345.3763518177621
343.00264165948784
340.84542579069586
337.4557613797425
335.70715827921714
335.39067619030845
335.31624786099906
333.2080289039264
332.78293821293886
331.786688005665
332.07163414182656
331.34310620149296
331.48758255068645
331.37566050182545
331.8485829675558
332.99047193345046
333.0638489225571
333.0715783059597
333.1917199112799
333.9870809666792
334.2112173666347
335.4355256550591
334.1495303548856
335.9056740446286
333.2493110126636
329.95450935266416
326.62613341511354
323.3125303327877
320.58566643722094
318.1146073647833
316.5758221261409
314.9630216614523
314.5217905476517
312.5022135226431
310.1651127886683
307.7161684923764
302.44373731781997
295.6245376976612
283.1019715956911
274.59280260820015
261.74577313368565
246.33284035093683
233.18288229031066
216.60318788555062
212.71481547404272
210.31727761385199
209.38824032147943
208.23245976576183
207.3865227257514
207.2213442228583
206.7877773057648
204.81323191626444
204.3685358864594
202.14922935673417
198.6847723199898
194.08851628149728
189.90477533945997
186.59861960991714
185.86815410831662
186.4791489607107
188.10731612247193
190.40028941738717
194.0570094193497
194.74902290927986
197.88172686911483
200.16037112001638
201.14874271545762
203.82436642826855
207.4445991659978
209.42589012581587
209.86541883066897
209.79811142327168
206.84743485696313
204.6982424344007
199.36476855334357
195.68765798929803
191.79177525554832
188.19084563731298
185.9731901261837
181.0843975455926
178.83955362787603
178.10321666037603
176.39804310300653
176.19354162915573
175.75978435977575
176.06617572067506
174.07769933111015
173.66019310680352
172.34520489637467
172.20862583982026
171.35869002537166
172.23313702745466
171.50581854122325
170.22564717834234
168.25352918414353
167.85613386361555
163.87277751149722
161.04616483866764
150.0204977176211
142.06894566267738
130.91423071400675
