17
20
e
117.59160824433481
116.50035969768419
117.0124083836562
116.76351407774139
116.57030684766585
116.81661285078496
116.47172736307958
110.77314803672337
102.393410384192
90.70097050640565
82.31238976083003
71.37559526578882
59.83278261217724
50.168982514617106
35.414356332011465
25.045590632934633
17.822076632623496
14.669516676190979
14.660555051883525
16.440121336273624
19.671924595023178
23.825076818914802
26.251999284747406
29.84061127551426
29.00298308743962
29.043555520242496
29.144248774824742
27.682111958129973
27.653709532352305
28.189619329558983
28.20324906978314
30.282016934779318
32.19160661450483
36.453132235326756
37.75226266435538
40.79468951956338
43.62899802129002
46.28899100367613
50.17050754044668
54.07225724059771
55.51106083220349
56.407224648264844
56.89564175888378
55.505103450606335
53.79272002518083
51.5569332228695
49.72017942157127
48.1845036577007
46.958373288547044
44.64020798961192
39.85401398671011
37.60178974507455
33.22702684630066
33.53370639316126
32.70798368911723
40.805384195420075
51.91653520160896
70.76776154933636
82.08627266994237
97.38371200317664
117.12245056026457
133.26443355096268
153.42768861189077
155.47531041122596
157.24273303551487
158.1346795439655
158.4876380030887
158.72976127718314
159.27601935200832
159.34399005613955
159.60695367126766
159.15664206499218
161.62338874333096
164.0604817312231
165.0744321368746
166.5478538330824
169.27666610732263
170.86390504491413
172.69412258067484
175.82770947798326
179.45855973524138
185.31245622509616
192.35777095503474
198.30952305176856
203.30027460554874
209.8729658348664
220.24062111654504
227.20559837817078
232.0263252976777
232.6863159802725
232.90364912029193
231.55436144843915
230.19717980314073
227.45515596456337
224.79616535104077
222.98573515216066
223.00130894450066
222.8693105261996
222.84614126915682
220.84126814082643
220.4722322918476
221.0342314013919
220.232199130157
222.57283977400434
225.59892947292374
232.377975901716
234.73719671731521
237.6101210797588
242.54776017916132
246.1050115154887
252.5759808337064
257.61013064841507
260.1712624818203
261.1289277351528
261.41107858828684
258.5389970096381
252.7404961329974
248.14296820701378
243.3894187845486
239.17475853861723
234.2282376000181
230.14911396629662
223.14195291935857
219.2243918623306
214.14460302300395
213.44699613654927
213.53754885014914
217.97871790189342
223.47105109055914
232.53162233351304
238.17047312359108
246.0844821804645
255.90424437075876
261.864063216496
271.0633707914392
271.29106166304547
271.72980728406765
271.92273424929465
271.6852318495578
271.27103130268506
271.3735733521687
272.47601931458325
272.53087042307106
272.3144454786344
272.83488542132204
271.8295075915344
273.07170944752255
273.04441719622884
273.9002683948169
274.4730597955867
275.33848329241766
275.7508812223103
279.2983079910659
286.70578419524736
292.86554196680623
300.06869313608627
309.25910533296343
316.1980176478431
324.6926533651968
330.34177247119504
331.8750165057122
333.02119850982217
333.5655358340718
334.7716694532785
335.031519719557
336.5904307762924
337.5984882979592
338.5445706994528
342.0045712709963
342.13135114883255
344.4306530779424
347.08488176463516
348.8025241274386
349.31629863576455
351.36296079269925
354.6747762643859
357.8599754147364
363.8413906655869
368.2384624080607
371.78001483062127
378.0633341005361
382.9558769547841
391.3452765173188
398.1232874297207
402.6166440645311
403.42440819978134
403.9993420166614
402.4846062210556
399.65494844091853
396.6655210540166
393.2291382005426
391.8404781131647
390.375175029119
389.9269441136594
388.16125085149173
386.5621322754587
385.35631008741353
386.2318594218626
385.8463644005336
386.4224418358943
387.20538223505474
386.5991041775375
387.5563708073568
387.10958381371336
387.4044630985108
387.8413617417164
387.8893628576501
389.3490159697701
391.33441048446633
389.78308076223635
389.19788724526745
387.39906382247665
385.13864053965324
380.21443312985184
376.67621220403987
372.12466188596613
369.87288682742036
368.58084441490837
366.83097718703317
365.1483622963288
363.58461488270876
360.1956383354263
358.516033999521
352.05400216385794
344.4810301420297
329.49846192659356
319.4491548229056
305.1508444024118
286.7350279532382
272.33527381828037
251.63877818681223
247.467259266043
245.1547377726521
244.2630050278408
243.06342234050328
241.0902130491287
240.90012267124774
239.75159359349493
239.36898926145858
238.24025223667334
233.64107126749926
230.74717859404828
224.3480073480445
220.89526096706038
217.64189706571676
216.78148399870574
216.47021387886616
218.1939438164082
220.5385579105036
224.90925035747253
228.18185290768514
230.63217026752673
232.7991021772761
235.3010926984286
238.23671752026283
242.02778542379167
244.2790236177136
243.69471790364156
243.40361511959867
241.0966630967899
237.54097506530033
233.35095226425332
227.5271090609197
224.04966663251705
219.0679895740689
215.34673991060572
210.76123479257436
208.0357025721621
206.24267815090806
206.2815605306292
204.7253327919779
204.2214579344104
203.60221685036868
203.3249630918683
201.89601209261812
201.0814493630455
200.6991081706626
199.5297325460047
200.05034860385217
199.27697203260678
198.1890090072606
196.50026758920805
195.2990964335994
190.6239655531427
187.05670747840006
174.89986664874803
165.02577406930646
152.62253470069135
