24
18
a
128.536242336704
128.66320842360008
129.34773087940377
129.54658955274357
129.95355477384084
129.6788683715797
129.74136137703536
126.54661897251506
123.16697741278249
119.34685247645622
116.6435928726441
112.55672601673362
107.2054184270006
104.13643888777348
98.3934062871761
96.48224181694172
95.50492032182798
94.96614615706665
93.5857269709213
93.19204647257939
92.50587665813914
92.12968155428122
90.51347685571386
90.59055566131269
89.43886540677073
87.75150896376867
86.01573102916166
84.82580035471328
83.50513897349514
83.48411026951842
81.7217752888204
81.71268567701274
79.93561073369399
79.17178232319922
78.98636614172764
77.27371576645999
75.19585173466399
74.25014640324076
72.25696516423714
69.13324166039375
68.16725807759707
66.41476153923429
67.45544561362662
68.40783762786266
68.89854985287963
70.01061315022059
70.85953614680601
71.3815169013123
73.2193661468866
72.51969730955615
73.50145095538383
73.73794848174235
73.47570015751893
74.38416645284663
74.45879665681352
74.14509333155007
74.91377765770356
75.69667529152831
76.68532799187105
77.1099853182731
77.19864134437879
78.13662408443545
78.96670055643274
80.79961335000966
79.86295241879199
80.6254384999382
80.33618253634675
82.22182341052216
82.60942011808903
84.06101000455534
85.92136399123447
86.87787080494591
88.59901261831526
89.56609035429793
90.5875024193274
91.32210248640625
92.15017793475182
94.59856830069694
94.66194654786538
96.21070236097464
97.57363567143197
101.04319745422286
102.54202088935548
105.07047550787364
108.67368016890264
109.82757856007598
113.56660755480034
115.08339222934717
117.33077631780036
118.63291196645393
120.17924188623324
121.71469684938589
124.24199674305112
125.9610603066933
128.0619861695505
130.74610342553746
134.9876433070181
137.58800666445026
140.53933984445058
143.13818934398157
145.8543667122409
146.25973064123352
147.66946067369662
148.23903743124052
149.86856290741224
151.74926500430882
152.06419239262004
154.98002740090902
158.111915230197
160.31467948177283
164.6660807614991
165.7428020442101
165.88914352929154
166.72371011327064
167.16415217986955
166.27428963292414
167.11414621087306
167.0071001977325
167.02735665780278
168.0807851431299
167.96666490417394
169.42128110329736
169.8545803652692
171.36937826999892
171.96919755711508
172.38969586538832
172.0196964286217
171.40808201298756
172.07854771213582
170.39482250257547
169.97806527235502
169.33071747754647
168.22909641227582
167.99584539770942
167.8073417353394
167.54057560400207
166.21428404501634
166.94593101231717
165.86928250065262
165.98085957951523
167.81561651387474
169.03310568700982
171.36949036807653
173.65519061219302
174.17817575461996
175.39478771501598
176.23500965142503
177.61576370891137
178.5742665497429
178.95238279643394
179.91664048923013
179.1915881815013
179.13816860381158
177.87039004908098
177.08428243698097
177.4802774593489
177.69460280106688
178.3771396900941
178.6041584548568
177.0399355742999
178.2900769120735
178.27115597511695
177.131615932207
177.47463955014248
177.43533446425945
176.2984249445012
176.32273592778623
175.688658171284
175.5400488478568
174.93310682037662
175.0752861566673
175.31178054936584
174.40198582989726
174.61036363620966
174.89225369377306
173.53606271367974
173.23452829339024
172.73317371959416
172.51291029992126
170.635611841415
169.41110126287822
168.4278966184813
167.66060837162425
167.94671370217452
167.40662463836398
166.95041457519636
167.46670282782821
167.00805477904944
166.74143291345274
166.00700046805292
166.37693775025187
165.3379379601127
165.54037496185535
165.5261607959806
164.16140783443277
164.9405256711177
163.43113232850163
164.7408275707281
164.42927536709732
163.24024344429353
161.96955919821454
163.01168516478904
163.5254531542087
163.36545632189777
161.38814778441528
161.4988187207041
160.70058136737282
160.05432666908115
160.18132553132105
160.2211338930542
160.19624816150485
160.04976104592583
161.96422243764627
161.94179946165778
162.35533428362461
162.31176806299231
163.59779733205048
163.0497952071699
163.6869138334807
163.68758859612578
164.96096595857583
165.479292496854
165.11452986978227
164.26995506461319
164.2869278460199
164.67414710841518
164.10609383809395
163.84290179074654
163.4434437340792
164.2996248156397
163.25582129575866
164.2825289228168
162.54330663012118
162.72733559483007
161.47314332034188
163.59590733145387
165.6249326911839
167.15251206577753
168.48109020177208
170.17658999812957
174.0883020682132
174.93867195608414
178.63573296065937
178.7028147731726
178.4476577294521
179.12667680108063
178.2655589043397
178.74576818715582
178.95809528644725
178.7969946453952
179.2971880542155
178.51987019005767
179.27100859496474
180.07468823557662
180.72050533476178
181.4902680067588
181.65404056267477
182.1909749873204
181.72277934679468
181.5527900184804
180.02905475016442
179.23853570049383
178.1133606774834
177.77382871450965
176.22078491408735
175.68295764719937
176.22557385798962
176.568513207193
175.67981841588977
174.2568016338155
174.40139725795643
172.78491084714983
171.39563545325063
167.8636133688671
166.6215082351261
163.64663189206547
162.1508865905618
160.1476764272081
157.7861213633852
156.20929254884686
154.0275956529517
154.0198775639293
152.364169499002
150.6487861016083
148.7023990904855
145.87237825615563
143.66482833990676
140.98493831020218
