6
20
d
90.31804143279614
89.41133192705331
90.03268197913323
89.43385826779557
89.1340094542364
89.96853380983862
88.99863232544416
86.081144454524
83.9057804456909
77.93104386833731
72.90692460459879
68.82512344971272
63.873646379296154
58.80580754530668
52.35762591965544
46.58196304820114
42.99914874791793
42.380749221337915
42.300513321562924
43.166466165464584
46.13404485371974
47.63816572501744
50.28393195977935
52.52368390413446
52.97086248768263
53.07608283798689
53.50792703831945
56.303693871482004
55.354799439056805
55.50289021549147
56.15643286791767
56.17255200812612
56.06715922404139
55.636774330535225
57.05240226329785
56.854215693323496
56.898080347744894
57.0069921264399
57.7287284246142
58.87441436046445
58.88301084628589
58.45309854129141
57.984001535244765
58.43420232931412
58.741632830734595
57.94566342176005
58.189167052156314
57.40887922415496
58.40778690990484
57.995699126797255
57.49914718037209
58.69176130458831
58.03957786776448
58.454761706167076
57.62586272886734
58.51454072331427
57.502665552457515
58.44979021333959
58.29187384813071
58.687167524692285
58.10575859125866
57.67145320150815
57.46577306183304
55.799594677702885
56.75550017737431
56.1088702803995
56.943359107091815
56.656120749894384
59.57233702943485
62.02086176597504
63.7438190895389
65.6939385703306
67.79332671155024
71.51485242226767
73.21258236050171
73.05814596922038
73.48833990207957
73.467585504495
72.79633269674247
74.00608688923774
73.80199356466149
73.32993755149886
73.75792643176591
74.37135878163978
73.29177764269667
75.01016904842805
74.2507576592961
74.04790304186784
73.81658405095911
74.98921006762599
75.0620397452728
75.07950529393707
76.81586013219706
80.71058532668356
86.32474864401973
92.7567103013024
96.9053420354686
101.97880169180954
107.4076497773763
112.19881390258368
116.1389921242017
116.36366735316955
115.62425697537203
115.18838537391245
115.96025504786677
113.5479160766515
111.3867139714686
110.43025445002921
110.67918736321587
110.18168657228969
110.91082567365173
110.96245076073937
110.81726900187546
112.30359609756655
109.98722860574136
110.7038828769689
108.99954685656382
107.65751670074164
105.92727560822225
104.00164894535119
103.59675928325063
101.77727266826379
99.13002169396357
99.15124523864247
96.9831912754997
96.18872202554483
96.29217714584644
97.27587232252533
97.6385704207281
97.01040315126397
98.19245158691271
98.92877277223789
98.81228933733692
98.08675440713856
98.22219409723796
97.11671178213474
97.5480307596657
97.04083145954549
96.4379747911933
98.50084239038804
100.06945834247705
102.89694603236897
105.81797982650514
107.89678099568005
109.80388251242277
111.75645688706703
115.17415586990704
119.24474826418378
120.93470854865075
120.00960435667994
120.75678067117254
119.84221136730196
116.78744154670453
112.63054340817348
111.65404442904527
109.2156038319255
107.58230936790314
104.62539079796505
100.96764463130266
98.72936353706123
98.21435166485868
97.13913213958163
96.65896948759739
98.21728655105973
101.46842244942113
105.39185281439751
107.58843272518001
110.36893295973887
112.15523848234191
114.54360048203935
115.5403143509979
117.16063488580522
119.16278593438527
120.29664883560075
120.24596268602139
122.1232320843205
124.03539702425591
126.61677519712649
127.19208904847336
128.7222865772913
131.6752034481834
134.69157835252707
137.83352202960265
141.37600915864434
143.7852998408574
142.85311420046736
142.26156575046807
142.84298273532485
140.75122929180222
139.6030187470246
138.27424774609898
136.81316524479166
135.62816128667794
134.47932423066618
133.13689068723536
132.64523384924382
130.70544955007387
130.46912382628406
131.39664392844554
133.04403579101705
134.14286099613813
136.92019010570843
137.8834459954636
141.01073437733234
142.13454603072512
145.28264490646623
147.0204943429325
148.98140344584883
150.39564932045283
150.6906919843976
150.96068592062454
151.30496773523885
149.44180266357552
148.1702762909394
147.3242534856806
146.02318557217302
146.86352395906624
146.48854806953844
146.864991299604
146.12576345911347
145.19467521933677
146.03101218755057
145.96610075684697
144.40972394675686
143.64810274693622
141.61914756696012
138.6993025037893
136.18626248328474
133.12206539547938
131.59190160010692
127.7557068936628
126.26703948383242
126.35081293651432
125.49678305381528
126.07252810105439
125.31485407689041
124.68805993127702
124.82151470810885
124.73952369197733
124.82457481269677
124.46124979124747
123.9179484616474
121.87683364871235
121.38915399093435
122.03916646789337
121.35798808173422
121.46834753230347
120.99446755160001
120.81306033260603
119.00695983222366
120.30989404460398
118.88936150445772
117.32158096831606
117.28269391279868
116.67974256448841
116.11375127169141
114.61358784957497
115.00637527087694
114.8274400838572
115.07375024260577
115.1478458120379
115.58132823920243
115.22621877352758
116.26032786533897
115.65316589380335
116.78074311614087
117.63671427357586
117.17915940598378
117.30342258782835
118.18621199582878
117.3703478871378
117.35789104383277
115.07360095800418
111.92006659685508
110.0171451366226
107.18139790813099
105.1175078722044
103.17380621047897
101.16860333497502
98.54209609173984
96.89759913813305
97.15716630942893
95.42543275631193
95.97399180736011
94.82040673051952
93.4952477651779
93.96256046498132
92.29735032046996
