17
12
d
213.44987879599944
212.07986303544
212.05675343153314
212.53263024895728
212.51641112811225
212.44506921127123
211.29175046508777
204.24885449197814
193.70801529630924
179.67352234709827
168.92567953414294
157.93448139368994
143.7424120131193
132.48666860481092
112.28573110264219
100.54759829271504
90.19078123007455
88.51650986250444
88.99766682413282
90.60031900187784
94.90052392948432
100.3140335843496
105.34753531306758
109.48566805553176
110.99187535783929
112.00868995229779
111.68136382672351
111.20628140007582
113.42754280084924
113.12867913626098
113.19231496364718
115.90865125009354
116.98670374242717
117.85256357698124
118.57291684878605
120.41403244614658
122.99633456364133
123.30518822235929
127.37763165119586
128.20232945871066
130.28740509280064
131.44758628381945
130.92181339545797
130.14210408689857
129.91153646532257
126.45152897527835
125.82731111578117
125.55942081010392
123.4975540656887
123.1103771951792
121.43111349146562
121.56373843993629
120.19089380061156
120.5741077187193
119.45442070528694
119.48615841626288
118.71663184616595
118.72043736089216
117.57236468142939
117.32227646622617
115.21824809934645
114.77205832176685
110.5089409527069
109.16174930080649
107.61991885914642
105.45745030611181
104.5866331683218
111.03609894245206
119.78098413873816
131.5776032941266
139.2634595879668
150.13837250650184
156.90372580695487
162.15334755425008
169.67777752710947
175.91347780944903
183.56240280718183
186.56507593329746
190.50336618220027
199.2716019355476
206.88875294352604
216.81844876553396
223.90277425842538
235.38397884283768
246.78143605655126
257.87693897762887
276.85188010566276
289.9322965988871
300.3754919873409
302.4485247211941
302.93326642309233
299.72801127068965
295.47648841977934
290.81214490563246
285.3532690500948
280.69728220162153
280.57356067244564
280.1928755101251
280.03702773197415
280.2917297055652
279.54416755912115
279.0426993099794
278.84645174887186
276.2782275524496
275.04161135730993
263.04291416424127
252.3864251644209
237.06896627057418
228.39696146044287
218.20557717367802
204.12204821937237
193.50515946506894
185.75716966581928
184.160956184101
184.00369671557166
185.78746363118037
190.87861189304405
196.0679330227169
201.2327514041907
206.63332519672102
208.67890307052085
210.146128191902
211.57811664136855
212.51428041107675
213.73681209310138
214.14794043292574
214.37317259049757
214.52766901469963
216.00765070342317
215.5595989809789
215.75200501564433
216.07556432063737
217.1115968007759
217.42761286257442
216.95841218159927
217.8819979327027
217.90122805925472
218.75640136753827
219.3396858444421
219.67573873259963
223.8534431351426
228.52059708021415
234.81710465224626
240.9412686095906
246.794618670635
252.61862919523983
259.38717798675117
265.94708972878936
269.74990079742025
270.6829983497023
270.39972187100017
268.8420202286788
268.3636110242692
265.7862482280632
264.30565155148554
262.72470164593295
262.2396967624635
261.9218051419921
260.1251429402638
258.04711826843925
257.11595567052075
256.63440718552096
256.7162652880616
261.0751546833401
268.19831189761805
279.7814503136967
284.9354451969752
293.57032959938516
302.98068465670093
309.5060940218296
321.51201420738175
330.2867440172493
336.95853521075344
338.5987607454371
338.6260815569674
336.5648283548203
332.7265606816137
329.47109347916
326.5815390911171
323.79903712488715
321.492390079525
321.5692614111088
321.3882056884116
320.415168300699
320.6130697497692
319.8137811490322
319.0720769871737
319.27449604185966
317.3890410768171
315.6962617049029
313.82765226810324
311.96635072013163
311.81426676567315
310.1063376560792
308.29897360571914
307.5490659318099
306.45576709640346
306.34221825253724
304.794403455222
301.6633703948153
299.15642133849224
294.8495581769906
291.03140748002767
287.843247343998
283.115863071225
277.0397405562191
269.76526683924646
263.61560930315807
259.1941680488041
257.47817445552795
257.61622873313655
262.3699663562214
270.56678309319227
282.60589058621304
292.037809147184
301.1326375214267
310.37360471259547
318.0280106908596
331.16951330274975
341.29678815357556
347.56955124814385
348.7848339401104
348.48192891574803
343.9244523105829
337.40011999003275
327.96280276501983
320.352944520427
312.0012465855388
306.8901695111722
303.09098322097424
296.80691462234773
293.33855156448243
289.4291100409934
287.7904467979449
286.3330337096264
283.8919219843267
281.56916226221205
278.6642047140964
276.7730225426205
274.032539042491
268.1253500857598
264.61072148116074
258.79462061395293
255.37305129122836
252.44124145363602
252.37986963385026
252.5475368656265
249.4985040727853
248.81066755930198
247.781793089013
247.15995882782858
244.86008165960354
242.29542767547113
239.62289529654225
233.82970724178443
230.17017389948126
227.32517943248962
226.7244342202295
225.1442410115193
229.94055810182903
235.17947171521865
242.55432813914595
247.58434429759149
255.83623870789205
262.2398264485379
267.4757003361314
275.6794579203473
283.8131559631112
288.86973282276796
289.9185864076887
290.7760240028908
285.0109713697499
277.7525763535679
265.7846296802864
257.929428145763
248.469710093219
237.97708746938048
229.62934321356897
219.12618788468745
217.3671290575527
215.40668847800129
215.7862715015778
215.9422396414798
214.11202133537037
213.78689404352386
213.3171352987158
212.77106594161322
213.28500847718956
