23
12
c
175.08103850044972
173.73293615217182
175.34181874600372
175.62811902390675
174.18513394276565
174.85325506030642
174.4792425755965
168.5982621172337
159.87329270523773
147.60938534155903
140.17428653994259
130.012107821797
118.83027450577126
108.46595302177616
92.45198625590632
82.26790163574121
74.94716596100484
72.51887968072938
73.10163855896705
75.44652309269141
78.52414594172136
82.77113629932805
86.10277393956979
90.95639120835772
91.66157684035183
91.42708369179118
92.31721450104365
92.69014310056868
93.70803413799312
93.56666574886428
93.65172491210605
94.98511469422351
96.0960935066807
96.81991678685628
98.65691094467316
100.53590749872981
100.9294197236562
101.40687050493942
105.45758675390839
106.66049775414353
107.36507562630244
107.4976528739748
107.90701753305628
107.46538096776149
105.96087864833517
104.47954967155067
103.80544131247004
102.19900344837836
102.19525622568217
101.60775196714212
100.72061007592231
99.74552480538964
99.08294232710575
98.76369163093626
98.67481590017132
98.8655175089026
97.65649935713297
96.86440998381339
96.31405223489855
96.28277162946543
94.66940432278474
94.28204246678844
91.84996117608866
89.38847412585562
88.28912449191942
86.69744452900437
86.388799539209
91.72463770340055
97.41768206888538
107.7573274486909
115.38183525250727
123.30416346260004
128.51943747778094
134.4893901783898
140.59315036681136
145.53039305052596
150.55429013853015
154.78771193027424
156.76242752345559
163.79899053662274
169.923382982961
178.67184148715037
184.050042397701
193.25764467791822
203.42293711323694
212.5648141819787
228.54575605104742
238.9256857181667
248.2895560776634
248.90691066852466
248.9323026191347
246.8873233481545
243.0421274255632
238.59413555304673
234.86420764515614
230.5152368288296
231.13175936235942
231.06291985893415
231.25300431381996
230.97263642908112
231.5911472012739
230.60242120541915
228.70741768879293
228.08098278064716
225.29524278816382
216.830055404332
207.69222577374927
195.6185318254668
187.55074531495106
179.62234441602072
168.67826273890645
159.33426455016493
152.54432718796184
150.7792952737068
151.131165087949
154.34691687432957
156.1855933873687
161.5590085606119
166.55659490457927
169.75547419438686
171.5862477739384
172.9371457382821
175.20468031037223
175.92226640259688
177.1088208756379
175.49996207579267
177.08828009134717
177.3835943084475
178.46902976539567
178.13256854534424
177.36734656126637
178.32528849974975
179.03733780376487
178.7975955915239
178.8035874980915
178.93325664998073
179.75607271547636
180.01514077875814
180.64286778639917
182.13508034641612
183.83584130805107
189.37182561003996
193.20407209751795
198.44307874275674
203.89535101393142
207.64853566180346
213.83764118317106
217.9753982739307
221.47449427739497
222.60683487475205
222.5768165804664
222.812409067592
220.90989046176887
219.33555036674773
218.45182390590742
215.79599060202773
216.6016062509996
215.7141830849425
214.38458729361088
212.47522153005696
210.9725874367993
211.5262440965946
210.70436492966513
216.3546963245976
220.50832714697674
229.62340715680892
235.21883320079513
243.0037129773414
250.0328269176178
257.6450723893817
265.2814856259054
272.0155497467917
276.6427500966167
278.6562330366112
278.88348855592375
277.4873040127821
275.70300467847727
272.63865609227526
268.9930378852398
266.1799684006964
266.12666317500384
265.49754508729666
263.53109211072496
265.0436018928928
263.516570725692
263.3358373978298
263.30298026499133
262.4128029080306
261.16814111075826
259.8899062305252
259.127327371081
256.76277872236994
256.1563867532241
256.01102768706073
255.18176682762328
253.77875985810093
253.32956212585398
252.28402276204682
251.40428503179132
249.61726366833705
246.641562223854
243.5713426836122
240.60605569581415
236.4525686462181
233.4769592645289
227.81943491351566
221.43938021376425
217.13764147292343
213.97389964948513
212.20681938132313
211.13454702714114
216.89089210781898
222.77518511840285
232.31118165149337
239.53485575371045
248.41464923648797
255.87387297330213
261.70505375913353
272.42808135183657
280.13256779106814
286.17640458102574
287.9878432497349
287.83217424220476
283.68858843382964
278.74557175752426
270.5363610830779
263.96571375972803
257.43805902056585
252.9316375395523
248.68976675664246
245.54816885455404
241.70598192094548
237.91942839855446
236.91723410002717
235.42283571850652
234.5150615925788
231.63605941274318
229.9398026535557
227.14073812336565
224.90341755046646
220.51917873531607
217.4491271890498
213.48571858287502
209.6854513031093
208.75022768467244
207.33281126083202
207.71861121953506
206.49912897491893
205.16859643763496
204.11667649814288
203.2181315250974
202.29218167497683
199.5211226299271
196.95418291999067
193.32368126324693
189.937598642504
186.61122441159162
186.10202887332636
186.72308238724082
188.9037328311261
194.01889606870384
200.14411445988932
204.617022171913
210.12831322454062
215.38852615509978
220.3298056764474
227.89407070504157
233.55013592506992
237.41054526406506
238.71474231022736
239.06840681984684
235.8377084644745
228.1068295149691
219.49363604036606
212.73347503803046
203.82463598633427
196.1990985958989
189.28372043972297
179.84144914732224
179.37999079711935
177.99498577356889
177.12756430815293
176.64125933591518
176.91272434054153
176.09388055568658
175.79616811146985
175.0472505646997
175.46161502184302
