1
7
a
78.8886058892693
78.24074443393974
78.67808118691751
79.16243712942786
79.14570798329798
78.82540864467148
79.98450371631066
76.00417497542188
69.8691885432031
60.72627483620272
56.35150940839424
47.82070353837482
41.24936066475618
34.8426311899986
23.91492466270009
16.850849048566147
11.627327291882148
10.38326289465418
9.843496954382074
10.913828201074582
13.188154390805968
15.756657336647647
18.100474690431437
20.24617225107262
20.298991531671657
20.284870349297528
19.44832650634364
19.398706362711334
18.879952138074973
18.783866236345425
18.817048409431898
19.20518627887415
21.403944773984783
23.34213806859272
25.581853864275697
27.325018126076163
29.071940660244966
32.17435991103437
34.87713475743525
36.51998706460262
38.33342959474962
39.81774202524425
38.002390446246984
37.79437770749693
36.34035576648354
35.914387731437905
34.722196891838685
33.14787210299069
32.01760939280105
30.10693573720773
28.626167752519173
25.75499476103284
23.92912909120204
21.92495135317317
23.0181707149786
27.88625623899308
37.404527694260054
47.647126676586126
56.522599173504155
66.09338759787283
80.08370947200312
90.06145192742663
104.22988392931852
105.81410324007213
106.40363774090018
106.65254292293397
106.95240236292771
108.2244689184491
108.92967119185113
108.46578831342507
108.29016655522798
108.31898730516168
109.66505166447249
111.80485410916121
111.3737354194326
112.37017929708351
114.23027708814658
115.70987295229176
115.98650109162246
118.9359697882019
122.32270088211925
126.26187566851544
129.88924806383793
133.94422226889805
138.94629781095023
142.55987981261094
147.72798986284752
153.9570119847473
157.51739417216115
158.39786263821193
158.28427608973456
156.9594343126381
156.1714841455581
154.59891699048745
153.64245993877535
151.5948592039597
150.40327828527313
150.55660204812835
150.31755419561011
149.39158515571177
149.79130029185296
149.07032259347335
149.017975373804
152.39364615462145
152.85140280335835
156.24595463273852
158.94696288839722
161.6640850267241
164.3766852055018
166.90006586292364
170.9013685281694
174.8951159359732
176.06515171844953
176.39894219116835
176.27044816589466
175.02843240225914
173.0922216704457
168.42430525585607
165.5409826459272
160.79672667107917
158.79075576484217
156.6382924011597
151.7465936949955
148.8313845031986
145.8230147388299
144.867866960248
144.4084016068138
147.2228245670154
151.89521466855703
158.7311219819296
161.1602151795736
166.15374659367518
172.67556351622363
178.81018751192804
184.58718172553253
183.858710133528
184.04547806007562
184.6669338972157
184.2163153523745
184.36084310986425
184.33196161760705
184.23114591946901
184.341845503001
183.1314516105538
185.00087504167456
184.2913268240421
184.5818642802582
185.10134969237993
184.4122685677359
185.42115591604028
185.08828426596227
188.3516767348887
188.6085440838286
193.53558588031677
199.6770290720489
204.67347828776116
209.92626837375514
214.37062721015633
219.8758226892447
223.40808621353042
224.4627581973578
225.35183446091887
225.96593370703852
226.665641423346
227.47946992564835
228.4739820111729
229.35735153842785
229.92994580087918
231.24840250882247
232.15266574726402
234.10252597057294
234.2026138191098
236.92749169955798
238.0792144117409
238.39070764764557
241.12006605476816
242.75635908530847
246.87468897532318
248.27694884883883
252.26633763592727
256.4619361666429
260.5075353844356
265.90448433013665
270.30541106108956
272.87769520509613
273.9076993999378
274.3383557238388
272.39747587306823
271.4279985431478
268.30376980620395
267.41329467300704
265.614227116165
264.48210347222096
263.7031213800335
262.78279782632893
262.5341256726142
261.1964134150596
262.03844848171315
261.7772585629517
262.01521040843966
262.00146336154825
262.87733268583577
262.93405472345495
262.381333335384
263.5265083120504
262.92886743762034
264.12174533671805
263.97510512327096
264.4411025872572
264.76097921114075
264.53144852078117
263.54616413041464
261.6096039042046
257.2231547483962
255.1730806373241
252.41149806529216
250.83503649573615
250.42031372169998
249.5944561583692
248.58283459736273
245.79460133921808
244.83153759887662
243.06227884038685
237.7390701788959
232.80358937100027
223.108796916339
216.16757828522353
206.9166378832625
194.33499834891893
185.19998740944447
171.4573045693344
168.16330705263388
166.15978637991222
165.60569167481637
164.832800389407
164.60351599581526
163.95632237019308
162.23079455916192
163.15464440059765
161.3370001952401
159.12054110111416
156.956549121238
152.87850901266998
148.9909410856236
148.31056527211956
146.73299346727632
146.93981039715035
148.126836588463
150.18835571720302
152.05971437912243
154.59100656110945
157.25665652942433
157.66095827410606
159.48500759904874
162.0390079119415
163.4372126580825
164.05024558415514
165.33754867154582
165.48726791085417
163.36035129156946
160.8881138624045
157.972194175203
154.2440936116831
151.82794728143202
148.63876539840496
146.98672926437632
143.5356032012731
140.78949602338378
139.03202317743217
139.11173898487542
138.67578420456843
138.22378035125598
138.56175126510868
137.7189032073918
137.2062094054105
135.47732838472692
135.99874562967753
135.36778016040137
134.13242663925234
134.36798419595067
134.50324282059415
133.24315765913659
132.49824940747206
130.26469615703817
126.95270921450512
119.90676160487286
111.23631762613135
103.2517451075699
