0
15
a
120.14820702469083
119.68510446976921
119.3705742412764
119.71410504910318
120.34206318384427
119.98335161552788
119.32116942300831
114.57103911287406
107.9452090939369
99.32177924862268
93.41631017782824
84.22014616196495
69.07657696399637
60.350127774203
48.70523683784231
47.61664822162584
48.46060943058702
46.10578332232012
48.395541365493955
47.49499515694906
48.28937723464094
47.169377383722654
47.53575187436154
46.70063363837348
46.30390972401682
44.93353136186314
41.17984785867841
41.216040562789026
40.24389197504601
40.556906986167114
40.25192942240133
39.55864231477094
40.21993457239766
41.49549075702838
41.147892744100545
41.09722400390574
42.06365471893572
42.028021558388765
43.2011984503289
43.79303233277484
45.08454821910693
43.54610832296006
44.045620091593285
42.62214523125002
39.88312973013999
35.458182554295
32.98521069012851
28.72634149869358
25.29069949150742
21.626747905347923
17.206788355300446
12.17412854966627
8.67195252917499
8.997095222496027
8.417717784442445
11.41614150312154
15.91267506247196
21.47907947318944
25.320503876476305
32.22537294421105
35.191689552244476
39.41887958464344
44.75703920088705
50.04979346436382
53.49733077521784
52.77812177189744
54.15342158747708
53.01867676605866
51.11920310173736
48.514219944680114
46.06959750582298
44.62457186301567
43.97421572568333
42.6999886329898
42.047985919875686
40.86155959762749
39.84753182186438
40.58128284510677
40.20959822029124
40.64368932413142
42.45051827104388
44.03132606451521
45.27752859637754
47.16896245387221
48.19194265550285
49.175772133853
49.528248023085254
50.48027060846648
50.2116363538463
52.210884687902066
51.93753066126159
54.52122682887922
57.40755653115969
59.850742289932356
62.290474215869715
65.56908958873895
68.7749181625586
72.88696563888061
76.90310140416781
80.66759481643835
83.61649925628375
84.81127104204558
84.92902364954
82.67361685086152
80.81755018718006
78.53330138489241
76.85065422522588
73.12353788331342
71.30641130844326
70.90721729499188
69.15018524024674
66.78289247503726
65.95203606481554
66.24308487832398
65.38805096973118
66.64471203385772
67.34976111083095
68.99119235994274
69.72580369022936
71.36150571252459
71.23517986148207
71.56828140850715
71.3720628420701
71.52374980586413
71.95013755325935
71.84772326031658
72.39769119776788
73.88205773702384
75.95776155543881
82.7287919209912
87.03850917667609
94.30539825163461
100.52732497402842
105.804457623593
112.43171124090719
116.64988633035999
118.62936488827229
119.71961496142596
120.54071204840206
121.57229262851538
121.83737793695751
123.46606753493342
125.06995731380863
126.02584240366122
128.97376662928025
128.33438820454475
128.3875776543344
130.0194801108851
131.63873958164936
134.00365732210685
134.86684830684737
139.4712477349908
146.22131327646707
160.37537259181607
170.7499424363284
186.27056029142386
199.25889617032175
212.10902508308754
231.56911868948683
245.80498110922977
258.07933476786496
258.80066666512914
259.8634043558138
253.1425550143983
243.47476498495328
228.20797084625377
217.15479440933257
204.58560640847085
189.20170682057207
176.0246136507849
165.7396001633955
167.2580787887551
169.28428875227436
169.81889540055474
170.6556992644636
170.87323203316728
170.0737869824393
171.00120195456043
170.45080027018346
170.08213053991582
169.77660807215483
167.98183776211877
165.7301557026948
163.55852888009517
162.40616716781042
163.112032103831
161.7618918603964
165.56286475461235
171.5616393790278
181.84643117198155
186.43714787917793
195.0515031740071
201.86794118342084
206.07040893329682
212.58478780442618
217.91217797023702
223.73374787091586
224.43350350278408
226.75630917282203
230.22823426639926
233.31582064597615
236.3255387659285
239.97252338390524
244.29517158382518
251.0145163217617
257.7870448529123
267.5192598712999
276.58790004118197
283.2676413258689
283.8429647742868
284.66545125119836
277.52683136371843
266.6453550431732
249.35647528966985
236.72510520894227
223.18221741808688
210.79372370635022
200.87190583222505
188.79633062904156
179.8197477869615
173.92428120320454
170.2099991607885
168.28998841361167
163.90678651695868
161.54432354305226
157.5942381848657
153.43724325010834
149.63281578856618
142.70473924349486
135.80992390886308
124.3774905335774
117.46773199240523
111.45083936431783
108.66733739526428
110.37206298906075
111.34994184408251
114.38927264268479
117.09826454213312
120.24660752627808
123.04796465538499
124.14486010404828
125.3476360546172
126.79032384069686
128.06999703505412
128.98852847915373
129.11768506252253
130.31129128342573
127.33212052806898
124.39056903913892
120.02621505420272
116.38472877535978
112.17810944992743
109.76783680366418
106.96139947959378
102.72938927419023
99.89818357747232
97.23547218986084
97.46921448155979
96.46226632425727
94.87737255215845
94.7266203579326
93.75777950476363
93.10419136206865
91.30352738649714
90.12091690119465
87.82468351576534
83.33296387371054
80.91902476877885
79.35142719694744
78.91628316228369
78.81303124147762
81.20520613358129
85.1737394508454
90.25154198060271
93.33268988940648
97.62620353528368
101.83324190544732
105.6669134366037
111.02515378326798
112.28172992944269
112.52073115370263
112.25274421665576
112.56331841807283
112.16300410339765
112.65552468776296
112.90362861240935
112.56625525746713
112.24211728439546
