9
23
b
71.2027586726642
70.83804771090587
70.73194310776438
70.85339773237693
70.86355919607864
70.48947461484906
70.99949989039919
67.17457981639822
61.802941651063776
54.797470985445344
49.64494734641939
42.81610819949759
36.78107123619715
31.144371419440322
21.436821910806902
14.719358264968774
10.354017039659237
8.741733585663315
8.789165250732061
9.766298600383015
13.043860198801994
13.897513169017314
16.534626452917344
17.861838152268938
17.68820511413168
17.023903018347678
18.140959228083748
17.308257766420382
16.619108410888078
17.185052052242074
16.18181008697643
17.371970557169337
19.129412518163985
21.865072726596964
22.453075693953316
24.01156769706897
26.035474625499702
28.098326786927775
30.493942484355998
32.450148535638476
34.257276969246604
33.81221272090441
34.223757386350556
34.10327049469222
32.840495181327704
31.24002862751189
29.613666236028063
29.84221192147783
28.181689338827166
26.48020897870722
24.757523512649737
21.93633330792778
21.61977302738041
20.317638155793645
20.337557299578194
25.110721245289326
32.09407394444203
42.67312843367263
49.46807978465044
58.31043177276439
71.04505295838405
80.94005003465868
92.3682418478382
94.25991166352074
96.08847000980683
95.54330612883594
96.23627020528025
96.02687138663687
96.46006466063517
96.66288745671508
97.58929633512106
96.99045648415252
98.84701637144902
99.262154554286
100.03688544695365
100.4281479676597
102.38293785965084
103.11249469644763
103.3462221188233
106.72304474784198
109.96183605932595
112.84992122028854
115.96521788752025
119.3359827401021
122.63975127996312
126.86667495320471
132.61340672885623
136.51158670821494
140.35973605118696
141.4402275313624
140.71446188609377
139.91691098130005
139.27729651095788
137.16324775181494
136.12676953381668
135.20296638160423
134.73231478665264
134.4883085417378
133.67977304533
134.24308582733389
133.25796743776993
133.57628197082616
133.05438143610982
134.2465656519238
136.03935656862072
140.16635491323106
141.34104565532638
143.63485181539693
145.71186369777953
148.93869728198723
153.06678185112236
155.70812745037458
157.1304935898085
157.6009640723517
158.38531953731402
156.23172795413836
152.72715784151723
150.38528850969985
147.43297514312053
143.22140128187613
141.5688105826125
139.69213500553644
135.28257134040032
132.35227731788314
130.07478289371664
128.8396612372164
129.5564816311545
131.4777669515404
136.07376518518475
139.7766183160122
143.84249889394425
148.7444911197852
154.6235143034651
158.55300585357006
164.2148501693148
164.6549382857638
164.48823699988802
164.5712714068447
164.8989969632761
163.84880705009968
163.36712937726966
163.83964184653934
164.81479254940993
163.59369826657445
164.28696785376994
164.15279757133658
165.25198942690756
163.96253618735233
165.54772960090023
164.18778643347832
166.69819242199227
167.26153798454513
168.83252934161175
173.03306717165748
176.57434030266646
181.1903132222604
187.94145163932814
190.61288558092227
196.30054871884676
198.97469132328467
201.2825821025146
201.50926054804668
201.30591743025488
202.51719636782747
203.31179176382017
203.50259150675714
203.64837531074244
205.54097500582716
206.75160939010945
206.55839581823054
208.70051891093462
209.48059680596305
211.8005786476956
212.29502781024007
212.34780746680326
214.24861527248518
216.4350070718154
219.5054601405097
221.72309234420405
224.4303651127081
227.69997205169147
230.78915766032287
235.85223829770797
239.93876173961243
242.75667678635418
243.32458287990093
244.21746036131896
242.47351792790744
241.3655434962799
239.921031746664
237.09555355259846
237.0606668724076
235.69228799022733
234.46955745200907
233.57003978590976
232.90900404662543
233.5827931111846
233.20723908685108
234.0926460177423
233.33956567675236
233.7258679225802
233.15052991927664
234.12054010515803
233.4432679101727
234.8017172698605
234.0138949025265
234.82051660090096
234.39782941784
235.22620743589468
235.03826230045152
236.127254285469
234.3615297783117
232.84222508978766
230.57810961828739
227.66631523472415
225.62598161014668
224.63493795363132
223.0206836574585
221.48399821232505
220.47230092254406
219.85178486944847
217.35741503604342
217.66496273873042
212.30962994829858
208.13907409507075
199.58847174445825
192.49096411827148
184.4523554702333
173.84180247832558
164.41070722580204
153.05166617015357
148.90269670539337
147.98411043825828
146.49417137252505
147.02052110242414
145.71052362531213
144.69250682871592
145.4839133864664
145.0089785547081
144.06350866407882
141.77071888522119
139.5178500001888
135.9376066028806
133.51035136055594
131.50165230146698
131.14913211008036
130.71834578608403
131.88294856285765
133.51735350089078
135.3010826135718
136.97006055734582
139.80827882212824
140.8121991947034
142.11123694253004
143.7881113563443
145.99246320371185
146.59680871652057
146.6908416980956
147.98519850868124
145.6992789522761
144.4550719681556
139.45582055950806
137.89348174152812
135.03838306198097
132.0889197833471
130.85733290086003
128.3444891998776
125.54010440214782
124.73887360835373
124.14953573530441
124.02175879783344
122.69717711300747
122.95294092983218
123.38841443300194
121.72130320092657
121.24632620276813
120.69852304769476
120.53837344423464
120.40895335910766
120.71548807865078
119.4149386901408
118.03491233645909
117.66901400623205
115.75733782332146
113.39230996265489
105.06026511116302
99.45516425902368
92.68776478201289
