19
13
e
7.380947520896746
7.364302439021347
7.027676827532237
7.539908085601214
7.4594828440500605
7.670169498308132
7.438935856103895
6.930716003231385
6.6974395921948995
5.804149552193652
4.934276591847432
3.3576120058490186
2.491261672780644
1.6104068282039334
0.4797557053860678
0.0
0.0
0.0
0.24273066395596568
0.0
1.8482490665964448
5.262423921049047
8.459869595618095
11.228379964630465
13.918555449947714
17.342358775087174
20.630997592901856
24.726850382051484
26.139333929623888
26.193665197421442
27.433245827523027
24.527911714533708
22.453676991645402
17.102191590729937
14.179091132741913
10.053433184185337
7.149238559539413
5.002208266106692
1.5813092962539708
0.7417485693010453
0.0
0.0
0.9183845971063317
0.8125892260382692
1.848800409991524
0.34755875050487856
0.1808170084428191
0.6367244681403175
1.917606260483465
2.3917898584690827
1.453669327109219
2.1073414924092013
2.7978768339888678
2.272333760594066
3.180682180160978
3.683932635804138
5.268796239903215
8.043101507891675
11.02545654492424
15.017115301739373
16.096170272130326
17.078287962624046
18.74051831043123
18.64246588782984
21.150170133799076
23.030847848943935
24.9037543882
28.384039839518454
34.00254684548427
42.46366123576941
48.80779005459953
56.42147648328863
65.69341716579746
73.98648602201051
87.64581452316159
96.82074319193556
104.06663479838134
106.70536889146804
106.72593190192251
100.25345409464204
90.32356469007655
76.69185992498191
67.0224468856118
55.14331411817052
47.65963611884666
38.45245978041103
25.743240359941254
16.122198642977782
9.94528867996722
6.939183259569126
7.698819915621176
11.393979506835635
14.845426147677815
20.717428656057503
25.611575203769895
31.130408060537466
33.3017687145716
34.32358551055508
37.66068976386345
40.31144110520099
41.47111885920833
43.72085049260235
42.6268928909122
42.50196687467296
40.91501395389958
40.36936591866265
39.651074425336134
39.314538090906005
37.6906265050825
37.80903277734275
34.9165477042758
31.160833963255843
30.44994240860425
27.591785585806665
28.155547858028104
36.97232515589164
48.61597375336088
65.70335794695129
78.05240707277592
92.802566973055
111.2314058924501
122.73326910042952
141.87354273342422
149.5401530270637
153.69922695942225
155.82242184374883
156.865705362505
159.74139085454962
161.29611268465513
161.69382128130522
162.26119128292245
165.37785414333587
170.30151456312618
175.0365217331318
183.76717732991423
191.83049005173763
195.9605453069708
198.25280706386394
197.98799913357442
192.49919279895235
184.79390138399398
171.45597902130802
163.06198631923135
152.79867120353592
142.71660659170655
136.1967987852402
126.4736489069824
117.71532593521569
116.3805904520362
115.64176914156414
113.20150940329536
111.62559350142622
109.98843623515015
108.96220427463805
106.89348249322786
104.31209463021064
99.56539083034542
96.02284426724702
92.4685660759893
89.5298262894995
86.39617503948024
86.06942549999769
84.38444500172295
83.98576649061769
82.27924994706679
81.09316905156344
79.91434688084907
77.9088459391625
74.96025434886097
72.87487684548
67.25317949191648
62.18736232557892
58.66700575173562
58.512334669007394
58.264902838104575
63.53859987937678
69.27822787973076
79.57266118827314
86.28922057873098
95.10675136211474
101.29599085945473
108.63577266152598
119.9300614437227
129.2010403661294
136.8688635172361
138.4772104996328
138.8793304251582
131.86144514995922
120.69344654131113
103.86162725580185
91.2399293825205
78.54924132561034
67.51807857052397
56.08579718700245
39.81236883078492
27.432265628901717
17.8104486220884
17.133727880655396
16.11917519169899
20.474528338476347
27.973503090385123
38.03539659295014
46.026579970575334
55.14190743829437
59.97780908547664
65.33275528422722
72.74619761137859
79.22943160956866
84.29079359073809
85.50907724520653
84.4756416935398
82.23025967196654
76.15901166394187
69.38424412566225
65.45789669220531
58.37340465002542
53.37446847507365
50.16201115139615
41.38716876286828
33.8255914667268
28.37462922994428
26.984905129451676
25.949444573290737
35.79098346754906
47.03887254641065
66.0565660904494
79.5307240576095
96.1240382165445
109.2087781166585
122.46979348570137
142.65573443532205
157.01036872945932
168.6732394803538
172.1869546503426
170.76618547600856
166.42755173075557
158.54729468590574
149.03727846897192
140.88752714957627
131.34697237217893
128.03761391748526
126.15569453774151
123.60609463660137
121.66324082097778
118.89292916011031
115.78683526763187
113.17181166650451
105.57948446796217
99.11455136578257
87.21675324338572
77.13460148401424
65.21407175380727
53.38894267730891
42.64028051372597
24.206051075265894
12.423263509623956
2.653839387369616
1.5321774842747944
1.1851528909927072
3.2499481583952954
6.264472184168036
9.924742724610857
14.076130027347723
17.069205445202012
17.716657732569683
17.188527918128653
18.712255805850372
17.658773584763463
17.171431456478846
18.04311048369002
17.15373312881697
17.952418234179518
18.05720945117262
18.999313125370207
18.208786358878893
19.14671703358553
19.43229739835859
20.902955536440455
21.958948342963208
21.945208297271964
23.387210947785423
23.183772992818774
24.047458131827156
21.821895193552457
20.28648537488665
18.324564866466677
15.72634792820221
13.91562316473017
