18
19
a
124.10942164718209
122.79628060352448
124.69006987660781
123.52866100154765
124.03668233282008
124.54305892119031
123.9672712663785
119.60556739149622
113.40357309373381
104.28883259553824
98.42465093139313
91.7246551267846
84.08492305579848
76.74029027132327
65.88443938107514
58.9292290429288
53.05072242050493
51.007566953719284
50.1969662425891
53.5225999818363
55.6061820902935
58.514622343761964
62.08356211418789
64.57238216512741
64.97408022801257
65.52970956844352
66.18757243907412
65.42482749375237
66.43008124216477
66.60058438566625
66.85399680951019
67.11804195695714
67.52058134612267
69.58635728772121
70.22431702347863
70.32682961772345
71.94175392856192
73.30643839580969
74.26111456411215
76.12838444943364
76.33965951463489
76.46623790178846
76.06957228830257
76.05402181852976
74.7110218592396
73.76607108667498
73.1223565353149
72.22391488772584
71.75495212413489
71.67097603902086
70.88595533027974
70.98059149335845
69.69991840267755
70.15747921803928
69.90203383564598
69.52331943998523
69.0611266655956
69.11261535663712
68.48654895872669
68.27851807159774
67.19812859683722
66.85271761017735
64.59925417852611
62.86636378669551
61.49929049444277
61.309239470382316
61.121033280354936
64.44835735955579
70.28424869450139
76.28516887924229
80.94564418329168
86.93515832446165
92.76528605825904
95.05116532366823
99.57207898714276
103.21248294162338
107.38127634906279
109.45781024993602
110.93566790785296
115.78034295299669
121.1081208703898
126.26677532716138
130.66470461975143
136.77438487180086
144.77993215404106
151.61495258117543
161.21699878117525
170.1577940085975
175.94281716871217
177.3114666092322
176.9581099499065
175.0476503752579
172.7231395597148
169.769144357613
166.7609117790446
163.7915585636806
162.95440074593952
163.46517530510783
163.601734103179
163.8242400298765
163.2636822696584
162.92758109349367
162.82019518069507
162.3021617334003
160.01448259763438
153.88858755049
147.3690764829208
140.24108104387582
133.49179688237422
127.52143912614176
118.50835017133157
113.0561885882925
108.62423485664502
105.93074305836932
108.19505500726177
109.3823898129231
111.48743215930283
114.75646603406834
117.10773881285807
120.87168672417795
121.59646115799129
122.24402736997594
123.80616987686453
124.33737525313536
124.62422586799703
125.05489493674091
125.87092453705894
125.44767531905707
125.78248386743977
126.2761390266514
126.05979961808691
127.31283170101736
125.87282677278972
127.00420321459853
127.22882931017286
126.80636029408059
127.21139409150928
128.28871121273957
128.27845642982675
128.28587833825222
130.61449122387546
133.6244768674561
137.4221713306928
140.865774477862
143.7658207012322
147.12984332065474
151.39921554983184
156.0928545698881
157.05739043187472
157.25866950151647
158.33866000662917
157.4173474555046
156.64797652606757
155.37163535048734
154.17153994416356
153.58256185110358
153.6571919926002
153.3167532289599
150.84999238409753
151.34942078258368
149.86504756906226
149.72135057762026
149.11188860249246
152.22578553575408
156.77775514014246
162.86749069560352
166.94187700095523
173.08732714794945
177.38562869532146
181.16317061276212
188.01756744997178
193.4951137954961
196.6013987013539
197.34997187189893
197.13695872692648
196.6433024854401
195.72778819233602
193.08422980443774
191.46484171049443
188.81454268131475
188.32717028052713
188.2401390880268
187.740612520335
187.609098186896
187.104646046693
186.34595926616953
186.30506180819813
187.22783428646864
185.05512769517995
183.1182293520879
183.41233316485307
183.2105335737315
182.1587609035663
181.49772095394056
180.4710605490339
180.69289295075959
178.43920930247256
179.10757099420337
179.08816344409883
176.94378277381986
175.11179038810522
171.96516217538343
170.00477341488585
168.03895420921495
165.22032504567045
162.79792832033607
158.38613369463994
153.41983508279696
151.41950285919245
149.89065459652767
150.08261542076815
153.17639659486457
158.7181166388179
164.95133763826846
170.74959629340555
176.14571546524505
181.3660474065543
185.16708710076335
192.85515482730256
198.25260897500488
203.1502375533792
203.38440571963227
203.16821768300562
200.81603321005758
198.24852116886683
191.9210804783109
186.91656064022595
183.41442071109722
179.9624387930467
177.8838362743213
173.43439717816412
170.5677511065192
167.677268955008
167.9259601913299
167.10296711050162
165.8092584650405
163.98182693363535
163.17490943379065
160.97233607576658
160.0410644435188
157.45907765994139
154.40525308237795
151.14572224585484
149.1750024578841
148.87974448160261
145.94464088693746
146.19392678012264
146.2532937057224
145.31024486421515
145.30897306562633
143.84358512479028
143.35925475605768
142.08856342563516
139.61274877628247
137.58199440368037
135.4551743714453
132.53386704830922
132.0837721005863
132.82728478296573
135.02074049909177
137.2058792058348
142.82697849680184
145.17279617731327
149.74475827439596
152.02049609930842
155.88053146995722
161.91939922528974
165.68795170791265
169.74478655856075
169.92733904289042
169.78288794899055
165.7586790505416
161.93174215078443
155.05732178505232
150.32909795215008
145.36462573626926
139.43440735392383
133.8042194699741
127.30160039239435
126.89609449390345
126.60875857397471
125.82733349325338
126.14207804711097
125.05743035357885
124.87684018847204
124.42223470127448
125.13175301833506
123.76507686176659
