9
24
a
62.452637922732144
62.64516059686091
63.413056410227796
63.79432395707109
63.83245648098599
63.10497884522285
62.804235855501275
60.417274729714045
55.47924743274444
50.86096614140394
47.26538978378538
42.961676266913884
35.014389606037355
28.894558958533672
22.353653031695675
22.145853209558176
21.737616513270286
21.34658364146038
21.486824370124467
21.038849239321618
19.53485225991407
19.56762626213764
20.78312709879335
19.940380503779444
19.455559177667666
18.202835523017015
16.310997943232447
15.443379318254896
13.877978074337223
14.926874020160238
13.927395331619616
15.677524220615927
15.833967721945768
16.353793817572456
17.504652804669462
18.314816262139765
18.144393660316364
18.57917275403964
19.37421746814955
19.103451834067084
19.551769276754012
19.889405543179922
20.059183852088854
21.472139574806192
22.337804775115433
23.294210285271706
25.33230686431918
26.31535670973873
26.861939442834213
28.419581477807235
28.362316841101777
30.04068298650213
31.452192207620186
31.31393578683266
32.60021300171228
34.386306379575316
37.05539240883881
41.56123981939345
44.23811282095567
48.887742725057095
53.6207265428819
58.113690580593875
63.765331569473815
65.73655885654092
67.26396210545361
67.69788729967992
67.2227359903296
68.76311100995916
68.77266321980032
70.33952199501519
69.71423687200357
71.04125239155174
71.66325490131517
72.54522215612633
72.84998841035203
73.92035380487076
75.32005562445923
76.05298617901393
76.53529716768402
79.09870570655984
82.412962664696
85.756434411362
88.88247190491467
92.88503471773053
100.03763613921157
106.16529873202583
112.87831835064672
111.3123544183583
111.19096762407068
112.30699469249468
111.60937281538742
111.76525272603587
110.70064547152232
110.94513351507624
112.19643347604061
110.63368830616352
111.5667041492402
111.38102408153748
112.7012634818762
112.01580454187956
112.20121978389237
113.56317633687559
113.80236531836879
113.53823615801421
115.58310379783428
117.20235036288304
118.43431236338795
122.2571901244141
123.48939859346495
126.10135274346794
128.12112485493535
131.0663734515734
132.45289174804833
133.39029777600607
133.39607942303147
132.33580393819005
130.61865773686003
130.52060808927334
128.43979291766556
127.00314449490169
127.97665103867944
126.74750942431012
127.14990006033916
127.23942029835507
125.76025125106884
125.76619596703829
125.87073929751232
124.70550701842801
124.11143348171304
122.78344120104882
122.03370289374858
121.37258359933223
120.49947932443011
119.45603216257011
116.10692455014447
115.2565700975732
113.26823288981984
114.2069477515114
114.54303231372717
115.49464326807212
117.88755987467255
122.64479126630448
124.37244382043501
127.07031658713083
128.8372460186147
131.51012204164772
133.14176084952373
134.7514982096328
136.6942792915142
137.54888344514717
138.4496475807933
141.75915182213836
145.51819117769628
148.65901609933658
152.05139671754753
156.08722530860388
160.51080866783755
165.29846354099638
171.62013504297863
177.22938059235423
180.63014074704557
180.49005320284908
180.66332411782057
180.3373216774993
178.01849493714778
175.80712871233555
174.5038493094632
171.72619601479465
172.29848914122317
170.31156432462174
170.2073484980822
169.38547906845068
168.82565714030446
168.81993755825192
169.86966339700993
169.43496125535603
169.89542120259782
170.69321975579427
171.30950412985138
172.78911253703615
173.75458155597576
173.46570324836097
173.9297880977994
174.27061052488267
174.94020306951694
175.42458774103665
175.15788300274417
174.79230303049604
174.6891338499275
173.68460265447303
173.0700628345172
171.38223038595973
171.40939182506585
171.22447101461046
169.75647672181768
167.55772867492257
166.49297837448742
165.30547089812177
165.81021019680392
169.07038463076307
172.192036896875
177.96484681949474
182.32046201524506
185.44641736019864
191.9582848954357
195.5611564390035
203.90282933320026
209.85851484299104
213.6127198259072
215.61425707503355
214.04605279264678
209.17436312812404
200.1744306681977
187.27512696505437
178.13431438178029
166.1049689344109
147.80440906162121
131.60802718860887
120.42080684285386
123.28419293840116
125.27560626173788
126.10909847193095
125.69627078945375
125.70182885960594
126.81779889769494
126.40484244920273
126.72951996346616
127.00295330746161
126.90701443985937
126.83721624125039
127.31228719432069
126.8416747498417
126.73430525396104
125.4598446441308
126.41758399764346
124.80158273649228
123.50079893250404
122.18289853636307
119.75321459377226
117.3156556845488
114.58323762116669
112.18011772942896
109.06533754832047
106.97127217075744
108.12747159708796
107.07951095587627
108.34170218336646
107.31858894340301
107.8423853294692
107.11825884001941
107.79460071430263
107.1571169371851
106.98495726404728
106.44025865028435
107.00614522444381
107.02888946185648
106.08965017644431
106.2891899353366
104.85698542428706
104.07185572065386
103.56105996716609
100.51769156090192
99.68033038256992
97.00936039509295
95.13040743461316
93.13747431918587
92.97086787048833
90.4671516642124
88.04089113916542
88.7197841126903
88.21929531832481
85.70966394299694
84.72195950405404
83.4511146651556
82.36093740211753
81.50692853639858
78.83299291563436
77.08138910234335
75.05699282770344
73.61111977078974
71.83088280514136
72.42237478391097
71.33112426940042
69.9348959227168
69.57072691909242
68.74577716038043
67.52154341567686
67.29485853670144
