18
12
b
221.05900201486386
222.01649105855793
219.7566878802278
221.01292067890242
221.08101011452874
221.62864944135066
221.4405648885144
213.07167888100057
202.26967915105308
187.29721047337253
177.34579053917102
163.19044133831946
149.48803085489945
138.303323628119
118.63778089574845
104.39963944464095
94.04046404514006
91.83105398311686
92.24768038152114
94.63412017499964
98.86867062361614
104.71542951811114
110.04385764696046
114.24062654186861
116.19997749396583
116.95306798545028
116.53592370889797
116.57870785659226
118.68109093873387
119.31139162034854
118.94781545801409
119.75021254646823
121.6157778155
121.9136945229348
124.136159934714
126.14689889960188
128.1047293342972
129.71663655565555
132.32371422528672
134.95354202268376
136.11046643003638
136.331333331111
135.98880440958558
135.92606403108604
134.38940496079724
133.48494677636728
131.00694853726878
130.3851965961321
128.94286346653647
127.77494862420657
125.76342459677865
126.28474176651864
125.33603446385332
125.21889530828375
125.03870087700255
124.80022160473756
123.11502424008658
123.49393824783792
121.6624032771914
121.73659071123473
120.51166712508206
118.47566257996523
115.52909992165128
112.67988513394698
110.9044050869182
110.0122988507373
110.2196054781603
114.82457694451045
123.7775806227103
136.55984802353169
145.6764710942518
155.42288025453388
163.48752977600947
171.42402371565973
177.48726331046856
183.75408483812532
191.38753510050506
195.07500358754112
198.51522764216503
207.57273677879317
214.9906034559443
226.39460248093664
233.57672293974784
244.16721373122633
257.9753015113229
270.0675005654135
289.3684772040675
302.73572450480015
312.9003931700059
315.6543205441923
314.56275733661374
312.3078343931294
307.33860393454205
300.98194420602834
297.17518974445267
292.7343912205986
292.46351362695856
291.9786034595569
292.41526296681303
291.62458497248906
291.71700567064767
290.46341234327423
290.65762442200685
287.7086835773543
285.33889567107894
274.10589331312866
262.988477342173
248.4583831259023
237.660428347808
228.40392739071763
212.50221887287051
201.15453816641082
193.59193708626083
191.12832056714387
192.2184616538919
193.64266046655968
198.55993992853394
204.87636239936097
209.65850609336462
214.88017824225398
217.2073026044919
217.60271162737754
220.7761310486604
222.10551245219676
223.3537959445273
222.0747213391026
223.04743550867317
224.24368395864116
225.3688877906906
225.35433006302566
225.91384967202615
225.66582281089924
226.4233860703656
225.5041177037013
227.00895778503522
227.18748596591882
227.1227424733405
226.97572906081433
228.9019671756367
230.9214240179246
233.086152829638
239.32721129653368
244.92933399063435
250.9330644676855
257.5348473168718
261.7623450742986
271.3983543645603
275.8426478248124
280.88053493710805
282.1094717948385
281.6387846940615
281.59803841285606
279.35510900186335
277.0931741286869
274.7867073709314
272.97598215016905
274.08870978544905
272.3660432262695
270.4011807857766
269.6281572792784
267.8754938934578
267.38439940487973
267.44468574344495
273.0513055740665
278.3851066273167
289.7157778251133
298.63884402580993
306.7532216036222
315.6467379484667
324.3796692519956
335.0357052056186
343.7180949269089
351.80982444357176
353.93660307212576
352.38290071622083
350.66712343814066
348.43400265726126
343.4001777161128
340.198978472723
337.12242774800876
336.2045925175421
335.984311903779
335.4486288301603
333.42009754756543
332.5996748894672
333.6629542539822
332.8881460947669
332.0471367550996
330.4653640925064
328.9106153310036
326.5668762461285
326.566220036359
323.8958207275525
324.66533090999434
322.8380613225574
320.7804045205202
320.1800941309829
319.1001444408946
317.19605958280215
314.7203736131022
312.1970877010688
307.48839335199267
304.15868184141686
298.67885410362646
294.90646570776215
289.5927047161479
281.05837258097176
273.9289279974482
269.76285112156495
267.5419546370884
267.74081822681086
274.0371069287292
283.08249624728546
295.49499780949145
304.10249265001556
314.64914384875647
323.1184485714893
331.9670447728302
344.36603698175384
354.8996893191482
362.0635937465776
364.41335022155744
363.21133400611217
358.88824047028476
353.0622269397878
342.80244394536686
333.86208914328677
325.5230110059622
321.2140116580162
314.67433104846754
310.2207490572036
305.58425660124163
301.43498228602965
300.0132745068361
298.41458906368945
295.12149181259974
293.4478510157166
290.60853456989224
288.6947595269867
285.2137155554041
280.1166261675831
276.1446372876013
269.36032450203595
265.8918137947819
263.9049028183793
263.0284197032995
261.8268223574719
261.37786109302465
259.9059624059273
258.4619251648836
256.276551700718
255.1302941932112
253.03469223158157
248.24619258268876
244.24330869103855
239.20299167683996
236.8439937395322
235.2653117299572
236.68805070222558
240.5163422011698
245.71089550019087
251.88578878849793
259.0411797076745
265.57528534129654
272.56331280915447
278.373837778969
287.7009897044726
295.8196244516767
300.2439781534212
302.24025402097914
301.9662793292589
296.7641353072436
289.0124837337181
278.2592620062857
268.6908259589514
257.89999010144743
248.3321027404826
238.55720913018766
227.71731113259804
226.3454702619491
224.65509676033278
224.09994182795236
223.83720534850124
223.06542837498208
223.84112056130513
222.98521473230292
222.22154609691282
222.21870967470596
