11
6
b
62.941836878227654
63.35612126918412
62.06015560639968
62.64249531785428
62.053323594104505
63.32213891605385
62.61533848083588
59.54541729164447
57.14869547419462
51.912652758885606
48.32256121503091
44.24533252397965
35.9878938549552
31.489209157533082
25.089878441821387
25.67793669493769
24.281596933801513
24.999811412687038
24.938310360288465
25.776146433866487
25.202707542822818
24.306957970400138
24.690707609365784
24.781764131172817
23.781373491225306
23.474429320106267
22.58800543817447
22.446622771629787
21.121716193398193
20.800509415739363
21.906948563975124
21.62211353482837
21.313519291688646
21.938346376815492
22.048391384741898
22.167896684493492
22.028070534732556
21.857184830288787
22.70922033376382
22.44721844339814
22.733583752722893
24.248120949451483
23.326274100536633
22.203072522553708
20.57008326464666
19.33627344258693
16.749202986538194
15.522945354155803
13.790876038645752
11.530640814504036
8.604502837552301
5.430177807318687
4.280476542965703
4.637937652498996
3.5116900483251823
5.381936756201437
8.347854721380516
11.658609863453055
14.02299739741572
16.807829030080626
17.769698958015507
20.668133126543736
23.95453795508926
26.04279610004706
27.779197372282955
27.643315760148564
28.12548467351946
27.740501846114423
26.677561237905415
25.22612911582602
24.422123188044853
22.731491396670656
23.17410584853553
22.423703009168936
20.515419096360812
21.364025400707764
20.554122677723974
21.019856718629093
22.13644260252481
21.403556461731725
21.647455344146163
23.23069518363615
24.0130981455072
24.908523738165954
26.103269862159465
25.24189219756761
26.104726249833035
26.67143716712694
26.980119502649067
27.850808763139177
26.906476041901648
28.45906822427142
29.50983026320856
31.093718094007077
32.69871292436923
34.097336557914176
36.15462950708514
38.425586748055025
40.89638043556401
42.925444950437715
43.842132333452426
44.378244876600505
44.158308291880495
42.89752746752495
42.378214216713374
41.3214064159336
39.247831234067185
37.99903783910658
37.982057363988865
37.06597128317402
36.32317220878521
35.39429540044757
34.98954196934204
34.48524900519545
34.79368400075641
34.48283089921283
35.4831389799409
34.947936041966365
35.57213486479147
37.62291521228294
37.3298586390524
37.41772345761117
36.89817952836465
37.34437764616704
37.91127884888454
37.09741121314475
37.91056925397309
38.14018294545954
39.8472316573548
43.37032199272171
46.994831768071904
48.912401918024926
53.39039465787868
55.07474555956022
58.882164580668764
60.45968850656682
62.480457155242114
61.60793564111108
62.80350788449204
64.32769122569763
63.569461114347625
64.27418766187475
65.36367727546892
65.9539513194588
66.73301862924652
67.72884439713373
67.53506120866558
67.49604461061618
68.53822236031678
68.80125675591079
70.4097982701498
74.23731597972682
76.14174699996404
84.73175095112514
90.6927008407352
97.54044105879336
103.32131384954309
110.53866327664804
121.14386651987336
128.86077277186655
134.55914935753043
136.69876311677612
136.41359987148772
133.65527780257648
127.87077937198069
118.93156249220229
112.83347041856462
107.54548984974181
99.47603032375173
92.45637034836463
86.66571273810956
88.07356716611785
87.85430451863165
88.87866819628378
88.51020754363552
89.38218350865525
89.51435584557426
90.20538703461538
89.5302672289074
88.7995641375158
88.3608241976711
88.23265319041947
86.77960091269831
86.26174930370257
85.17585773399385
84.78791755418004
85.05622417328614
87.58925742694342
90.24414234247867
94.76457307825765
99.46045603338084
101.01190886345735
105.52325383566989
107.81877676370993
111.52091949287129
113.02718570504608
116.4828127385483
117.446079160379
118.53174904063658
120.16514059235061
122.38854982832805
123.62669744689398
125.88224330136242
126.99067034516415
131.0681892106749
134.75375628166998
140.4848225395803
144.40665707128605
147.93969508211512
150.41021096090614
149.16678090575704
144.66017864444854
140.47396066228202
130.0752384229891
123.66228039595498
116.29235154872934
109.94162306109921
105.39476819409317
97.85275254225434
93.47994939160863
89.57814725112122
88.96746770172545
88.12361317617085
85.93588058782974
83.73483207775803
82.98731293947866
80.1864021026115
78.30248025419654
74.30805570290241
70.99241568602484
65.20129476973534
61.4366200924929
58.94032633104856
57.636083972658675
57.409894523932635
59.559498021794404
60.187938691817486
62.31862774583375
62.651207331269276
65.18896442525002
66.03021816706078
66.2760237479752
66.6490197574782
67.62976534775508
67.39190100061882
67.94731043308627
68.14369482611299
66.44409348380557
65.16645278443771
62.977628080785756
61.450936026307296
59.06963854967289
56.86527267860461
55.59612489348802
53.07601404915383
52.12516797742694
51.740137018955274
51.1736397999295
51.53266814453493
50.885130840114364
49.614424772102325
49.79407783348927
49.1716854443462
48.0671919734327
46.675434370736255
46.216637020403624
43.78979804865472
42.49512193497581
41.30942690011347
40.82878604211538
41.10146805418574
41.904724981786266
43.09121274866657
46.395969796566995
49.37942520231996
50.3448158736439
53.87355804209981
55.5139304583519
58.48651147434612
58.62214109792688
59.08944752474613
59.431325374582386
59.767633321808056
59.726290440211756
58.68180968905621
58.907521694883506
58.92051425726954
59.51650935088398
