24
17
d
127.30145574599707
127.00777793742742
128.34789472579487
128.13726415315637
127.4367592185932
127.43814061504104
126.9990817079182
125.49380958474482
122.00265427956106
117.50566387179762
115.39247691510576
110.51966642436267
105.64493644327348
102.80659415562901
97.03408855952202
94.4418127215284
93.8230555439085
92.88732986916376
92.00657223499606
92.9607394998955
91.15497481587225
90.32410281705225
89.27157388679757
88.81056590549971
86.98331101543364
86.23604997061258
84.96911697807468
83.74335955942924
81.59839952071832
81.9341288202375
80.70957406454511
81.05173337206155
79.07106028234512
77.34864882238698
76.98593930078825
75.51416684654718
74.52504513556403
72.4800551933759
69.72891615695185
67.84507471253185
66.8969955238773
66.4150607203695
66.71779547955097
67.14659946469375
68.12933696110692
69.51114499503971
69.79766997238376
71.96938895517627
71.60083500713397
71.14703793730827
72.27686107879636
72.01976564115141
72.23379359210115
73.20300689581589
73.00251811874469
72.63413410887163
74.04303332363847
75.19570930471438
75.03376897185107
75.66894014382832
77.12080325641399
77.97731239266419
76.58010312918852
77.81531212502615
78.84961648852988
78.25824026120478
79.2409517393674
80.61169915341812
81.42269528942705
82.60153332852981
84.42359474246204
86.29208552738372
86.74200609740521
87.54124740074998
89.40890379835962
90.3421760595012
90.54113403035352
91.02050627726379
93.67854997207344
95.84865289312098
95.92708806387341
99.58301211997778
100.96290102421881
104.18884488105017
106.73791814953213
108.93770711401235
111.37336869654779
113.53137708790915
115.4956837725213
116.75092008513403
118.53876780867414
119.11166704317809
122.11085302984986
123.91512670514771
125.86953836931852
129.72573606211412
132.57843027027263
134.97550703727038
138.3390453018306
141.19421989809297
143.01730458437893
144.9109029399462
145.32010388485796
146.25083304743032
147.24304656840346
148.18125656493342
149.50084299052557
151.65668343527
154.91012452120316
157.39727716044746
161.79432647352294
163.396302583153
163.7170269974883
162.96829438503394
163.60114129285876
163.80235362906672
164.73321196830733
164.8777998311234
164.7758111291844
164.77195156419867
165.7556788777589
166.78627749503545
167.32008963583596
168.627842310466
169.57965988235276
169.44375418614922
170.42938194303045
168.99432553169294
169.360105595362
167.84745461880686
167.15318879435412
166.93926665598437
165.60585471888345
165.6391988177527
164.61467064585443
164.3019934616925
164.42907085428274
163.88021151649252
163.2238253848704
163.9337458996183
166.46041237230057
167.50839320173745
168.52488233713206
169.69445840098416
170.89490631688142
172.75353999526948
174.4335485692453
175.86627719505006
175.43252852062665
176.13708894925247
176.93788911111673
176.4398293789193
176.6578831682636
175.61708824613882
175.20456726935677
174.43534346051652
174.78395860008942
175.17247036278823
175.0608066017414
175.28388913264274
176.22954088957306
175.17918382520568
175.29556977090593
175.1259674492545
174.3751034710691
173.83697932389757
172.91894350322002
173.67879129052795
172.88933932410555
173.33230429615284
172.64428158232909
171.7570030910205
172.66071319554834
172.00873828886563
170.53990884112872
171.0798856544114
170.36514264006348
169.87236401673835
169.35231966637718
168.2574613869033
167.44919386160146
168.1374240678687
165.08724478177862
164.90748001342754
164.35216261771575
164.49967714138202
164.1581953742305
164.78626498708059
163.81513803404212
163.21245347516358
161.93747972585126
162.8391103134488
162.63873828129022
162.1180068582434
162.036832311245
161.93724164454989
161.26951311349745
161.68998358530348
161.26018257753253
160.8853112001669
159.83704326149766
160.59097018407695
160.93243342195527
160.28201283852977
158.8475218479959
158.8510871262791
159.2195659040991
158.78239961614895
157.482963448727
157.66633050867378
158.78600717770868
156.5960646024764
157.414113610406
158.72974881275982
160.0165512632711
159.98717402276665
160.3063172407775
160.88610666718907
161.50065378193528
161.55891522966968
162.00856698838484
163.15163870155902
161.94519190620406
162.94335601294205
162.43543656434503
162.89364982794143
161.0005715428233
161.49156548514722
161.04942408582644
161.62941066154994
160.06426699202015
160.7470578358409
161.00775998134344
160.49289599253598
160.21562916822896
161.74196477325145
163.34081927334728
164.79418512920148
166.6235320363812
168.60564360487268
171.35562918373444
172.71296601796533
175.35932386389632
175.22100880156526
175.93097352961018
176.24794401452198
175.9288981520046
176.06135406125557
177.41773554848785
176.07031890393907
176.4637644686724
176.61345678503926
176.65392236116807
177.18559135029108
178.0122969450654
179.1877547578752
179.6121726659039
179.29841760712415
178.80044756016352
179.56252081149756
177.56929056352604
176.54494876959495
176.16066836748445
174.65695427684688
173.5646797104006
174.3588072390842
174.14522132077198
172.72045741736122
171.81927815105843
172.20946404239186
172.56029319500306
170.55170415262018
170.02963274314462
165.30178686878196
164.34894571074733
162.32019741186733
159.41356916622732
158.66343921142465
154.86142102592177
154.05439056244137
152.2411925573303
150.8451900355447
150.09306542535933
148.1378588961216
145.6741908935936
143.3866741245021
141.3785652318546
138.7493887820466
