20
7
c
144.50748915502757
144.30290628264672
144.18331444053874
144.1176892173698
144.51704478010313
145.02293430719425
144.12786048024662
138.73129673746274
130.84229855746577
118.85263477243065
112.47414194239974
101.44155654965091
84.835713306445
72.82531837724558
58.440667785155085
58.74162118726107
57.75775851988348
56.88051236887427
57.90743048196271
57.27777362425194
57.8891538646464
57.01215801313958
57.76028910217219
57.90537511432592
55.911553194355875
54.24044709022685
52.019983073650465
50.02072972620033
47.72639095004221
48.170888961277356
48.996307230906176
47.97872518671495
49.04468997317942
49.09828339134351
50.35323529800312
51.015182694471186
51.9405933058464
51.75382975191727
52.629145638439866
53.33282797236881
52.86814282770494
54.340899553342304
53.850936086911936
51.64500950016325
48.82291978627244
42.51354000076565
39.3600353068803
34.517313921255436
30.70001255347649
26.439080637497856
19.702365463340755
13.86548866495232
10.530113174327155
9.855631799678845
9.582776438737636
13.33234826346149
18.012318559586326
26.434880606507427
32.46329780998559
38.29721578789304
43.443692170891644
46.80653232700064
54.87489684055519
59.347144357815715
63.94161345187825
65.26331999792146
65.19049369566609
63.044955032734585
60.73510457568208
59.31698728366167
56.76788186891623
53.112423840626114
53.413560189076364
52.55616498414548
50.55939067188811
48.69277177344923
48.65674425660142
48.16668761159068
47.87012741984388
49.2888636403928
50.15325846997494
53.831524594158275
55.32477762404266
57.39306287332929
57.54803386233542
59.85457923528428
60.31698343788353
61.24951604791425
61.93051667362229
62.322270742867026
63.669697134907295
66.2092351844724
68.70720311746527
73.59203818161153
76.09006544380294
80.46683425876154
83.44650818443296
87.19788081056777
92.85419870492932
98.30941453633145
101.39529803038972
101.70922020975325
101.32526587640582
100.31264371416383
97.7704161870556
95.25512908598755
91.050870837672
89.64110285724631
87.51823266512021
86.38965473021825
82.71764736391042
80.87935720838966
79.74228402985196
79.89243994243076
79.9273712970894
80.93278807895271
81.52594996768725
83.18077071195314
85.50319812684964
85.59378261701809
85.36396905301623
86.85511069543631
85.81743693777592
86.65937084356896
86.91988744398208
87.34022471919914
87.76018104349491
89.6316612762093
91.77444678191033
98.5725375191253
105.21623517805753
114.03815689017249
122.45054707770707
126.7697221304709
135.72894223163394
140.24627173549314
142.91951674367144
145.2214761414518
146.43046326594225
147.31496195285197
148.40403462054496
149.76755615575357
150.4481778410957
151.39381862373813
154.0459596067687
154.78501709851227
154.45557165963547
156.74444164644697
159.37869496989566
160.34127324739012
162.69154557863578
169.27808271219976
176.78250927453465
194.62045059042603
209.59106925305605
224.9937229725813
240.9047861732447
256.8983767627379
280.3348074828894
298.35471161095563
310.67867640321424
314.10528964271157
314.6442317487569
307.0464160098417
293.22709809853853
276.26209832589507
262.64176764234935
246.84523599836794
228.63198761561267
214.32263916832684
200.13649635973354
202.37086384630436
204.422862443801
205.02652256697456
205.50805195369068
206.42194735168854
206.50369974429194
206.2095218591548
205.06619636289125
205.8586544952276
205.41575505665426
202.94637529997772
200.96966482325
198.15538687434744
197.05879724121695
195.61798238197593
195.4071894221858
201.16061566509669
207.24792981856277
218.17374205714663
226.27028095409398
235.0937430963306
242.51292577301103
248.61974636760755
256.61966119064977
262.7870232561954
269.6685369942267
272.014958718396
273.4651593285038
277.21884661675637
282.2709912323251
286.27652776542214
290.774374462958
296.0769107942274
302.8375288046227
310.85368782457283
323.878375270944
334.4506124941421
341.84315006330405
344.2584571921587
344.8490584737585
334.7772914853797
320.7344617581798
302.3977079176338
287.22367673308185
270.6416669285406
253.90643298294214
242.67573353084714
227.87118728360207
217.40958747576863
209.11396658525643
205.632775370874
202.53912718270078
197.76331955090035
194.10264586675314
190.4801343019883
186.12926904904754
180.5506960916496
172.67895912746354
163.31840160652965
150.46114056341878
141.63993152032478
134.90067543946986
132.6210109203654
133.33418369626582
134.13464995145935
138.06135554890616
142.52631793040402
146.04466457196395
148.91293468575793
150.81095825219728
150.63312035972842
154.10132341098569
155.24044227650697
156.68744305573347
156.54439399074957
157.3480007800341
154.29768963743072
150.75574698548138
145.1600417953634
141.35400833182013
136.673343824683
131.69008967974744
127.6618803871226
124.06434177326518
121.33563238932982
118.70371018774588
118.13241365367371
117.409464919027
116.38960516713817
113.74324392922216
114.54770595417081
112.77336870383434
110.78194991989446
107.98681984165223
106.62238969827328
101.31595380461164
97.686076919099
96.80103683342226
94.99124896314645
94.20986947374227
97.42520692635088
101.70976528294345
108.14988588762346
112.4186544451302
118.29264259095856
123.50796763115495
127.80926666462135
135.2435121640898
135.52358139906477
135.77943826437922
135.29157628971205
136.24096718312268
135.23541267180727
136.06120321595492
136.57263320753577
136.52704922317847
136.99075220852814
