27
15
e
54.017157419518966
54.927566068452805
54.90174770485554
55.17527657763044
55.03029088522021
55.24748465881694
55.5815904322791
52.35164660627955
48.1690613531919
41.78741745312064
37.70156855978003
34.13599359711551
28.77836560649962
23.492176257442054
16.494160225024373
11.558487106428041
8.35149635622664
7.179168359252117
6.7606082334976465
7.373275891758465
8.96242306124106
11.748081166767896
12.863769189373608
13.96187773496517
14.228908836899025
13.466933982148193
13.474836915037548
12.514696750075853
13.10641261744738
12.720375739996278
13.04329509343275
13.857232350460903
15.037755333380565
16.266777925577212
18.44963104553896
19.410473099795336
21.34663038444169
21.76635546799039
24.843449520337675
25.359134877201864
26.267727247287397
25.818188304558277
27.121078952780707
26.39296595353974
24.543827564738034
24.500330665527958
23.574634707201902
22.17425255047467
22.16887559140542
20.186483534820862
18.621106737442283
18.020647651314995
17.195185788457767
15.398298928899212
15.719531473736861
19.985355155031257
23.72169588071965
33.59092428946022
38.21025894293837
46.29213590619298
55.23845572192599
62.33701704197474
72.31159789024896
72.43928561155964
74.51647584978072
74.13232809040846
75.14987684544847
75.02115269168685
74.820571753396
74.88381164956532
74.17370824921667
75.82701370013552
76.56227550936555
77.19854138195173
77.30159893717503
78.19248001858703
79.59038815208652
79.85020224325363
81.48106329865203
82.12852802324963
84.97456359841478
87.45383195252413
90.021409438832
92.20978898019199
96.26022736423488
98.98059690310622
103.56954300237429
106.2506530805766
109.2141815118981
109.06124938290938
108.65983869718919
109.1807349964685
108.17787420121003
107.15776309310176
106.1592980312825
105.89373270443717
105.14640041194454
104.90207409373153
104.42765607492936
103.97497626102643
103.16262217369358
103.00739392514372
102.29765735144106
104.63383505347294
106.8228557201933
109.10888926670567
109.9590662964937
111.9276258781911
114.05069515746136
115.89864535591425
118.94486758549883
120.25641324712142
121.96406640045026
122.3681303180929
122.83012828369102
120.68047642204014
119.79935129001434
117.29742200429632
113.54507282657163
112.10933203143696
110.06875606803648
107.59820240565745
104.13132290784357
103.18350442125656
100.65223709401275
100.36200176813107
101.0554874524755
102.17518664938484
104.3042261982052
108.96832655041993
112.63004929006549
115.4508006434776
119.80612321494743
123.74282604917289
127.31984542954258
127.40825233026275
128.55958097744693
127.99017542893777
127.79238547843849
127.33987374873982
128.46560652716545
127.66865116070338
127.9610326071638
127.70067920925429
128.21729209140128
127.88194512856265
127.73897724005877
127.39092502152339
128.1123538129534
129.14452657104317
128.42628641725557
130.1401161733637
132.18152767442746
135.40047616512783
137.57981225988894
141.6076045959293
145.15249696011443
147.84218333129164
152.00547213405366
154.16687538026585
155.54939159496737
156.53752156497654
156.9737682107477
157.24084761117433
157.96481141870242
158.5890341774721
159.23584447425617
158.72229141131555
159.77968199956234
161.84223092999542
162.69820846187378
163.12496196083103
164.25506083832826
163.92451432039792
165.82204956161902
166.43258082128304
167.40340398289217
171.36257822883516
173.03110750667457
174.43963189780374
177.89593662358666
179.7167492611611
183.25211502690695
186.42921871877442
189.37142209675508
190.32303609679113
188.59079324995375
188.4133862216191
187.51348901006062
186.59739071179476
184.29277751880852
183.64044951943356
182.9954759082213
182.36499662032628
181.94492169790226
182.08078577734707
181.17299258255701
180.68800146781604
181.30229371288306
181.40220685781097
182.1394653420406
181.79940070922433
182.15545234200255
181.75295525036583
181.17884503143193
182.01095076806573
182.2773649711929
183.12427214616636
183.6025487077055
183.17402826124956
183.75451566763547
182.56256895665655
180.66198453264835
178.03566710749354
176.70591532475493
173.73964874220462
173.81769625486885
172.03103928938827
172.63581192838313
170.90512452429488
169.80951661656087
169.59875188984086
168.77939391479757
165.90938038798143
162.12790877792523
154.483929061861
150.49841124994043
143.15824118910552
134.62723364296417
128.45847201609732
118.8926654110109
115.97841221916276
114.87227054580826
114.45864513783712
114.60136208674007
113.09866673082503
113.1456917614991
113.40030182179405
113.00994601804896
112.09436090597828
109.397174268771
108.04471469417679
106.19656155300595
103.9827676526693
102.30125383853077
101.52901770082514
102.4981472937979
103.2659484861657
103.35738078715913
106.4480695330003
106.23703365685625
108.4195781390222
108.9784870598227
109.93546123334049
112.24501370351025
113.66582482063843
113.45698253570903
114.79410913790569
115.02638129759055
113.28122278055507
112.53716265064307
108.21098562875298
108.04281090540213
104.23537851517281
102.04394830379432
101.72522558166641
98.70489371194716
98.46556083962106
96.25839220879641
96.70124050049434
97.06503485009355
96.40532355119294
96.04549193071922
95.12894132173713
95.44035147627417
94.4897375445254
94.06858505301051
93.98621726909714
93.84923531900635
92.90846182188183
93.82317011637083
92.71190403904023
92.2362758668094
89.38704895603104
87.83408102009113
81.38192687582651
77.15402851592141
71.95240088738969
