6
25
e
79.08446782574828
79.56442324044023
79.99637451785405
78.0014224612949
79.37919765770627
79.35223101150322
79.66807240877019
76.42489636242381
72.11601205681131
66.23866990697996
61.3258996055863
56.61874906412707
46.27908738802695
40.558575994331804
31.791360738816824
32.263925835728514
32.75164968720015
32.14402693401813
31.778797593799474
31.082932832451128
30.838407318559433
30.890209451704198
31.119122738189255
32.068230684771656
30.086782509757757
29.874527627112535
28.84286721276305
27.301979763462864
27.303626959886223
26.515559629929303
26.85406974605837
27.134494475161052
27.38348801886348
26.581635525326
27.326471165487344
28.753692793611098
28.7354303821884
27.974736898782414
28.5104616835159
29.67985656303402
28.88682883642337
30.333145321974456
29.1996975750453
28.34573604683472
26.56868826422959
23.395459804228807
22.064688615548114
18.912254093569455
16.181092968716527
14.807796115973384
11.691469870857246
7.869504105766399
5.945128086774846
4.973876412972697
4.8668733288781105
7.683449294199239
9.4786406635454
14.89405724744411
17.308695030479413
20.631015391343638
23.135416150696308
25.413894965049952
29.881076255665217
33.41162907351228
34.782062760248216
35.50006336249458
35.78829637308963
34.93439624253275
33.17375611041965
32.3552349129258
31.162078131281753
29.975365489840815
29.05923336909813
29.240606116687115
28.71995807601539
26.982996187955038
26.78255812524053
26.30920765226277
26.473570056092797
26.051215554688
27.6929766284916
30.45570861712158
30.999332755082428
31.773291520711044
32.32136850853947
33.02002895846777
32.884151236625904
33.13676014292128
33.878574437216635
33.75536866995672
34.86392497580294
36.08838995296534
37.88136436891909
39.463084650179084
41.77977262760327
42.73413772477094
46.1994135401656
47.0761329921378
51.900842020099006
54.48820275808764
55.45188710672271
56.69962780537554
56.40477831784424
56.16952442214445
54.68322463498138
52.09141427462828
50.311456085613216
48.47436569858398
48.37607852149075
47.875333770331906
46.28728859131625
45.86237101535193
44.43954954471345
44.87651452797316
44.53856417426511
44.219424326056746
44.77731948271358
46.17770425857564
46.45797007760478
48.02345437402636
48.1206596699187
47.39363557235682
47.75346792345018
47.711211763667635
47.7763113120213
47.819751415498686
48.72810869039673
49.4169820633425
50.910071220894814
54.34283781995638
59.125281028745206
63.295033581039675
66.83646700753125
69.93180897189566
75.22546326605396
77.24665449704722
78.86137427745835
79.67932181365927
80.96779040745244
80.957618578398
81.1054230162634
81.8885867693831
83.72762992357607
84.77536609464906
84.81917096556695
85.31680787830041
85.3853965368493
86.70416439886971
87.09456870159816
89.24145430877378
90.18108538118535
93.36756485330356
98.3738819303147
107.13689146427967
115.44669043904092
124.25192068865343
133.13279536666832
141.43211172477325
155.52261008333153
163.39178933379318
171.64153707356482
173.3405264889698
174.22040847529618
169.3142019775295
161.92078453129503
152.3869839552098
144.29996484580326
136.20158195827574
125.22732830561863
117.57458480583276
110.79297803581301
111.63075395692955
113.0188060140702
112.59398857498114
113.05169579216029
114.03311681005584
113.17604334827654
114.57576330469203
113.55862820389275
113.4104200954886
112.88871158911604
111.64359991802843
109.8143379050422
110.38604340735006
107.78635581114047
107.84215045472307
108.73184644503996
110.19982277982821
114.0717743445619
120.47809784913038
124.42222699695053
129.99428022606875
134.4950430730929
137.26488680713481
141.15730497867594
144.85116747886477
148.56272348777773
149.66366635201044
151.09098158835803
154.03115132443713
154.94233935786733
156.72409477610884
160.43238794020536
162.48821249990402
166.58548837567255
171.8505787456925
177.92588721678553
183.8953473552352
188.3132560950824
190.47869147300537
190.67991016010347
183.8954606535726
176.46965033519388
165.82296929388409
158.59455975530557
148.72427616470245
140.72657913793964
134.63698062635154
125.98409764030083
118.86135552090605
114.75926664155074
113.34276272595125
112.26016400887313
109.50083871448754
107.69687492924676
104.97346365859254
102.64717786397286
100.06191636199982
95.35684586331888
89.9925950434455
83.96806132694691
78.19121845649723
74.8973379373605
72.05768140295352
73.57501334995897
73.5383910595112
75.37008522029032
78.0742651341705
79.72511583240752
82.5055443187349
83.69161754100745
84.43223764820806
84.62182463080075
85.43669195677936
86.30900229262132
86.40660058730613
86.25566222555305
84.39694666691348
83.03511220998237
79.67631733078845
77.39352055926243
75.78729827211622
72.26078970323694
70.48976697539148
69.7308621210902
66.46060407106597
64.63341050366988
64.39267881733194
65.77923506007205
63.47938225860209
63.36719565785552
62.263191795957106
62.859289546936665
61.18330259311996
59.381759698090065
58.465409400443114
55.36909272174015
54.56654953512529
52.38264875547112
51.85198440193721
52.67278203327472
54.26568774574345
56.04851840927105
60.32400300465975
61.54004913064256
64.41887636549154
69.05757010758624
70.81520634917706
75.07531120632089
74.03348733538108
74.70762545073015
74.45085744976751
75.13819478883879
75.96743624887344
74.86451061902866
75.21712750717971
74.65243317485411
76.08042573365412
