6
24
b
199.04431685790706
198.88555947199433
199.48291543444032
199.0151833548735
197.99971469903014
198.25655783934744
199.02316131925787
194.58742742285798
190.61001683018387
184.03669469156213
179.57695424051275
173.58434114104838
165.6319362113925
159.05728046096786
152.55397325667553
147.05497440445
145.51203657277375
145.37688316838114
144.5966788020221
142.2837945804153
141.83792116030543
141.36043821397388
141.2711699857014
138.85109831940753
136.15937777808205
135.1807692518479
132.41135136271558
130.1231244066257
127.63818899677202
126.61950699932439
126.87282276258702
125.37728246208248
123.30343771477166
121.66851802584344
120.20201238412594
118.29478882112433
115.68117754535972
113.21709374229208
109.26657127591737
107.24938596798575
104.81039383743625
104.27485946777917
103.89874242489981
105.65259747808449
105.90015578778824
108.52559598483984
108.89539686009454
111.33298347447099
110.71802646469766
112.09887204036194
111.93385178500264
112.71442865774061
112.05233961037091
112.68102894528899
113.46786047890645
114.3658973111507
114.96816720136091
116.19148784415387
117.13526124850591
118.22911822446137
120.44767285026663
119.78594288517297
120.27188381484619
121.73538098664635
123.02849452105725
122.22787872112839
123.03304382347322
125.18810757478863
126.85580351108376
130.06947723882146
131.36711265477194
134.12240465053173
135.58750586836464
138.2874427977597
139.56003333399738
140.4196219521403
142.3843177280218
143.84760109414808
145.68729666321892
148.63542274241073
150.97308628797413
154.42025309363396
158.27027560908078
161.9374533748723
166.20516268458317
170.0199336768418
174.4688608601298
176.87048369011603
181.0587495867939
181.65571912404786
184.44549304604513
187.29944591070208
190.47694221479358
194.4725198382518
197.1310454205036
200.26262456640066
206.45433042358175
211.03542517241513
215.6578987594491
220.6103783257575
224.33076774157524
224.89922609135115
226.6019887445887
228.88933653927188
230.56660807653628
232.74547654173313
234.4796398835152
237.60879253447317
241.87082728727515
246.88731768393478
252.01773560284616
253.64854407265318
255.33724478117847
254.9132465497508
255.97529608194293
256.0291168684594
256.53714089754067
256.05761490654703
257.0013993720064
258.0479232343952
258.9064096496434
259.84647741586207
261.597388112866
264.1268621243114
264.54693776082144
265.15484523544137
265.96995295424693
264.6619877725139
263.3815849531919
261.96113573602946
260.6951545466994
259.52343693461995
259.47368193996715
259.0810600586077
256.988367787112
256.5786837230283
255.29833538851813
254.27761651292695
255.4747257676764
256.19692463461485
257.58364510615263
262.19635462356985
263.0878874011707
265.355711499383
267.8523201297621
268.81221938936596
271.3744487248161
273.663823905424
275.8365428142026
275.66799250517147
275.07750603719944
274.69348587410116
274.3158161576235
273.8017999100066
273.56913011280835
273.51191589629195
272.3721754829025
272.4630118884036
272.99586436058524
273.1428086820039
272.8626578783676
273.1663722736977
272.85643125173675
272.7177831456675
271.8434870590115
271.4835724470909
271.93787320053974
270.0882148959117
269.3278348019472
270.06016441884145
268.6567310737044
268.4109001448907
268.6560070250494
267.83078022731894
267.76278988503566
266.8001687912365
266.4068059582215
263.80890955454163
263.0487025679216
262.3947536193369
260.4371669098657
259.31634094869815
258.48756947741293
258.4825476417654
257.0597806343369
255.9925195209305
256.3894441701795
256.11758260426757
256.12200269282823
255.32533195630165
255.52942798504978
254.04565337801841
253.53654731749546
253.3148215600364
253.96698656933154
252.22408515984225
251.90052275765834
252.22074532909818
251.3161636430151
251.97145631223714
250.70608956341107
249.85591529089967
250.3779321321038
249.36410428568132
249.4254125376935
248.58383670844702
246.53477571157288
247.28510903345367
245.41522075680143
245.7912212429821
246.05593302588127
245.64575433018058
247.08536839609337
247.9188479622574
248.7534413667213
249.5557913106429
251.17867447191972
250.47444978349972
252.4296191369516
253.37906178829456
253.69908342236587
252.925815125379
252.09904336965627
253.35191438761575
252.38687767144413
252.5035580453482
252.7615337604499
252.1360778885269
252.5246489565904
252.55470752805306
251.4740813291453
251.2720548020613
250.96633573374027
249.7334217025185
250.02354219969277
251.83887404099073
254.089269357182
257.6211603581225
260.30925327927065
262.2204599001751
266.2898215099615
270.16053560082963
273.51111867503084
274.60069188943163
273.9922383058223
275.4315049558204
274.16901488083005
275.31404698989337
275.17329247947174
274.9829846507671
275.3205537242813
275.42670486985963
276.2872189062895
276.98437096246903
278.64657285886756
279.63874002769285
280.1064374736238
280.9021252305832
280.5075346013433
278.8295692990916
278.18003118924275
276.0445505669648
274.3535823433728
273.38347715510514
272.4393001101381
272.0178321247629
271.20551123025075
270.2322171137932
270.65956757869344
268.6226808672773
269.11297494338066
266.16381598281646
263.4974862081927
259.6447859625165
255.88571907136526
252.49812870670527
249.0754055783279
246.70495123221315
243.01935776826042
239.92661587563737
237.0199866573875
235.2170297675672
234.4238509596484
231.1430810241692
227.3356843769346
223.30905779618493
219.81914483632167
215.95316163274015
