24
19
c
23.5219567116488
22.92913224789293
23.988316919306943
23.399642801450597
23.994750523559556
23.95772828715039
23.83966430069131
23.251284923126228
23.203237114529415
22.40374396232073
23.46281244650781
22.355965240948596
22.142688393101956
21.407570881493182
21.855819690967454
19.886702428463536
20.868679754545408
20.378478471696692
19.965245910272518
20.153104046597672
20.8798422129887
21.022557741473562
21.303733804374467
21.908966785296332
22.482032841798866
23.256666546306562
23.504836903633464
23.727998742620784
24.63544480540758
24.668980537869608
24.627279081071155
24.448567331470517
23.398728515471767
20.143838392139482
19.023985661198235
16.803643646748302
15.906908734812685
13.416986288300967
11.180305749005358
8.695671830423194
8.374499117208776
7.3648163635097355
8.41758681289607
8.278325018513858
9.395576406322323
10.636493671959231
11.190968524920503
13.462332280031529
13.6472380051492
13.303329059859745
13.752024395175743
15.019319203947546
13.985519535007496
14.498011860797549
14.38119181900839
16.055004921539968
18.456896047948128
22.531363799741623
26.78806230691424
31.327500099794076
35.481240526082814
39.33570330738669
43.52074570279699
48.76424360196586
52.813817204714496
52.064457494433775
52.56967973872266
52.481714677187114
49.72278821257051
48.46490172072411
48.278966667370014
46.596511030817226
46.220839307070484
47.667024685203955
45.967507848202295
45.896705622960035
44.32202667280554
45.64983549006284
45.21820342903266
46.671172583391474
47.08391551519525
51.87292245698922
53.51393813281748
56.764815606420036
59.70896119884038
61.059180078196135
64.758910839261
66.18029408364045
68.58965002548014
69.50521936752345
69.69549749456903
70.16447761202767
72.9551513892121
73.21041456548737
74.2247800518141
76.44323026970633
78.05726520319244
82.05267901210564
85.21684088931977
88.2125340328813
90.5565042863967
91.79288106494033
92.1138544565369
88.9553594827284
86.66102023720279
80.64187419177783
77.92596379943386
72.85058640644641
69.1795362508566
65.76005707756644
61.23259393539163
55.607818319091066
53.173872540823325
53.41800841143905
52.5189478518237
55.99824994624288
58.89664624391691
63.860171847074085
67.04137569308448
71.71327122298493
74.34735453691576
76.91188754974826
82.40299851517487
83.60992035400776
86.87656850081223
87.4857754372164
87.80728657595338
87.02754628788986
85.44950051899255
84.3975553426976
84.45785905077564
82.94473063063955
83.35357760651145
83.47479749586945
83.45946196342264
83.62498002882694
83.39986068768431
83.29401910013401
83.61910736296237
82.71201586778218
82.3586953386507
82.03280357473204
81.26753886427267
80.42153492102406
80.32152650396245
78.30344228757487
76.63827651889038
75.98915329012232
75.32092331811732
73.56055558960028
73.85351106707293
75.89058028199788
79.68102174631952
85.43621420338665
88.89290740190472
93.2984280917156
96.81960644162429
101.6378992602871
108.15320075100993
113.5407284713262
117.22187926998026
118.0925774897113
118.76635530415936
114.55229932194297
110.48099959372495
102.69461759714743
97.85494457152804
91.76314511772762
88.73046882823371
84.15950093997223
78.3073847431832
72.32173508434003
68.80486349286764
68.5328828625065
68.40922306419093
69.82366898046915
71.93411829027283
74.07520550565752
76.80891539232498
80.61821895528055
80.4132960961799
81.15571609965427
82.5172565376991
84.14253589728024
84.91847292298667
85.21062148067416
84.84120010628833
85.05372497869033
82.74823519602978
82.45256532344105
80.27179914692451
79.41769270301113
77.22547026286557
76.26770746658248
74.14865686568307
70.43146194395719
69.38500880762683
68.25398107321774
68.71494456610974
71.97708026139706
79.79126284546159
89.67878409850925
96.41114040007486
104.98006743986454
111.8961283159444
118.49373850022104
130.4422771035698
139.64371709565248
146.67959584036825
148.7522119828767
148.35934743355222
143.30467286763965
133.9909632354838
122.18260418356923
112.73593208843195
102.68352134943981
95.48784055045428
86.38255821083644
75.23528698928978
65.42040015235202
58.12309121286314
56.895422826431876
57.1464085338322
61.61123635242068
70.79364666327334
81.17539044562734
89.42539724839246
99.72259077425035
108.13714372279024
114.4057430387074
124.76586044848432
133.51734528692302
140.7760731259179
141.33944863104833
141.51282461556778
137.2667980346603
130.3930074625516
120.50854408960174
112.71755212509107
105.0353765898567
99.76037071545802
94.53375723930971
88.40297307117801
84.3880285706164
80.06770550509505
78.53742231880966
78.24975969500001
76.53788815603507
73.76965217239666
72.47562572791463
70.01722727540965
68.00105155319339
63.757511020231064
59.28294248743166
53.195175685665376
49.75108650582216
45.36329485368528
45.429631345636146
44.29093089464934
46.765827722699456
49.96794479318148
54.88106301839444
57.517412326890266
60.959184253535604
63.58040588697443
65.66850494591722
70.20606768123166
71.94995768033608
74.68554775537032
75.13269209734044
74.43544880778438
73.42553310619384
70.42807617906207
67.15005602694957
65.4657244544492
62.36035103412354
60.94171888052854
59.705828201108055
58.02697836836028
56.923395624254454
55.68426826345473
53.822148156703165
53.7507548014458
50.94630880089838
49.27585006518936
44.617077145707434
43.33675293445317
38.71698492710237
