24
9
d
177.67840958892396
177.71030922576423
176.67446045556642
176.3822182529249
177.76355926227214
177.16960745119454
176.88542493551046
171.36346050708633
164.0795449844883
152.62373695142477
145.42997237345767
136.04856392941915
124.98776819104926
116.86489152976958
102.88217856542622
92.59289584382346
84.60568751151952
84.68088412064017
83.9882547499089
85.01037293446426
89.66687095440064
94.27982155063758
99.21213781312922
103.77473585538529
105.18798125638432
105.27518408943313
107.63526807155414
109.61861248175339
110.39854479911104
110.47829906022082
110.65583303836894
111.28023848723068
110.73015934673941
111.08411689207175
111.74746865789677
111.55689139360526
112.88619235591518
113.49712985343737
116.22251432035176
114.16665769485094
115.3152262796176
115.86212871804344
116.42469174571252
115.33553499550975
115.53048340074041
116.07308678081412
115.12638141525252
115.37976057827842
114.34393991022333
115.39918392735801
114.14238056486907
115.6842702505255
115.69377694450097
115.54314576183297
114.60926615036453
114.65679799026267
115.79133317934361
115.08956660515844
114.43173789345202
114.79760883211775
114.14790710996536
114.75580906249873
113.59711068788376
113.00643041111873
112.47640749651455
112.0746887295863
111.70584209341796
114.37121978173401
117.05786709893883
121.14492099889512
125.26189523534701
129.1236738521036
134.5895322567989
139.9379404351731
145.276132740282
146.1743783281115
145.52472540988077
145.98756762764722
146.63147508485116
146.69408462856924
146.67456618810868
146.68005512451575
146.93557528310205
146.2740207263532
147.1043392452736
146.713097621045
147.25104010980013
146.08759625285776
146.39962609598626
146.81250786400173
148.3201044832944
150.29822354391501
151.68051520688033
161.4611775962531
171.2569531750599
183.25772594562673
192.64989058609538
200.85741352463276
214.101976478428
222.6823001262451
229.48462391219294
230.38018762355136
230.56918526755143
228.97192746652073
227.23722352140496
223.50582529110412
221.69446453169155
218.87588265756568
218.20416428974804
218.69930261840466
219.58537898857745
219.7953429526439
221.05283158502777
219.92400124676325
221.65814161514618
218.57718561600177
217.2490614162741
212.643668578286
211.0529997982515
206.86296298008077
203.60101922487644
201.68047494103016
198.01070465655383
194.67593038147737
191.84756925192255
191.16425803968622
191.2501962229415
191.76280412289015
193.24360097699596
193.63275085167646
194.71078598480466
196.22400645546944
195.47010199592498
194.85049608343755
193.56292845750224
192.10413026746585
192.37734299452688
191.8760750787743
192.08203579436588
194.86287541813766
198.44732610617794
202.98037061833432
209.12815712046282
212.4927810081261
217.43982212285061
222.66235877868576
229.5727755348869
233.70489982917283
238.3186904650424
239.06185349823215
237.9719345419321
236.63088987861144
231.23100676239778
225.20583027917192
220.27068541974853
215.37632879203184
211.79484114278304
208.26333395426857
202.16906900355224
197.03881405681625
194.20892408152005
193.87579853793667
193.1045480533863
196.75969099199412
200.13209587960776
206.98351071972934
212.41450142290472
218.90125830359523
222.57456093020275
225.65776703628202
229.5607175205756
232.5405355280576
235.36351216836957
238.2415949623685
238.92692675804142
242.00511775729333
245.61075146819826
248.30241273411661
252.06651255223264
256.5218313499422
262.0223782021223
265.96060911811077
273.7292426822512
279.72130967615794
283.4011565726429
284.19717476041495
284.26790910293266
282.9948177978243
280.5760288157958
277.022430689013
273.6039806230245
269.6673562216057
268.4535539843356
267.2288291713473
262.7444273884232
262.3860729017982
260.40943652428393
260.55741974054393
259.4640760001318
261.70426961938625
265.5014331508005
270.97717177227406
274.5396488220588
278.1190118680683
281.8530625697848
286.1500434828627
291.2783282341098
294.29282212993763
297.39766629715285
298.18737511913906
298.3079602497908
298.0657480307546
295.9343967684006
293.4263373562541
292.125366185737
290.2988141821598
290.0555233035485
289.8081779530616
290.52137938665516
289.89595581824074
290.02716395870885
289.25080788978437
288.3595980570246
286.15768826616517
285.66617922008095
280.5061732106113
276.4161734434872
271.23537272454945
265.2501608677039
258.8376452406
253.4110637492358
250.33875255011685
249.8219795589775
249.93709073209317
248.49399310615738
249.17798977798086
248.07099172680697
246.84513370186716
247.06679381968334
246.60636413328933
245.79345791796663
244.3096134479172
242.0452883600361
242.30241587930243
240.6224219884525
240.4392317139334
240.23180467472199
240.31000432763176
238.08272550016554
238.17761159127278
237.28669930237285
236.73746792556574
234.39230620370378
233.04735459418652
231.30675396827007
228.9255487038403
228.15170017597143
228.16984017724448
228.0655327417884
227.23306611297176
227.68281957428565
228.815274295069
229.80204287871163
229.6517337817359
230.74419117438092
231.466942385631
231.5129494273536
232.09086670077264
233.41622496865966
233.1994396476737
233.44749268867457
231.6776525524433
227.5740247345277
219.68715911551993
217.3545872668712
212.54357489988465
207.85473529178225
203.94809425736432
199.5997247158171
196.3170519654088
194.37339053674626
192.88844477052206
191.58589860552325
189.34064602091559
187.62904662286428
187.24493655455674
185.17308201750498
184.00289851409997
