0
9
a
110.01466136291057
111.0046462772549
110.77457748565804
111.2709879749906
110.619244277787
110.77690634182703
110.70539047864148
107.46114759965621
100.47180806070263
93.59176357693437
88.93513333198513
81.62486428441066
75.79221486813779
69.06956334490019
59.18855416020674
51.99690616937666
45.92559073823437
45.637544527564856
44.83357667685778
47.725134374933866
49.839940436522575
53.26589767846119
55.031974411781455
56.94254257702399
57.57082852151684
57.86272834692834
58.25632645534379
58.635556844065725
59.17726621073498
58.3346213465313
59.37846807586028
60.05852780533955
60.538422563927256
61.90371436878592
62.35348121044017
62.85050076327984
64.01648237664774
65.32664820273953
66.50000703825029
67.08047087365351
67.44619208252426
68.56555492619299
68.09302983253708
68.18144607903612
66.58765425003962
66.82387624360533
65.63505459066563
64.19069728994103
64.68697012787383
64.21292931113608
64.88634776768798
63.48986858047533
62.38443598343293
62.28357820391134
62.22745403571237
62.915246572514974
62.45533853145131
61.92738690817448
61.900298493676594
60.51238814126582
60.38158388694202
60.262036114845266
58.12260668502125
56.75610106020699
55.6969060634667
54.76433210883554
55.35414058308499
56.91237716085239
61.75178458793174
68.02175209786027
71.74061587455786
77.21121049628142
80.4619243163738
84.77309325385548
88.51872230909177
91.57280934595305
95.60698478768556
97.28333837135587
98.90030369994072
102.21142290791457
107.61535835270975
113.4617430232762
116.81932897826813
122.55161734208895
128.39732459577837
134.04212528174526
143.32184184024126
152.1892310253089
156.51678617310762
157.73737572778543
156.83209715521227
156.31294103842947
152.980116423818
150.95822337887083
149.28842130327027
146.41156070401604
146.67472808899953
145.5662586818655
146.20273077236024
146.3006270869461
146.1262815555448
145.39166142031993
144.64885568280093
144.06894416650593
143.04363516918528
137.16693611616776
130.99160733860398
123.69244907625072
118.54861582878125
114.51048301541084
106.35850383956632
101.32431047926437
96.65923867376787
96.47450117152901
96.5360889703481
96.66254497754889
99.60794254349523
102.92396228142715
104.92974184696489
106.89891381196799
107.65055668723143
110.44540222211386
111.05783054732771
110.95407496297244
111.24139150028664
111.28294686541349
111.67740661735272
111.333336493346
111.97939975135245
112.98255428234721
112.95545549275069
111.81726776136387
113.08277627582791
113.25517868614664
113.17371312789142
113.72325939274431
113.73290138767946
113.45111713278543
114.5412757846507
114.61797569059168
116.11397905794045
120.82425600928583
122.30798870683054
126.5698215211183
128.50822378473467
131.00806330563515
134.91228471056795
138.78911194168856
140.88302592562897
140.78000415659716
141.241208250305
140.16140139812006
139.7931279935953
138.759905459586
138.04009435729517
136.5497076362662
136.98227756920645
135.79860248062374
135.76224116409563
134.3537081749165
132.79681576477606
134.14597870048817
133.02781483048685
136.45977513137782
139.7228864517065
146.13388112899682
148.99101913422155
154.00013480304148
157.7124126539553
161.51316053908548
168.24149129911183
172.17630837388043
175.11054090096198
176.9168626017793
175.85702227960007
174.7499290838438
173.80517516300964
172.23257616926404
170.7897155369011
168.92402894340339
168.16204313472755
168.38488403061962
167.02195494154012
167.15813181753634
167.68747577850263
167.24552894778952
165.49144633933804
164.98421402637825
165.76287350460748
163.7027834867334
162.79822851110285
163.2137046433619
161.83100848570282
161.57171559249542
160.93747116081568
159.7285018979976
159.27864243251105
159.35164278919333
159.5457216900855
157.4985687190034
155.10348092121967
153.2223604807048
152.00642510475652
150.4402750723944
147.32562520698497
144.4426586240115
139.84975216574094
136.83864332915786
134.54558796151449
133.39396372393952
134.54456005467938
136.50987282068903
141.25438891350012
147.65370116164343
151.57608276875672
156.690190048051
161.52518985142254
166.34158935704494
172.1043909570937
177.50485984181194
179.6648028108956
181.93394812296668
181.2439677673443
180.45399323838558
176.2854033454788
170.36251356067757
167.9042107706219
162.0374780485456
159.77147347555248
157.9784079755901
154.81276501920993
153.1364741561735
151.16014369848415
150.56613535992247
149.57930861254252
147.77157707089324
146.7226859032379
144.79069646673656
143.3534272210221
141.9107670223472
139.3582901981348
137.8163732929639
134.6370092251631
133.37210934778506
131.837769676212
131.8422353456099
130.9154353516128
129.99254848305483
130.13759542970172
129.4500068207009
129.44638130508878
127.11678980738537
125.5615991608541
124.52347576452993
121.93208191755086
119.1248487499704
117.55217926642686
117.05108406798973
118.60989285395222
120.23428420884467
122.74289459503274
127.0666178049272
128.75461055149273
133.26329139385277
136.73705646621002
139.15087340178994
144.27454961526604
147.4157691190058
150.5167571269627
151.31065776180273
151.39155395420187
148.50672741954006
145.04726285063643
138.8540989630557
134.08307039956995
130.10721568698756
123.41295044578467
119.20187635319695
114.0086348541213
113.53407386339025
112.20284989607939
112.65468934911688
112.19935749348446
111.64377960570594
111.24065496996596
112.27186850690586
110.50286710246475
110.74225685903842
