0
1
e
85.00198031248547
84.84993624684394
84.43053715083732
85.0595517055056
85.07148077409448
84.486347382915
83.49325487965159
80.62389244892476
75.73776747153114
69.17708947258824
64.05479623734017
57.602386513568945
48.34099617994554
39.734253992263376
29.714261270967896
29.605500555077917
28.61747716099898
28.07787541701144
28.317154934103026
28.503841784736625
26.512204337003105
27.657262893860615
26.30512010966295
27.7802495697749
25.74414680578552
23.842374236613814
21.550219395094384
20.855611514673857
19.933340755993825
18.962349740599738
19.066912358531283
19.906919545646037
19.992767600753133
22.432285724625043
23.866858782329746
24.216381110645745
24.986129704532633
25.81668738468641
26.13139337191427
25.40092085882428
26.11771639495342
26.331871714786892
27.6959173572285
28.390448940428797
29.15684320773038
32.04535637897762
33.95227791658462
34.59328279230982
37.7170312746681
37.98406442888518
39.162698261852206
39.827128647705116
41.94450062220435
42.97376905680139
43.93643632597494
46.40755737410309
50.41833617186995
55.92893955851665
60.13365245535098
65.54724638995033
72.63625613687377
77.37237142322905
86.36492807139767
89.07635183057583
90.33467523557077
91.21976273206772
91.87693496647752
92.31557752742935
92.91985494569026
93.88873422609501
94.50240496641199
95.32767047349486
96.58381998153375
97.46328760417175
98.33390576344226
100.58433201406508
101.52883507986309
102.83115970829675
104.21635590841345
106.59955892867983
111.02902572240546
115.54524342711701
119.70506349379394
125.56297681401126
136.38558960080513
142.67833923962556
151.42959712621933
150.5857471826051
150.82134377262133
149.7822753341716
150.16665364640355
149.98206932508162
150.37271870932517
150.63716771325232
149.908735626274
150.06065187910207
149.5141475333446
149.95784416206527
150.42588554668228
150.84200100632714
152.23434445174283
152.2077679454916
153.13719543284546
152.48499627726457
154.6209829913056
157.58689677838703
161.29147988502987
162.6941664362893
166.41044941737016
167.89452505089682
172.9663451372728
176.4981663400214
178.82063736711137
178.34266776437468
178.72673152988665
178.22308874965813
176.46752424071047
174.65414947133914
173.0586131794947
171.01396529872915
171.2350796922873
170.85105449134062
171.34962166839085
169.84286111507367
169.32360732775268
168.7460125017506
168.1744710715049
167.37270194182065
167.24776253817518
166.22944761468807
165.2993456589591
163.91979078436373
162.1765256393557
161.11376492550187
158.03888607330012
154.58081958831497
153.9274067735972
152.75955195246212
152.66779658296414
156.949650049992
159.55092160270505
164.2822339627908
166.87813212718464
171.90069607278306
173.7605174494733
176.53667461197827
178.98206338468825
181.12944314673638
184.18390558973238
186.0302223875768
187.20257053831813
190.6775640737614
194.92040537787895
199.9286071640256
204.07317996084598
209.6222859280761
216.34811106052624
221.79742765549008
230.8402011357595
237.25371006864046
242.46769849784167
242.3131986628609
242.22687191792764
243.15780760583976
239.56943922366924
237.40767645057565
233.80433780000763
231.091910487445
230.8679802773347
229.88615478837409
228.86359467539765
227.68123426626738
227.1136279896135
227.63849285341246
227.5901868014142
228.49059498072305
228.58640996723207
229.74392451238327
231.73913121270206
231.56048739828842
232.0386058415802
232.93785988763426
233.7529669009261
234.5121284380349
236.6158283226896
236.14373445269283
236.48443074752865
234.7073369291641
234.59417932772047
233.36700170706754
232.09954377394217
230.9566142337784
230.2941227170124
228.4663596472652
227.23158686863536
225.31094124379183
224.3447549519746
223.84468967426739
223.76905251587405
226.6420323268458
230.72314716806773
239.63158553705514
245.0885546609457
250.73418582143867
256.01566238518285
263.93550196540815
273.5486399504715
281.15102377880754
287.76985215461156
289.9331214750829
289.29602239228393
282.1705940290305
270.04162737620373
251.17520525752994
238.07554333416192
224.15154210733962
198.24444978437776
177.25597957790544
161.84864242419957
166.52898366766271
168.95523663972503
169.09538900603314
170.3839054213619
170.59650871433047
170.34564163688484
170.85087029664524
171.18949838818608
170.61812923380634
172.06010155920845
170.63100836784278
170.91943678821877
170.68940686026798
170.77320966569326
170.3840805283369
169.66432807167402
168.6913998205667
165.80539773771096
164.13306755294764
161.23434129287537
158.5806588210009
153.21910451800042
151.3886453787056
145.93986707077727
146.51186949091684
145.68129737532823
145.11394607748295
144.88805488461594
144.38955642137688
143.9810112696636
144.59311963829614
144.69079942169773
144.3980194206009
143.7715804173345
143.93674138756327
144.00003415096455
144.30973964094431
142.66740324704907
142.90136921011097
143.32034466305802
141.56602160776941
140.47224651694265
136.1596436964272
132.9108447893508
130.9982519364939
128.24992974264026
126.01190141986613
123.11874236835968
121.29029155407932
119.56144145379486
118.05873266746349
117.8819418062352
116.15165335698731
114.92262304535782
112.9151651258902
111.45107053495384
109.40052351340726
106.00580809017472
103.50242226858516
100.92351193874913
98.77231049303975
96.84217871007574
94.81421171291402
95.17413680749894
93.61249772974732
94.39692758227281
92.28583110084091
91.32840880303692
90.0175370938852
