7
27
c
157.92038358949162
156.8785532333802
157.26145175843607
156.49021371749436
157.12191537865223
157.4436445219202
156.8457182954306
149.86006107402932
143.17535705414102
129.73926969798185
122.25319836000334
110.67073084086488
92.85725423086522
79.6314456196615
63.40006024768301
63.22701584202393
63.20915831216151
62.124787500683446
62.12160054670707
62.08638881228979
61.92310408712977
61.426452044945975
61.780116505701194
62.02892011697282
60.293503151257816
58.31543755526546
55.84360854071046
55.182107967079595
52.14704935685264
52.86769656141879
51.9304786352545
53.100444284424185
53.42186515987789
54.516459515335086
54.63780069952587
55.424994678569824
55.40002059692956
55.545273890014855
56.75946212913123
57.27952285943318
58.01000186911108
59.06953125958059
58.4366586551369
56.08401600134377
52.60041566188917
45.51047045884665
42.38792784380651
37.34961273779262
33.26635037278872
28.013608522232715
21.13110283391712
16.145107733996607
11.773846788493193
9.984017999153767
10.993298950362307
14.078726131322723
19.685120264776607
28.372573883195972
33.862687113615166
41.027981013790466
46.658935902947164
51.35398983531061
59.47780870311816
65.30538792679882
68.8177482411579
69.40604324307185
69.78906718206593
69.20640431939199
66.09887245511693
62.34964149883352
61.57561141564493
59.122549577799326
58.095271796384395
56.72275588781351
55.376535535106505
54.08708974228012
52.64827391244562
52.54348066962848
52.40263270269436
54.12035925130698
56.376342484872595
58.51918821562594
59.95740907972894
62.04407608518944
63.51895128532495
64.06835216144958
64.76350950612404
66.27446561478963
67.79426845029556
68.63891370107744
69.63548495064548
71.42193874447749
74.15985295642844
79.06954381350926
81.84004479445795
85.93483103756652
90.17900786954975
95.70906964415279
101.07726805786349
106.30884755469698
110.0761447524787
110.42656597322022
111.21367449154548
108.99206464037744
107.15936564241355
103.48496403158633
99.59514232953089
96.3307162462327
94.92845086636699
93.11078312492586
89.62729604867948
88.24866461900999
86.63613844202834
86.55322508593521
87.05898213907102
87.6737420838263
88.04185909467785
91.00211534460027
92.02405979384723
94.15958832436733
92.38578785804428
92.52298598655096
94.42477090051948
93.3829334112251
93.837926536492
94.69469714579235
94.61022970191219
97.58752831871627
98.70131905412033
107.96515341890824
115.04897153503659
123.70166313541273
133.0141501034823
138.32328067150016
148.34484838369067
153.34538660856617
156.65014554419565
156.60587734957122
157.44633476295712
159.93034852330422
160.29379259727153
162.8982419090468
164.05446267600647
166.375197304742
167.73194428134192
168.8856650887815
168.54523214020446
171.03099546923957
173.2192857933232
175.74488527746595
176.7827333436119
183.57522472179812
191.51387300842947
210.32883477990646
227.01020359635106
243.83549228705272
262.5689788185716
277.5126084615775
303.73532993550606
323.84909550631676
338.70689649226057
342.38983579951133
341.37818120122375
333.23962946278425
319.60036884548606
300.0657634556955
285.84392865764954
269.8360366972353
248.12887121035035
231.29860406170496
218.89851380285697
220.35578308906847
222.40084363910034
222.71187328220842
223.89035219848174
223.47693020076628
223.8620794667417
223.44955893358681
223.73433786008823
224.02593224577265
223.33751970813012
220.50206072809766
217.3007469760891
215.959944945075
213.09999372697382
212.77922392407882
213.48688008489304
218.3760428899794
225.71427161986009
237.54851826505814
245.34654370417513
255.73143279943196
264.04994230207956
270.23844590884624
279.53868739861315
286.57049417524297
292.66667739820724
295.24128381892433
297.93610312603494
301.39541828229557
306.5302926204684
311.1663594349505
315.8102125440334
320.7798495983136
329.33659782989565
338.55498669156106
352.13662626688534
363.53424596706355
371.8072078444245
374.4137782824658
374.7322013740062
364.66473183102505
349.71488756897196
327.2067312268594
312.1824853360319
292.7201587100918
277.5438174307296
263.18204990365746
248.61349337517376
235.79491981913242
227.04609990261653
223.10516981037864
221.50831491984826
215.98343104518239
211.18436994196423
206.81904889683685
201.756696033794
197.50076520500983
187.15402966885188
177.7389988630399
163.83231885608544
154.04525080177845
145.58562310055027
144.54325800484241
144.13983983620707
146.35655282387265
150.6051848500034
154.30208874479337
158.879597522777
162.47839988385948
162.8569172758949
165.2156068660017
166.25284429869723
167.45061435132124
169.81950608231716
170.74106962832738
170.11705730996187
167.93951140086924
164.1177915867737
157.7689293146868
152.5415889036208
148.75419773078164
144.26234001135327
139.2182922624569
135.15572643706062
130.65203934877007
127.45699237866481
128.00390868381393
127.15073809105917
126.46555860690522
124.43957660181827
122.63590875101002
122.13800829561865
121.10995827846257
118.09063627556863
114.38067413627911
110.16651867632461
107.55490380321658
103.3387530840066
104.00583191148814
103.83724056358908
106.05872389564107
111.11915313440713
116.62408506389048
121.7951231875131
127.59197638278665
134.42381227766344
139.67891093609197
146.20709639509266
147.87097392187968
147.58708939496822
147.15644268526032
147.66260868265257
147.7640736573737
148.13608908780688
148.81162226427915
148.13282034494588
148.02054931585707
