12
1
b
102.01827921497261
102.68680873385212
101.74829129378746
101.36035105037067
101.87415355344174
102.12700990513015
101.03521359906992
97.58006957659515
92.23770988898947
86.06093291253652
81.3826207187779
75.52569006643618
68.22596034050473
63.195573774392706
54.13367295386843
48.43098305917501
42.5298104762188
42.06609973663977
41.5130914554579
43.93862058677963
45.125014333795235
48.4380987916082
49.643618020680876
52.75825269885161
53.199807604279776
53.98323147200668
52.226273545895594
53.65611976001796
54.340250586178804
54.24322544187085
54.281412618868636
54.59841796991036
55.34423454904763
56.519823707510454
56.401818724561636
57.95325164124724
58.80704785966945
59.23393256483653
60.67005897111076
61.80032309955966
62.30099047452606
62.94764563479009
63.11195152252253
61.64609151539555
62.79834744516945
60.96384743956546
59.85146849809586
59.67516684733909
58.925616240904056
59.17495402541815
58.11282606444496
57.52221496613034
58.29409895326121
56.72171556307174
56.96657472981664
57.981440667527835
56.5206312947901
56.7247138559421
56.16076396242668
55.592151230672
55.90531272794238
54.89568222950427
53.265550922096864
50.616481677589015
50.488836498890045
49.72836375615306
50.64491730738535
52.7574578703512
56.76129131019987
62.6178811884832
66.20579600968443
70.81189481531803
75.18030620684036
77.95320071998839
81.58066951128495
84.96357743249058
87.48451763658969
89.68105920553123
91.05116084667601
95.27850535503688
99.59068685653249
103.96406854584451
107.88228008936879
112.24566048349294
118.8689594111752
124.17707374563341
132.52359263229175
139.32261704774436
143.40790231327406
144.80573166856655
144.00243380876384
144.2751928563745
141.09042984683492
139.39718949286063
137.04527713846844
133.92053655471005
134.20811284017557
134.228438198512
133.51988726189649
134.4574501843932
134.58395339757817
133.8248333884217
133.11774611664862
131.9135877350359
130.77163723633655
125.72560051697803
120.5488476265836
114.17003308147515
108.82968650106802
104.9673479682897
97.74449993712234
91.21206735959152
89.05317909740677
87.36189100299586
87.86668631327234
89.41094312115351
91.66888909751569
94.53951750550044
96.52976496194297
99.60218003173276
99.29123456886133
101.12782208285894
101.3392590794274
102.15032359757858
103.27348450006086
102.01362587177937
103.42369250074466
103.16984443887928
104.40971993499275
103.3692918184725
103.84097761913779
103.53675497567467
103.70405912118842
103.84191075578339
103.73920826253702
103.67203532600776
103.92993061044808
105.38364795355348
103.9742620662421
106.26432540243817
107.74461271497924
110.24693151881746
112.7755786934673
114.84318161833657
117.85721204888944
120.86887489815402
124.12081544853334
127.50514902392817
129.2942440466087
128.99299252766255
130.00311718929046
129.2804291219158
128.17776620098533
127.2585788767799
127.55088375801104
125.2620550682719
124.97000839353599
124.79590278259741
124.96953329480779
123.13142804659768
122.99358191558737
122.80540541937562
122.4429008826728
125.66679006466505
128.69970604222289
133.80086641569994
137.2336484790681
141.8447925507981
144.8927926951529
148.67535308272488
154.54437653953386
157.8416506916023
161.40048087778578
162.00870284008823
161.5725455131705
161.57940417430132
160.3274676708292
157.29696551184853
156.32541522954048
154.96088616257333
155.06291202740357
153.47795642134363
153.90011706681577
153.64085490652678
153.27849590189825
153.14713312315612
152.9912562778249
152.02204006883045
151.61461913269181
150.42701776516932
150.03212643212876
150.1217849482552
149.2026797209804
147.38910325175232
147.83191622860238
147.92628778375425
146.46662180596533
146.39476295463646
145.49385740779326
144.97145472214834
143.33761065106398
140.71524642884873
141.25321654755996
138.51126074931858
135.03032526564593
132.15627376477624
128.64049982113247
127.08833363819899
124.29629249303238
122.88049868257126
123.72686017542938
125.06760188540035
130.72024766163725
135.79618236553435
140.26790716064997
145.01056478208943
149.3273505636933
152.1879896584706
157.58527826880706
162.45085517172646
167.36560543615352
166.52122974331806
168.14736655320536
164.669202913779
161.20219188565716
157.2901626918417
153.67684012086454
150.14879448856237
147.4152050505094
145.1279265898344
143.08740247017653
140.19078849677575
138.83783605827054
137.12489211193756
136.53936369253321
136.48822667018052
134.5924299765447
133.56024993430637
132.60809300351235
130.5993294710711
129.74240033173527
126.56352151088836
124.5274248283015
122.33713782396447
120.94056543271266
120.77200817915693
120.14420699900919
120.75061376510573
118.82061103262029
118.11395862132535
117.10335299319424
116.96306807001173
115.75477959229384
114.81794746973601
112.28055935440646
109.99659358976915
108.82552033450074
108.66394605186377
108.24758090527168
109.79123873125437
111.83893717769816
115.62000716610041
118.52713290041058
122.37229257405687
125.19007203512749
127.92588486359514
131.8888869223105
136.4396129289334
138.22990895207073
139.19585254617647
138.9816900052734
136.1908827648028
132.2508075396496
126.68531034485774
124.74745674162563
119.32750409604797
114.87555141717232
108.65868879149451
103.81107697948823
103.86293291028686
102.904011768393
102.96544921216133
102.68542599846909
103.1403728974022
102.7761427527506
101.9306193450816
102.20853117363986
102.43238003376283
