3
17
d
137.7538575543599
136.51024652317068
137.7447722499965
136.78923776601977
136.9643032524978
137.42366238027319
137.08354926671885
132.2492324212458
126.34270798062077
117.39433662924544
110.37783724463775
101.31243498650446
92.84729764567567
85.1031961623052
73.23822701014176
65.16818044978702
58.225876420152055
57.655329932414745
56.99236291897084
58.55405006047237
62.15148080687409
65.01275242177651
68.17993073022133
71.19008712851581
70.6270689065539
71.72354321898948
72.12008907544357
73.47630504410958
73.60937993330124
73.32046237806412
73.56981722582496
74.54483499385584
75.67431236715824
76.1799846880657
77.52611418663476
78.49558097509156
79.45228013071333
79.8410408754139
82.47671582437134
83.6044303350509
83.73549206630058
84.06754172381949
84.7454907500697
84.73236888545007
83.16732450753697
82.63636627318101
80.7430342627501
80.2675048271441
79.43534288439885
80.23735504650126
78.31750480590016
77.5729570493069
78.36189462019838
77.9813178751279
76.95790341694295
77.29400957786035
77.59860754749815
76.27522856705149
76.76123522480282
75.79825241463159
75.04400233342142
74.40045260134472
71.32914235772581
69.88535383659986
68.88886348016675
68.26622917279053
68.3911251612322
71.98098341319445
77.09760788853143
85.01919765562299
89.74080167513745
96.72398702726974
101.43320035192507
105.20409637011493
110.72993803349237
114.71563437988779
118.44272051636845
122.01327723787664
123.68893491775228
128.9514243934367
133.66016524669016
140.48340052187973
144.49138257290144
152.23496592034334
159.93922325449788
167.4737313786119
179.12147364842326
188.92443227301874
194.07277755396916
196.6466447167244
196.22691290957997
194.53991304434723
192.09151276581693
187.88220155758754
184.57905970694685
181.86602431001305
181.4796569821088
181.76800854081824
181.5437603668794
181.662413268886
181.86955799963448
181.31689853631346
180.65942137112265
178.90749102584653
177.44480762345208
170.19626410939702
163.3512066753556
153.7258057745467
147.5144118085737
140.65318220710495
132.5008777228845
126.06328294994636
119.95964312668764
118.24487231011636
119.56236753391913
121.26541448934246
123.90691201366909
128.40494530856606
130.69028932009783
133.68600790751782
135.46388210982462
136.3610811725967
136.80691101548976
139.00385454627983
139.30256273999083
138.8549461062573
138.75592503953575
139.4918531441215
139.90124518191598
139.4162051405406
139.48652384039465
139.96977826277103
140.70739864243384
141.54040850493016
141.05845295432258
141.24345210808806
140.44649372059789
141.02594989440652
142.36065215646028
142.24616712204033
145.25384436251
149.28928399487373
152.5057948947724
156.6087519458602
159.78523108994156
163.0738724095858
168.32480816377304
172.3894748826842
174.30712097587858
175.49502720272258
174.97983125015904
175.17119470343707
174.4607203654063
172.61652865748746
170.90256088418352
170.65561090878998
169.0413654244125
169.7388029357166
167.49016241718908
167.3727196199196
165.52890666415416
166.38579994920494
165.25201254815732
168.50824668200747
173.66919170818167
181.3094549431599
185.0220046273895
191.2706856934189
195.28455470372936
199.9421922557886
208.39331259588099
213.6875019877893
219.50305479711568
219.81102625322097
219.85807990911587
218.15728342742582
216.76915427222275
214.08811088112452
211.92134984776163
210.0552387843015
208.54613498227906
209.28618868148905
207.86921679801418
208.34182236714054
207.4891745800576
207.29372407873495
206.42161254834238
206.12827145509186
204.94961705778044
204.50836060408574
203.43975003141443
201.7623619860455
202.12835865319056
201.38819741091726
200.03618360884533
198.76740339735895
199.00916802273903
198.26480214602006
198.23372274334815
194.7867417215038
194.7310134798763
190.86868500291553
189.1403896914655
185.74278264633813
183.05092799134403
178.9268272689801
174.84230157578497
169.76738302780944
167.3118902372884
166.29960558651132
166.04963311486642
170.4249012147404
175.73612414664981
183.10493136494583
189.37840261055484
195.33290507828715
200.38581666078426
206.33818709644552
214.39757891345252
220.61047945964626
224.34914241801636
226.18792265424074
225.3455596819443
222.7332597208358
218.85261782834496
212.0920392126914
208.23873916392353
203.24529340096353
198.4743683181865
197.26073442872686
192.824623128065
189.8517004300616
187.0468842492154
186.0680408198607
185.99562328822728
182.6741561163256
182.59166198972042
180.34896172284698
178.85729666779224
177.7258465076696
174.28430816224235
172.3830978755534
167.75968618890076
165.49646524354796
163.35171610865476
163.0461791128937
162.95196172711678
161.48513854030205
161.60166182923294
160.83494148440116
159.6264711197764
158.48946265569913
157.18450840133548
154.81816406721967
151.6423108230427
149.33792775780387
146.8990166981991
146.90268337566712
147.49791597943752
148.28454401946618
152.49403355534977
157.98565994242398
161.3503753481158
165.44055864431715
168.7786601629423
172.96591021746545
178.5760865224673
183.03880420544508
187.28456595278175
187.63302859545
187.9592352617667
184.35013604582667
178.68286303829314
172.51819397724714
166.54243252678995
161.06945388986867
153.86056113111104
148.88970125127804
141.03612327596406
140.17370300565082
139.01381773318786
139.09230183566038
138.4322041506935
138.70910408590836
138.6103596673386
138.1875823945971
137.9866266796003
137.54345661348907
