0
18
e
275.22924482099376
275.3654704632028
274.8489066428379
275.9719512432155
275.4444197805347
277.03015032855484
276.3024909442601
269.30041138237715
264.91068749109286
253.7470487454516
247.68403823445198
240.11491678556305
229.13099479646874
221.3248358776654
210.8063040129383
205.11350740872362
202.62732649190417
201.88360602707326
200.59379991574622
198.76715114347235
198.14451456536472
195.71006348719837
194.25466620615396
192.29447371052356
188.58907057892372
187.28512101777798
183.3475243290782
181.3817993536824
177.87034341800728
177.45628877344458
175.1852201007129
172.7145315993552
170.92622471928735
169.8598562029848
167.1439070821833
164.76358711434705
161.11385811155898
157.97464825514405
151.96637537365413
148.47216752546944
144.6306395626787
144.9547873289614
145.4393567821757
145.63469728097226
147.37797557581752
149.43962963070746
151.66924111804607
153.54006283256635
154.8047407451825
155.48619070715839
154.8426448964412
156.52098861040673
156.80285471175225
157.65025561910113
158.3997813549722
158.29435625107973
159.42037477658994
161.5761964173531
162.92657013088515
164.63514020125666
165.97107439649668
166.8596279848953
167.13829821836558
169.24850472148793
170.61813477182108
170.76415521509497
172.0612335252468
174.70004324210169
177.08611956001894
180.05596892349865
182.28685784202753
185.45015629904606
189.23385281918536
192.15254932970313
193.50347153388404
194.96918822347922
198.7226936242115
200.28761624086437
202.07883275091626
205.63260885124765
209.80515778142393
215.89637415688637
219.4894223237643
225.5563778768099
232.0511261250125
235.74564002536948
241.20240134991926
245.40944579361852
250.51965671176137
253.23787701610084
255.28748344100876
260.126694120836
263.7445430018198
269.1743289111226
273.23236267113225
278.98191608381825
286.74126339755423
292.21750913383363
299.897627698504
305.4427388535861
311.47407783689937
312.3936638495277
314.07930690487785
317.4068599196331
319.6729998652705
322.8842138591385
324.4498567414283
328.47463030096884
336.6067551070436
341.8333736518994
349.6091309647664
352.1339695537398
354.4038753272842
354.5199567125292
355.47037305147313
355.1800434977288
355.8517591502559
356.6055043130912
357.21493864867557
356.969282617812
358.96926691191214
361.4124712067801
363.5693351378588
366.1123128209787
367.16389713947666
367.7952281951435
366.6130001354272
367.3782297428687
365.6456665775532
363.5644000354686
362.25238779071134
360.02730215934315
359.60016685376377
358.40236155458757
357.04450269269955
356.53367035394336
354.4948175563945
354.617907054491
354.41623042825336
354.8012814106983
358.3654009560399
360.92324788253904
364.4617194935848
368.0383998620289
371.3698632665115
373.25276815412565
377.0958619367759
379.53783202937683
382.46601311937684
382.679247143279
382.88411702647664
382.462866098539
382.3571552952228
380.2385824449254
380.08725608977903
379.88955098851187
379.3238053927715
378.8951561486096
379.92670390668013
379.68071281308175
379.8324160406631
379.1853629654731
380.01534373667494
379.14480516678327
378.23247206834407
377.3133684660005
376.5788957369054
375.3687805361472
375.0915697939427
374.5175452757728
372.98877660173434
372.3410026174565
372.9269845934121
371.43537756050733
371.58770544330457
370.5054080954432
368.7675256309778
366.86843121875455
366.105005084066
365.23600383859554
362.15369577514593
361.04101989456456
359.24752940862646
356.6901772208463
355.76070380539755
355.971883854562
356.3364864419418
355.6480536764686
355.83640315132715
354.6792849681228
354.1855689056776
353.7898695423943
352.4416686882727
351.54570148171894
350.9983441352049
351.9441350074744
349.7773700384258
349.34904972151145
348.7116509194772
349.1969423751079
348.95226994485273
347.78859791321867
347.15937658083755
346.8426469111935
345.04382060061414
344.6294298697642
344.3326390263909
342.33071505720875
341.70725069212335
340.76811100727366
341.81920515357024
342.2143564289847
342.55287750598717
344.03346327981967
344.424796305777
346.8123836486097
347.85540282991434
348.5137989360583
349.73672963388333
351.09678754543694
351.47335958771976
351.5599192749887
351.9327498617322
351.8528447019633
351.9098161645968
350.81207808078744
351.14854948550675
349.5703134871847
349.5978744087993
350.3028457691326
349.24465107367246
348.3343443397428
348.0949814418186
347.69567705016703
348.3043537572012
349.3510165108908
352.9440535389311
357.52753401841943
360.9790170298768
365.17743752947484
369.65701423741433
373.8826152821054
380.3357223878757
380.885864068621
381.1569498500787
381.10729432626596
381.18408635551566
381.3191791945496
381.8998833565308
382.16501374412957
382.8240592757201
382.58927437690704
383.12510581826643
384.4953834178075
386.5907650275799
386.767498485227
387.3899264472168
389.1547857057167
388.6340743334166
387.4583782251562
385.003561335073
382.0702637544344
381.4769627792151
379.1139441318703
378.010090167146
376.7514322278686
377.1762706484545
375.01724978767686
374.49405963057893
373.44447669959834
372.2157301388214
368.8516043622413
365.7913543308542
359.97079268911097
355.89188015260214
350.3071062457369
345.153885023997
341.17292776504144
336.8851195538547
333.8352238142222
329.91892283124344
326.7743938822487
324.3589418769568
321.24693262152783
315.91712247236126
310.49097317065
305.6955416229343
300.14875135897654
