12
14
d
39.75399893525504
39.72245308713759
39.430775073202824
39.32117271334107
40.66082341397048
40.47013697025279
39.26377868310798
38.05628462636704
36.168011639659845
33.05171981813557
29.175188395480117
26.875261712176588
21.84019017409213
18.541015417612197
14.52819950704438
13.819427289418202
14.187769053068582
13.537645700717404
13.442096135933259
12.603536238134144
12.194785582189004
13.495240802701298
13.58757461077809
12.012298219676866
11.740817724511851
10.875037640435567
10.836920812928176
10.191164888291835
8.746552705100473
9.41729311626917
9.47586146769942
10.062589478037657
9.844465517153218
10.559441740258952
11.09627477441261
12.694252926190224
11.767440268867032
11.291938646013765
12.10514428956135
12.20431791187822
12.103766111533766
11.838689133524724
12.98283242556588
13.302209145285447
13.758862483854804
15.613132892806139
15.690307654820133
16.253397950213472
16.76326837937463
18.490895991433472
18.17365425422927
19.41438277374018
19.88928504778164
19.770745639618355
20.001679165473057
22.291592892610456
22.58939269231373
26.347492390954713
27.915430034489702
31.542146848361465
33.673418372320626
35.88132533746342
40.6819902072165
42.77487942137638
42.50412010487955
42.63109708207726
43.10538468822539
43.368625473264004
43.82495177091091
43.987626154808645
44.80711802632237
44.4403735019318
45.799570785383914
45.518721669890375
45.932989209997395
46.551953937106575
47.91629905028492
46.79599014480253
47.95956217716507
50.01105990680994
51.18223407496227
55.01716167859422
56.93381011683229
58.51512450276798
63.48208179612547
67.88388603066198
70.99296540975593
70.38346494775051
69.99840949905774
69.90500251514844
69.9308764173519
70.13668155964487
69.84703884933857
70.45819298193682
69.91923830428618
70.57578372875135
70.26224859279961
70.50089490315814
69.70561229294076
70.56949981856543
70.83570678416578
70.34006245747271
70.99761075464374
72.74486282447187
72.54619881972009
73.78274538845257
74.43343195333645
76.24503342398057
78.17109577193817
79.45625201045378
80.84708862490243
82.68576425056246
83.06779334593017
83.79493880444622
83.87962788088062
83.82987470529774
83.22730962274817
81.6003517296876
81.80481436162322
81.0190141902814
79.83353283166913
78.98150629666074
80.00136136231896
79.59730764166702
79.48892563208742
78.85013901596697
78.83107673471945
78.4020603041974
78.30863739778817
76.57332719850582
76.87254377085789
76.42971384770934
75.36842565079758
75.29568166475077
73.89342881224621
72.92878512646836
71.21233889665511
71.7638954421931
71.59769759000767
72.5735213273831
75.20735570658046
77.01881304670898
78.52035021643827
79.76894448382585
80.64047868785742
81.86946917671237
84.21946019592937
84.60318710139707
85.60658387765005
86.68240131729873
88.02136788405157
88.04511812624114
90.1509866097683
92.88955530261002
94.99539585138976
98.72512667389563
101.23367639693984
104.73456046214422
108.05006464336529
110.41140269505901
112.57971872558899
114.37666672324775
113.63038814600291
113.36866600104081
112.69642915270866
110.72759815686638
108.99345131762159
108.64349843087805
108.18529169762273
108.41928453420206
108.12871709759544
106.1085815885063
105.79146214131993
106.11890119494683
105.85381363850416
107.1736721787978
107.25092598734815
107.74146812185967
107.94748015546115
108.22457558494317
107.5419578388655
108.15095247073819
110.29038261082971
109.60079506710096
110.34201925426721
109.93566701473314
110.34765870812114
109.41450439126949
109.69654728670073
109.51116573696967
107.84855827493975
108.21340378548766
107.34477788920275
107.12500824291848
106.24970932984903
105.56322116642365
104.1994679932326
105.04685703086264
105.05209294998069
106.66230344302397
108.601724803439
111.28427552575728
113.97876086964692
116.57494807072838
119.61564043721837
123.43645890138542
129.01416552099366
131.3646206698057
134.86991330371774
134.81104596695093
135.46612143965345
131.8004699161633
125.81028356525046
118.44705248110857
112.59656514349217
104.68661435660734
93.1500117649173
82.44901482584234
75.73205105540617
78.30472980108108
79.27887642698163
80.6317466774164
78.62809571969794
79.90104446181033
79.59878318027151
80.1611796014223
79.77914288719657
79.11879874085272
79.96962798625762
80.1143826519994
79.16554669961175
79.47536429404991
79.46809271218531
79.96787895938562
79.75254404679765
78.83092973595
78.61050755612996
75.81595679323135
75.95241258254013
73.02945959818089
71.61119005394421
71.25794642681454
68.83594512996456
67.60472656120575
68.3318619719291
68.01886491735729
67.89131616738332
67.94973545086282
67.2156766907261
69.15763596607843
68.53217278260512
67.88736174811842
67.70360459455775
67.78485406525354
67.02771768603445
66.70497736270698
66.9636367506382
65.48979992891908
66.1657040818939
66.16788041477841
65.34790128790007
64.0255206662837
62.232900856986674
60.28402754436231
59.520700286216425
59.54629369770907
57.82043032610394
57.58486908569707
55.20149671765912
55.319368174747325
54.939207215999005
54.58026983928214
53.206968901322895
51.92913558100398
52.033121833055596
51.18162587453867
50.09531743855548
48.6900836841017
47.14603497397115
46.27975650218807
45.288296046502325
45.102059247281815
44.27497629364017
45.08852863147192
43.865235683734326
42.92362940338311
42.17939335832291
42.33084791932928
