18
24
a
34.8890236771584
35.75365831876546
35.51074648224906
35.70311809624497
35.2233809440234
36.43005889962705
35.36996512018025
34.77088175306455
35.81889628410942
33.440650570919026
32.80020078403991
33.38232610533366
31.633781546193198
32.566089641454
31.382517598474383
29.89647003051427
30.614055137736617
29.732963705186503
30.71559252667251
30.703945470924673
31.619770253574476
31.614426677984273
32.42904357310594
32.608646662918396
33.39836413485262
34.02864761242731
35.93112882297276
36.48866186232433
37.42370265375804
38.081641790108314
38.35641029857099
35.37856168877757
33.9232235414154
30.318025633096028
27.6529275160044
25.455632805977555
22.69997864795471
20.84267870246427
16.15916176594827
13.797752374486235
11.585192879247586
11.594497084396933
12.572703741548635
12.48756225245819
14.479900076499224
16.39940367288226
17.331834180627865
19.312263340963405
19.731403133920423
19.339227164576055
20.20097116427568
20.10355946426544
21.384524781262698
21.60476978086657
23.139906546358862
23.438166448785733
26.467385235628534
34.51551380541273
39.05560789972206
46.7349296212931
51.96536539127584
58.19162634810022
66.81688382787057
72.30720780453609
77.38958331772368
79.04533384675078
79.05617773369899
78.46128145774894
75.31462034967217
74.13329855347685
71.01738676186757
70.32648439363476
70.41200913133824
69.6407922497576
69.08755357030601
68.30291578944994
68.23818128644508
67.79087058303992
67.56000153016348
69.8452233843044
73.1265467467958
77.65364864713689
82.03334070033462
86.6975417887319
89.434896507426
92.25340466326973
97.05423332342788
100.7853575462708
103.14586325485986
104.245349728405
104.953325695028
106.88938602648507
109.1525028866554
111.21352981727335
111.80443495529165
116.01779041743286
118.09542385344251
122.84367513676422
128.52944320199109
132.37377153201274
136.0068491547301
136.98008061442636
137.91143703687564
134.0511630415557
128.68273054059347
121.20843230833424
115.6822708267732
109.28238212790242
104.03856148679814
98.59360687840515
91.5913813317268
85.3591471243799
80.66077775282088
78.77158295033425
79.71063549658732
83.38146515861474
88.61620157714894
96.08624711814147
100.89041547120729
107.62641989070627
111.27814203699897
115.43363536013675
122.59149340640658
125.8900339977347
129.88236258863282
131.05871371382682
131.35282106989257
130.25591877854467
129.58839003547013
128.49617192049536
126.5525463846009
124.21013831646621
124.12658910517213
124.3175639820916
125.34204622405993
124.97104550706258
125.78547717811563
125.30716086701268
125.51311786371635
124.73007716678694
123.88317921816787
122.90221577008674
121.04294044814492
119.96400091564357
119.62091931103247
117.88911755664705
116.36096800853932
113.8835240196879
112.15054307002802
110.84806109309598
110.67493654554315
115.04803590679923
120.62229471081667
128.16368828100855
134.26269020618938
140.12333820495394
146.02711307781775
152.6862375588183
161.41667486808205
169.80397540289948
175.77468942084047
176.6648146827594
177.05320787619547
172.39079537717993
165.16686201777054
154.89829740466584
147.27042042941696
138.54437956047124
131.86691416295182
126.81663334114336
116.46608562702032
109.30472201866007
104.6397880531185
102.61220752758427
102.55181097932604
105.04236139640497
107.5158570981299
112.06056582822328
115.3577272226422
118.55795970490979
119.61454432726347
121.87028153206346
124.63662173420148
126.72554025567283
127.70471038342626
127.89053536252325
127.65532468712938
126.91556121685775
125.12350739340606
123.34033545942484
120.4945278265263
119.8937094226479
117.91209882784686
113.90439206945616
110.06812146586769
107.26066419799997
103.66855300068856
102.21970546668744
102.31512594100107
108.81848687115435
119.60510921950791
134.30649841276198
143.9444199648626
157.0670890482635
167.19910047899938
178.96921097238547
196.14507415644718
210.0236907668231
219.8522234951773
222.9531448941687
223.18458985854565
215.24308393152322
201.47332323399803
183.3846407652297
169.2957630047307
154.77798296326714
142.55107181516595
130.3635344482695
111.99217556182374
97.98698542269486
87.76355347806344
85.39605499566801
85.31107528757354
92.86257976431628
105.722574449123
122.32260451479078
134.6054280304424
150.42194217103005
160.32288215616504
171.33016392124435
188.01146095614624
199.72099315574474
210.13115648890445
212.73844928713368
211.95146388931445
205.54189261747425
195.36745066555864
180.37465677799847
170.35182443232443
158.03546165154808
148.93112255504522
141.5875238550772
133.19365148174634
125.95056756593912
120.71570866740174
119.4388149464402
116.80627770724409
114.53595078971509
111.28557475496612
108.59832445330389
105.52976765215348
100.81994306892128
95.83312646285412
90.42447695413577
79.73287353257649
74.24263981613828
69.02253432452727
66.88048503919299
67.62838601555984
69.57866073839149
74.99665467816716
81.48758812606825
86.71984837721861
91.74888968985182
94.33576897531104
98.01545383137666
104.58788317193131
108.03513894485401
111.94431795617484
112.92469020492072
112.49847059172073
109.79080389656784
106.99583730499134
101.77909196094862
97.50458069365159
93.59468581346427
90.76485427353242
89.31299026981067
86.63323630048619
86.21327572670036
84.3263717403382
81.93530259439817
80.46470058597268
77.55995282365815
72.92801847115909
68.00138020960793
63.76856919564893
58.57813264073953
