21
20
c
86.86111131543935
87.11031613686814
85.82220694278867
85.04872396514934
86.16545856228299
87.12958388607392
85.81084958712214
82.76991867800662
78.26184921163224
71.56448532460672
66.16370624957037
61.84153895723752
50.07836248788204
43.12320300026404
34.922512602508476
34.56798639293301
34.38300315940375
34.21199539541638
34.83608701932998
33.94517118370757
34.299246627863326
33.64008444029044
34.296568283215166
34.21199794482823
34.60470262533032
32.47935282356742
31.10603106927479
29.91017990495323
28.73054628787322
29.289027613604638
29.17952309057919
28.69752566259572
29.224870973969832
29.9224241060493
31.81111750646285
30.15123918129579
30.333741393678505
31.379045617145582
31.091471488980016
31.643124113087904
32.41824857431445
32.173505245162374
32.51793553183459
30.169589391846486
28.812598272333688
26.42212535445322
23.729876346253242
21.951658867745223
17.588148459022197
15.42972512583495
12.225790435382175
9.544500967466522
7.122393924517192
5.246409257297671
6.291526918353892
7.369807067952394
10.462680692171254
16.362471051912774
19.134094649321252
22.98644061765635
25.17785229606359
28.237481962638178
33.66815802622919
35.299948839820004
37.736755122767825
38.018475795320626
38.1155240300508
37.97750577216865
35.85533581146207
35.81135858042486
34.57125947047225
32.39771139033448
32.1909703963367
30.727259584283345
30.145168601661737
29.07163069632952
29.183106962122388
28.25098882427409
29.15157879181088
30.12520577735287
30.388734410089693
31.98236197860236
32.56893821624926
34.31550844911208
35.18306830725615
35.438040213820784
35.20739885308895
36.13991347646683
36.988201774505434
38.053756116786474
38.41908612153005
39.502476286679375
41.638522510853065
43.61644210246435
45.53878985879644
47.62654042417721
50.195375361849514
51.71483218510397
55.020019920836745
59.049556171879296
61.099280771257206
61.14345106340627
61.11342393783492
60.756333937326715
59.22954445433097
56.63578328612683
54.179460813438254
52.54724828093553
51.68729236950099
51.74005998300911
50.23351392541941
48.84626831860795
48.04227993025153
48.29564910286419
46.889980881452104
47.98740614458145
48.926415889214034
49.564516196059785
51.05853128374197
50.86890663089138
51.426270044280834
51.51709445493559
52.20834939614261
51.76256401799238
51.75769884284172
52.64056458681491
52.66304715454808
53.93191281362373
55.22131071737506
59.76013579584078
63.89600163307171
68.296508810901
73.51104714692933
75.964636774887
81.00733983429339
83.7651330337821
86.29479361224006
85.6569618223677
86.74209414980356
88.21821027859717
89.29657245995048
89.20346193426575
91.35061300550517
91.05515873598951
92.22988484269602
92.64378804642588
92.23524643572911
93.81912806920843
95.47987629617127
95.37920276273987
97.9940282879625
101.66478439364974
105.81735434139225
116.33578191659082
124.49831759277792
134.3524896086363
144.55872669320416
152.8557142097745
167.87963764604442
178.65022940737168
186.2748803871402
188.20464330298353
188.23668272405646
183.74475143635544
176.6600108513781
165.55742332947358
157.0399000550853
147.6987177370562
136.4936964842722
127.0141701024521
119.9993161977174
121.36412683011145
122.84212307419969
122.83586183309828
123.28424887287208
124.33479393482625
123.56840935656997
123.07996908183233
123.55442033742473
123.99608263126318
123.38565724300229
122.04284014227187
120.60998185657503
118.6868909420745
117.17650277014387
117.61927288893892
116.65614820627115
120.34540459197808
123.84041860029534
130.5267004177352
135.483431289515
141.4729669465955
145.19873596503112
148.42155042434837
153.47358515055575
157.52794388016846
161.5125234214459
163.24259829987784
164.30159637573422
166.10298443123366
168.8673027240161
170.68934768288773
173.8687825290304
177.28814568891298
181.96348339571375
186.19123661128367
193.59702797308486
199.91662328281026
205.069568427394
206.17483311024623
205.91388304513123
199.948491600352
192.5276140366724
180.5627275661948
171.70431490650878
161.72447074680613
152.22870076501232
146.2534592925867
136.51035355228802
129.96732699682272
125.2794753671393
124.62871806467169
120.93971677092787
118.93312620342797
117.46433185422092
114.16727349115818
111.24353015543214
108.35197805973947
102.84080657725568
98.04524710344919
90.0209348570044
85.57415392573115
80.46934432089091
78.86623369130105
79.63733754659941
80.48918196241108
82.65731941258406
84.8748466107619
87.2083018078307
89.6211060269742
89.96764114861836
90.96524953102636
91.64394179311753
92.98582514750986
93.01900026885596
94.1422693810983
93.79539300785586
91.86062183014717
90.02951968634402
87.39998862069564
84.9385144209395
81.9708702544522
79.37950086602781
77.94721671482262
73.79725820109144
72.59298469489443
70.77613236752295
70.2712416335719
70.29313596304884
69.41690721291154
68.90338803284976
68.06499453240218
68.36108915147973
66.02448050052443
64.1685980411684
63.70962887614231
60.69129254592653
59.151093809323186
56.935993263474366
56.526930810587814
57.07305006692022
58.3827325579354
61.14735249416282
64.27207518000914
67.40724954786734
69.6290682953459
74.24695297644104
76.807238524339
79.47670031431218
81.51349079531549
80.5262522781837
80.49989178461713
82.55396555675553
81.3414806001784
81.37931533269206
81.27026597596353
81.86595430593258
80.81271017322211
