12
7
a
181.23770287706725
180.71420594664173
181.70147775876688
181.2887252448051
181.60678351338322
181.53656824684325
181.9403761196469
176.96358764779566
174.19438998804057
167.08691943290023
164.07364473968235
157.77936410512683
150.0828642940936
145.86363687469745
138.81443481560726
134.75465290665647
132.89822833959582
132.02959117760736
131.5941633523698
130.1527187824601
130.17328301336497
128.440315302544
128.35045723603722
126.45341350502909
124.13433975594998
122.03321047246754
120.22879228202389
119.39157205650963
116.44690736327196
116.98969060114403
116.1351724329389
114.65903464899658
112.03080394712337
111.09482951137645
110.03332540676551
107.58550433567063
104.56227995421854
103.30735788186023
100.09493697317681
97.66379522273647
95.7998589163064
94.9898862114484
94.95913519960838
95.72021633941107
96.80915052614567
99.06453731609764
99.71807205654186
100.55113992616754
100.46900449897913
101.78735335695625
102.24197664191442
102.40477142742489
102.16443356995605
103.63521883641388
103.36946493186423
104.84719608657839
105.17571973640315
106.51135937529914
106.89998815534902
108.27321616032206
109.09188768701851
110.86295196925428
110.84067726587317
111.46500931114906
111.9800273632639
113.04141441173206
114.18881911593623
114.95095621259051
117.33191137068943
118.42014668563425
119.65337817994968
121.46808173069893
123.87147407792789
125.5639113550965
127.21870156981622
128.91024875192204
131.45635389353578
131.22964410685788
132.49802716441138
135.26734084769913
138.7455020340059
141.61592185949957
145.06572571737055
148.12842236543858
151.5409642223323
154.18415495566083
158.89344499478673
161.3111423158541
164.9609861666541
166.38017873999655
168.05855651405304
170.70128300235547
173.67450248309657
177.32850003162574
179.6905870064944
183.2991682411158
188.13367251436756
191.6361958137032
196.95759435719873
202.06177837989273
204.29878156714685
205.57451199808
206.6973045865892
208.1691118708253
210.46698273050373
213.0058434582727
214.22026337912195
215.89585335741674
221.22946923847857
224.44921691378337
230.26728057930123
233.02504967142613
233.5249442600081
233.4294873708662
232.68950950474195
233.71198323505763
233.51569730996877
234.73966310022007
235.04916072445215
236.06333958439814
236.1498983743206
237.3568381295128
239.78551322567668
240.2353560289774
241.81204091382423
241.9141171775145
242.51712140724374
241.54344106043848
240.0709525129537
239.706113694664
238.65230715511635
237.37863789854063
236.51758568152388
235.53885722669682
234.58620950724384
234.01743374115026
232.67078161279505
232.76011244854385
232.80684700506112
233.31372716985942
235.3739749582811
239.0611187527593
239.4460878106282
241.7579024779569
242.81119158322622
245.1884947647717
248.09537897291142
250.48861789120764
251.46726235601608
251.57066977183948
251.90653109427737
251.41099475549478
251.08602109600437
250.0714388437692
249.99856493880466
248.90747570992843
249.201974224849
249.2310416947106
250.21735804184
249.37313285134266
249.69548286854467
248.89405654597397
249.42055218405378
248.6951355086055
249.5281404722453
248.53567486351344
247.6863375394917
246.86623679852053
245.9943944373604
246.48979831725362
245.14479589716083
245.28832281181764
245.2164105939395
244.87704322109104
244.16011122362514
242.2713678552053
242.72236142238924
241.32013701724532
240.4338161818911
239.5394297549847
237.56491452647933
237.09844587246036
236.057101158043
235.03933200242253
233.57288442076842
235.1669018243101
233.95289905668113
234.22351834446806
233.28785870830225
232.3294697240327
233.10287434040848
232.32724063290442
232.32371840304597
232.09777108833111
231.0987652962851
230.62958827824554
230.6168446348413
229.83777415377702
229.55175423184136
229.69323322008512
229.12979236200525
228.65298061254188
229.2804599064584
228.49207711985304
227.42309721167774
227.24581491198177
226.94166146124417
225.6070722251172
226.11672512540002
223.59669915270743
224.84853844511497
224.72078935348603
226.177953177228
226.11090811941614
226.60485491258947
228.09939799087496
228.89349461889933
229.16808032929023
230.80613839120684
231.13428152762555
230.78231007309782
231.44759840920528
230.49550181170204
231.71065404015332
231.60667466511623
231.14487043843528
230.5793427913087
230.1224255207797
230.27987655135598
229.97855838430218
230.16841372739674
228.26049132950615
228.25435971790986
228.3982510675827
228.93256611685803
230.53015908815695
232.36846172020356
234.92028607510784
237.09614077107054
239.71527555834993
243.35891885321286
245.8469651710316
249.39955232835587
250.63261873302187
250.10964436855835
250.96693857662754
250.16868143016939
251.0777999370261
250.21235560467971
251.46103864586607
250.9642603140481
250.8510446271692
252.5232735946577
252.67059782032388
254.21152057856776
255.38418042164446
255.80888942231752
255.3086228208531
255.58888465636332
255.58400778283752
253.53749647309297
252.47126990597178
250.78185195498702
249.29145497205673
248.24910593727304
247.22381845821988
246.86072481261198
247.29295984103686
245.25302170811412
245.32356366711642
244.73239369271843
243.15148426530237
241.007278272477
236.0348143498935
234.71644090999186
230.19342004567864
226.70654628251685
224.53520719308443
221.21436406983977
219.31221394097622
217.0733378343764
214.5497385372058
213.22156670540872
210.1119426658947
207.28971372559667
203.7233288487738
200.65362441521717
197.06709245371385
