25
21
b
50.92277715451214
51.025028289421165
50.039753907671475
49.3644970413789
49.75658966550448
50.531052436109924
49.7847598364397
48.36161057551573
43.26428696897935
37.885787539436045
35.25537287000255
31.84397096800374
25.480128871467763
22.34445575029577
15.357836113896887
10.279425880505665
7.505815247507243
6.9616352972105116
6.417828823903684
6.7382885617178
8.303072737492593
9.886729550570424
11.767305209359638
12.871391350009858
12.909887746741402
12.019424871868177
12.833714341363253
11.76883634188597
12.040373852219698
11.163517921041464
11.906070632762118
12.447799061489242
13.609444042842306
14.792531216894606
16.00382639443909
17.208689708201042
18.291586242740976
19.574363207298326
21.63559646891715
23.941199501941792
23.973644994999752
24.14296743285183
24.269345793822993
23.981571153051576
23.53274182713175
22.295143967478072
21.057238046451474
20.59341615855951
20.908422064950006
18.789613548352374
17.673641136340603
16.226475428455064
14.007478334198638
13.89814620240009
13.789635437301916
17.14256780374307
22.079439220027925
30.232683429485245
35.35821474109318
41.403665221241056
49.88319633529436
56.9318352673062
65.38105841200336
66.54443796797301
67.16169536390342
67.1930622997127
68.04616852598467
67.73116510544531
68.1188700596339
68.77859328594889
68.94897356248583
68.56902618472381
69.05268009851918
70.75591069609662
71.55192909067067
71.5751173076835
72.35748925624002
72.78060568567736
74.32877111201869
75.71761114901989
77.2560218253113
79.14579599199934
81.5654894816781
84.96746165095354
88.72758639357583
89.6863174350724
93.86463364718138
97.67970745243309
99.35801212586239
100.10556180097429
99.63080878051042
100.68022202032938
98.59526869962636
97.61921607953629
97.37880692972081
95.70303769995023
95.72855516155086
95.78262749122959
94.17071902388072
94.03742682976267
95.09063182696315
94.4459837067966
94.73813051144252
95.57607663055019
97.29860441235765
98.32242169603651
100.73606128519748
101.48977517026346
104.6510787283828
105.92595362232149
108.05389210206029
110.3097339061923
112.18336767594182
112.67224881036785
112.55600382167366
111.98069237838301
109.7698522849157
107.32976074506315
104.39447995484689
102.38328285577957
100.28826840011627
99.0538409881334
96.57767188036942
93.89952178757682
92.10874833795322
92.28271419210951
90.77755231499383
93.18116289882119
95.83220119330062
99.48391807312186
102.75959014938029
105.84290861960845
110.28768454061222
112.68431878911062
116.22548738239183
115.86611317690517
116.6511745077857
116.93548376213151
116.00016651445209
116.69859472210487
117.1601125013821
116.72759226941534
116.77136763273096
117.37472926286112
116.19855500791448
117.9430398892095
117.28525204285154
117.63943308430028
117.11648552002484
118.01941349228179
118.00985824236044
118.75816895442185
119.60596373578156
123.52366575572006
125.56496410745869
129.81284508591756
132.2762441679614
136.4065415027232
139.8104376171607
141.59211393217535
142.7004400730936
143.70732179673567
143.2794434839285
143.8672655221675
144.456143332746
143.96369487796278
146.27125598521607
145.8787957040302
146.33441976882222
146.87175274184753
147.82979903761958
148.55563656771503
149.3432989112728
150.42590222244715
150.75276623597878
152.63583576388297
153.8907170965418
156.08002619845612
157.7359544647704
159.82690828451223
162.3182995026277
164.67296307223396
167.92090589643436
170.8278866456652
172.58477564733843
173.8186557609156
172.2243512881465
172.4124304891346
172.4579362824061
169.96308163545004
168.63188705864172
167.8357236734323
167.56671373607782
167.22977866810808
166.061930342117
166.16391509027943
165.8331474342045
164.95551695164858
166.00962164955843
165.569074206328
165.957400860218
167.15282375838632
166.97945623747057
166.32865604495728
166.90825959778343
167.1063177797415
166.45299285332618
166.95790183197934
167.06940453006965
167.56916170273456
168.24152636920113
167.026080602223
164.55508416374673
163.1414379967
162.23126647058157
160.36173402201572
158.52089239177576
157.94654816951046
157.13994576627815
157.6385129283251
155.46196927349467
154.67329419984895
154.03458165550865
151.33009688333604
147.7594552007674
141.08195683348902
136.54780748954022
132.28238876145977
123.54007810376957
116.27706049475681
108.28419567657647
106.54829787998051
105.4475513528306
104.51353720657144
104.50123882466885
103.36065889915604
102.59639858909588
103.34972004066421
101.87002681332702
103.04242368701905
100.50416838297913
99.16752449712283
96.18476922933469
94.84444894711085
93.34446000066936
93.91801068140165
93.83219853979568
93.04033902510976
94.75651140268454
95.63054349724713
97.21845752506523
98.81697976869457
100.27226206365764
100.64903152762707
102.91216725256862
103.65231712729214
105.22132474860413
104.55571580893796
104.33697168821786
102.64352893540962
102.88486524540136
99.39568647844173
97.79598298594983
96.11290796701374
94.33602769202689
92.6552105960671
90.89179300190796
89.34855338677816
88.92331270955866
88.37911872509493
88.70371976394607
88.2565434891701
87.44087304459947
87.01427019182799
87.44465086093668
87.00034763662917
86.29490552659634
86.17909503587337
86.30018830342648
86.14287682423434
84.74209769271982
83.796843897443
84.01883123323816
81.57277552780869
80.11856298099696
75.1756103046916
70.47091741613775
65.92911770331051
