22
18
e
101.42259163373762
102.0603472456754
101.09403667245083
101.79770847902309
101.15929209102569
102.19743986559199
101.02672472746916
98.06291403048355
92.82727277218213
85.13237565287834
81.04580069165127
74.58654130515657
68.38417467908924
62.937828440931995
54.71982598848318
48.748178380520656
43.14705495319663
42.459150771982465
41.70079885132137
43.65654699812352
45.61097013212308
47.701506146146215
50.600545661624004
52.564054639374156
52.79364056126352
53.04444469628806
53.52324067531305
54.30163562890915
53.88400050533611
53.823198978024124
54.36969414697675
55.913776761219495
56.030676716193135
56.1512395180968
56.72737456933789
58.52367060687688
57.91297849678739
59.36224194479466
60.79061618899956
61.77157373408852
63.27075232997478
63.1207596968983
63.491548561349056
62.14258128551068
61.340833372162116
60.66231572135053
59.29542502975305
60.10404045720448
58.525972392727795
58.89618064130427
58.9611684723262
57.810826563223664
57.65379026697796
57.14913489008689
56.84972704528109
56.955823009707444
57.44264812816994
57.92281959949004
56.928491426624234
55.06179764499279
54.96769835439924
54.391490525142196
52.75846575636145
51.344036285353845
49.7949925298498
50.3283522810226
49.82051666466651
53.259662506191304
57.47976053324939
62.186947520233055
66.54530979173865
71.78414011906136
75.37130800157246
78.09527051494666
81.32694771851722
83.80695075628503
88.31195527786231
89.36020042945486
90.71670094893389
95.42941074567959
99.43869799094169
104.47741592299128
107.37053997665002
112.20330997727041
119.12472168451482
123.82684563184068
133.1460494044334
138.51137373307273
143.4256304398912
144.7166328526983
145.27110281380197
143.2860201042887
141.43524593308837
138.92989816422502
136.74850370000567
134.57642620743667
133.84674503273743
134.36773385948325
134.32869263458767
133.7967395297489
134.16596592775198
133.7182769129417
133.48472659868054
132.14432255615347
130.59314437034
126.07977128233794
121.51826686326378
114.17240768676801
109.21023193184689
104.60442167383073
97.28096878764659
93.0119985949392
88.9979025207293
87.70037405134357
89.35939194070194
88.87012508468756
90.84973866461749
93.5871653847354
96.95575035070652
99.21489639637976
99.55918425248606
100.49086787059214
101.27289727377541
102.02575556118778
101.72860776434861
102.68326371033803
102.87118988940163
103.1930959716363
102.76190584837514
104.20365265045028
102.88836482920412
103.82100065406762
103.59750687373109
103.42251173820681
103.49250888550108
103.5424325364813
104.53550317860835
104.3780419520914
104.44840582829829
105.53534272153357
106.88397277479727
109.88779545915139
112.7769232250583
115.18563110964045
118.35640733419959
121.37722681569457
125.50106778919024
127.75587139494775
128.862712187176
129.28270902889474
129.49937773729764
128.5317608413141
128.94178370633185
127.14837181607619
127.42365628797533
125.84800599541487
125.94055205583106
125.04490717623135
124.60380061591677
124.10069640657521
123.47601413859817
122.49056063115249
122.48767372144759
124.82218689296941
127.86315162612154
133.37196324486035
137.29504759302512
140.99056907850465
144.6243287616701
148.34822478418175
154.4699675271968
158.99858393959767
161.3249891994014
162.07363286978753
161.7139969870958
160.79325825858785
159.92001495858386
157.7286413200595
155.70583631821427
154.62180226072078
154.1764056644214
153.42881366366248
154.0139017736028
153.32381290556094
153.52142992601307
153.15430269905897
152.4414686189552
152.48652688652095
150.32074779650102
151.1842600813327
150.39794714280998
150.91057371365196
148.51512987550288
147.7958034482617
148.60127209451682
147.80437498210873
147.06093144119663
146.80589753095884
146.41773847822844
144.9662143343338
142.97568802402617
141.27890877121706
140.1127060997692
138.00631160897981
135.4488012649552
132.82301590611561
129.71734743453106
125.9811050040551
123.92469103082539
123.3468530006602
123.06889415170275
125.34376786535357
129.8654431047782
134.97237231475668
138.9910741010542
144.2718894417226
148.78649554677597
152.4584153891102
157.718517693414
163.5180548123703
166.28731959744547
167.20264865761138
166.0883295109346
165.10717475599878
161.67661890479081
157.66557618622218
154.19597865598817
150.19472185963062
146.94363111999493
144.6647936070727
142.6577836615564
140.4197718172182
137.7476382615988
137.91093515749603
137.3560549287553
135.4729332585557
133.82252842194123
133.5085744569227
133.08670546422832
130.96768727181865
128.68390888697814
126.98313454894765
124.03029712146093
122.0739441201108
121.19113432328491
121.27070415832571
120.31830626401405
118.87636890570654
118.84442692046845
117.76263264611754
117.7211324965053
117.10481241604676
115.53605822685645
114.11738871578784
113.33129345766966
109.99947446002115
108.51266592290618
106.70378080806248
109.06469572708656
110.66935797315675
112.35241014850357
115.95638629808892
118.5157427653078
122.0307175426202
125.06035881301109
128.7146729120367
132.43369847320008
135.6582495799875
137.315688910994
138.11225708432858
139.21887520450946
136.24291643326805
132.4043712077135
126.68505925095876
124.21868179572603
118.92070894122952
114.10455743955123
110.00617690315165
104.41059987010719
103.74933726130982
103.31127264899854
103.16700010057399
102.46153937369341
102.49272240382393
101.81121211364247
102.40184985328128
102.63939036646053
101.18295220401838
