0
18
a
56.92077864658314
55.50923712856284
55.95991759419996
56.293610990755916
55.9622697415876
55.43966221934869
55.27632358110913
53.45266286779703
50.58558523104315
44.856410820298755
42.035707106195915
38.481496947167436
31.294771822434445
26.680087098105616
20.11342013809573
19.81304070205407
18.899159954010635
19.16666058034382
17.976711274485194
19.47098219955575
18.051838378680177
17.98795114866401
18.094990634784757
17.596306804896287
16.489569696293355
16.55282379393968
15.840576164799808
13.28018714782022
12.66732048542983
12.52272276747285
13.604536135440402
13.680006965906292
14.180883984532382
15.064399010444438
15.8199819239162
16.315155021991643
16.262361224701447
16.63688872034289
16.74276567445999
16.74573584054474
17.41531382746517
17.346899925978757
17.586712048184953
18.322870520441086
19.90465059980858
20.870911090458574
22.422977413355806
23.195874752907653
24.547045794424367
24.974669302192364
24.934411807194074
26.913977296472268
27.0785422454105
28.27098574110681
29.273145650296684
31.457782087506697
33.05728694471267
37.62376837642931
40.04952659205231
43.08215521931272
47.51351113736213
52.09998283428891
56.065651558930846
58.921630062827795
58.599028687468085
60.06298386974698
61.112514656067134
61.17670094337205
61.75495332815967
62.61290723699313
62.61709418510812
63.18718976989658
63.79220131813492
64.21292513340221
65.15203832340698
65.93230097383776
67.82801757825256
68.00030964763675
68.64270769555307
70.816514838193
72.3542083312478
76.6911421493557
79.36138839517497
82.65615276033073
88.89435904924719
93.87789317456306
100.16626570595187
99.62266960972103
99.40515645327517
99.01381154852858
98.37920711512263
99.19411870033255
99.2210027367231
99.02788915078715
99.89217084114286
99.5555239601852
99.13936487545266
99.04265996335678
98.79030831559216
100.3614327549774
99.76841527201537
100.9015889651107
99.38232518858214
101.08787707615106
102.55010353881539
104.07369211674408
106.53631776038732
108.21997497380752
108.81210182065807
112.28707637379063
113.77859863022019
116.37649034412004
118.11537185068397
118.29856823109338
118.0868176763187
117.16661814716718
115.08381149932515
115.10656932199502
114.76324189377361
112.8748546153358
111.98143730694545
112.42885090744196
113.36067723163383
113.07184427217939
111.26462423167294
112.05088453752133
111.2602629769119
110.86005353596092
109.79341903312887
109.3142593869964
109.4801268133479
107.3336619812601
107.18109259204768
106.04086298108544
103.99199405120412
102.63143490565848
101.19238670290085
100.5433815458717
101.51333605787643
102.91889712209101
105.41890584681613
107.9462511953376
111.19882384902226
113.1545693125401
115.42883708590799
117.6378952281029
117.61805293421521
119.54767134946688
121.85133791756817
122.96703394694632
123.51876575597967
125.93633649331565
129.50240824273652
132.8259740001976
135.72324316608638
139.05599315909518
142.6287326742503
147.6642084709128
151.6185077636961
155.96163546428807
160.01487053873421
160.3851231013458
159.59864334920061
159.03885335984577
158.4328012494016
157.0727024725157
154.8835144848429
153.04996168106877
152.56387542644944
153.08815148541493
150.0383433770138
150.82758356342794
150.2571968600109
150.2922967253886
150.8994016919088
150.36990129248312
150.7792234520938
151.10108741514549
152.8470559323857
152.18728175503057
152.4846980405348
154.37496414133335
154.75579771505426
154.67298151795777
156.23369755780146
155.63931546768072
155.93732890963696
155.3379269656398
154.16158353123484
154.31302951621828
153.7045812772562
152.94108177489446
152.86159395378004
151.2483453851039
150.97786073188433
149.6990341557646
147.5461577240394
148.249550383739
148.162407700892
150.02998080399217
153.92660533815047
157.9942069835925
162.26276488098588
165.81043816456395
170.89045581201972
174.38652225959936
180.74223980790615
186.6583517822761
190.16019926074998
190.64195067039998
192.4151145428173
186.7368861126709
178.23967188539478
165.76646205231452
157.17124339961023
148.78573816276523
130.82410385832893
117.74889332645193
107.71447513037582
109.51561772143644
110.9719906499403
111.0196249095619
112.0500060002889
112.33605322416155
112.76172536208172
113.55258688355437
111.93452372225198
112.74194287241318
113.27253001547123
112.6447247617168
113.43940837441828
112.16798091383971
112.61247655362807
112.68186118729452
112.82244239741611
112.20675769002342
110.88093063456122
107.4473865178787
106.18855595673574
103.97027153104332
101.01626777675402
99.38520339395357
96.71473190474443
96.01339322468849
95.72082689699936
94.84177715581254
94.47712555120764
95.71282693413173
95.70912591066998
94.9982462798705
95.11666557581123
95.42834006660954
94.03001708823031
94.5837085706768
94.02445707857164
95.15819901324714
95.23995269044524
93.4370278444864
94.28722380575624
92.58327021280367
92.24015709274512
90.03692877199074
88.79440177548751
85.83375047362917
84.05005831148665
82.98558484309486
81.47346054278597
79.85071426329058
78.42899818569214
78.23668610417782
78.07982011637644
76.40026258666995
75.7755836173602
74.07355363555104
72.47152980027974
72.03824266159239
69.60726158901196
67.65552751286596
65.89313055056292
65.25824401121479
63.88336766193527
64.04262633771222
63.13283692805475
62.31226965876293
62.28682079423625
60.89284572019823
60.06956344350429
59.45467329161867
