17
24
a
113.40430187027337
113.49063332772369
113.80927010439618
113.72944228077569
113.49464266608479
114.08729275048384
112.63247490439358
108.73845949256518
101.63626699647163
92.12678962978416
86.04397411886677
77.63285490998146
63.7742599738503
54.26547803985366
41.380495861609255
40.282593074141936
38.473130110558046
38.41963110091088
38.10967121290838
37.70451631613999
37.240933557401725
36.60222959863607
37.340755278304655
36.55509184133711
34.51097170908898
32.10333688284569
30.098234723057473
28.66733078679999
25.507887619954154
25.74480520038929
25.54552971088953
26.6276664204201
28.01895285859781
29.07842721890264
31.719123426456804
32.5127717318532
33.512748994193295
33.63204642682181
34.09871694646582
34.651800366659955
35.84170765978285
35.00955227970893
36.48382061891914
37.89992799819423
40.01111217983155
42.74509951485558
45.33618423582286
47.34075068324531
49.4993140209652
50.62782128695698
51.891697262230934
53.027343021721414
54.76479636890439
57.027884030288185
58.362078293606345
62.27721276998102
68.0315134902349
75.52024045142895
81.49972446654873
87.77946769716179
96.72138778504488
103.84135952387899
114.47149630099113
119.24956216868996
120.88733568353273
122.30247415781034
122.85479326643996
124.5839400390541
124.94059216722238
126.32069573173025
126.45097238207677
127.57600068030716
130.30921411063724
131.6246343920222
132.57103985935365
134.86645519025564
135.2610607788122
136.7487751262251
139.45144273575306
143.65459265818228
147.61027373237044
155.50950679682146
160.27371915202488
167.96210189069475
181.44438032317112
191.94961981941012
202.470214165172
201.25639551974956
201.8801745865976
201.08533299830606
200.91435543011912
200.20648045237235
200.39348805257413
200.25198634710213
201.6590661279512
200.92872724685705
201.6471419565171
201.64625529965525
201.1475137727405
201.52339859444325
203.28934629132596
203.5470589162026
204.07603099964956
205.28815886491716
208.5169854075988
212.31437178315443
214.42988495495578
219.11959274358256
222.40144396819275
226.04211180692784
232.1187379368437
235.94312489371947
239.05979617262312
240.02041793651452
239.65893307869177
238.13700303104739
237.34918487904298
234.2237753646827
231.82105227329845
230.13486023428965
230.25214692061232
228.5354941706988
227.6264955028866
227.8264259033607
226.40011526982744
226.4119813346494
225.87411633381177
225.58456962563525
224.68584000856768
221.93477219449312
220.55035560214318
218.83667954948973
216.83825096417962
214.3031207666459
210.78124596098974
207.54562268566946
206.01255818241486
205.03005582018648
205.653452748254
209.135906717623
212.90967962669126
219.1565061535747
224.0867476447748
230.81493200880922
234.91473440527093
236.89806543147947
238.95751149806475
241.95435209392338
247.01581265473408
248.68106851291833
250.66609265071358
255.2455423371582
260.69597569988315
268.4617678838987
274.6293568575261
280.84309292186134
289.80969790133594
297.8098340395291
308.72325227820704
317.79841967194363
324.76399480815286
326.27213614107615
326.3808559102927
324.99068014810115
320.1343496453604
317.8871196689513
313.50109531787894
311.25095540635755
307.9886713719017
307.9268565249963
306.3946976902161
305.8731875362645
304.8924792133596
304.21430303506713
303.73454862737464
305.19882553885674
307.16951535364234
307.9149853276607
309.83297082597096
309.9711496750077
311.1705092100783
312.1793488831314
313.6928136883654
314.1014227114767
315.28853136679385
317.0366193809637
316.62018365499154
315.3442202258465
315.03956479528273
313.04426821115004
310.7877276263827
310.3234669451568
308.6964501562509
307.31541686424316
304.68232288050194
301.67824028634584
300.04655868368746
300.20632183793634
300.8706106177849
305.0331417375997
311.046879144882
321.29503295238527
327.04031988259527
335.6370170006604
343.9558537596978
353.92728752696974
366.8106297469615
377.3439608462416
385.41988559229645
388.8925912767476
387.4920914842784
377.1382918976226
360.5515415781949
336.29556543232417
319.42973271627704
299.61252692850235
265.83062484271824
238.48087608142401
217.86583818246905
222.31119659301726
225.96687626248433
227.00277785114255
228.00136571654323
228.46949846617017
227.91153788732333
228.23059432945
228.4897266902837
227.7407058676511
229.13934826027184
228.60843986436961
228.17390008965882
227.94300352297947
227.43457710414305
227.1930558658397
227.25264990615344
225.4265111782107
223.60228052082687
218.99092481633767
216.65303489729132
210.60663471277755
206.25392190202987
202.43898607405555
196.45769840455517
195.63352938854817
195.22239684778756
194.6658199712726
193.57942949242528
193.77585970440492
192.91644798506962
194.04490268406153
193.51036767825906
192.95616754340003
192.8162845977228
192.29372299017768
192.21000976208796
192.81606271784025
190.18124738831762
191.40899538836084
189.58194067565663
188.16117737329722
186.74226442845642
182.3363671548398
179.39893889854446
174.38001549402455
171.69230190298717
169.28407218695543
165.11908713442205
162.87758747528946
160.10125994093815
158.8442582398218
158.2146369933405
155.26640706223935
152.95477327183949
150.69408669113886
148.26111440019804
145.8841485726245
141.73529065015103
138.63029418981773
135.21152386054328
131.88339174179006
129.45380527591357
128.87488630274487
127.57999693714369
126.32017853406144
124.5111979719466
123.5913726201114
122.88268574706747
120.36049142457894
