0
19
a
64.50520408133177
64.62317799190023
64.81558684588884
64.85535670314141
64.23512923211119
64.53063118168
64.77579313092565
63.56869408724526
63.13555068709797
62.334278401346474
61.81826122789482
59.71574881749903
58.68801235737408
59.32829059488312
56.64162619961342
56.024905660200254
55.4258025385849
54.94335678034437
55.02060621892285
55.058257988965444
56.14220385852491
57.32024343742027
59.04701040518395
59.63502113990922
62.04826117636159
62.68621502274057
64.26947231410377
66.74987801775026
68.50756207864357
68.86915309703404
68.83762580524491
65.767709821821
61.99699907491852
55.49929007779057
52.40627960803977
45.86848204998657
40.77602924827872
36.49289472133579
30.49469009731644
23.95795743867825
21.564706600583303
20.58292133101302
21.050048699772685
22.083296571270093
25.83429779904537
29.18508543909166
32.51108741398334
35.243762434938276
35.66991134361528
36.9362196139557
36.29103459327519
36.66244814665312
38.607552218648
39.622924378641
41.01041600040471
44.90723282414747
50.029730690525334
61.35488204980911
72.4218468071321
86.31982860451801
95.46496673450159
106.11476885508337
121.28004556443604
132.7621956984453
141.620443111111
142.20364126591366
141.95603105348445
140.7744731522399
138.40906427670146
135.46122064606465
131.01493424356025
127.46351512736355
128.0753472052841
126.71173282355834
124.26376857899439
124.06351585569192
122.13505155526977
121.68611141203083
122.66539002907281
126.5970692301779
132.65483022360795
141.31987299292402
147.37618801807858
156.39619438056096
164.30384058661213
168.66362456560483
175.4934159881382
181.18846351246265
186.8612966287931
189.82210819746464
191.183070952187
194.75938975985994
197.622840031738
202.23610569224343
204.88843322752422
210.00942887434573
215.44468132572214
222.34792114819172
232.73184615769847
242.93979551945287
248.9452793446731
250.45063472325657
249.93950721171686
242.99960401669009
233.9069512953565
220.88935752404967
210.3128286199303
198.2727028391349
189.72103867358814
180.11113866286263
165.3515469294797
154.43521247294544
146.37905521912842
144.61511549358337
143.858778800767
150.50473968272988
161.03929951761927
173.94429221151742
183.98355097980868
195.48947295754098
203.58762871398238
210.451604518609
222.82300794734775
230.714795136006
237.44961087211556
239.44472264230384
238.80004752579288
236.6785634325393
235.2122258636355
232.70506933038746
230.25105216188788
226.29038265725953
226.45004163741882
227.87913390008555
227.20740612444155
228.89905251137827
228.59220090383337
228.9041432204984
228.38786103059692
227.02385405239943
226.20617571588483
225.06641467611718
222.19744796866348
219.40507567924084
218.60093246683562
214.25993545535763
210.42518210356204
206.1351054770956
203.24438148417028
202.7346071065663
201.17616496354114
208.10320767340133
217.93488452120005
233.47080382808085
243.96433053655755
255.93209803641344
267.01033685907396
278.79460253893103
296.2340470818988
309.0397480210569
320.1315999933304
322.71327725450027
322.1519055562346
313.7582536953709
301.28996295362225
281.4241533079859
267.9566885018348
251.31832392846542
239.81473540038633
228.7138714787468
211.9964668743787
199.47842801167874
189.55818759370638
186.4838022762708
186.94282219039513
191.78560466226511
196.8210310918763
204.13068339629368
210.3776284271092
216.98177016583796
218.88796708742993
222.3652231110672
226.30624405870358
229.58777373832396
232.33932829178627
232.3423018034802
232.5223105956099
231.66383157064143
227.2547230134425
223.88275181324684
220.08112784274
216.59929925078114
212.39259220125055
208.27054218675903
200.50701325665528
193.62362902245047
188.74494361847093
186.50888581496642
186.19368106612725
198.76350885479314
216.64349612569362
243.34651074071994
261.5337431972286
283.90845237032306
304.3255844054016
325.0681639176005
357.86234941614487
382.98509248543746
400.74591845104453
405.5164470287241
405.58246145786984
389.6217652526277
367.1470039076727
333.8000437602135
308.47598573841015
280.08014157680424
258.92356230448854
236.76393542671877
204.64374144097218
179.27383512844196
160.36379548803504
155.0974116589438
155.15735604892333
169.40567220791877
192.12316752892048
223.52563793537604
246.73295157419332
273.2346732890509
292.80209617855195
311.7504066554878
342.5519800861484
364.3512062578701
381.6179536593646
385.89950589617786
386.5001980057348
374.05035714746305
354.64803218324
329.32869057862695
309.9605513667583
288.4982835034186
271.2867614630497
259.1735735363852
242.5265815649595
229.79782520421702
219.22784706637353
216.19098412787247
213.18968319479657
206.84491665549413
202.35022750905262
195.80496337906473
191.17099257152807
185.15267976945518
173.55851875712497
161.73377296601618
146.1023382471871
133.9942744081107
123.41916623523139
122.42944840185758
121.52154658447913
125.65604179162881
135.09249812447666
146.9960021527717
156.07388829672868
168.1423694215272
173.76958879361905
179.40337412367793
189.70265878345091
196.63038074693876
203.94867761299162
204.91142720345084
205.27835970138148
200.1440761388248
194.4316239969337
184.59469842870254
178.05248235327505
170.12962645191678
166.36958143687096
163.17168041820395
158.717801336178
156.4973272686345
152.13287499751817
149.82415635313484
147.5410543976172
140.00491259769325
132.44180098389805
123.78763731225864
116.35201386860255
106.77493553082456
