4
22
c
61.477628280878974
61.02539226680181
61.2129188418877
60.68786481779051
61.422375077571246
60.83027907109106
62.268945131166525
60.25336305065435
61.09913230294563
58.33678395044391
57.936423316928824
56.76779880211082
56.870900146809745
56.008837318008005
53.55915209058936
52.70740907661538
52.91663146384732
52.59100100546738
52.31636085761895
52.335974820178265
52.790691416661296
54.19749705000237
56.52789201913418
57.91314757761736
58.52790186876821
59.83168871158866
61.379776162394194
63.708582816161595
64.79309448659836
65.57717440083975
64.80170491318277
62.89003834199058
58.38588413118188
52.33900746040756
48.84945706955155
44.04353784814752
40.529520841847464
35.2981703910601
28.993119697497075
24.559660349235894
20.406566322319343
19.485370642410192
20.091187822359007
21.254736685566545
23.828715457696106
27.941352979380913
30.919713531082305
34.20219084957112
35.25715733712956
35.09086443956407
36.07891438014925
35.32479715599375
36.98097080949414
37.34159750404802
38.67448464503231
42.76085330455161
46.620140067857655
58.17081717197033
68.3114899088664
81.32942551943542
91.09950104775066
101.2947509641501
115.57666466107489
125.5250685312756
133.944716307924
135.4114432606697
135.8715151966535
134.34953154674437
131.09982689578794
127.03547944615224
124.62634556785436
122.00812586917813
120.69319559943057
119.97885589336458
118.80262232624001
117.50531383183798
117.76921584791768
115.51156301222804
116.18496848637501
120.55142282336627
127.23413805059525
135.0575499993085
141.11026517707103
149.15037916387732
155.5853931855263
161.48357355778847
167.49699265996983
171.66021712092936
177.71426213955493
180.3270108782915
182.0039367364767
185.70356090450534
188.01854842434136
191.82877528906707
195.11584079337297
199.94517524970036
204.61048455549565
212.33713534092547
221.71541281839782
229.44774258449235
235.38274358417087
236.70800846985557
237.08313018972459
231.74379058421238
222.60979529955947
209.9621219952463
200.33212407261993
190.04766873804553
181.06449599654508
171.4146592702155
157.10254852587207
146.96992494874934
138.51277198064307
136.91673223164446
137.52744974243328
143.25347487586933
152.02120279390917
165.66677225142385
174.81190714081293
185.91572141610757
194.06105944745056
199.483090509048
210.87278614581092
219.80726044250025
225.2780376499668
225.92221024936987
227.42740631494624
225.73979396657336
223.3629338186145
221.3700069599162
218.86371729292472
215.62772381805834
216.0953188250827
216.93033128095595
216.6202591555432
216.82685887359256
217.88032384564409
217.40164775589454
216.8723272687741
216.8962430847314
214.63917104922996
212.57947731314968
211.48303042967177
209.0853313618314
206.35030233558848
204.1268846706493
199.23221875532101
195.48658074060637
192.36323398495963
191.67114319593995
192.84832178228353
198.80747112900818
208.08826107109235
221.5889837225123
231.6406221938499
243.11998847472043
254.74096136057867
264.4763686038324
280.9369295261345
294.4296108096134
303.8673791964054
306.56153209455647
306.1068428661242
298.6221895174476
285.0099218331617
266.34528452041366
255.2365718321443
240.01631121555582
228.62891832689016
217.8776964460493
201.44626131569493
189.54170964867924
180.98774327570837
177.9071570854375
177.85241613447704
180.87084507610487
187.2872964463468
194.16583661474644
199.61200378260094
205.7296627734816
208.45469576983808
211.59834512812782
214.9033430393369
218.96639751204046
221.02935836666776
221.2039198503745
221.16387799414142
220.18328819333055
217.04756786351433
212.72894175159584
209.11960651429797
205.89968127754057
202.35192113067117
197.10568703583203
190.54385094846901
183.82878139760797
179.72729968973843
177.0027217776055
177.6993405719992
188.76705680482007
206.43172896989972
231.41803369604042
247.55664639253814
270.2393121943981
289.551174498702
309.7387455250543
340.625188574224
363.3128820778344
381.2496678336796
385.74336474008356
386.0708123009783
371.1404833127566
348.5482336901274
317.27786985904845
294.33646752268186
266.309749444954
246.8868368516786
225.40745976059142
194.30693208106044
169.43919770540023
150.9791105465514
146.8664179935641
146.91275784431906
160.8482994779127
182.32356742597753
213.40546893116564
234.72699428046127
258.54337710423164
278.83016020088195
296.57226412197616
325.49540513148787
346.54805925377866
362.4264479963317
367.03435255140755
366.6084317812564
354.8152474155719
337.3705378784839
312.94284904974836
294.9279369726171
273.87527943816707
258.1961255048026
245.45939270074007
231.08515488980336
219.53471481373748
209.06355869437192
206.07622909979048
203.23437921587288
197.3688460011278
192.7121403679029
185.53010996116484
182.3429848176555
176.26879224004554
164.55741293208027
154.6285937525109
138.44485258275992
126.64578630044237
117.27301953761837
115.91385755719416
116.59625854660655
121.38610520125268
129.53209890774662
140.72278301455526
149.96693231657886
158.98046604260023
165.00572288307777
170.24849362900176
180.18769314998863
187.8174730972328
194.15154006707036
195.0243610760738
194.4050595009662
189.42488600020639
184.39891916245247
176.58130073412036
169.19398813306577
161.99155701088333
157.77704599419584
155.59885490838144
152.0804463548049
148.7750084236087
144.4761556434949
141.6148710372619
140.76298974653568
133.56744226488092
127.1311172933837
117.64586551469284
109.85149962480946
100.08859332713081
