# format: from_node, to_node, traffic_class, traffic - demand values in each iteration
7
18
c
108.78943088018126
108.09542649421863
107.45403427942736
106.9735493675288
108.03721184009503
107.01182795335185
105.39417202250391
105.17932631708368
102.96424044883233
101.55617110378768
93.69079610550318
87.71631155425467
80.13191948168428
72.40636009276224
66.33280746119769
57.173611065335436
50.826741755152405
45.25027118806744
44.28887321739197
44.70131148516076
46.49119897193169
47.746476404336896
50.7766174910178
53.18617009217293
55.90938552086185
56.1844658971571
56.295896721027745
56.62164260291495
57.478378654188745
58.32806155433872
56.64509515575194
58.42845566501883
58.312024152112684
59.05410507460676
59.24287198938695
59.605523461496006
61.17229043414327
62.0721279316481
63.52061302723679
64.18156453938124
64.85964643049039
66.78078148611817
66.81213516866508
66.56789177845997
66.29697832583774
65.18042732913068
63.54783403830715
63.899046888104145
61.7238138215336
62.77298978353185
61.954283850661135
61.67721555026503
60.732504108694094
61.885667626340805
60.994031615474356
60.74832065636418
60.853130084380574
59.950866468244406
61.50316601959956
58.918437605706515
59.54271509450743
59.03909207787085
57.96093622086904
55.95660383799774
55.37566791323864
54.05672820288567
53.20354360611709
54.51093765063366
55.57947330481625
59.82688555584805
66.29218714073669
70.81518625093038
75.20527573065483
79.12823818919011
82.89397999299148
85.4432225639707
89.64709181375144
93.04027095096768
94.85863518729326
96.73414164685053
100.19044806326092
104.58885281480046
110.57144611717587
114.11113492372425
118.52133473838825
125.00665821262412
129.90376067839526
139.51162950959773
145.85616362122678
152.37331261666145
153.45124508475874
153.1213561111175
152.65221847400602
150.24389835252356
147.00334837575994
144.90737346049224
142.31188457762
142.36135668210878
141.87093357238408
141.243228242605
141.54323293127794
141.4865842292957
140.64049222303527
141.87181560203095
140.05293666833833
139.1502319305495
133.63656670487006
128.28915985283132
120.57356746288964
115.17915586937941
110.90351010833677
104.02213473132916
97.43699275252841
93.99304743381407
93.59027910714799
92.65655554887505
95.24465169400304
96.22470757226156
98.98833523716685
101.70724895366726
104.29601077250307
106.22011254412698
107.28827348856088
107.82958113729045
108.70930878081066
108.64098250634655
109.35798269623385
108.75043119518713
109.09407804178319
108.17763172383748
109.92679512974769
109.26947429621339
109.70343149130534
110.1525777468129
110.30983937659849
110.42011703469029
110.30098847229718
110.11566981972237
110.75625407931182
110.8405797148767
112.23385930188535
113.48674244333765
116.41063126587802
119.60469250371101
123.1185132718076
124.83050791158614
127.5395821028206
131.5182430702107
134.53761674156783
136.94210439008032
138.0717631381901
136.44059293788175
136.01171557444448
136.163206853473
135.95426311055064
133.75417000060727
133.766170254975
132.440556495951
131.3854656064716
131.48336676697997
130.33400090890373
130.32418751232444
130.1834336969879
130.54871630653602
133.05119636680507
135.24702066840294
141.12999913626086
145.40624093926456
149.00681665019619
153.73260130156916
157.13155397835047
163.35273955366011
167.8588268666462
171.5011762807293
171.84086232980334
172.19594462175536
169.99569743819617
168.90834608674623
166.02859087467516
165.30730701808793
163.52987933060942
164.2498604410875
162.55301242200616
163.15914531704138
162.4575782718921
162.5918054265752
161.69755297753406
162.0649212656874
162.1230158618252
160.2754526671643
159.14849195199884
159.6588923692043
158.36383695178898
156.95386410424982
157.7503108990507
156.68541296403998
156.6914454573757
156.32645073689386
155.15555489385372
154.7335215590208
153.31541226476497
152.41014378640656
149.64884675389422
149.05224104603133
146.75350012853
142.85211187607516
140.19810183821266
136.91265510477535
133.6223027071009
130.96630797144306
130.7441682376365
131.18787324117739
133.97010143371259
137.6157535301944
143.28116010826096
147.9238686101146
153.08037304470992
157.09979607488503
161.14351746419874
167.6486221682361
172.41642560347793
175.77497893235247
177.53064313716035
176.8660562265792
175.08716792302158
171.0604175268891
166.00917426966768
162.7690568987222
157.59496110406408
155.56521582029407
153.7167509181599
150.60536194641418
148.75374366025503
146.04696909843273
145.4680433983629
144.61634479531784
144.50202824215282
142.35457474789288
141.14581803614627
141.27416694482048
137.73252487864954
136.4726412451417
134.33012595204085
131.9263626768364
128.85429123067993
128.99557568876497
127.6952136307285
127.58928695555868
126.71915845217067
125.66092889599345
126.20922755298696
124.93197018595384
124.02895479017191
122.42565037644617
121.26294536048914
119.19731560375398
116.46369093435837
114.54920753894903
114.90769785933207
115.41887527378154
115.94756608489294
119.3178835236803
123.73269531312035
125.41157700605754
130.06316276639117
132.22562790860383
136.17655004289384
139.62727605867974
143.57989095497967
146.27167032115625
146.86043143513498
147.61110961280542
143.87889218150855
140.55980460181306
134.8655749043666
130.91016977020593
126.02203629000856
120.63190607574613
116.19957035684018
111.39085161431423
110.06691404411524
109.68885404880463
108.98784666279597
108.30298752506829
108.19410879846058
108.55254936883226
108.0698212466315
108.23132507197343
