# format: from_node, to_node, traffic_class, traffic - demand values in each iteration
15
0
c
174.8332148303498
175.7022404804729
174.60223984090135
175.02662971953882
174.9149692623146
172.84344888489323
173.05326557577877
171.48364356514736
167.8209451927018
164.7878039411942
152.08186600584966
142.19979634713957
128.32611061885717
118.28210772124858
109.24414810688029
92.82317765273392
82.83686979093495
74.91398958840715
72.47423120524509
72.75214262962287
75.23071653119604
78.05335360812823
82.7870990758249
85.83569008478143
90.22117271849818
91.1067782990495
91.60957900941762
91.89409181279493
92.83006289087244
92.16629002193541
93.22147360599182
93.71974466485688
94.93404260682826
95.58606471287753
97.71437669660547
96.78472522609955
99.7530259728012
100.37618112687608
102.83933831821302
104.10594108894838
106.62895804716818
107.47287433622888
107.4336015161703
108.40037028857337
107.29439849260623
105.88550427756783
104.302562534312
104.12034704968127
101.80093119108582
102.09659655068855
101.34909728200928
100.5376741703592
100.53210164353592
99.40639292065784
99.63874491036844
98.52755213793812
98.70703731442116
97.99609391660894
97.32145581457578
97.36186632348992
96.07519118585097
95.32370438962634
94.19281131182396
91.23822253624607
89.26642666722819
87.08580434553295
86.63874730417083
86.42207297298499
91.56890759179905
97.54437391299454
107.54744124043857
115.2259836440933
122.00216832538459
129.3245159410315
134.52876451407062
140.59292087619238
144.8989435984969
150.77039349296086
153.91604187987286
156.75460599745347
163.85729649890175
170.52046290142417
178.2531890661181
185.8712228347269
192.95957754380603
202.8999755170622
213.67070419870933
228.5602362106576
239.81942144945364
246.6298367326975
249.0836366278849
248.37589146899174
247.04213040004626
242.9744567058415
238.58356774553747
234.82550835484827
231.46420138537923
231.89256740856058
230.24985458079655
230.55905881745
230.71313773966966
231.25092920084418
229.93927252366043
228.9682802714509
227.99977344634877
227.2394278025627
217.80039122951436
207.47052968486193
196.0990750887533
187.6214312832726
180.04143809905906
168.32783341609468
159.33235319999392
153.12815559708122
150.62762374123113
151.29617175887262
153.5494776283713
156.93225256223957
162.58022582613557
165.46256525450642
170.48274541609976
171.36596982543398
172.8256338503907
175.33894743087495
175.70447483110524
175.41934569786403
176.73335155660692
176.65382965216452
177.55230270573128
177.58166920068965
178.0024972799891
178.62655243229506
178.40433337718252
179.15307203657883
179.6984273416628
177.74685798788053
178.63356719624213
179.46720789963027
180.35154603678626
181.58033370203546
183.46341894382067
183.57631813811142
189.76090651749462
192.86006613856588
198.16616002075796
203.84603398231044
207.12197924381545
214.1079320909731
218.75850576339826
221.02899696008797
222.98762153446128
222.88572221898505
222.3673046004413
220.60753892650047
218.83658363917127
216.9333060418291
216.19504664575715
215.93281391191528
215.26098400508405
214.72075180730872
212.8245734405022
211.22602116073278
211.2607609959869
210.41175925759114
215.21230419443697
221.32556284792693
230.17120471780427
236.2324822634789
242.44846870552087
248.5594809134969
255.86816595543615
265.39903589259706
272.9271660481345
277.66535817304236
277.93478107553256
278.92675940382685
277.57545296224333
275.9389486116396
271.7265197677511
269.805544790872
266.2101128001876
265.3234451870787
265.21070292198715
265.51498420639007
263.72381130719725
264.857822299028
262.81348442497136
262.7459869605212
262.11471469626247
261.0977791406448
260.13706442338406
258.4597930635692
256.731892635016
257.33226297160303
255.4308875500474
254.77681823314637
255.68352446215775
253.01671955292687
252.67414705360866
251.215562929756
249.66299912592368
247.00633508282996
242.63722238107906
240.06133920071233
237.4300186279419
233.0545577551153
228.87121929641185
222.39922382179225
217.1694300575522
213.8336341819217
211.44310955630866
212.13161149212064
216.68363794576678
223.4577553094429
233.17847135836743
240.49004567932536
248.1794326556251
255.4640044843091
261.75845085388767
272.3567994030464
280.48541378470594
285.7889943534747
287.1116924769779
287.18370383213426
283.9547170332023
278.2944336103899
269.0827191475793
263.71529011151836
257.39216974325757
252.85234833547622
249.37698497124848
244.18235582172647
241.9096719460463
239.12481791360005
236.51077527044401
235.19241969193294
233.91707221756565
231.75819964921033
229.38959441078256
227.98543896559744
224.1142221806087
221.0394827390065
216.99126981951196
213.4622266504468
210.56181872984152
208.18933379144195
207.9738949406404
206.90460003976207
206.0982055076342
205.21824409384632
204.827956783175
202.66302054557434
201.90861375304783
200.5989873908746
196.7826499053655
193.06186148615896
190.00604173648867
187.203095518018
186.55291649916182
185.7064453892144
190.1614493978712
193.4808643148614
200.3813816158167
205.00738480462428
210.21887178700155
216.403715217405
220.1582269250771
227.50931202126034
233.90855275442803
238.21922050433037
238.76338117183403
238.91429804339361
235.43949021911655
228.51349632412837
219.09756183825982
212.38985723123426
205.61868938047877
196.2026159790579
189.07989165252957
179.96672395074572
178.41523827558228
177.08068872075336
177.15445679910016
176.05725585685926
176.60811431315972
176.16048338619433
175.6583077903004
175.78905146522845
