# format: from_node, to_node, traffic_class, traffic - demand values in each iteration
4
1
c
167.88586069836367
168.26895380031445
168.01869340599634
167.73475184355067
167.733041629433
165.96311708233273
165.58573589296313
164.7819861046535
160.40193913937003
156.9586133859011
145.52725388142713
135.4890779126568
124.1944474455464
112.67732844979074
104.99091739386479
89.50661048948558
78.3024096286468
70.38313813343488
69.53166698770738
69.94839889432708
72.38706020990435
74.65769443103521
80.03319916883281
83.20004442956892
86.35349145128134
87.559901373523
86.94720590302731
88.13483058906736
89.09442179234645
88.55401680580437
89.3328103105127
89.6918860532374
90.91255731671018
91.09865234352635
93.3389333563991
94.25085956858696
94.52521291756909
96.51304280781214
98.25888824075669
101.09565080571686
102.08234942047129
102.7433489129129
103.15060775558352
102.53500324567015
102.1507572649986
102.03551592509163
101.08463178395026
98.88575909026967
99.00967604736407
97.82359977780105
96.6108621831335
96.63326060763272
95.71595953642803
94.93506559239098
94.90941135995091
93.85844488306353
94.1726324834506
93.97245773113073
92.81017846367033
92.74589732448493
92.4483340662871
90.77256088607962
91.95455553273484
87.77596686408778
85.43007981598534
84.02217447825105
83.17207019128988
83.08112625568164
87.90155575948566
93.4125911625898
103.3484783382981
109.94846162323732
118.46243892612792
123.6002951730221
127.36036863122887
133.9276559212641
139.09050297159774
144.40750027705087
148.42899585546112
151.44889903240764
156.18890287141318
163.54247554223403
170.80556374511002
176.84196130630997
185.22168108032508
194.39330098074313
203.62482217233304
218.63393554852522
228.6652134444312
236.86435240416057
238.25872797452203
238.3245994134617
236.73075615493482
232.95935390117947
229.4080054763993
225.52186786367523
221.30049986384032
221.76259208230636
220.91070112224202
221.14939031776973
221.7809800862618
220.57078186663665
220.22087000420657
219.64550370219746
217.65398510723202
216.82878993012585
208.137354225351
198.73894282299312
187.98560090190486
179.19112002384924
172.49948172827257
160.22250212347623
152.53786800913176
146.32762970735348
145.1552205422893
145.14561373953566
146.52041150900905
149.74285857772827
155.11836261097432
158.14188840575062
162.0164609546846
163.83810748740956
165.81401274660334
166.28010506028
168.35951689718533
169.56560354200775
169.29407141980528
169.46262294295082
169.4654807320401
170.01332154205
170.03476669949737
170.40942204522025
170.6316638561571
171.24046732589275
171.37635021165949
170.41024143784915
171.99987119393413
171.8236591639953
172.75706661828534
173.10646918279056
174.77503580658131
175.70198959085164
181.0903579575278
185.25957975522564
190.18855190909343
195.18208143959444
198.3637661355207
204.213465873305
208.95498458019057
212.00094460993466
213.2902432793525
213.53127105459927
212.70529928851536
211.65254609997186
209.63874736283194
208.77521416949568
205.6956484234575
207.2162415743761
207.08322697833523
204.2515974953378
203.92375168332032
202.81179329041018
202.5859978078248
202.44498160922
205.72991304981431
211.6749038038968
219.6369234432045
224.8689552315106
232.42219782576763
238.5379968916248
244.7714875365204
254.06357024843723
260.9868840090054
265.9951291647999
267.4172906917002
267.1146077899725
265.304017001623
262.5381704548865
260.23361493578335
258.4530977158776
254.6975169680122
254.2511883371306
254.37666523747097
253.5675738921502
253.58137636029548
252.9937218911209
250.80392843251462
251.03769429450662
250.50500938570795
250.45956238715075
248.87826808963894
247.7979604218349
245.87104747349215
245.53306809110234
245.1779035227992
243.4822349391218
243.42024241534307
242.07157592410127
241.84870532439436
240.1580940555836
238.0590525660105
236.67146738393058
233.42831977616615
229.71041473246817
226.83275371205164
223.02565384427194
218.76011073136252
213.00884946786653
208.51463257144553
204.2715308950508
202.55627328435028
202.73455740729494
207.33980855620106
214.42910547348745
223.41987958149474
229.55142482449705
238.98787557931186
244.6485528346266
250.80835786372765
260.6264713423321
267.8787852021925
273.68607350801716
275.4599675210903
275.29071114738804
271.3290537057231
266.2470505314402
258.5018147928362
252.8029834168481
246.15065992317497
241.95040744495606
239.70590867517654
234.95367858129845
231.43437352257783
228.13137073536717
227.94569416760586
226.19687416002265
223.68827521876375
221.98303597643536
220.32206147932123
218.15908656420527
215.2392666867345
211.52274792610305
207.7874382697408
205.17347706906634
201.39957815068638
199.14754734629378
198.90940124073995
198.97916891621722
196.9796187580369
196.3875560690982
195.09340668512576
193.26355566330355
193.05771248458987
190.96448601784422
188.3145472754718
185.04376645258492
181.95251725940366
178.85622674376344
178.49971280064366
178.9755278767752
181.41872774022747
186.20534136706
192.44123298316316
195.6522668712406
201.46001600196513
205.91268953015447
210.83904705279915
218.4456866938527
224.0387985835682
227.357760545474
227.80703250838252
229.40083123176186
224.8521674120832
219.38827304588412
210.30221355440875
203.76260849791103
197.07016501923735
187.1843169795728
180.51007460557102
172.16507938636101
170.61048755787363
169.3267255986982
169.98080831921266
168.5502742992835
169.08634916187881
168.16294338744916
168.72090502244097
168.75484910607332
