# format: from_node, to_node, traffic_class, traffic - demand values in each iteration
20
24
b
202.17362167461025
201.77741574633373
201.3384094697318
202.10792757581987
202.34563932076378
200.30929993170597
198.30722735366487
198.63985692783737
194.075540079066
189.91843021563585
175.97955285189198
164.4907382047141
148.48513635865194
136.4968285306017
125.6566568684566
106.74426379628528
95.5831551912052
85.52298727995819
84.45219241614114
83.37982850983113
87.34314853429017
90.476589117156
95.51346787350607
99.94687184511704
104.65928278639585
105.71780206665161
106.3449196617077
105.4135874858286
106.18434936495065
107.3039552959688
107.4733984196375
108.38083251063652
108.53471372397816
110.47266120517813
111.89274543656282
113.31669988048748
115.3980990457559
115.47106923315899
118.48915716191104
120.92865463996887
122.8984387974476
124.66368458332073
125.21636015523508
125.524640110637
123.74226081089554
121.3958123347559
120.58412374430897
118.6345731047013
118.43878387838097
116.39132219805094
116.21242878146018
115.6373459459781
114.82600766733708
114.31734410205765
114.9432715983178
113.93423733896597
113.76237395319471
113.153408725486
112.28368679056577
111.7823323700064
112.10749007171461
110.85350040332756
107.71470204882827
105.45617037746464
103.71156406189644
102.06964409439645
101.14763531884574
100.24611282901495
104.43538495570056
113.29064862609424
123.96588804319062
131.31460900740177
142.4599670178225
149.22326889452944
155.00731973063884
161.13011719522305
167.65199150390907
174.54794560150694
177.6289099537072
180.18505001768185
188.9916655539727
196.41506154033627
205.6296997767043
211.99257738232754
223.29488817429242
234.42325607663193
245.97749188952525
262.92984255381793
275.2677238712137
286.07336744147057
287.44709070015415
286.6934321842032
284.90766533816384
280.51775254787026
275.2029830814233
271.1777416291204
266.2267321739118
266.9042337820017
265.5034206496229
266.3624408260102
266.3903860819474
266.47840249633396
264.6930048963237
264.5911879597678
262.8584042623125
261.0596649479966
250.008195790103
239.58979339750707
225.2362232271193
217.188592518523
207.7071426791689
194.99418723867214
184.24247498022714
176.63032221633745
174.09881677232454
175.09784338507816
177.06488525385376
181.30977962476166
186.88750751478304
191.0346139732873
195.49669435729834
197.85410229169622
199.59327553786613
201.33808441839201
203.63707332873875
203.72845306513292
204.73100961211262
204.1748143084087
204.31836794154293
203.66394601963745
204.878219793213
205.08210548609736
205.4425098814702
205.63009985259347
206.35188763426953
206.32817776192033
207.37603456044485
207.53953202940198
209.05974910089367
208.26285709905994
210.88899141311543
211.43664120529348
219.141976362337
223.50302284827563
229.7488755422636
234.03777488240746
239.27134713209446
246.05412065882408
251.6237890227898
256.07491082198266
257.02591984315666
256.341003993813
256.1575532418088
255.02273529303753
252.83477740663977
250.97984026995863
249.985638642986
248.82309932301263
248.6446534421098
246.94806576710963
245.68372002871112
243.61620107434365
243.8674777217999
243.74767541783746
247.5326599658245
255.44594516225132
264.42265559857896
271.7105362881673
280.63505520058715
288.0161162733445
294.4887363780589
306.72385379329125
313.84340308510497
320.6730625280864
322.4570161322107
321.2102360970114
320.2601591724692
316.8865666677477
313.46970905143763
310.312777652335
307.0865213961898
306.57574153385764
306.3347152994379
305.18383607265105
305.0676204677617
304.1497337772752
303.73646042126205
303.36931360883233
301.8914312305707
300.23046994657176
299.5025306293323
299.1625855107443
297.58694483645513
296.1412459279571
295.0530564052094
294.47684276266466
292.9852118284759
291.64255224421345
291.4793803042607
290.4832346031638
288.049048025873
284.8837409750158
280.94185025642867
275.60686164744817
273.3081563860393
269.0688053380251
263.56179665584403
256.5690434195899
250.49582333467288
246.09299722052165
244.3094688418623
243.8849655865642
250.83053150415327
257.3121561606874
268.6436489172904
277.10169892620155
287.17873031749616
294.4670646723589
302.19476247522607
314.56978258598326
323.274355574494
330.2350717685614
331.9070751847177
331.41934110463336
327.02072944157794
321.47246483563083
311.43845047559773
305.5469603854825
296.4967015080023
291.7630923294509
287.12354758839564
282.9232197770115
277.58996785161673
274.34501094673607
273.8806014317241
271.45118840716304
269.99434236037797
267.73467459180705
264.95636812784124
261.544342508764
260.4145380745967
255.4716227478071
251.04997582725457
246.5452478709244
243.68837647617678
241.7051462043921
238.9480710578558
239.60397091686514
237.28293690120935
235.8352068044345
235.63292543091384
234.68031499822234
232.89367592331988
231.01089930898755
227.5169484611255
222.71863137644365
218.55841844996044
215.34941346431722
214.88816270354738
214.82618507832433
218.67209083460168
223.81346739432055
231.3411247511983
237.66561582839822
242.170121032541
248.3788594020968
254.25894360320743
262.8165437728268
269.5613216365115
273.90513592180366
275.719123497501
275.1369134009615
271.2717808679479
263.54310095086015
253.1061536736515
245.48779405017595
236.33566085994684
226.65954744020817
218.22486952857585
208.16562321894472
204.8934477887689
204.4307411641075
204.8256487862448
203.8504678697084
203.5952731613183
202.90654524188278
203.525390945282
202.74351565277848
