# format: from_node, to_node, traffic_class, traffic - demand values in each iteration
14
18
a
206.85927803567805
204.4608180779424
203.9976986662383
205.36186403189552
205.17472458656366
202.43248392331253
201.9863329168303
201.15940946401847
197.11868728324043
192.78263841733727
178.6273824537672
165.69269352087997
150.35588677983094
138.01169914214785
126.8946631608551
109.87065419023692
96.65600066657937
86.25853765332056
85.40560005108138
85.1528804471105
87.02003216514069
91.09107023296202
97.26788220297504
100.88085152285996
105.07465377863397
106.14416071815207
106.73373011072466
108.36049953910197
107.83412643146295
108.97062607728759
108.56447172449037
110.5210065251334
110.21651456458012
112.01781643798965
113.49563753111325
114.65349697834813
116.62249032835358
117.39122506598086
119.49783208542239
123.30735388369061
124.91320879705648
126.14682057445347
126.31483617364951
126.92380474980625
125.59533806508327
123.9518414739237
123.22282022528275
120.72508960302267
119.77572333599043
118.22265130111083
118.26884549311386
117.46215897305989
116.1873627357381
116.59210726605713
115.43875582335335
115.34429712134612
114.5729214251915
114.8479118634152
113.60726583991739
113.6519036118434
113.18016686000799
111.6743964640063
110.17120420600754
107.57458005817975
104.77018338809657
103.53907301561904
101.1053898528825
101.30173487280202
105.82925879842884
114.43481977123614
125.67257509155863
134.58943154549556
143.71779329085845
151.26815714109986
157.10317820072382
164.08235629376554
170.08868486875096
176.72775003751053
179.5590792339413
183.52552371081646
191.42348057278528
198.52493226106742
208.8098173866568
216.7070062274777
226.2991384546191
238.42969660084674
248.93083881868117
267.41435418395264
279.83382259150574
289.2374342086664
290.7869069927692
291.07063536196165
288.8482173614465
284.95198250130164
279.70607296987936
275.06919785170595
271.6136702425891
270.6117570832599
270.00108280081395
270.8655431745944
269.7449065011114
269.5486752834457
269.6248609730287
268.8857968860971
266.8197849235967
264.0562348682954
254.37832482507562
242.78648909638062
230.32398717086122
220.06102742673704
210.7771488081468
197.77599593157098
186.72149674557585
178.37643176127384
177.04775967275515
177.69230342163024
179.65754792230828
184.10609447803793
188.73092953831025
193.591339255862
199.7303820271151
200.09576050257013
203.1715604218798
203.8996702059009
205.4200958821843
206.52884038098298
205.56960427485288
207.94732304118753
207.23352414211143
208.34295036454066
208.17934659056135
208.6943891396656
209.1774114324102
209.4501654221354
209.16509839543002
209.45024707677536
209.43669828344298
209.83098173267612
210.4859711989073
211.04374782023052
213.66183212365735
216.0505258031366
221.36058356414014
226.86554738683398
234.01583726161746
238.97266295919425
242.6834211417584
250.8717325561208
256.3641005019594
259.9501427383489
260.7164547621142
261.85566048710643
259.1486980203403
258.2686889291948
256.9183163855177
255.38708115387712
253.84375210036654
253.25543902233588
252.18898585701567
250.59292823319367
248.96085145745468
248.60911188048806
245.89451746886675
246.88086762792696
250.83898487805146
258.2718870171333
269.2610270610679
275.7190692124328
284.07113309645325
291.91798343044974
299.4525109784698
311.08905050980445
319.6024908685384
325.2877750663925
325.9424185801531
325.4404741786564
325.24731303566745
322.07611664407926
319.21328271755874
315.0086699327622
311.53436652060844
311.1272694599953
310.2429510457698
309.7824222176585
310.338091804487
308.89069880122827
308.0574658840166
306.9005893119414
306.73143050234006
305.9754385753279
304.7792158836107
302.51780869852973
301.11257529845005
300.2106788059889
298.34908478125055
297.7005898490437
296.8862439089109
295.9022978046341
295.57814530617867
294.67875277474224
292.7604391312916
288.4637911815997
284.74236938824885
281.48332890674874
277.1253531865656
272.4691376381877
267.32270824509993
260.12896759059015
254.22945428339355
249.54516856322178
248.81290232666169
248.232143490107
253.37668002461504
261.3067818217791
273.9897976117239
281.0854292182765
291.76681372227955
299.12465223835306
306.670965763903
318.7099458822836
327.80573110199754
335.5769315345193
336.3694276494592
336.6893152776588
332.6605820250365
326.37498506100343
316.47341736809057
309.2144153499901
300.9975238952333
295.8639828254214
291.59084269530825
286.94554540525587
282.40355439392584
278.02324523436175
276.9315560895571
276.3375517118747
274.56670500716206
271.2050291371806
268.68686878374604
267.0986991777559
263.90054526674317
258.6487413070541
254.54716470880373
250.93616647982563
246.88050782487673
243.94870668590704
243.33691702630395
243.28401217341502
241.39573778623614
240.65025422837675
238.9290793330398
236.91930551307942
235.37696192381455
232.96253013944968
230.63884560513844
226.04331675633165
222.36427449540176
219.50967973802142
218.06743099303839
218.5305296181629
221.07629915814715
226.7167266034647
235.44529056385525
239.69204846333454
245.70428730248392
252.62756602517248
258.04930124910146
266.8403885734253
273.2494025515784
276.6936952454686
279.0473641059599
279.95679330686124
274.07832725959275
267.33687164047575
256.4360112420367
249.2529149548169
240.26580576126577
228.85827655319923
220.85555606321157
210.36854860050425
209.29535319762556
208.75408902746406
207.09549666540315
207.25965735980506
207.17474522929658
206.3350017087563
206.4993582958583
206.16269278041335
