# format: from_node, to_node, traffic_class, traffic - demand values in each iteration
11
13
c
133.55033154153827
132.45746581606497
133.07142691800888
132.97712211469695
132.44850735104257
132.41903552174898
130.89516578770088
130.5095183396841
127.51322605155974
125.16121581933976
116.0972156352896
107.14327494606847
97.9017533187052
90.12609149896811
82.23185176626498
71.11406645742584
63.03454472564283
55.849516122683404
56.24700053202232
55.21827304300086
57.0167676074829
59.29276714809556
63.0157787032793
66.55687345527119
68.90015604916826
69.19821717216374
69.55589095466736
70.22995158575215
70.53562396061457
70.7235444777088
70.82725861413267
71.85888110853404
72.10227601376354
73.45408780732494
73.93086974476616
74.52789924136724
75.51010121326131
77.1591448618819
77.93550475301437
80.01986533635863
80.60070957929378
81.98880169544613
82.41263650172381
81.81668910041896
81.75323541924247
80.84458566371141
78.91505853861845
78.93570429356647
78.54268676056272
76.99274023912022
76.81553637834776
76.60866237929221
76.36312626144266
74.99261795094307
76.35920936359608
75.7121705170142
75.30903505171817
75.43555813350841
74.51219977065654
73.18724875575668
74.32260147609085
71.92957692516072
72.01715056145052
70.1802992833245
67.7598296200792
66.73528267861658
65.78284869351913
66.30291234022673
68.90482154161298
74.56139526419152
80.99353115417304
86.85718124660247
92.67419672199968
98.12492171751624
101.4626479732617
106.67377980075406
110.40097269066574
114.17317798076472
116.90717100772206
119.13360829704688
124.77964343028441
129.13850848289644
136.82463829596568
140.6450910097238
148.01463322560653
154.39050956141168
161.99229125298066
173.39888438866078
181.96195869453805
187.77255962916604
189.96480488004323
189.0338292723349
188.13758579743438
185.00529949743424
181.7772180585855
177.56967085592166
175.4162109723647
176.10831211158643
176.1572895207188
174.7733198465018
175.85371230343154
175.91441970740757
174.38878067179047
174.48827519159826
172.77930739646024
171.4261450215742
165.0120681155023
157.88436877805137
148.57925558511846
142.33413434690058
136.90148266095463
128.1257871556519
121.08507000585264
116.55543264899015
114.68557794424292
115.0561090159061
115.72091679446875
119.0274343073156
122.51341771327587
125.35928669378457
128.8156923076066
130.67516465678443
131.70088158554412
132.64418223012584
133.64193575624412
134.44126593143346
134.38289776593592
134.50812803538187
135.1420313636784
135.55729861441253
135.46164806508742
135.42212022687292
134.37317287342938
136.38742212981438
135.81778633614385
136.44158383302707
137.5842299089274
136.12000470695025
137.2635305156787
136.79781707560417
138.2443750429778
140.2122092201377
143.40174993387478
148.05526570083455
151.3905606380667
153.93843035873147
157.72250902561785
162.3096011797019
166.0441434176962
168.75375601282207
169.10732279478063
169.16511679195364
168.5262012033976
167.25093477069933
166.25910242650667
166.2169703059727
165.1411414157154
165.26776897204772
163.8431299233931
162.53833905512587
161.91613940850337
161.09397821848347
160.93338882740454
160.37992477493682
163.62924071928327
166.96678221582115
174.61310249760825
179.29546390097653
185.19041245446508
190.04257248200778
193.32863046588824
201.50532958389059
207.5222320610271
210.8910698435453
212.3346337665887
211.87997342277842
210.12978981179907
209.15413053909376
206.87124138863496
204.90244600422173
202.03405758661762
202.22557333726462
201.8636647137751
201.59014127228014
201.74814098021562
200.0324702873287
200.0705010698638
199.9739242199985
199.51611888050346
199.2041554242556
197.58212012468448
197.8416830104396
195.6575041511229
195.37675955938818
193.35336150254824
193.96357512353785
191.98392083909005
192.29263302339945
191.52604815094884
190.97574319574053
189.46385212330182
187.95232681155
184.63176189397706
182.16383436253912
180.0040501061566
177.41760277462512
174.19739943210953
168.7934689584053
165.39740488033883
162.72871057976
161.1995641664023
162.0057564176118
164.727828579622
169.7875490444401
177.22656510141326
183.0587900284821
189.6995351802467
193.98511786378967
200.10825145190543
207.11436439815824
213.55132859944362
217.6010700849765
219.4832002872236
217.94322146164603
216.20574089799373
211.65804524089467
205.34968070611023
200.5748370713977
195.77233380266298
191.38162176678048
189.54302511169806
185.614709753271
184.14422311406838
180.89274186702556
179.89793881725535
180.4189674273459
178.34683982397897
176.7453633926411
175.68942132503233
172.58509097050487
171.61397181347306
168.27156083833268
165.88408113017843
163.20489470528918
160.9907671640837
159.10322672058493
157.55920409802076
157.34831429590108
156.49250098664677
155.98786359678616
155.01381439558264
153.72912171318006
153.82048622470512
152.31775103467578
148.9135702799071
146.8041066728188
145.08865805259265
141.5074338995717
141.44472126922528
141.4287156412533
144.5624408715891
147.9139013599167
151.44636561072517
156.34973016113662
159.83138447060844
164.11375080831948
167.93705103950217
172.19645465316052
177.45772973221978
180.24002300329647
182.37813800593815
181.26866573342548
177.7044347251424
172.7079333688937
167.11721960328825
160.9551063613259
155.2411501693912
149.8444842527147
143.67961268752308
136.4014250527854
135.90181585441476
135.56221121283667
133.94817326686837
134.39222543972488
134.23380840558875
133.86917953466454
134.91882599202
134.28624335342522
