# format: from_node, to_node, traffic_class, traffic - demand values in each iteration
16
7
d
114.39828750429989
113.5285235282667
113.27258046780946
114.22409852957765
112.87006754945435
113.87435655057728
112.80513826112426
109.9655909695665
109.68369152039652
106.92125653245007
98.39651035066355
92.02405375286047
83.86134891977969
76.73354703130741
70.38898886241417
60.946378439271896
53.98193278857829
47.78595904569373
47.70425212962523
47.79184657341703
48.05656641657435
50.743665398312636
54.08293769633275
57.28618344548373
59.70039874514081
59.19974207915684
59.28959651734504
59.555830208370004
60.02130645037555
59.70806314028933
61.47480119665039
61.099631250027386
62.00779048197348
63.16966337748485
63.30589999096072
63.719571326989126
65.24737064018696
64.61055094982159
66.24970106151531
68.64516598002145
68.80016648029977
70.62113953903918
70.31378330073566
69.93815140220725
69.84903770444393
69.57066577182505
67.60092744184412
68.57075875396521
66.42174809547255
66.41219248103697
65.95489958198893
65.63864495917763
64.63521565554582
63.993640285305304
64.53138219738746
63.918537415887975
63.01911083486753
63.21918546672093
63.41112431754656
63.43476041044212
63.00222450072754
61.83541459202494
61.24942836143167
58.694009644971146
58.51112745618036
57.57226328219619
56.0004262297559
55.41481910229849
59.53405278540295
63.49042549849448
69.54836538104605
74.29816813922234
79.59549250341796
84.83283008764312
86.94486459790633
91.23965082640846
94.09815471519161
97.2967105961397
98.98175682792369
101.81213010594016
106.01208343925988
111.01825144658835
115.17653256001988
119.89638544952594
125.93329566238411
131.87816446899927
138.86363306442024
148.03360899704367
155.7323297110641
161.29278574231756
161.14100583080383
161.91153383892208
160.66734298768853
159.35178195757234
155.25866445341597
152.5031007925808
149.4507057678421
149.5890799502686
149.99863593494
150.76148373034948
149.88574477493268
150.10137968780762
149.86393981895438
148.42247122662837
148.3358016015541
146.9463633501072
140.495871676019
135.05322353992491
127.65540852208564
122.35489858333045
117.26090727834101
109.25662531264658
102.90042796259465
98.9292646744148
98.36184396234262
98.15119929449968
99.70555172870277
102.39485485461468
105.3625288483787
107.98549188249933
109.82113610781
111.39844208194158
112.46346184173821
113.2060828436149
114.71137273282861
114.68669752599705
115.64340718577778
115.53500345419164
114.67362502099043
115.65696862067433
115.33234153686274
116.34056873797138
116.77750561717971
116.24296054387565
116.7342931074056
115.30399238679776
116.40660982184238
116.6614722298341
117.14185866719892
117.76936520122624
118.98876265626369
119.32981745012091
122.82191508666774
126.58804914390748
129.37187421542677
131.78059396823943
135.63751484119845
138.24415696463808
142.47276911179196
144.37233472262145
144.7453775645982
144.77364457913995
144.4526818227969
142.78968489139234
142.65800312627255
141.22136054539794
141.14693230885607
140.06060982658377
139.57418019376382
138.6480248598288
138.48432618645873
137.7245336045268
137.28895692237793
136.97235156436108
139.58363586084968
142.86275873842126
149.3135665777453
152.05367447977747
157.62723824151618
162.04704414414974
165.4963777094546
172.62191629741162
177.51129029857404
181.02577625131934
181.78660063983816
181.46734966372836
180.18482439515878
178.2141284735117
176.20889387662666
175.81248869211223
173.94908554634054
171.6470343602904
172.28737551131866
173.05219280870193
172.09807876125146
170.53224810298295
171.56973926610704
170.3474896614419
170.15796243892584
169.15317185559414
168.08101375324065
167.59424652265542
166.78490973842227
166.43869190371697
165.13764790388385
165.8135340278408
165.42809763823053
164.08579313836233
163.78033170438377
162.6139260972121
161.92976143823375
160.4962692119817
158.36013459274182
155.8094335084042
154.18411340227593
151.09273685367836
148.0296660310981
144.21769745625085
141.09298669334595
138.50283770740268
136.98485792116256
137.61115487933301
140.96622350522537
145.1850477770485
151.06114697236964
156.74656034959187
161.62809279993672
165.91500451167795
171.7648384371906
177.27346445235668
182.23456599751
185.3581194371222
186.49610091587462
185.87580870121926
184.3440890487726
180.75763587779957
174.3302465991696
172.6303227092521
166.49184246668023
164.36662330715325
162.1756601972165
159.51792561251844
156.6947279776619
154.8661959937438
152.92281491774656
153.7395222194717
152.62382884207196
151.37328227532853
149.84731488862508
148.01531964873072
146.75131865020916
143.3686836464435
141.72886279533654
138.84182391652757
136.69321715550043
134.61131543577625
135.4521996932941
135.07727880345695
134.06328774506133
133.47983682976925
132.50038987736977
131.9878190313463
130.75578009520652
130.1681534768645
127.86920174924357
126.08610988303688
123.42544867474167
121.41387150530736
121.37975356919436
120.81231455152603
123.30236456827846
127.15626305016437
130.52472712822373
133.51144020457926
136.39031240941088
140.3175670105001
142.37120672331397
148.1040052220227
151.98871232409374
155.11131921748083
155.47155764635406
155.56276056863788
152.54955699494002
148.70253276581622
141.9480730452903
137.35533205932788
133.7151846333268
127.26706574748297
123.44454300096406
117.16109168633356
115.33516899240843
115.53876626559331
115.04960261436347
115.16284351319207
115.16173895988847
114.51631091766114
113.81439196525783
113.57614666627337
