# format: from_node, to_node, traffic_class, traffic - demand values in each iteration
12
20
e
138.94360992008828
138.38819459618233
139.69705979338048
138.7941053877433
138.31919836932116
137.57218959987145
136.0748458851386
136.56783622401704
133.63322667983556
131.04805561672515
120.94546175124283
111.95006319956349
102.4826148810201
93.8520639204948
86.46506382115466
74.91804316285443
65.66917059735717
59.325371977084416
57.63200905691017
57.88035075163539
59.57146620361739
62.44431452094228
65.74837538744622
68.17193519345821
71.66173990899306
71.97875348624089
73.54797530483587
73.26026051440908
73.25244982846506
73.44238193038316
72.74634440083913
74.05634158930675
74.95339382531195
75.76183466861585
76.3874744732249
77.252331542145
78.56179304836871
79.53440302311972
82.3011378561774
83.83638462289531
83.60547778260114
84.81657620780943
86.14852977246561
86.0173415362346
84.63289256707233
84.52835953825955
83.09668238046068
81.65288344273286
82.05222417358674
80.86202565091465
80.52163435116876
79.85628824296337
79.21918933037334
79.71641452814619
79.17542779018778
78.15647116981754
77.83535778334554
78.5331095089264
76.74725397219622
77.38914163222987
76.49831963472883
75.60880231289714
74.58851223877048
72.28155401045245
71.1689543335371
69.8787129009567
67.19989268135268
68.8468707818183
72.11727673899122
78.10739376888895
86.07853481789523
90.88102080580178
97.5831939512493
101.65056521757211
107.36148212752376
111.31224194056722
114.99191787987282
119.08375215708116
122.56852462451228
124.55651946198901
129.30867286032108
135.12347285255447
141.91638692650008
146.1259405136726
153.82166883925328
161.21069638290416
169.10603760961587
181.7026352816851
190.36225735257307
195.90377205271815
198.3775777852303
198.24476650852975
196.07625319320323
192.609648446592
189.53044481180868
186.60025569926393
183.8197443614472
183.86903471445282
182.44189743479268
183.51084169537123
184.30625664328434
182.23386104750077
183.23301370248782
181.59934333247443
180.7651713804186
178.9492646406517
172.09103374813702
165.4880493923587
155.4213879783996
149.52027626612505
143.5056745543776
133.01694909568113
126.30178296530434
121.61669589939756
119.37136289262855
120.56922611718346
122.20241913117547
125.26123295796087
128.49242051316762
131.99241296767516
134.5059847718328
135.4212721396851
137.01216929792525
138.2223875271187
139.62681418419334
140.4350232461052
140.19840446491864
140.56134212486555
140.72775781701256
140.35209042091086
141.74569258040546
141.49518582698553
141.82559571685348
141.83242943801184
143.31899606377888
143.28494691570634
142.3073836525237
142.25239647305702
143.28146870564157
144.18887335633605
144.9225317915153
146.51592886832918
150.2217596411199
153.625900189325
158.1459492174191
162.60881190332057
164.73495478467277
170.29476273289572
173.73769872650476
176.88283339208286
176.46067146226636
176.61216309199793
176.5330007669292
174.578738598738
174.20333499784817
173.02824992591633
170.82140230025
172.7414925820638
170.4157345577107
170.9967923325248
169.3141593734955
167.75297441580523
167.08751595474845
168.89423345033708
171.61962536116778
175.0203338786155
182.61022564497722
187.6065063805688
192.13182461962595
198.9072216509592
202.12121835078088
210.90139645643376
216.20090996097127
220.55901801095274
222.0602275093611
221.24361519572005
220.82549276725527
218.98679224540916
215.49570428057322
213.7853901279727
212.16296846407954
210.9046386048548
210.7044963552925
209.56391324815124
209.65361973784886
209.91588450763638
208.66904746719248
208.4244696246349
208.03963516811345
207.19903256555287
206.23086335435684
205.6249268478144
205.6657200061178
203.5960938043022
204.18156870077226
201.74579253539432
200.77750782673817
200.7935162902589
200.77563298688708
199.58449282849247
198.02933665266607
196.38119199277293
193.52828652167995
190.71450565967282
188.3915575247718
185.7118681595985
180.98020812201935
176.60793465866234
172.38901806557763
169.44261172597402
167.89200354276056
168.86830993902052
172.55303345218385
177.3280387718723
185.3605803046091
191.56643726498913
198.4679000858698
202.99166646664128
207.96096090548457
216.76316269202206
222.31592735301365
226.78740831888905
228.5873695803239
228.46299216287238
225.11468921104657
220.8149245242933
214.48884367930958
210.24550897369014
204.78921543617068
201.4417659372046
198.55996365399199
195.4389446090849
192.03655676702684
189.69133438085098
187.83389793249717
187.4984156353171
184.4320718692591
183.76487297318803
182.6936505524888
180.61380839311485
178.6916868831083
176.5766047868323
173.51428637210395
168.81799103898376
166.4094967372707
165.63966914160278
164.720118185004
164.7194053132619
164.3501973312858
162.87507745605018
161.85570409005962
161.53530790903753
160.52776496992962
157.4067236953078
156.85069177964024
152.59973384525998
150.07607032071485
148.04787912148257
148.03964518604104
147.94569268989108
150.67878099891442
154.62942356897378
159.3206600209478
163.31485141915437
166.82214086659172
171.58115007360493
174.23735102896418
181.3382519319999
184.65363967701174
189.45684584206353
189.49000263074947
190.14848547271347
187.0192579761815
180.17098856996623
173.75422379649413
169.29528547331697
163.26123218099187
155.2947425241947
150.51917179116776
142.76986269031016
141.89639902454977
140.3344519730516
141.1225407617674
139.74093064066562
141.65674992216518
139.8701781058297
140.1371820995158
139.3292393765956
