# format: from_node, to_node, traffic_class, traffic - demand values in each iteration
11
9
c
192.61443363619006
191.0972397753324
191.26488092725288
191.46220300150864
191.10901615823775
189.72889096003385
188.69012659903882
187.20868490682975
183.78542283784014
180.5436309236356
166.90813371568288
154.66079851131056
140.90810490566054
129.57956485410273
119.2932721528807
102.46024370417192
90.54506755055277
81.60571887543527
79.67053997778083
79.9385772612816
81.28634642073972
85.58646713016083
91.37471277104804
94.53757901497511
98.93248699555043
100.17320640667285
99.60703729815262
101.11253792722978
101.46923279459408
101.02434457345763
102.20217272319397
102.17815427516136
103.53011682834267
105.6177454778843
106.44512906178888
107.5643947646118
109.34453269304437
110.93652367674503
110.93410693689518
114.55167387255347
116.14900363553843
118.22268521453073
117.67475482822664
118.32847156574282
117.6904990161396
115.72935606446453
114.95300138069331
113.28463075820788
111.74369638964176
112.04809320978165
110.67007952799366
110.2555446330435
109.73760976285406
108.41732538176102
107.73755382493857
107.31478199401404
106.93349193507912
107.9239139188842
106.42712318718353
105.17086351586804
105.39889315973916
104.69215834188107
102.06147885911005
99.82949035855368
98.12425153572582
96.29786048264872
94.55751833104418
94.9252510775589
100.52802951008756
107.23370906096105
118.0508345577682
126.2160172346164
134.72831650933492
141.55196940400356
147.28659853289145
152.30466295068902
158.52748283427772
164.9522834545648
168.7932594862272
171.86796031236221
179.91703884753892
185.94726299620962
195.93312194789198
203.0386491822956
212.07121944037058
222.5085475631
233.12931920936308
249.52933801511222
262.23250382330184
269.61631093402417
271.9318450460927
271.85337988932855
270.3452612208478
266.2999737093045
261.086654405778
257.6111996022859
253.2135495232081
252.75105129337496
252.64641517609473
253.76670046376827
252.95010486179382
251.8283979439563
251.34027892824253
250.4618244767008
248.13410384971192
247.08399915279335
237.97192667551224
227.43869174194006
214.43566622735185
205.37575896906523
196.64713976011294
184.17210664802047
174.59286086358327
167.5533179585297
165.36488316586187
165.6516311943627
167.82522220429414
171.81559518626497
177.8235114679091
182.07544996398138
185.48917329908423
187.6594793308706
189.68947704490753
191.37453878367924
192.3235443844528
193.40653333561022
193.33863305809672
193.62308488231693
193.99790987896597
193.50680490362842
193.8709518632062
194.31874364681465
194.98235775160688
194.8647641885651
195.67115996408472
195.79673883137332
195.18307845706738
196.2153316080804
197.02608064607136
198.1221162258206
200.41935669057997
201.18866389966078
208.35847829787923
212.1950370719019
217.72702408059587
222.21536282606044
226.90916362023268
233.88409053902419
238.99159876908422
242.80296315557902
243.68870310685725
243.5109856967274
243.35689701109428
241.54556594054776
239.8712479853226
238.79918166812996
237.3199211906851
236.44064455167987
236.14060848343274
234.45437104318032
231.71072212166789
231.3353385365545
231.35744664285204
230.536251736766
235.445291063626
242.24513663172604
251.8413270652595
257.51844032910714
264.8529089816797
273.82373331780536
279.8011464517727
290.9831705475603
298.31369640549156
303.8135109718506
304.7652074833702
305.49897025200494
303.2887971673959
301.63155371468184
296.5483938412775
294.5610062040323
291.5473057512928
289.88870800652893
289.62814060594036
289.71757491634776
288.7131440448306
288.2571372681105
287.1991239997947
287.4397299868618
286.37703340985684
286.14986666565414
284.453586956061
281.6453635603918
281.5778735870783
280.1363956603747
280.33117705614694
278.2136684757432
278.15897262583707
275.88248985668577
276.44989027382366
274.7914854324805
272.82698645547526
270.41612126209276
266.36162088565993
262.8588804471658
259.37104520690394
254.05540375408074
249.98086847230977
242.51635522299958
237.6108575799568
233.09384610309218
232.02327568290642
230.88646226838264
236.5492108785295
244.46003665905013
254.93087837433674
262.7985013367919
271.73402099594017
279.9326713608636
287.3205220050148
297.6320509181988
306.2537636755013
313.6416322299075
315.6201155970662
314.93984607879617
310.4256543165879
303.9105972739396
295.98109665044893
289.09163936399125
282.11149659360086
276.52702707445815
272.1888110935283
267.18813513771704
264.6525923781455
260.56470117671523
259.3277326809957
257.7723953188745
256.21994432108204
253.05030669408512
251.01506175336922
249.57431105422265
246.2006962453954
241.1775493705457
239.44655945220882
233.23307637364388
231.1154166202135
228.29340458127058
227.52128909755547
225.6966976432167
225.79351384513245
224.93657400091445
222.214774953588
222.63696239485665
220.79941477807526
217.17367540524597
215.66129732587905
211.54530788714476
207.56050871172127
205.3822941134851
204.21944524158255
204.59433019516032
207.33165571089276
211.9069094419054
219.72383100962222
224.78794946946155
229.74327446438159
235.80595631034754
241.30426533549561
249.1150052216979
254.45740970952033
259.51966970380585
260.99490472824994
260.84463472841674
256.7900499317963
249.87136540784036
239.70677551662183
232.38392343565846
223.49437660991794
214.6267040640058
206.5236025710347
196.7298262783078
195.68438180945265
194.39781623621636
194.08251263080302
193.62566770299898
193.45838524330034
193.23778042281643
192.0574537753989
192.79547435856273
