2
15
c
128.9907743002778
130.81830757501058
129.55966071671668
130.1470313366398
129.87880092178415
129.7366648352012
129.32374135531634
123.85373475640482
117.48950036532752
106.61685003974067
100.21206314843143
91.63053636356578
76.60435013596806
64.93506435768197
52.287240276481626
52.209021038036
51.336595004479584
52.2405254646138
51.791709214058955
52.02243927455257
50.929321776897034
51.01082310790289
50.97998092965271
51.85495507092096
49.44902194225106
49.4695254502787
46.94494106598045
44.573937708992325
43.048952884454316
44.157374918702615
42.62231841915126
44.210539514342344
43.536156765374514
44.33307463511267
44.20630016838836
45.07637238109698
45.33012571118116
46.060309730965386
47.17923001403286
47.433666852522585
48.46339027655046
48.35268425310695
49.687900861429924
45.98653574685428
43.90649987664589
39.66135254666184
35.32806073272833
32.524405086666064
27.299538445457188
22.611509411318284
17.053561511999135
13.125333464811561
9.697389783607601
8.83524456513129
9.388440189897585
12.149613980774642
16.905232322923634
23.581442914225413
28.630866560278953
33.916074358545046
37.71672548351057
42.61478072420364
48.502068755873346
52.94928456410455
56.54032253236357
57.66999491546301
57.87124225495064
57.912706225118086
55.047251806873064
53.16593768859645
50.50938054721091
49.39831602901239
46.53423692688046
46.23267326561339
45.13154877545934
44.935847904935905
44.058066514594124
44.032954653322356
43.38450133322503
44.95719832893245
46.480610173768845
47.77083901808375
50.132883340173294
51.81095873750588
52.999918673125464
52.77916283641165
53.76644626612192
54.196612241579025
56.253200887238094
56.60019585321925
57.127864077858646
58.64379433698859
61.81149324149231
65.12501968530412
67.40623031653023
71.40506915928208
75.89133477117122
78.79111122746448
84.1861065898935
88.64849869775648
89.91839172342742
92.05721404673847
91.0652076363204
90.22678935186242
88.1460117384213
84.69784454300269
82.15377309661763
79.33734331328698
78.08794135531072
77.40379253385797
73.91171592172415
73.17595811550186
72.50580746585392
72.16948433499759
72.28633943681857
72.56129781736377
72.73508447841105
74.02065562706541
75.85314404493721
76.4138592689996
77.10921102320854
77.08190204341815
77.41918133179752
77.187876186787
77.43911043404925
77.97434708019706
79.61683395630703
80.16268554353249
82.60750797797918
88.7472742704242
95.0524764278226
103.04954967444857
110.06963970797513
114.84590129275514
121.34565252444072
126.24288397577507
128.57117727419558
129.87275161444174
130.5747233217823
132.13410699016023
132.8636027988423
134.13398712174194
135.6898406142918
136.94244386417571
138.05549919545598
139.26970753284382
139.79064658833127
141.0133176027999
142.97455216899513
145.0652427542434
146.13899245275786
152.32815915025597
157.75923856583947
174.9901541466072
187.1670912825904
202.23761988790818
216.99630753753016
229.8696929279399
251.69076210827015
266.9780811315719
280.0553949993112
282.88041717654994
282.33706528918856
274.8929962649382
263.78522836361066
248.73860745379145
235.025311361279
223.10145140638005
204.70510830262188
191.56264989329932
179.8176197518764
181.29214027191767
184.61732534870734
183.8367994609266
185.06993606287904
185.22430902713867
184.0697447697633
185.03733436257585
185.46889854580834
184.7152867447386
184.37362777339695
182.00229111886762
179.7358463667779
178.68430720037617
176.84032334046108
175.95238745090228
175.54927391192393
179.82593944719048
186.2354965854982
196.95738835992432
203.03541106570114
210.91173764087767
216.7629645091579
224.00347348879086
230.64487398591703
236.26243127206055
241.41022420851368
243.49105485696117
244.54463656571522
249.63439939923953
252.65879784465398
257.05268348399557
260.08543968488146
264.37711618625826
271.89514630544795
279.36541302785923
291.018874715534
299.7398909503477
307.52897599703385
309.8481215426263
310.1631132575403
301.4423101537925
288.6202194186907
270.2767053389872
257.0840881797118
242.18090153451567
229.01698969244876
217.71339402676801
204.96074982928258
194.55909212210915
186.61210906198207
184.67396472641695
182.91249983764163
178.52952805503503
175.3182595285313
171.02540879917308
166.9770062009413
162.53009871712544
155.2889912571933
147.93961660967759
135.72834327776116
126.6697810925403
120.92279671305991
120.34525634876817
118.96960868602247
121.65397265059946
123.83451206848068
128.2781869895905
130.46289722775083
134.20407482131725
134.83212840847872
135.20043711247175
138.05532083560215
139.19146508278214
139.67711187701266
140.1384755745313
141.24109635905495
137.71324318115919
135.6269244338607
129.03259309496045
126.06559794089354
122.91116889421383
118.92944435720847
116.0524515614776
111.50112944083385
108.03055989187908
106.06693719136985
105.38184622169922
104.3982624190901
104.18319057447275
103.74391170889018
102.34268201216597
99.75295324641132
99.28150494319621
97.07755582970412
95.3116653424574
89.90417217298008
87.859269077422
85.80582004675792
86.20951659909701
85.9808920308714
87.65530273424302
91.02093365487144
97.31091898012147
100.29019928144415
105.76424093276837
109.95401595369982
116.0902762155908
121.12414438131837
122.4299344089196
121.40387266356949
121.73913117819365
122.61756565259664
122.18520203306528
121.92343855829198
122.98970038883077
123.06783333230334
122.02902328748573
