0
10
d
187.11827403479867
184.406403701029
184.13480401351478
183.58016370499558
181.73235961004485
178.74696989556466
177.79455015096087
176.07750469723274
171.27987933765823
165.47590865817884
154.93512418084768
148.19702595153305
137.17861284255292
128.57541592624648
119.56157938876193
104.47438828869043
94.75103064879794
86.8745622285231
83.97726256554621
84.9555578246383
87.09458188365028
91.79950660364828
96.12037461659106
100.2694082496297
105.2667249274828
106.79311015997756
109.0806326137921
110.49545986631811
111.32583740862421
111.87302855540138
112.40892478339572
112.4362640698957
112.71935774003077
113.7788869251892
114.44474949986662
113.95457124206133
114.53396083378651
114.74803086366776
115.39233783619451
116.20657502807418
116.85229206403541
117.57859267128894
117.87223392018254
118.4541714030727
116.79930631387327
117.74870882161855
118.00685537665832
116.94533409793702
116.51212183686455
117.18540108667432
116.331299148701
116.47660609582047
116.51361436761046
117.10349803991484
117.13702256672985
117.94025222086812
117.21811815318412
115.88966342300422
117.16686424441627
117.31115374669746
116.7696213459842
117.05600066669236
116.7450239263653
116.07046167950693
114.68521979793357
114.62298752032802
115.44352396362868
113.60484864808177
117.03728913265947
119.5698301629174
124.20377691198885
126.9820927983259
132.32713681254543
137.56260817596404
142.28481404477964
147.63982088225134
148.59977531920433
148.19295111436625
147.53103772609222
149.04455550259735
149.31492224743178
148.1353041636792
149.33875532271657
148.74377490473796
149.52492605825762
149.79081336276633
149.14540144340552
149.92206688659246
149.21746847701556
149.4518925046735
149.18745453394044
150.2875180872514
152.22201634883112
155.2043314810698
163.8686278698489
174.4310342690836
187.10964712387417
196.50156961625004
204.29495685362926
217.35524986849455
226.2155868781603
232.30991904554958
234.2078674340979
234.6518843379938
233.31766161888868
230.30262476468647
227.40770661042845
225.82909348714037
222.80154051889147
222.1227824542639
222.89257138461235
222.79458027006945
224.0952863126139
223.00664748058247
224.81317106870208
224.82087267100934
223.38837808061527
220.89070156087033
216.1380256641515
213.97997298150136
210.10241515308167
206.9301843729504
204.3456651067497
200.41239301633263
197.03990200350157
195.30215759754748
194.93538703669734
195.578729803845
194.40601131070088
195.95030334473557
196.9276478308488
197.17291438559428
199.04983034028973
198.71694484767326
198.75657536133352
197.17438580210992
196.31957565513886
197.0132749850835
195.88692385059537
195.26848417864673
198.20477543363882
202.21868449938992
207.57693008698604
212.06176842333866
215.85954296589102
220.46455127882814
225.54283880052276
232.99313874211094
238.4511571947536
240.86359000260805
243.22227780194243
243.63561190619748
240.70270467159514
236.05576139218877
229.63441921277754
224.08892395529682
219.10183462142095
215.0103140348522
211.27181047227307
205.64111462060498
200.4898827850543
197.59588228775002
195.34247252476894
196.04068638101916
199.22200328359753
204.32584026870273
211.4014535719038
215.52891298532307
222.23478902204027
226.8405171989213
229.56901591278404
233.31091913159926
236.86188501780552
240.37032189065053
241.84299718235587
243.68694072578833
247.01836963137686
249.20587738915577
253.55838204226743
255.80727243662548
260.34178113679127
265.75667591385525
270.0188623671339
277.69000947089177
283.6697096920961
289.0130354443248
289.40661116419705
289.71098687839617
287.3811120221928
285.224079780175
281.15406426735666
277.72614049592937
275.65255950485005
273.1563793892854
271.2492228419662
267.4402425811118
266.3518594594956
264.67073380715726
263.86281901381153
264.72441193831946
267.0143665449771
270.8975710993506
275.5196931555236
279.19994925782106
283.34112861731415
286.4628623625489
291.81619522893976
296.15171990508617
299.72339397191007
303.9701455066558
303.8600367410908
304.4898122886344
303.63191485316565
301.7737171996528
298.559633048188
296.6984560060972
294.8937362572626
295.1063294988861
295.0011427967052
295.3004651055843
295.12808472824855
294.1841494787254
292.79670413945576
293.4336383515893
291.85687006539933
290.2311830919183
286.1588495603565
279.4303637085839
275.38370888326955
269.1915580369462
264.62042471006504
258.65528931558225
255.9210355141786
255.25248640729527
253.73176805596546
254.0392814221274
252.81797000535457
252.93419290481668
252.0391561414305
251.95495282742834
251.19769507040047
249.40489451128778
249.0040931073942
247.94202810892457
246.82642826266957
245.4573485990079
244.82775161215508
244.53259752819534
243.51684667512467
243.38228643126033
241.190874547534
240.40143007688576
239.45283443353338
238.5058689644486
236.66529490422894
234.45768501116822
233.62728059622998
232.00206196760172
231.56684657877145
232.0993560342298
231.40741020397107
232.1005987137551
232.61459112932494
232.90515306944707
233.51569643356245
234.20732971415947
234.34308550622734
236.0979677215226
236.6171840963533
237.139630520282
237.92545572521277
236.8800713674752
234.42157753003852
231.0320005654838
225.40746124669434
221.22245551324679
216.3785636956535
211.72921694967397
207.49143211161837
202.68723584211986
199.75295669121567
195.8734674474302
194.86338902000108
195.17833193004714
193.9780930943701
191.74340257012892
190.04707864807966
189.32397428979004
