14
11
b
146.92098292303103
143.56036694262013
142.97596367807878
137.46033087106215
135.48054442197918
132.90457384402168
131.5683894391444
129.13350395099764
127.24138431118874
125.12593736749386
122.83773765001102
119.169869134403
117.52918263564447
112.17934895309418
108.42213770885779
103.62470889041883
99.70604101933695
99.93164248046543
98.34698966901193
97.78613396999121
96.67842203092219
96.62079426427482
95.03284285127532
95.54434546776712
93.77714017346379
93.11281267964515
91.78533835445131
88.78632144288828
88.2604462523091
87.52915415162857
86.69291718975592
85.8760998721278
85.01771131657463
84.70641897702498
83.0286593613861
82.56296236416506
80.35620804648487
79.33878599829754
77.27557024935432
74.34995695496826
72.24728585596283
70.28331324286137
70.50685281358378
71.41514149445675
70.4138048588273
71.88158519797632
73.38308992547734
73.13762050861911
76.28852319110516
75.33599724217963
75.98947877820567
76.9786592958983
75.97349859541475
76.97190280799306
77.44826464336394
77.47000423463948
77.54578789930125
78.05088617959694
79.43903624149392
79.09334006675
80.67841482839813
81.15709433705959
82.22687677213479
82.60422444026858
84.45322262769595
84.91741948141748
83.77582288513855
84.45576212803184
84.97561895115845
86.31460543837076
88.20809533511931
89.21686890469877
90.42482964654184
92.9413509844174
94.11736751688971
93.58601695710693
95.42394979695537
96.80981462754153
97.80572262447505
98.32390381756977
101.45446282441311
103.54818058058542
105.0668506537744
107.76989001095966
109.81448265987059
112.57008241690457
115.50115993840716
118.36212608093308
120.86116667149314
122.41492322248878
124.2634370014775
125.80812236547291
126.79787090636684
129.34388806432432
132.15312290252712
133.775878405293
135.80950446584689
139.68367264702917
143.53723059096149
146.62313000773338
149.35851081910218
152.46414043808107
152.94648202058917
153.23528722485761
155.50134266506797
156.3094886785936
157.78338273766852
159.02190011758623
160.66196674361723
164.00976864971514
167.30205704866992
171.0649714823064
172.92689618060766
173.32099689689514
172.83022139548873
173.88508522252346
173.9164849915233
174.28981882659932
174.46086244442665
174.1371863733188
175.34752682093827
176.5673951816293
176.2997543050476
177.99034447418475
179.22941548450396
179.31710647974506
180.3787532514534
179.6660145823554
179.62588867808154
178.663008975696
177.93268846610576
177.85439811563086
176.5213178981617
176.09922450510626
174.85596764554583
174.51615068879033
174.1419818859937
173.33284549098926
172.89328602768083
173.21362908368803
174.07632192813975
176.01184664164327
176.7739272580179
178.6438400585081
180.12290236661119
180.42348634221665
182.3361395434154
184.46457109242877
185.90390804944795
186.20185892775703
187.53075144148355
186.47869745502487
186.38321988173567
186.65071754065693
186.34217952398308
185.7968975590707
185.79546498186474
185.09067785416633
186.0131798924676
185.08226181615998
185.72917018307552
185.93963174366786
185.79732680311358
185.98274381514125
185.95804651524168
185.55578752682436
184.67637571339372
183.67981508670977
183.02981085953905
183.13944847131475
182.69184592598978
183.39123995497627
182.4652637446828
182.58188656469355
182.77805085445752
181.90515700431672
181.8111490424646
180.38186399896193
179.53268119750504
179.94504141599646
178.48536328945454
178.020174384375
176.30981512112365
176.26891667268805
175.32733753686185
173.70314341424535
174.09903067899052
173.91253902588184
173.05128986493727
173.09418548178002
173.22920973343767
172.31849018942748
173.10583845449017
172.63576656943312
173.02911278178854
172.89127034325313
172.05339255578002
170.8682492471211
171.0220348393708
170.42944618274635
171.3899622429071
169.57268653426655
170.24769883442642
169.68403741124925
169.80980539700053
170.56216937016248
168.16273683331093
168.64001174123572
167.14913358894927
168.16819913134907
166.75266166332736
166.8134380792295
166.8837295822684
167.60255456506493
168.7574180092437
168.27766243861558
169.16890784073846
170.4068688155969
170.34734247653574
170.7016362659526
171.41518808171244
171.4304499499352
173.0743162397354
172.71510443191244
171.14371386728493
171.69103645324503
171.63630191883786
171.48180503393465
171.20363576126087
170.06670364220483
171.5291861951618
171.19653271971484
171.33877662054533
170.69033448090144
170.571944004028
170.28677903141073
171.1793983383143
172.25598611108612
174.97331023448365
176.28069054654569
177.64260098475316
180.42994659316045
183.87531021304338
186.17433852535214
186.04306453533258
186.89730333585356
186.59223040782499
187.3723462428813
185.84468395775724
186.68005302553365
187.91181714245016
187.8431610677193
187.03867811191822
187.54810258988982
188.73981314349098
188.25477128439746
189.2130026923848
190.92172773214628
189.22040214113179
190.76652533924968
190.413820553776
188.68114336183396
188.24697493695922
186.41125203021392
185.52735497687254
184.76764234770855
184.97908540914207
183.76010972515763
182.76857944207413
183.19288132895755
182.40051608122053
182.301278657205
180.38614499637438
179.1521956581899
175.84569271067744
174.7570198329957
171.63728108553394
169.25669660999782
168.14365886957347
165.334778437302
162.74618928308297
160.93171777880895
160.66496315713366
158.901858386854
156.32850685693617
154.9677409918705
152.1356920885128
149.7468490946836
