13
5
e
87.87271443861054
70.08812197706801
55.12453624157646
44.79933488910212
46.814379387154666
47.87630483277288
49.74241155175312
48.92015777605192
49.76863535352299
49.17433151182452
49.24120358388284
49.10656090028915
50.11460861403162
49.513988663628005
48.40463549509839
47.37512301799384
46.008684970178514
44.9867647507278
45.022764804273685
44.62844396306057
45.33289495422113
46.77212031315644
48.0633226749177
49.2409450144039
49.712551110044934
50.35553593383355
52.001961672346305
53.442059831443785
54.706809736622695
56.34883922712574
56.46766167034804
56.11792281154683
54.506420491470266
50.71042087859843
44.88500544062088
42.510442567789
38.2558716103892
33.66039767674073
30.166792539829814
25.28440247199328
20.27885185188513
18.385483920580658
16.76289225503689
17.349564510291156
19.558838734903226
20.725906608898082
24.601631401265784
26.1172543280982
29.267826600202508
29.981758639051762
29.79280453856224
30.951239669912994
31.901916454183695
32.09543861432976
32.950343414095165
33.572627413977244
36.60111506062173
39.5660921438527
51.00061199144678
59.28609337886415
70.73490099341232
79.15073349428738
87.58442675500196
98.71741639207185
109.7523690227313
115.83389660934384
117.91940169191052
117.38708678232763
115.8751485277544
112.927934502746
111.07453485170318
108.03308272498944
105.04592393076906
104.92462270938806
104.6840197316928
103.52084038857099
101.39164481407543
101.1540261881562
100.62806180260873
100.72153020302355
105.25474503223582
109.20978668739947
117.10027580958453
122.63484216804045
128.2521986281472
134.15356774787224
139.04255183088932
145.74819357215645
149.98658159772762
153.88843467653948
156.7016249560305
157.92534010522544
160.5009516337241
162.60727529500332
166.90485688022673
168.67057825014595
172.3274585226786
178.09500374503622
184.49751219820453
192.79387633487957
199.53852705146465
204.04168759496864
206.04150120236318
206.81602405967544
201.2323542412284
192.85738496487915
181.1448833897706
173.84431149596975
163.5794956721907
156.24887678348668
148.02501933052832
137.32771294668086
127.19528995824497
120.745179594762
119.11971509535819
119.0171068998846
124.69768814054423
131.7991715851369
143.37911350568828
151.23830283234776
160.57662162850593
167.8306919277201
172.86637842402
183.62468578853552
189.7135741235999
194.7288940486992
196.0174321610534
196.975957538351
196.09697189147496
193.70924415095138
190.73546668714562
188.77826560268534
187.9758847846613
187.18804282846193
186.46633311995132
187.98724410997337
187.9268281799905
188.267412464573
189.50311116321572
188.4564552717829
188.13614384776184
185.76437219536095
185.12488127508334
182.9629795544536
181.325606160737
179.55960602405975
176.9611249617023
173.3353711095923
170.3085740768162
167.70014952324308
166.40489780518314
165.30714132963237
173.2704295220791
179.47994045378712
192.07573614354433
200.82370253260692
210.98818882576606
220.23678308002252
229.25921914998153
244.18581164692316
255.46716944997078
263.4385148628341
265.3754832759527
265.1390931490852
257.8573472201235
247.14172862212376
232.34702020094664
220.41351907410242
208.03295376727766
198.08632480862138
188.85298676196385
174.1787617476002
163.7487221631274
155.06515643454898
154.3818645748892
154.21303637155276
157.14300248086008
161.5709058447328
168.35359363136905
173.59706167110056
176.92279106848216
181.2827941707445
182.93836856958117
186.57222835814918
189.26519835402968
191.16880190680496
191.52758532579065
190.50824061300725
189.8320121384765
187.8112029568695
184.89056717604637
182.7299953757046
178.34952066634585
175.46070172671597
171.316646453765
164.71258454579598
159.70946191050808
155.74713226141432
153.8465645354078
153.74023204669126
163.84905376697571
178.37325316372366
200.3380300846022
215.74590785340038
233.87518415903506
251.85388090976343
268.7412806493174
294.1118065671458
314.7499554968379
329.2507004037194
334.62315308483016
334.27137908264046
321.1437496689956
302.132129985932
274.9054922816411
254.31159891298043
230.9397371306431
213.24540252752402
195.664756703177
168.56289781728012
147.61396158653895
131.73101720633306
127.4067503945073
127.17417315788438
140.1343340601324
157.9653237304693
184.2635452581228
203.21081922002844
224.70964692849367
240.68245721986668
257.2012521804098
281.293695302229
300.88854483525944
314.6140491216295
317.9700278140702
316.9243267858288
307.6680909769725
292.94887554981966
271.357247058417
255.07218571106355
237.48172415643506
223.7379080567489
213.59939800076432
199.7198444794702
188.2960003336133
181.1875364490081
177.57064959839414
175.3753139873554
170.28826518221905
166.98462213650026
161.53478675634776
157.83231055802867
152.66893333629073
143.04767466232474
134.36836878845452
120.71137496234732
109.88477836550965
102.72980528226599
100.96705090363332
100.20491008273933
105.56556274629511
111.64103796594483
120.98760964557017
130.31504973468796
136.64346197841155
141.9615326040254
148.09932161479455
156.98052446075704
162.23051728293905
168.09130490711004
167.95286371832796
168.17098429074255
164.18028240848943
159.1638811540081
152.39535423619284
147.1605899250077
140.56714496992754
137.1538925708249
133.73166231278122
130.9282882376311
128.9652342638849
125.07832614299475
123.04776851447846
122.60423096425885
116.23853821464287
110.26812574922066
100.48916859394507
95.90876079484194
