24
20
c
232.52361374103654
227.96424053406167
223.71996382462754
219.0645589132364
214.5103318330869
210.85144702700248
208.37479392143257
206.3838064204208
201.66585709746187
198.31820442469737
194.0974957652173
190.40198259882354
185.58068261421403
178.2140112197018
172.6764701532017
164.04713958606115
159.582350098988
155.89694681201
155.81322081704593
155.6348911336998
154.3619441905705
152.87266983287594
152.54484788172664
150.7843144220174
149.4784031482507
147.22106775069562
145.08146487971533
142.6424947488407
140.04676798486895
137.86463668088376
136.42868531637058
135.7432403714146
135.57803404753403
133.51739122961473
131.8044453471553
129.64698163323064
128.24983236013895
125.16847709728647
121.55836866479513
117.66539391476798
114.34732530400389
112.6822052698476
112.65393014923399
111.84040800630447
112.66358416289377
114.42398918567001
116.7176935819329
118.1124096387379
119.87073142966109
120.37415017104459
120.41474787308528
120.78776706993241
121.21135149167733
122.36010946287185
122.33208613240625
122.30791711962708
123.01483671039739
124.50105223614415
125.78616050166391
126.85489143353091
126.69512223364735
128.00771226262336
129.96333629674015
131.47517614053916
130.85602398071265
132.50426567092643
133.4283758986617
133.41365571248014
134.9686282777065
137.6117239124442
139.0039327790613
141.0731120189606
143.94293455040994
147.12648833320353
147.9979971697361
150.54947056299306
151.76917607795372
153.09202993679895
154.7845086220042
156.01824578693038
160.3335651585608
163.0549567084179
167.25553687339263
170.30500888197258
174.3567634911217
179.15230092066503
182.58110908101222
187.16418354147308
190.31298722645562
193.90872112303254
197.30260056607094
198.00421176819165
201.7410717067958
204.1138051777437
209.52168041552181
212.44500481894775
216.34290550697256
222.2268769092134
226.46300824283324
233.18691349179355
236.1952739298039
241.93544710482203
241.85778269768016
243.33691316992386
245.96217845741845
248.67077243422463
250.9239972335567
252.38034521034498
255.77049665236734
262.2781904054763
264.8728020262681
270.6709332699951
272.1025112335238
274.5466375218512
274.59877506606455
275.3779432507739
275.78027428816165
276.5865092348705
275.8830298271285
277.0308617115615
277.48308376626125
279.28807360055816
280.9494674475617
282.4182984551884
284.25694664521126
285.3897322174224
285.3311978480422
284.93300100102283
285.43585989343705
283.32353195489117
282.40629746837527
281.49639315222134
280.3304683067764
278.7092678783198
277.9153026785861
277.13230469553935
276.39938124275113
274.78013973438885
274.7184227938136
275.0338720787129
275.78456302009465
277.9623095566182
281.75190679597745
283.1170398479393
285.98549912951887
288.323777625108
289.8152328893802
292.8018978801954
294.9927067667393
296.4845195189019
297.16046254194214
297.6901177562335
297.93061708946374
295.12195540683695
295.8826815236442
294.2695395443077
294.74375599586557
294.1129234460583
293.2074818596401
294.2306942457346
294.17352457368025
294.40853707093396
294.3437404896174
295.1072674158309
293.7385912390585
294.51682522469315
292.69752388006435
291.88859505469094
291.7245083050969
291.7642174133821
289.8937417853922
289.4448144859151
288.869108798505
289.5546587973995
289.71348140761455
288.9028616782133
287.68696782954845
286.49537188342885
285.10154673863855
284.0537873627144
282.91613094203854
281.09872951387854
279.50567491018876
278.77073123910435
277.3065895946883
277.4331169843894
276.1850162571805
276.69578762708016
276.45052825183177
275.82078653277927
274.8783497404456
274.6069229192096
274.1164900303587
274.3426927912343
273.62319740912494
272.3372889740413
272.757751610773
272.21718988288404
270.68414197718204
271.01742094096335
271.0099483684286
270.7069130153302
270.37353351557596
270.0242490979298
268.30024201445156
268.0333922671114
268.0575367499848
266.8816368484563
265.8328360150776
264.71047730149684
265.4653835255176
264.3790149766616
265.85059581785225
265.7310839484906
266.020323011696
268.15878420279876
269.0004106774441
268.84179972192624
270.47826365991136
271.1409628851052
272.9694213312465
272.78405651200245
272.23116114657427
274.11371631695755
273.23837820093235
273.411784038937
271.7488795391323
271.8277345070256
272.3327243477849
271.5195689396753
271.27045038017775
271.45818482535805
270.9040310154075
269.7147299595204
269.44764370370456
269.98776251974357
271.47770438036486
273.66048244270354
277.2085362583577
280.70305836041564
283.8752896774253
287.2229132094719
290.18055543154094
294.9076714341203
295.06649885595755
295.59015473731614
296.472153077464
296.556936300733
295.20488204298863
296.1576929800221
296.60065928927486
296.8341854244851
296.70121560393085
296.69292966258416
298.45666715216936
299.9323504009789
301.70295970233366
301.92168788903564
301.97924326224154
301.82792047335147
300.7002128406526
299.0952337177972
296.7958550506003
296.3095355264759
293.3970121129805
293.98358434067785
292.2102536072898
292.4918775187128
291.65451600479645
289.4438975851396
289.27000103313696
288.3029424508588
286.2410501076393
284.37615085733563
278.9139444298838
275.42471633480864
272.0140619376029
268.3982217569102
265.6829380542018
260.53957946431643
259.5785068753383
255.6331414794991
253.62343679981845
253.36546749924526
248.6638631544048
245.00458941606888
241.51011851667198
237.8110087601665
