4
0
c
22.432042355666635
18.63707940757467
16.73071084979661
12.05158750456911
10.304768005779334
8.84461510415555
9.043139385555156
7.626064413013692
8.543163604585665
7.520386071954675
7.999330877204445
6.828083559716911
6.181429158240491
4.495385209601868
2.480088602674601
0.5450912469787904
0.0
0.8648158860836883
0.0
0.0
0.0
2.9256157812315733
8.67521596143924
11.659424158730404
16.834923981950947
21.79398906535641
25.208816728124454
32.09523679230439
36.76739697142935
41.20523979793898
41.07075609796926
41.310593526669585
37.73107476756327
34.180168676226565
27.176356428665237
22.96141115856989
14.223093361096012
10.604113129648992
8.515476620665014
1.3226627119235181
0.36879220456517214
0.0
0.2750152665759542
0.27443376659181584
0.0
0.0
0.5782578839063176
0.13051283403243322
2.1838229552076567
2.7573582528811866
3.045676117261354
3.449566276435233
2.9455042209599918
4.3377146853598
5.177904973848218
4.982607806023874
6.878332135255319
7.932016882482322
13.553796542465676
16.66670046614274
21.445872365056584
24.065943210744482
26.6413389926156
27.473704037933352
30.933425582559227
33.932883362341016
34.99449293591027
38.40797603981772
44.66572971926858
52.172356968943994
66.00378541616757
74.5784224468071
87.25847108074719
100.6222853817294
113.62640647327166
133.57711628098977
148.7295306431123
160.99867004570604
163.62635410904372
163.24877940407598
153.31840408294997
139.26757334990697
117.59737408195177
102.37687097118796
84.32535854714165
70.73755824649548
58.63959484768164
38.659860915218665
24.791753075339237
14.047931434887758
11.753254216627
12.04466702923762
16.056955711734627
22.261336944646928
30.93264523013627
37.91342471557891
46.65607802120567
50.230616007575996
53.00230922430162
58.029537070535596
61.40217045518117
64.75531989510094
64.56200331298008
64.72163625398525
64.00178788857924
64.02023199989642
62.806807568323336
61.45243055558971
59.92838460945946
58.918339390616104
56.13524916551231
52.703845707272016
48.50347491191518
45.221475882980826
44.03798158509698
43.170893659607465
56.71856140578164
73.75769578990115
101.76784495564371
118.58510600564874
140.6236482236779
168.62079172129316
188.76023760751266
218.2305413863507
229.9326425702727
237.0031405527738
238.60349675645185
241.26419886441155
243.94972357332145
245.95079394794755
248.65588620140397
250.47680600975744
253.18209582032932
261.81019589610264
269.1682040865447
283.1337401975547
293.4298821966596
302.40480341683434
303.94773552694585
304.15256632707536
295.3866324115989
281.47742947058725
262.99890437530456
250.60553626254406
234.83438448441612
219.93897372925974
208.64421464745735
192.21988096483713
183.1353403355921
178.31969949134157
175.84364048502835
174.59047615513265
171.14264915029068
168.53623991999797
166.13366547687758
163.40457858067523
161.00299502692334
154.38208588131684
148.68599924571907
141.17833223103744
137.16890409504987
132.14420630651455
131.5389167032149
130.57324337702877
128.10491857887322
126.31915424381555
123.39918299227608
122.84096822359598
119.68629252519194
115.03239684000226
109.8617615748824
103.39880205656448
96.03382103644068
92.14288720825175
89.62527450712122
89.85830129612197
96.82975022618312
107.07353121974897
121.65577666935746
132.46504072552202
144.07776213046213
154.82182355003647
166.77686586772836
185.5362206114753
200.11016166868623
208.84224181410025
212.29846254303462
212.57849065694566
201.83300865934206
184.61457622982564
158.27012921641824
141.20796438612308
119.66570263366009
102.71011688357112
86.40092787031233
61.84219600815037
43.03589204811195
28.02133582632983
26.3685644396886
26.074780785593095
32.115887594613035
43.541987032877095
59.93136442350453
70.80170911452379
83.15211640199622
91.71373137646992
100.41187195801197
112.00202390821875
120.85953584261114
128.14960459655072
129.70132680649138
129.72195984799367
124.76725572566338
117.80480944235741
106.13360664287308
98.69769236694118
89.07584696755083
82.50362943166324
75.5695014602996
61.448369072392005
51.76311587402958
43.208527427765
40.26097613123382
40.731267990162785
53.53338871774186
74.17847605030431
103.02851280558004
123.00038514211279
147.2181975682548
167.88886638517442
186.55204264775986
218.93413424069573
241.6674936552853
259.130519062793
263.07775831044364
263.27709654999137
254.60323797509938
243.93006922220994
228.37982810512065
215.53049374593036
202.19476585529398
197.09002354651895
192.60245891242073
188.50042629370716
186.47515562049261
181.9042496866345
177.97709705851136
174.19375154902406
163.9638579984682
152.2452578474026
132.3536088486851
118.60141513019595
99.9275015076069
81.92133651707582
66.54028767445581
38.61007336808171
18.449230886021123
4.0671747061104595
1.0301676403749531
1.4730115346426433
4.177156040379994
8.749760425268105
15.721033576381409
21.648902673901876
27.7440836821823
26.841483831766975
27.81955366819781
26.858024345004107
26.535486564726334
26.511900069474905
27.026040214356605
26.523228709324044
27.779280979956134
28.258693814265413
29.586192794995256
29.27473134087819
30.630917369091325
31.01394304180555
31.716037081371127
33.91771757796294
34.36148117229415
35.90266296950152
35.66202417313945
35.70899539009987
33.14719829660839
31.133543873473858
28.022894401372227
25.284474588655275
