22
8
c
71.76546629470437
57.01593108070911
45.787869280795476
36.16056271420962
38.552171701387
39.87509500386345
40.07590407336097
40.45880628111333
40.460129651574775
40.54474491422953
40.28742143232341
40.52943417093874
39.829133489039336
40.223790116773564
39.082950962134056
38.07295540843454
37.42922854231873
37.95783480922885
36.714770886111765
36.69249629717805
38.32236477113378
38.55087081562973
39.181100554823495
40.19083880967893
41.1144746681149
41.4504355836726
42.4387902640722
43.52603098101414
45.33492218415765
46.3087569619938
46.50130114095766
46.462935197647354
44.66167013271481
40.54903993952624
37.697033416323016
34.55386826290207
29.853130543236233
27.497933813629327
25.80358688638091
20.403152463962858
17.70995061456127
14.610037276915369
14.517820298085967
13.72073734272589
15.446847350212856
16.980852574101664
20.748689012556003
22.168990938304653
24.28564378583868
25.11883694543573
24.53442061973046
25.677734387627236
25.968986669396234
25.383193976096262
26.841166421085656
27.201871673010128
29.509814593422487
32.704035686106444
42.35600441330589
48.729548846014055
57.58172686797155
63.867051888081235
70.74118299379974
82.86239208322979
89.51737973264673
95.51948713121052
97.88428473228585
96.17357356128645
95.02660684822945
92.61437203379397
91.33346302778273
88.26755831254067
85.98320291674467
86.23211236449833
84.47778067878359
83.43041133051292
84.30477081695061
83.01415328163183
82.37933791845427
82.92892821052558
85.74167575282162
90.2283130582416
95.84333192431474
100.06653844053479
106.32395481124878
110.41748898046154
115.10676555826286
119.72568398661214
122.4066147783611
126.52503074127421
127.40556880890358
130.09046112289158
131.6450574651707
133.4011290442106
136.7700451055491
139.18917533094003
140.95724573242978
145.80469732496286
150.64079822545494
158.1755685320703
163.4554847153316
167.7995685372754
169.14163433514355
169.18744319952583
164.73185190308885
158.15894510024475
149.54466030051105
142.0660949514321
134.509742708347
127.2468201202297
121.12031973389642
111.80078653015194
105.39129737949482
97.8768014118485
97.3715379699515
97.53000138771509
102.34991519015523
108.74221598939639
117.74398761962676
124.41577873524221
131.8902881116258
137.21018542309764
142.78620027674214
150.24825801802598
156.48668396278327
160.07096867367056
160.78329494890977
162.0385325585953
159.49483311500413
157.69864630002922
156.80254461924685
155.26216937952955
153.4530410804403
153.1472248226875
154.2898104201657
153.28582064432408
154.5939302765974
154.53684580993473
154.437758318953
154.85104332957363
153.62440528877787
153.4402745340981
150.86500808773658
150.49520296617368
149.47959190018756
147.91540265617948
145.6087126099253
142.1694735371459
139.14982900276442
136.9875231220927
136.52628676960387
136.6990481045146
141.18658574900073
147.71683356968245
156.91730097200877
165.6996594047201
172.67178836787218
180.39719880541435
187.63220426211126
200.51765007154464
208.99604025788696
215.61679279085854
217.80247906331746
217.57159438838886
212.65203775766463
203.1507717988168
189.80069341089407
180.4310353405544
170.55283073310684
162.4549643452196
155.51563894411083
143.20796383218388
134.29797192280466
128.118360163301
126.93864541943789
126.88669863676958
129.19933067123446
133.50555061992105
137.8356415460837
142.37757186726037
146.01165624644818
148.0914334281547
149.83291604419995
153.42744249692691
156.01194269214616
157.38978784552913
157.48743342423617
158.56772959003735
156.0384397472758
154.26499377608658
150.20924462395635
149.0397853859774
145.82440697563678
144.62615344755264
140.80603673477805
135.6216435293722
131.91532538934544
127.94967107389287
126.09759516864808
127.39094878186378
133.3988338112977
146.2660946381991
164.3789304020667
175.50045308966597
192.11795730935037
206.1614014225834
219.5889410615614
241.3386216096736
258.19088487749434
270.89632583658556
274.1319629606933
274.56778054547374
264.0411067827232
247.53131538519213
225.2280233172951
209.12302485639572
189.92709479563956
173.8758675786062
160.68446150657908
138.0467324205766
122.1727583642862
108.45091035152596
104.96783334834683
104.7029127225488
114.65519743696247
129.61577152912335
150.6822307371324
165.67344212934242
184.57681978044303
198.01370636992056
211.30717206565453
230.68283743810147
246.26562623253167
257.7060154534102
260.665673646203
260.8077956553763
252.35868701555546
240.41265356432734
223.2130720486225
209.3640661729177
194.9190085291627
182.98969212671534
174.0939592691188
164.97650004096724
155.53002788945216
148.9933107576292
146.5514538614594
143.45790845575942
140.49073988835877
136.63507484806433
133.30014920454357
129.5126390058757
126.08428454559989
116.13696727964238
109.6644106511835
99.92185640697419
90.20409554660625
84.18064778254399
82.89397105602842
82.185628883094
86.12001160837634
92.37336445872654
99.44759160105696
106.53849406776469
112.7211311357645
116.97561855391514
121.43495779045438
129.06950193676903
133.33204357534453
137.2812331772071
137.54432375950293
138.20894249893385
135.06647026279714
131.38019201391074
125.14010221366702
120.23467910007885
114.55383949462953
111.95609103991025
110.47963031344946
107.35754357046615
106.27709429815022
102.60250637580873
101.19686719973778
99.84732141153945
95.5559628871045
90.58687502196597
83.66604508894629
78.33312548711407
