13
8
a
66.3135550190726
66.49631289630544
66.43540521247057
66.34238448521465
65.11579110652059
66.19891150092461
65.79792928607979
65.76426555958926
64.38811618527791
63.564743023924414
63.255958028153316
61.05925298810633
61.06399972965704
60.28817384539371
58.15930579243099
57.238718393748414
55.72963683521675
57.12023857772833
55.62634265088168
56.90825040125248
57.42404243819159
59.42478583482197
61.08293307563098
61.45314007151828
63.66904520147412
65.21327892574112
66.6530507550429
68.89402151419993
69.94594857013597
71.26332751459519
70.80254911317613
67.97446676280597
63.36019875163086
57.25289442141635
52.98181175532696
47.62514096675951
43.45215040722422
38.67236037658801
31.626567929899032
26.10916228370009
22.695746073141915
21.640767652301783
21.67215482041812
23.960314646115926
25.298059728498174
30.64660906384768
32.712142841418874
35.34185949258883
36.84297986061104
38.12219539633793
38.60600294913264
38.09351943128555
39.33080720155696
41.73567252931766
42.43256359414256
46.281010485817156
49.52144001902994
63.54807165451927
73.80310407505232
86.98964942173389
98.01280347281507
109.67210141354863
125.66422688730387
136.66141057880554
145.6050262606374
146.81067892511803
146.6967579622181
145.21644801330913
143.0048780519482
138.76509384671786
135.78845467048598
131.20783016409266
130.76621103060089
129.52891265991997
128.62418920580984
126.45866793736894
126.86307129113536
125.65864286789045
125.73199317093464
129.6952054258711
136.5540324193063
146.1453486663935
152.74956370455067
160.31634642096125
168.2346681686023
173.78932810303044
180.95193273717234
186.5934440733462
192.89290827925112
194.38481898981945
196.34064914649676
199.94438937887435
203.44298032337812
207.23649849327802
211.8578725937482
216.1697183506711
222.77846412230238
229.49911068252152
240.5522053884919
247.96159461323003
256.04202927908915
255.6962501031913
257.31740340439467
251.32275769123572
240.87090083539158
225.70336644054493
216.7700862653688
204.28290740702184
194.2474945307636
185.45287145102358
169.59361423454286
160.52648860913717
150.53063949460906
149.05810012339282
148.82454682294068
154.40308033997943
164.2573516561585
178.1037507160519
189.71526145816216
200.51422496972407
208.168379976028
217.1489304059475
227.7824283944748
237.08022164167747
244.05578464473285
245.62196144111556
244.84836566048887
243.43541810552068
241.39667195310764
239.77975935698143
236.49690410601582
233.02162075361846
233.80914121541633
234.55566952350296
234.18546645525396
234.08444363018586
235.4079206726966
235.21509926255985
235.52460729037105
233.8575183854191
232.17753354321619
229.93089058854966
228.54401334902792
225.47042135491856
224.26376681650333
220.73705006200132
216.267065336978
212.17031274056222
209.5178546660012
207.3573993255877
208.25123007943478
214.59773017568682
224.5098456910862
240.27226201190655
249.75024940188686
262.29758167117006
273.75753652322123
284.99643997903627
304.18241843304116
317.8444608052249
328.0450024724481
331.8580815356869
331.5556441337614
322.82010488872487
309.14046122834327
289.64877438693253
275.13810207970084
259.52116983389584
246.76675995318783
235.80549051459343
217.565820382649
204.86015495340573
195.02567967997564
193.47720037649134
193.5615420288031
196.85550682733225
202.79435656749558
209.3135521555844
215.55230525728257
223.53907711983788
224.82000745155884
227.9751798373067
233.43114064457995
236.64858911418827
238.6599327061174
240.23439927629406
240.3776229698679
238.10842031916607
234.5272571077806
229.14345629012624
226.5525948704047
222.36165253588325
219.02902377487908
212.6286878239513
206.5741189731677
199.58548852066806
194.19345126904642
191.01159546562383
191.67179971048185
204.3490721970626
222.68404541190804
250.04781020486416
269.1765394282794
291.0662516015229
313.4476593888659
334.467317735042
367.8374380441752
392.43908772793213
412.41372365507124
417.90972487392435
418.2057932412209
401.60930145726775
377.2649917266155
343.1724347420963
317.85168554136095
289.55034689298947
266.4487628079366
244.21150692638676
209.8112834590311
184.74966617214474
164.54855892169792
160.21618631561066
159.92447035072055
175.4411193572687
197.58402292715
229.24934830393914
254.1866543727453
281.1262023486939
300.91191765064616
322.23921900536516
351.6009565608495
374.428365028631
392.1669290291022
396.61520438172533
397.7115799653576
384.9117150647063
364.32659366023137
338.6493220103418
319.14892549992294
296.2904062983201
279.4716421928428
266.01599314862216
248.84550309702732
236.142245341124
225.44727444633
223.0618603591824
219.4696506850895
214.12183474125172
208.09123996688373
201.83262034462064
196.9177887621287
189.900644739269
179.76889249337412
167.5201690005948
150.17480269470914
138.1342205212002
128.00707760078961
125.59594801733876
125.90388506288018
131.43390165829132
139.76987757756393
151.5330677021928
161.09879334001093
171.6404755899584
177.91196135759932
184.37809234919374
195.40589183934748
202.29885315911383
209.58796531945913
211.49909901840445
210.26814932219457
206.8324068928177
200.41811858617726
189.65064559875924
182.77872272304833
175.45512576060938
171.7514007323347
166.9447814668299
164.0772318581345
160.36594520701212
156.99482277296175
154.1673469621355
151.10502541171903
144.46174089993602
137.19171293742139
127.40110208868958
118.55235601821722
110.41871608297592
