4
15
a
62.24062832807498
62.448981384165506
61.81970451784702
61.14742665684138
62.954856898123104
63.34096935469564
62.857379047735556
57.65616715560138
54.33560948463661
48.091566117344065
43.80606388012824
38.189791351263
31.385513293869852
26.109431476341037
19.3530510184397
13.33513408322542
9.049360012758978
8.73323986373316
8.045318985316616
8.750269627556328
10.218526079487852
13.665396698091795
14.555664872621357
16.21743385790283
14.507320085126985
15.548178684545695
14.924593458613842
14.428813575881659
14.798210566318115
14.44152792386632
14.013357625221936
16.504844103397893
17.423350635714247
18.950053784163885
20.67201454117496
21.879664991509923
23.550794690580723
25.25870016662141
27.83787307521407
28.881623345233294
29.381208798905043
30.59169673242157
30.935039062584863
30.279997884249575
28.68240319745751
27.126977825558157
27.26916599381446
26.56834358990173
26.532869594154956
23.952558118925715
21.153539518851815
20.21947242277613
18.611827929601425
17.284496036148838
17.680774811358585
22.112234164942286
28.570851972566636
37.36023688974866
44.36676991214934
52.434257161282304
63.64238584173205
72.11496491516591
82.52476732163335
83.66314708562885
84.39030069394015
84.68060815028747
84.81714354655121
85.7450525595931
85.07565149335754
85.6224501954672
85.64702798440783
86.61641370974381
86.86554987570486
87.60715052902968
89.77431829741136
89.35721812537385
91.5733129234836
91.22334925376025
92.00655389834552
94.47236728232643
95.78311645232517
100.05160470115611
102.97517469571844
106.27474021030272
109.7931874373244
112.89623990553153
117.57367624243355
121.99426527971835
124.66626261464745
124.33270984313087
125.0002203842986
124.39069576157912
123.50338660633949
121.82830321558912
121.47126103535525
119.86647984960912
119.68013052767986
120.21373426023445
119.27464886732825
118.93837879082662
118.86321066063914
118.26344492949829
118.39840653831497
119.88681220106938
121.7510974955203
123.26948591783628
126.1367840246778
127.89053205753389
129.50467356765128
133.00067616600833
135.51402445735783
137.9730527692667
139.67524059289374
140.69422093303055
140.62207624513388
139.0703624375805
137.36127200508736
132.79543829624924
131.0225930270637
128.6521241594096
125.68989397889005
124.28821931739348
120.04138279587087
117.5451744148047
116.46408875975268
114.36768637612651
115.9652528664729
116.58874266179883
120.21247763335698
124.95791469703472
128.65365426563542
131.79508728974426
136.86858499399298
140.85320776759622
145.49278049625
145.19801951930205
146.3153770982296
145.60256992975204
145.7957915730849
145.78492154473318
146.22970600607388
145.38551287123366
145.84139042145677
145.07418180879284
146.20798881427407
146.0496001393927
147.12168244260394
146.566446674627
146.33409078545853
147.05804571721708
147.22693853711291
148.39377745672823
150.46815715407465
154.28558543710068
157.7020888759446
161.49117454664855
165.8981865001665
170.25175103041082
174.20484285677463
177.31226756208412
178.21679406518794
178.53755970326011
178.46886345937816
178.73142757877014
179.1445796860176
180.81586508641058
182.3072837966009
182.1044069523542
183.1409645963016
185.6795873456601
184.81127224399773
185.2162440979274
187.47787709907715
186.94006711507106
188.98763889070767
190.83183278546932
192.96889756675478
195.55765180782748
196.5727644889907
200.2035764119028
203.43188869022683
205.93047286378092
210.42535398000416
213.53607663125334
215.59105486440845
217.09645358307478
216.19465974651385
215.82125211150526
215.4020943214167
214.3115362559206
212.10035946146965
210.18267554776688
210.34722972179478
209.837940012008
207.89357956177574
207.16105494556376
207.14734196412132
206.4287998212143
207.02999328406608
207.9948484770528
207.63960462159991
207.54645121611162
208.3431649761751
208.1175363501837
207.92777840327852
208.45879228582538
207.87337439742663
208.55520370906362
209.52241106953718
210.00084956121285
211.01868876820592
208.578863887319
206.4056471026369
203.74750301821217
201.59818531567203
200.2731460917135
198.854023702169
196.56937461937915
197.19262276459307
196.2738184955791
195.5249792658922
193.90588501199323
192.81255747742634
189.29207890089089
185.5187423462921
176.48551038340494
171.42441449733948
164.04452994798314
154.3266245924726
145.238925283819
135.3422415240189
132.81929302290627
130.78358480765044
130.99325804097634
130.52665994423145
130.18917892019175
128.99766115361848
129.50153820979804
128.52913360736832
128.82163953284945
126.39874345709066
124.18272451751311
121.02245803529306
119.30274114488532
117.74887253273518
116.91412008011295
117.16547793486257
117.47962154970678
118.93541203802799
120.85421954653128
122.81357552906847
123.33945581853517
124.12972823175336
125.75938106453091
127.31320470864942
131.03468972974272
131.40175068828526
130.72630051549885
130.56340443998096
130.21187142611294
127.6982667426036
125.25928195624778
123.46857760474634
119.6132141409185
117.57623470614767
115.7498805419608
113.37342945640938
111.6141067987181
110.65216998569163
109.95642934520633
110.49849212816457
109.29608479248603
108.89005989068653
109.18124934719155
108.03171754353708
108.07378433390814
107.37062481741914
106.89061446475954
106.60545094786228
106.46407175221908
106.48792999068498
105.22937180641877
104.69403238730258
103.16966772431816
100.79008757446762
94.14165197114488
88.95313650124396
82.27265129779097
