4
16
e
5.178888383557654
6.031674270208481
5.53699641775547
5.651217765131645
6.24006152141209
5.531865563641846
5.456326590269327
6.013720623135735
4.551892803226802
3.5487932714756596
3.9288361847194038
3.1635337652428692
1.954766892252881
0.5144592663477547
0.8515120184572466
0.35880429202879777
0.0
0.0
0.9740933820466333
0.0
1.5359558579824377
4.039553371431236
5.581763800253646
8.547639539787191
10.500797932525044
12.819195341523056
15.716852633519478
17.59249301739974
19.648392318939422
19.485836834157144
20.52643916554757
19.33007516318035
16.651810562918296
13.14922377334683
12.055867731892363
7.408018408472739
6.292018872293617
3.8883127145917546
1.511975132277214
0.0
0.08399542318108638
0.715795825883492
0.0
0.0
0.305270869487609
0.1293175073053412
0.6317479197548821
0.21524266399602443
1.582130080537195
1.5446491834047869
1.7242691997499149
1.1062711126919775
2.1208285624729233
2.729384099483158
2.454554497799402
2.706108715207901
4.816671302539551
6.07712789140739
8.331693353975451
10.245310832722028
11.954936186299426
13.750498885046948
14.755914416257568
15.515315052882213
16.275612005817717
17.00096516103984
18.782835158003756
21.960493922342227
26.22608401540204
32.555570713320385
37.767664103957536
42.6642695759664
51.29179286111311
56.8867368876658
65.43711690996298
73.80365575939382
79.28516474703778
81.14307034943714
80.8234249216131
76.35558527447483
68.8459589729027
58.139730246319765
51.357528452897576
42.20521690621285
34.961833580825235
29.280440401838167
19.890600110671294
12.683707045701201
6.237604251273108
5.418207789390671
5.390433465798203
7.405856930973914
11.32311730265596
15.201317691366716
19.82283392592423
23.587829677076535
24.967628007020412
26.306754970445258
28.817222878710254
31.4472797186997
31.818687515079844
31.950405945710454
32.84353657269926
30.82862605949422
31.665819185109683
31.506289200870114
30.396099650703157
29.83589302222316
30.023046575528184
27.856375984021437
26.535717002146015
25.046810619929968
22.84674271954594
22.045697749637
21.502171521755113
27.351640274506597
36.88700591875613
50.350094517018576
58.945737773472224
70.34349885397849
83.83378789951986
93.74842252754735
107.79916682393235
113.99836763063814
116.78581664609358
118.31322436167119
118.71146503330301
120.77779996205975
121.42172720706073
122.94895949357601
124.49159148358099
125.30760118737814
129.3754055055738
134.35134639199626
140.23055999337933
144.92246277053286
149.7247701101533
149.77215874228443
150.77198155250767
147.15915144597224
139.96526252061796
130.73135717467918
123.45204255214561
115.08324904856289
108.2623668263064
102.92034853382906
95.38528489699333
90.52323154669763
87.78058790005973
87.16887173925002
86.6507522838546
84.99144780571599
83.35550463428939
82.30261407747112
82.19328734506047
80.06504029155744
76.49501725909947
74.2254876308445
70.77278438870987
67.99736328750498
64.95572509779252
65.30807289218858
65.49662876114424
64.17489617677624
62.47209651758126
61.041731686741116
60.751485464058334
59.559735583469504
56.913570698888826
55.34423040145537
50.95815091093722
47.72248958964569
44.558399235893575
44.405392985820534
44.99300780474991
47.64124658240399
53.13051950740472
60.03648124104796
64.20579144220024
71.457647558682
77.60506595847524
82.65232629500957
91.33287439929866
98.4949967736428
103.71262702597093
105.75903991434012
105.60142178913898
99.45667215018688
90.67687637240614
78.36416459056304
70.19865812365207
59.7120395462188
50.49328736478762
43.4032516160958
29.881240761232863
20.521353586751502
14.262452071398846
12.98358959558553
12.973175392659554
15.748568608213661
20.91591234437865
28.697628864731747
35.273056750176586
42.46596749991408
45.14589501418056
49.49424929589915
55.28427544599341
61.160194311811125
63.37323631474043
64.12417170631291
64.67169674597086
62.24782751999798
57.744698106683316
53.197495271375715
49.029093273633855
44.02746762073098
41.07144178438949
36.55507192622346
30.652788135403853
25.61196391497234
21.47768852769423
20.785291762185185
19.921224939662814
26.264641357971623
36.761700455947235
50.111299735165765
61.131755440964454
72.91590065047225
84.02537162681206
92.75133787870061
108.62618134124128
119.89813167049692
128.36192919247605
131.05426618293188
130.07479229851685
126.9578607937885
121.1196497915321
113.02609429507935
106.91055142413995
99.45958400910398
98.00647549083253
96.25568175385337
93.7241139043559
93.050612116169
89.9673195477543
87.96429948773206
86.54586968149557
81.79777050782734
74.99059639715252
66.06684332862854
58.41054677828205
49.490583091499175
40.736130174077694
32.17091010888986
18.87307462862752
9.270187582521304
2.3165844727133362
0.0
0.9760523660925431
1.9627296881550433
4.45892534818728
8.262929940108716
10.948344124553014
13.319583493563416
13.53521588717765
13.446098688939484
13.512281920768514
14.338398381280232
13.212619145073996
13.796323028899183
13.727160473977943
12.706863117890707
13.859289593892955
14.934824496990352
14.58334105786605
14.304031629981202
14.967269525503266
16.180691526534385
16.221127014561702
17.371972131377376
16.920055678713258
17.294075040487375
16.737200044008397
17.86137612018624
15.836701384016475
13.864770236036971
12.375861037566857
10.629945427640182
