13
4
b
110.70231550883166
110.55420782151715
109.91004403304056
110.14560863666537
110.21225168905917
110.86150329654342
110.84312380316081
106.69529909552288
99.7029643562657
91.63263216335807
85.31203004771379
79.07146889763216
64.81737944396909
54.65709541198191
44.85325198962764
43.813691046051545
44.67620145842207
44.01826236640227
43.35131384762489
43.30101060536903
44.20957088515861
43.78725521324266
43.166706396550545
42.94867328393669
42.468716826048386
41.40540023986051
39.62467081504974
38.03349927021175
36.82984724717459
37.07624052566484
37.42378637162528
37.38034513590211
37.718703286941
38.18396472024425
38.84634953924162
39.53637340643902
38.72050844816085
39.55258433256419
40.427501239152875
40.932539120033084
40.1677048311902
40.29477821554234
40.999183417553155
39.09038464401984
36.81341255710723
32.298888283434586
29.84654983180398
26.790738361640475
23.231506196595557
20.277660877752428
14.799147300992002
11.056082874462568
7.816657313235271
7.849398721846203
7.602376995007068
10.16960303203777
14.166583027265984
20.168264971094043
24.133945526101577
29.62074130138663
32.764329497479835
37.100534659671055
40.53896449800432
46.39674566414044
47.96117067892023
48.47216420909091
49.01958003760958
48.36598025768355
46.565176134416156
45.58311496266922
43.487275470525475
41.86952784816014
39.68804512833546
39.29108148128127
38.98089870130721
37.02877483690636
37.63288451519886
36.68501994909359
36.74420162307664
38.5019464160172
39.317877607854015
41.22417299141532
42.78539840364509
44.217415904565115
44.789513670118495
45.224339973926085
45.99906145641099
44.96728206445428
47.00007388349336
49.9673506185326
48.33386696442347
49.92989322324274
52.358867471121016
54.79430375503407
58.06853849105515
60.52469337448964
64.29808155380576
66.18285658015495
71.74315799855475
75.47243870594994
76.90895608060971
78.0623920358357
78.07757208783885
76.67841440402053
75.59094163263543
71.95232135578944
69.40252078002933
68.4042415533508
65.56383621420339
64.51718273451495
62.83276294633849
62.501390874892714
60.16943109988552
61.25525839091637
61.12482979112092
61.35072206988108
61.44819910052511
64.44195559685761
63.75750363115749
65.82102774162077
65.20056851683631
65.5640091363548
66.10718416229088
66.39046968944587
65.56965661619982
66.56596127606612
65.53405728061291
68.49958415047122
69.9386740808781
76.10782164125062
80.95345452168448
87.94166782917758
92.97801521142671
97.45478781229403
103.42106705519507
108.74006191878783
109.0519509788148
110.52308140147625
111.54954264902034
112.06276321004331
113.23596899651794
114.16075663127037
115.15768828925188
116.42925647699596
117.60248046643332
118.43040229443115
118.26095454811913
119.38470819713984
120.52009905755537
123.66095918165568
124.52171162374687
128.896896054489
134.75507491337387
147.83598914436413
158.9381093113821
171.70006927895065
183.40765218265886
196.17540447415723
214.12454233777189
227.04459244706484
238.20733498411818
240.56217578362373
239.41492806698614
233.57861922741614
224.72438872060934
210.71845944280687
200.37492836429496
189.58539802932185
174.9442947610257
162.55236186208944
153.01001394720015
154.70222606983572
156.3923752265601
156.75242114220487
157.38429015695118
158.05339510925674
156.3956059400303
157.39125557988947
157.85831335568128
156.83736170087866
156.88907169200428
154.8289354564979
153.27811796316553
151.29064129084412
150.47618488031887
149.30130784652795
149.7163092026993
152.89731156932635
157.92322293627814
167.09279964867656
173.4222422343416
179.40337227359583
185.04402639875028
190.17824765216557
196.52737034776342
201.18595129613118
205.89351645350158
208.2894377177059
208.6305856464932
212.3401712948022
215.1918455058928
219.59252780997397
221.81941819682885
225.8421531543878
231.09683490367843
237.61960377228957
247.00687882842894
255.6676343976466
261.60947284850505
263.37301436961883
263.21491929637756
255.94566360855174
245.46733601047634
230.26736774921997
219.41564223031241
205.98042697889207
195.5211122984643
185.23092990581574
173.50936102973134
165.42273310572352
158.87108477963827
157.28189583445143
154.98933360524444
152.3367908526082
149.28244684536094
146.95274533618908
142.64933373931694
137.0167695299626
131.36793912321917
124.96143728450552
115.22326014979065
108.47670200883691
102.43329573916536
101.55739761775823
101.09931967770865
102.69874524269977
105.86582370151585
109.20752123216118
111.06460438098429
113.59667928260204
114.59730261688534
115.47250330532727
118.2344239162055
117.4172552611216
119.53201880640512
119.1671270458115
119.52375229227854
117.93675405394679
115.12888119342634
110.42516559611596
107.66253917360628
103.87679201169621
100.40357871395973
97.9026445519666
93.33008418473739
92.95202057619937
91.12608861316707
89.2591766909474
89.6351393099469
88.2162415155842
88.2687013640682
86.78558616901846
85.57707849402519
85.53753372558026
82.75557925134741
80.33808979820272
77.70024324335763
75.9527217812064
72.92294854832447
72.95156995709817
72.07814380783432
74.20755516906118
78.25227392177467
81.80329923165885
85.58095292197115
89.5233999034955
94.29662588347874
99.18483866765644
104.11671788131521
103.68747766333351
104.32775218270366
103.71473322762355
103.33188097227813
104.26504390400046
103.90178384203766
104.40874021911287
102.96593388522196
103.63046553125952
