24
16
a
34.71727882121875
35.02579883683928
34.597960578379116
35.257472267759
35.06196720099354
35.087629372393806
34.73388947923912
34.4041574747748
34.217953648351
33.82694985188644
33.448326383199685
32.97709423896244
31.790142701956125
31.630134973016894
30.640062503237647
29.87701560504013
29.315519336660845
29.381259949463804
29.66857165849817
30.053023632083416
30.668230061294718
31.687805566982835
31.68986402197348
32.96024777712948
33.499865892786495
33.32078631042155
35.01830484005577
36.57821393547108
37.42759394637103
36.81212861504624
36.65765997857881
35.63391387389197
33.22409558278282
29.01867991165941
28.727375339264093
24.863024972345592
23.379824215052395
20.12445495499294
15.90514531652231
14.120596567031836
11.438803743550363
11.132491506057233
10.930988694280313
12.77351231858655
14.41451908459645
15.872369336762688
17.623326682507873
19.200588209163353
19.24140555435438
20.747587739863878
20.167057264947164
19.5109818624033
21.24439300491331
21.74795699918712
21.503902443348977
23.778497697851627
26.71456012060308
33.9636423817748
39.08476086418509
46.65476727570312
51.84273582640425
56.01309265767926
66.09159043685342
72.38264967539853
76.57725971483093
77.01575579313892
77.66141117939516
76.3557331450958
75.03601164273836
72.68913496676267
71.1985126588619
69.32755288733517
69.55284491233962
68.72637755676328
68.39817657218377
66.99556736691558
67.06919979782255
67.32772777804814
66.74928467522274
68.58747389910543
73.00366636816008
77.36585101853454
80.38757074257316
85.11161662813487
89.23396599349839
91.74043668562614
95.14916130461391
98.64336918413133
101.7963527357618
102.68001487012755
104.59888403192674
106.48519430937222
106.60410434222678
109.03350337632793
111.37636375388229
113.7409601585188
117.71340159398642
121.05553954901377
125.84289580067654
131.49068412800833
134.78136972370584
136.0649475440354
136.31846824014013
132.15692428516311
125.9485605011197
119.12499942806998
113.91025038422954
108.28863833042463
103.58294571108065
97.17049862849754
89.61233127820354
83.89385584327789
78.78358383385309
78.22402175449992
78.17155566859547
80.73784155609725
86.87615663945007
94.38511687545497
99.85746355348468
105.57655730698731
109.75933071332065
114.84115609195217
120.77247583454862
125.76361900953393
128.19217401258007
130.02684864238068
129.54046747595424
128.53190664893475
127.18692078328074
126.92551577714822
124.51219594706103
123.79035248281018
123.59823963720827
122.61152411219742
123.21373673925915
123.19060459100858
123.01297974203116
123.80342271369473
124.43240019204934
122.56773682095839
122.32580338009207
120.58733561795444
120.31197502068623
119.78614556704169
118.92828464319547
116.36888785332539
114.77022340641312
111.92988915739019
110.58932104737711
109.03701698250609
110.18629860809934
113.71519424780456
117.89935168681178
126.82376521609058
132.98078363117315
137.50386858679983
144.4229628567383
150.90031350463698
161.0399623288899
167.14421944070034
173.84983121224604
173.87185485364213
174.52697509914879
170.37517085553117
163.51136125135827
152.26133686480142
144.7116948627262
136.50199476804855
130.48456620748783
124.40011253680456
114.4737612854143
108.13713266234925
102.80743045301824
102.19863989249697
100.95020421414569
103.7572154294989
106.88060680825431
110.64126546791337
114.18338541640145
117.9250920055653
118.55742211317265
120.78320902841457
123.08402550908312
125.14586387613195
125.75577934927146
126.0740039612148
126.88965316212621
124.48267362908534
123.56972498753879
122.09404340372498
119.0160457789035
116.68889658600766
116.22727236815315
112.4895588035932
108.79267395867905
105.99909905076778
103.94432290822787
100.69586669814088
101.01927433181207
107.63476024484767
118.18771793324476
131.96163302855737
142.26697312868114
153.47922241985157
164.4481389553009
176.69472136611563
194.93674358192033
206.98981797756787
217.13473696022672
220.61275894969285
220.37769823058673
210.35241734811925
199.35475483953635
180.24634854108265
167.50638669280104
151.80728362455957
140.90663875418363
128.61526842578738
111.04612665005116
97.20103461612939
86.54132427093958
84.48881177567013
84.38652438580209
92.63511634491327
104.22269902842777
120.91095627572355
133.43000649553667
148.40324805186853
158.51645849842356
169.42686522034097
185.24755874192775
198.01105681351675
206.73434371301508
208.46324793912066
209.98534370575237
202.8524896568549
192.73428565514072
178.41834218066433
168.30383572262136
155.33053785367946
147.71448595022719
140.6432423985641
131.39631900754384
123.42252424229474
118.93265531298853
118.09724391461373
115.62065304953839
111.58920525716879
110.2865550057888
106.54177943764626
103.29136045426694
100.27018694607308
93.95489895953312
88.78417448665499
79.71088344293143
72.86111458815942
67.64200915616158
65.82081176944011
65.65713039551378
68.77564458260711
74.09957652758668
79.78360855396498
84.63362990851552
90.59237270010712
94.23530434603983
97.75357270180534
102.54644474563298
107.15627481090638
110.4763543281293
110.87125723296303
111.09819607803975
108.81894155019431
106.44457416761317
99.56367493946355
96.92154763655844
92.01651868248432
91.29967481463193
87.67573904603532
87.65944609126512
85.53900321562104
82.7053865723281
81.2530043367832
78.97122318906027
76.56849531476703
71.85983604571595
67.95206843085242
63.466231919462395
58.49448145884748
