16
19
b
11.284245323231705
12.30042117132067
11.531882192680609
12.581056769325516
11.861800648613128
12.730945561792122
11.763050535857355
12.065247661544259
9.922306667514896
8.783054273881467
8.004245394947436
6.626017477025814
4.571187092453117
2.6575450903387154
0.0
0.4762991836918009
0.0
0.47850860060391764
0.0282336031276208
0.0
2.8514492950513164
8.820973940622993
12.998686342448735
18.562254176992887
22.584510838372683
27.1518423980957
33.66609724784244
39.11164517185531
42.97982510805474
44.77183728972649
44.829778505666525
40.921758044986895
36.3204935464526
29.50549765519644
24.355811920181484
16.609981946577836
11.760644451732677
8.85286513458618
3.122441398318722
0.0
0.49484352836351253
0.0
0.13655178339995802
0.0
0.39843222445757437
0.6886964846215088
0.11553026196129917
1.3934921924823156
2.3502211909334045
3.77782311704923
3.1931987143008405
3.8849326729703635
3.4826443101997375
5.164266435026594
6.033126948074542
6.724039130215046
9.260550339091502
14.681117466685999
18.791735153278303
22.444277650096275
26.020494639192098
28.347853157888974
29.42136763584825
32.664059023281844
36.25012766540731
37.372529747359934
40.71227841714059
47.37946958701221
55.53182497242679
69.40659592451735
80.52529806198145
93.46563457168149
107.36849491677833
121.80853530657286
143.47659603313232
159.62664510651447
172.51922373768605
176.14812399544238
175.9132217147481
164.80864373943223
150.20085994914967
126.51316569856901
110.06764472254153
90.40937575093092
76.30212100003314
62.83463431741056
42.748123763219816
26.6862347760052
14.799304857482522
12.630662307435763
13.367826642634178
16.95446398639214
24.04875397951112
33.0503316669893
41.67671572841557
49.882727306613276
53.69059341301719
56.23467421674899
61.873841466108885
66.13513624107681
68.24612217345363
69.6330818806362
69.1037561214158
68.77241031163445
67.96687140126132
66.7677643614425
65.48246057389218
64.40081689704616
64.34566711224082
60.45597014360937
56.5154791085232
52.067401124560064
49.49917600808091
47.20021856131729
46.35526751478137
60.125454963673995
79.14909639025664
108.825840539975
127.87589522029525
151.96289724183427
182.34308606325874
204.2670313814175
234.02174181749143
247.05351467947256
253.84920708979104
256.9076207982613
259.345381201657
262.3781530274678
264.5173565619895
266.7128551680066
269.0562019644978
271.5044543286122
280.75595129874114
289.84023339726235
303.90994838597317
315.0424296215312
324.07814730404516
326.3378265221406
326.2387750979237
317.2511520807614
304.1260259806359
282.6743456268832
269.03335255739876
251.16126500969725
235.81265513959005
223.84818971692772
207.36709294148665
196.29633431340187
190.90976644012238
189.06487573278147
186.65705913727473
183.83993211884592
181.63658617733037
178.47350390896187
175.93616481559386
172.6744859989419
164.89834065068837
159.96248719908155
152.67284461956206
147.21877882316534
141.99684098879652
141.23477447061154
139.7918126668929
138.505459298624
136.3767493603786
134.16387176856264
131.6427307745124
128.757853616312
123.3913800049492
118.50713665024797
110.38951293389492
102.6318881412002
98.17175193552603
95.87992868694158
96.31229789267002
102.9421726541963
114.79524888268635
130.542617401867
141.83248487374672
155.19823646023184
166.669206351743
179.06634933242572
198.80135427930017
213.38102421254885
225.39872834866463
228.36515533022794
227.7408314644911
215.91217382997127
196.6939704589421
171.60973563209203
151.90669476475531
128.98150792408333
111.20146740583822
93.51449207630544
66.9323157702765
45.79365580999381
30.762197133720324
27.290801272089897
27.93678969458468
34.52943788694598
47.84481049103888
63.99895451802633
76.97647536804378
91.43573751299617
99.28077168468904
107.53879258007775
119.87897313491052
129.3013476456185
137.82950883581643
138.69219974038307
139.41797364561907
134.06294759487298
126.50940833761965
114.0227332986291
106.85990296054764
96.83930406269299
88.71647610881041
79.94649628553971
66.15614056856732
55.39298291495391
46.72517598815167
43.306946207630546
43.577625167755784
57.87712672908381
79.17058209682597
110.25990664226889
131.97997429472224
158.2934211305984
179.95605774107236
202.18066583775524
234.2809248655633
260.4121189046368
277.9523280406514
282.28431826684056
283.2900038961735
275.242236101485
260.79245288387347
244.42300238597215
230.72235300835936
216.99815307613312
211.50938258887481
208.29352280434205
204.14705670308038
200.36863279990635
194.00805645740027
191.5697131718331
186.79441285514554
175.78240848501136
162.38145617191205
142.17327832069864
127.62415479854005
108.9891032699677
88.22275833843453
69.30194767448533
40.084936468072776
19.334763064074654
4.3879066516915115
1.6877756167263316
1.6497895403507798
4.630488585178806
9.971482558372358
16.49982190779764
23.818891030621625
28.468920145154645
29.159126510155303
28.579948422393304
30.128979990874246
28.950084153371833
28.022543345393586
28.967750110037965
29.55273106448319
28.75035093611196
29.42106550547579
31.36732875747983
31.011532769116542
31.352357462675556
33.4453247893354
33.664247639712976
35.61508416045644
37.23797142599533
38.08458271192214
37.30572896813982
39.0549445938984
36.818541615248606
34.13606950752174
29.371516995420958
26.432692177314618
23.61645253449471
