3
21
d
119.24095722216687
119.59835727419832
119.06310390325316
118.96495564206148
119.36078070874045
120.51610279692215
119.20964769432982
117.49367268860695
115.00296387390198
110.28466185000038
107.89234662020033
104.62652963422514
98.99110805393049
96.6220606852639
92.37104209342975
89.07904091529599
87.19906166336492
87.72244108349388
86.1691617789816
85.81418919128892
85.47013144272125
85.30886174491353
85.33589145040317
83.24285691890401
82.52454150497775
81.19296938542715
80.08343693413183
78.65336900373734
77.05616661835552
75.97935210772825
75.95749752273437
75.52710762568728
74.77724790720707
73.32343429378018
73.19857941640066
71.9639983249132
70.40516192022595
68.72886190614439
66.71933764667422
63.260746652442734
62.40784746606026
62.84099274024338
62.53027604066671
64.1937918522998
64.36247972260611
65.90005690911397
66.7912042198686
65.51095668651797
67.4791480346199
67.0180826635656
67.87773635964157
67.90437911211374
68.59995719603603
68.65905692434796
68.19331147572728
69.3947550280252
69.64321245417864
70.59799405622739
70.97587845284832
71.37755016813004
72.09101144994273
71.35697696921196
73.28922317476538
73.02527358135185
73.63876293786717
75.00552597278089
74.37675244490141
76.08079371280084
77.14428179811131
78.18499248772424
79.3365570566469
80.98066880556227
81.92723936203667
83.76863406117239
83.84476645674148
84.35129329413842
86.17405516971486
87.66742528864665
87.76344235391758
89.2770093530127
91.75239969861369
92.74059665116252
94.8994577423735
98.70286332888531
98.59113809254039
102.05761537227774
104.66290421082604
106.18541541592835
107.89249152993085
109.88082520890623
110.04707590630073
113.0504936247868
114.43844967714767
116.47369037308668
119.16069733455065
121.17636276983319
125.09052004240266
127.12009051712377
130.84154301228426
132.49907593683017
135.15193555980525
136.07081397546824
135.9281195434165
137.85493627550142
138.51854399624037
139.62040793782012
141.0364266099758
142.75368241013246
145.2420094906618
148.54123397277928
151.22836196598462
152.5821566283698
153.2315844616601
153.89511422996875
153.93221496919944
154.38412690431954
153.48117331294344
155.09412837959343
154.32163438600014
155.44849385724243
154.95223802474533
156.83070731179288
158.0517453647783
159.00098415353617
159.38371844323987
159.93167064275073
158.25068690665833
159.88726128613357
159.38022015417664
157.98771019583538
155.8623448814472
155.67260575959435
156.11603256651188
155.1252038469111
154.52135826375167
154.82288111643965
153.83660523246974
153.19824284072465
153.08272546801794
154.44820633840519
155.0141128721248
157.84124690544513
157.98560001835045
160.46202401701524
161.61509950316363
161.362093226095
163.2110063901352
164.89873056082874
164.98947751725757
165.93917487533176
166.28432570481425
166.58095710949914
164.55064603792238
165.38726951397635
164.4523259697155
164.5442590845582
163.78098206710612
165.46767224154542
164.18593903567873
164.7984781638822
164.326109661293
165.43449691311602
164.71848002294763
165.04098342809579
163.79664359624107
163.60845567050526
163.1694589756635
162.49480880613822
162.58476650746067
162.63705988500956
161.50179312018304
161.94500092858277
160.89092553852032
160.9508034662007
161.41143358332528
160.07175196182487
159.95234173830838
159.20829363201008
158.2842005006762
158.56224416160578
158.0037437479221
156.42105587500893
155.14669839032038
154.8555267193223
155.01343706442762
154.3337843620735
154.75940939630541
154.96059962941808
152.8663869048092
154.32194194806067
153.22030411194248
152.91600200337976
153.37979938891706
152.29924168357485
152.14272160442005
151.64770524668577
151.49369448925435
152.200440273661
152.2508677405596
151.28214949504903
151.6044616682652
151.0136637867851
151.07704288778126
149.95439425352498
150.2511524370297
148.86525221657587
148.78217143972986
147.6065476475136
148.8621434838657
147.37833212069987
148.39106727839894
148.8541042073922
148.3551280287717
149.79536902515764
149.70881282640187
150.42719890759173
150.56208355217473
150.50905055642738
152.07213282313245
151.37508305697293
151.87707267432953
153.31602894382206
152.26407713885774
152.88266237350913
152.66682555096676
152.93634598225668
151.1189015745534
151.40110179549364
151.53196668535173
151.4696347616531
151.2355005024546
151.33463618857226
150.67792699216386
150.3341350010893
151.11612853861482
151.64678418226595
153.72003661770057
155.1032273849743
156.36052805450433
158.24183998572087
159.37766874397317
162.62081018034678
165.32972462475632
165.43825519714034
165.70626179866824
165.24170508423146
166.24826788826672
166.37978012377565
165.2018894624917
165.18699269133992
166.8492295988932
165.9831967237244
166.53711187470077
166.66960294227752
167.46156815486438
167.5872841734524
168.94168550246923
168.96452501651612
168.92400279708966
168.89637315547907
166.8237096893402
166.4317897123616
164.62710001100888
164.80054112982128
163.01146777083937
163.21079697053423
163.1280096092903
162.74626853144815
162.81522441234304
161.390663771266
160.94071986044895
159.88295962023966
158.51713541283812
156.16526225429988
153.8619723618679
153.2148148020304
149.75083438730186
147.71166218960948
145.96516223677452
144.30810384234488
142.27501162885503
141.39675024472984
140.52496299013828
139.52271430660576
136.9576662623828
134.3821728385445
132.81692292103884
129.77638375980416
