15
3
d
9.840242680576571
10.120189684011999
10.32777790576098
10.266738165723707
9.063774473317585
10.02745724380165
9.181180773438467
9.322988939469276
8.030256096430561
6.334479247750069
7.25726068075016
4.776059440724761
4.048419430300064
3.269949985712829
0.0
0.0
0.0
0.11492994610808796
0.2468637399493194
0.055092719326229424
2.8378546630101273
7.494750875708598
9.843664345969897
14.12716327121666
18.284573509276456
22.301637282299758
27.511632867510215
31.336016411379756
35.17288990428575
35.473497862847196
34.945541585864106
32.78309002504292
28.851241561539933
22.59329224613183
18.723192812494233
13.555407851422094
10.045091702604537
6.775874092862012
2.108523577185782
0.6572311396443797
0.30877336965559743
0.0
0.0
0.0
0.0
0.10345308996617701
0.03204625986878498
1.829306578426033
3.145773754357761
2.4783082513071815
2.643681109618793
3.082854522672846
2.606945575500034
3.3024678325778813
4.112297310885727
5.070434437642404
8.21826488780982
11.037701536504905
14.458670383827299
18.934496926274406
20.521367671238178
23.67835307627502
23.86670288159424
25.993275838848344
28.936555815938384
30.8746500762765
32.63997995320523
38.57539532646381
45.79606837072593
55.175883179876216
64.27494404187705
74.51810293062884
85.57015578490076
96.90860471552713
115.47471369501544
128.2282538504452
138.52789488540915
142.0515632057513
141.31157664847817
132.7696448032624
120.16184324873497
102.07107400749796
88.83322536857825
72.84278979335193
61.388406330355906
49.350166410616524
34.21295473166607
21.669472901582846
12.258929651622664
10.796629035877451
10.680997172694822
13.60155940923946
19.23490442015618
27.112472047119507
33.32366364396466
39.53076680549105
42.8883281464036
45.51963919284198
50.24125078225307
53.0687616140426
54.724126982788015
55.321578125876826
56.3228253218304
55.564077477317824
56.03620771412356
52.51698486635067
53.122535959454524
51.727507218992784
51.44076112314697
48.417784618556205
45.42476054690759
42.87116903271328
39.02336648058249
37.21002938021718
38.02465837040635
47.659923220749626
63.16421140226149
86.81832000596681
102.26765173221992
122.18611383708611
144.89233508429143
163.54235775827627
187.31780079981857
198.8343003404535
204.12108616608566
205.6786799438019
208.24764361189054
211.70625356202478
211.79115141119505
214.34211427775492
216.25148071119398
218.87803883689506
225.26735071866983
232.75730852025657
243.4336565610968
253.01982948375738
259.4732481501765
262.2205707131069
262.1330530894431
254.4356456113516
244.0010046595213
226.86223924709373
216.03902182618893
201.80945976215318
189.25486138757145
178.9668567860817
166.52754391728197
158.2131816762128
153.72048318257268
152.50375344317578
150.10399190999098
147.0677328792631
145.2894140901553
143.879708762031
140.1409668233509
138.3172591622114
133.0355563851249
128.43584358340328
122.56877973897163
118.16508638481727
115.30705898286074
113.39062194357227
113.23876682926324
111.01971745533122
108.99567468336596
107.38547170359139
105.08638914746443
103.41282478188975
99.85814759254701
95.58003362583388
88.51870308911623
82.72262885648036
77.59390175860224
77.13078887759274
77.19432177794796
83.07606408820457
91.16202158497786
105.34689106176901
113.3217024383617
124.29890979742052
134.34935505091698
143.70736096792245
159.49674472729754
171.92466100671408
181.73113210700498
183.49914122748197
183.5968676466347
172.76631926723965
158.4053710257375
136.80537860291847
121.31351518278152
104.33131001134313
89.42828990837846
74.5579645557548
53.565744296508015
37.02047604073627
25.356296386401638
21.653935738311873
23.71846351066854
27.555804570476724
38.195430851676356
51.3730512029298
61.36167521269222
73.89254602268375
79.72644293833235
86.09423093686277
96.30766202027571
104.19890814849651
111.00992164090053
111.22735801508344
112.05728096750582
107.54653643047244
100.87082136026108
91.58233715741426
85.58874744009604
77.42365056423347
71.30445420951125
65.01376073344296
53.45335508342452
44.87569018663812
38.32895770620575
34.30199445984804
35.36361013510881
46.36671217521206
64.01352137955104
87.80940843362312
105.87631745873807
126.73901704149958
144.91535151427772
162.30525469535462
188.65511758980682
208.93569147224977
223.07814417794083
226.7519739129574
226.23791737295375
219.74172910865164
209.2884343225365
197.0266927015125
185.74105895604995
173.9695252249192
170.2197001730259
166.50557305062554
164.2985422386024
161.07803816615032
156.15597800603655
152.77682924323165
149.75026827511564
141.5847937029217
130.5883458350873
114.87911034781375
101.92080999430486
87.1136588957685
71.51807238489536
55.75853158598308
32.87242592327491
16.234752490475806
3.524083199605286
1.770200863823253
1.6294591702990564
3.9019514469257044
7.687908155852227
13.716064029039538
18.99654464072081
23.969338464553513
22.716991587583284
24.45110568195034
22.917726734548875
22.25720763178875
22.810121792719567
22.916135068257468
23.63283206146237
22.725152654954375
24.440527390022133
24.510026495282148
25.259700096119012
26.3332545493481
25.916184784725775
27.395656322310806
28.165031512925246
29.42958528169326
30.666215437516517
30.26666978535568
30.818030723392337
29.206482784671156
27.166012418935566
23.91335445149363
21.524959375496437
18.28175713923287
