3
14
d
178.2636872601681
178.66215736485347
178.6722213175762
178.31778192187912
177.98379183408036
179.8826101426978
177.95074119618744
172.67996229925257
164.49446125465533
153.55459403179472
145.55882858089174
136.59972505494812
126.76006136851795
117.22263848763988
104.03343048864657
93.7727565355148
85.11523701225369
84.76129554470513
84.64478645350783
86.3149525784848
90.21082256015563
95.35431789289841
100.13255139726945
104.32234867401503
105.70657903744109
107.16320275730408
108.94334172864184
110.92275642586704
110.9418558404954
111.64230152693601
111.81913791326981
112.06314605486756
112.88483990508774
111.80914863318013
113.06708394947813
112.67492040679683
113.72132594999906
114.25029206109306
115.609856648921
116.4489974403092
117.02202082707844
116.92800943140668
117.90560609432973
116.2992942632631
117.00335206701885
116.19705334600238
116.15704674925847
116.26745458072982
116.23526380483639
116.58903323608898
115.1994063023624
116.60938810098716
116.00769025583494
115.50173192641032
115.92614484729239
115.96612215888453
115.89301584371134
116.1898812997324
114.70977477609884
117.24607321280878
116.03048834340697
115.43359779901087
113.82084362069017
113.32540613047433
113.37594930870192
112.74192183867856
113.43798354629382
115.40498835990277
117.41578168858076
123.25096772401115
126.62674256889116
130.30266369512177
135.80109566605938
140.7937245866451
147.03270978640214
146.6430847171366
148.4410978622853
148.15825013463544
147.55506393402283
147.09891868524792
147.3454914270024
147.5708889210182
147.39067308046032
147.12250897055563
147.70798493933782
148.17602573604904
147.5078154737477
148.2412276716914
148.6918967314665
149.33139481563958
148.80351036759401
150.68009427905503
152.86407683671172
162.49064661506017
172.92842577906288
185.80430686307886
193.50449278512073
203.5823308338124
214.88457631617794
224.13072855261794
230.9515655569135
232.42619425029028
233.1460020454806
230.40509844976427
229.47159293260177
226.4616578185394
222.4502376647308
220.83656609890653
219.66634052249813
220.93894013591412
220.85567975243148
221.92859256855462
222.22064944323782
222.30685863211693
222.94148300076964
221.10029313771778
218.1058619459331
214.93697885921236
212.24637075354187
208.10720455259786
205.1913546535156
203.16565446143395
199.02039846932922
194.91347420201143
193.47059150912136
192.93160648723392
193.14539723299436
193.78333296004152
194.07043454532803
195.90449064499253
195.48257047358422
197.37116732055978
196.71370760591182
195.41972680550032
196.14330548439918
195.25530438634766
194.01328011540778
194.2218764760919
194.01449904696193
195.6100586549264
200.3752852216078
205.3776952680481
210.67726054434846
215.16705270182666
218.38035496684168
223.62770532675054
230.68055912118123
236.2220405487601
239.75681835280932
241.25294859520008
241.25058500945863
238.07528457357975
233.82238579024286
227.6402002991769
222.37005744171503
218.10670156679657
213.28806681445798
210.17208245501504
204.11283044202867
198.90967072887938
195.1566423077047
194.85755912898952
194.48701153097142
197.6558371267638
201.62335492585586
209.4641257498551
214.62468737635484
220.60059320262246
224.70831579155617
228.04072742210812
231.66840708376463
234.2992060141652
237.72033592632326
240.003594201156
240.84930091122422
244.4802323113241
247.75417109657295
250.8509008227543
253.05491970625496
258.2899283430695
262.9565299425852
268.21554115382816
275.51261374748714
282.4171227918684
286.68817246215053
286.82451964155246
286.4328585406452
284.8768561224764
282.18988726523446
277.68111240625257
275.1204422479433
272.398694805286
271.3382118612748
268.7849834407667
266.7545122320197
264.27557304684086
262.31616952541464
262.0575328494909
261.4255015505113
263.9984389634384
268.3677350371693
273.5665643098628
277.48422041051936
281.0801646833357
284.8526147880494
288.3987638345094
294.5890121809264
298.1929686502885
301.03210543374036
301.56333557439496
301.46678979160595
300.5786318267509
298.8142343601651
295.8168614240084
294.52899264493635
294.1213845953439
293.3144771673133
292.11494173150714
292.3300916076289
292.44348808377754
291.7289320099274
291.63817661592014
291.4879257164099
289.21644098020255
286.73436848799037
281.58351049287216
278.53203430737284
272.60933936618426
267.00821270864554
261.89651154454174
254.81366548692884
253.37008105536842
252.77847787456568
251.9462567655024
251.56099356492712
251.2826324003531
249.13856274879055
250.20176314219808
249.74293981890108
249.9466366977631
249.08992743365033
246.17204490342164
246.0446058679355
244.45153646446238
243.2351314113039
242.5279121332574
242.09281397981675
241.8197047674404
240.65894702796274
239.48730066518846
238.99805986452913
237.81944711593349
236.23780219791328
235.81894390214677
233.65344416599405
230.8797565828422
230.43341837407624
229.67704843498817
230.02221423150715
230.75045738576657
230.57055975732075
231.50462192942942
230.53055036094537
231.8240197787089
231.6409433640764
232.56155041748792
233.19676125877695
234.42430887482553
235.17892428689177
235.55885493693017
235.31208451976144
233.54818677987691
229.27388273150052
223.62086495560084
219.4933157704727
215.03877680527788
208.8563922205812
206.51384301954093
200.44152807462186
197.5291147252019
194.4820732220014
194.0461001547517
192.21734104887702
191.87261356007042
190.5268753946984
188.21314524036524
188.3189387302869
185.32783408214604
