2
9
a
206.57164046042965
206.4247210475492
206.5581656704346
205.49859219150605
206.20356727427088
206.81660587467283
205.28791126438168
198.34392644189188
188.7051038323778
174.33322919755037
164.91733178326703
152.38563563888383
140.05485749231318
127.78200126425794
110.92942576785178
97.49216935132375
87.56922376232659
85.35806878221257
86.19284930484643
88.9241822389377
92.31267549576819
97.70327143104724
101.38958182098037
105.50411495245149
107.30472911990236
107.89296543164602
108.29073016332056
109.63114249465386
109.8702582466084
110.07346211065082
110.03393251698508
111.97862155667096
112.3934398871098
114.36195937236586
115.52863956533695
117.27847919125306
119.40596169705381
120.85724597956036
123.49432479892057
125.39470178982678
126.9705733989326
127.74912653805475
127.30468607718072
126.3999439292177
125.41739704714789
123.47577604996408
121.85498419647188
121.66401205751978
120.27368926023189
119.02423838127592
118.55814651691892
118.04029957771328
117.9851179108059
116.78337162291552
116.3966519931523
116.17234139611195
115.57126729027588
114.13493481904932
115.38473333774506
113.96273102765745
113.05048751825426
110.51105470775741
107.66087147900826
105.52580796938351
103.76723565878575
102.93284126580546
102.89695852234023
107.72024293048312
115.61488607047333
127.92727157171795
135.7216624859786
145.7142090295671
152.79817895024695
159.26688430241634
164.63885791431466
171.0676990787295
177.76859443055292
181.40131067168963
185.32427659066457
193.60581316376744
200.31853034155432
210.27231000340728
217.3933479335454
227.4789116976672
239.9155575779919
250.54055728912644
268.84793887353
281.90728655602766
292.2866553735292
293.8099296478434
294.1700994920357
291.3368504673731
287.5177316298369
280.56428337031315
277.41875251335694
271.8055973732525
273.235990141635
272.8862982839342
273.05597493056734
273.1355159604753
272.6680487613163
272.7141715115312
270.53441540040245
268.52144205056953
265.8119211766548
254.56657870232684
245.3164376275476
230.53292523791606
221.46488932587314
212.44809383465176
198.43780715688513
187.56977905346628
180.0822519876248
178.66656434933475
179.12855944852708
180.10576976671493
185.12299416673022
190.89171987161328
194.9702817444712
199.31358160962833
202.43127307144744
202.36726687357756
205.8708627181381
207.54631893690666
207.47445904859046
208.46016506400835
209.1420578685074
208.9224047186005
209.44381591340357
209.73803431021523
209.66794641048156
211.08630261831988
211.3254420843137
211.4500145090008
210.53885174677492
211.30941803624228
212.3296037807001
211.88330106632438
212.83818531073643
214.7063810148371
216.92863701417434
224.19047934438552
228.3037352408913
233.43044522599592
239.64784588742145
244.76767364173932
252.62394686592296
258.4897695914355
261.8783556574754
263.05478252948393
262.7430527385583
262.50599136221024
260.8094654288057
258.8490597769971
257.3040507814468
254.89527208677188
255.12462438793307
255.2773450676287
252.14517087183873
250.79475382461368
250.47323339510814
249.1034572325808
249.81927260240977
254.2289507172707
260.8868557890325
270.38028356312776
277.74382588368616
286.6097468221285
294.22895315880277
301.8533792931932
312.2144655886051
321.6275741708999
328.71997231841976
328.7797218640061
328.3018111601642
327.6989443794059
323.9810320681166
320.500357691318
315.79502132346215
314.327366178915
313.41115867351607
312.90749207267436
312.0232161023706
311.7365234379232
310.51488610752267
311.03116001596004
310.7525962389773
308.66419091012693
309.7338019499354
306.2955496476989
304.69285542267596
303.7767198426697
302.0232273795321
302.0399582071505
300.92385495195714
299.6370724356042
298.0902992819402
297.2465454881916
297.2809644620412
293.9379728498661
291.08163473119833
286.7617715949327
284.0080678694889
279.282798016105
274.98882862891236
269.2507635740433
262.6258979641053
257.18596171264363
249.89664578523104
249.89861021140132
250.83177733767275
255.47345578708368
262.90034029561997
275.7222775831111
283.9556044220438
292.8288204156272
301.2986338983315
309.67152746853395
321.73223536993424
330.25714003518186
337.0418319815296
339.2375416744332
339.2834645612712
334.7738724857161
328.73533563345916
318.2912119332894
312.12125617960453
303.1654717077342
297.14643712566374
294.14745648417085
289.22531061556543
284.2755091778782
280.8748920232121
279.6020753795202
278.4668157736654
275.72062946247104
274.0317018506126
270.2559624508727
268.87118834996227
266.2390167717577
260.4107095965507
257.0090919990888
251.9494045694674
248.27265657432207
246.0774532559717
244.94971114309487
245.36551068048993
242.72160753759775
241.64818249111116
240.50275645264378
240.07808897427356
237.4690226041872
235.45352939292565
231.79277112833336
227.413646786735
224.48206071534568
220.0406075604111
219.78118385789173
218.5186987011511
222.9730282442503
228.96228921261786
236.28266431042422
242.26210715236041
248.55596163821525
254.51325625327237
258.8100838987799
269.4194634475468
276.19288476346316
280.4414500355888
281.00927055477825
281.5379723295961
276.3614307355626
269.4542173368245
258.4467894447412
250.654897212181
241.3643516614664
231.48250329695952
224.10846765012602
211.92735741243663
210.78242535489002
209.91226889942143
209.40839646398527
208.81682761696965
207.68544598911186
208.67779007728308
207.9564772736096
207.22114147450142
207.26582519881634
