19
6
b
168.9992906710438
169.5893726038979
168.49951497474504
169.5572030282689
169.24593753852403
168.97814716294207
169.92980028482907
163.53622643542803
155.94431267675063
145.82487686322605
138.55721075824434
129.98748170818706
119.45426583711506
111.42855427085223
98.04541656930736
88.38161424248952
81.56299365942814
80.27993073439204
79.52715609175382
82.06105040192615
85.49298193230709
90.92482505582367
94.7806504265973
99.19640718581091
100.15542865225932
101.80041687976129
103.85561175693745
104.4098002883293
105.1017819529403
105.6263771670001
105.7886650801247
105.69165831575566
105.9467992524171
105.96281982709078
106.12798661344003
107.65426832861523
108.14848910265134
108.23087220886241
109.82869391165755
110.69415715416552
110.35062953547492
111.35980382719801
110.43659745460907
110.18661256229758
110.70776137144574
110.56144351317346
110.41227498251061
109.61115555766168
109.80155930298393
109.49176030584354
110.56440164409004
110.05530147537598
110.17214185147193
109.85670444099499
109.99697221131888
109.47992777353801
110.48215732532915
110.1479126048131
109.92659538203922
109.83013089785801
109.8778560750258
109.67025314765658
109.41958062178051
108.94299668710734
107.41589912733069
106.83518632873188
106.35579998733016
109.27012757691975
112.45876406358141
116.39216687276628
120.06854037812117
124.43118906060299
129.0015309997159
132.9563247990811
138.24653698162192
139.62020176309346
140.32449654566327
139.93271385045844
140.47639670185248
139.49261729540044
140.4031881642309
140.50955919599807
140.45740758149947
139.84180840021537
140.1377279367221
140.42917783944856
139.60452025561685
139.51344031635227
140.3694465760309
140.98281082933067
141.70628396782357
143.99705715711656
145.0904386954928
155.7567892068125
163.5510662901797
176.7827858381229
184.81484267208066
191.99907943156765
204.00045105475067
212.58003082061964
219.08886051313232
220.51159285820364
221.1038101501508
219.51926674595367
216.9920936560005
214.90077294257839
211.52137827796074
208.29059345506093
209.700637430899
209.29632509867122
209.87595906841344
210.72094821187198
212.11936658374037
210.81344087512278
211.0561967107912
210.00865384671573
206.83638904000253
202.69825338692374
201.19316133347633
197.7430593906897
195.14992714854742
192.97578259006508
189.05277051646485
185.534740713546
183.32336307654782
183.00656964111394
182.6521372532586
183.1647884672469
183.83933977763007
185.0394446965911
185.81375382839948
186.78993170404283
187.10988672295812
186.6492846480578
186.33287484662404
185.56978243860118
183.96737860427106
183.2568922807159
183.48105096925298
185.29943533925865
190.26668974144548
195.5206670809767
198.8581360623525
204.36788336431258
207.74793913334597
212.1450302266072
219.2349523580194
224.50986245361605
227.54719918483053
227.58861188323652
227.68243856601745
226.16729076095447
221.67204235981453
215.922970522466
211.4953821101736
206.55389949919115
202.6189439364095
198.82140154668554
193.35938746220953
188.24985475622225
186.72974282222825
184.2013058483638
184.43652321664396
186.66563859532476
191.63052316543835
198.45641180363734
203.16839496617234
209.14360291693663
214.10110157904288
215.83893864242552
219.06329622804492
222.81806968840198
226.08286820133745
227.2244872921142
229.11857360479564
231.27443897376776
234.99940280845755
238.54519251356567
241.2109036316956
244.6179266144126
249.7245861847782
254.9911878593945
261.79246445755683
266.6706496082335
270.72985245770826
272.2138896791325
271.49296760952956
270.80619672304937
269.02111464009687
264.97203926907116
261.0303925338366
259.06842575043544
257.26561529917905
255.4150254828949
252.02561076180203
250.88086855309984
248.92399578326967
248.57379333113985
248.09061331397265
250.9389478837382
253.87418567180148
259.7234152219155
262.2368540102234
266.8425642988076
270.67430318880827
273.24148442718865
278.13983012337366
282.6647737423346
285.4485526982059
286.25666372621146
285.9511719421594
284.74960275045805
284.22481986621017
280.69266703073504
279.64497515323825
278.16093482058875
277.7404248748839
277.56969889919986
277.4929828757877
276.8085893167601
275.43635866097964
276.3073922448336
275.5520998986141
274.53554168660713
271.9902821770626
267.8441877168919
263.780456175931
258.68463685385194
253.32378008613094
249.29734695026647
242.69109907349042
240.235369872534
239.61385176755923
239.41700013116508
238.16318191359474
237.95054487027076
237.8472180927474
237.61452060024394
236.87086588456376
236.6163545896249
234.4127779363856
234.4324309125493
233.01854550938347
231.4038815333285
230.30419405343463
229.9672715397625
230.06550426842654
228.71619058153246
227.663471931143
227.41435261954473
226.17437729537065
225.83425164550408
223.4838528994509
222.94994153829282
220.9099288155003
220.0706971675085
217.85843474857376
217.9164659922663
217.2941010220503
217.7742247056889
218.71004632793657
219.49995297724925
219.55073159280354
218.82796329632774
219.9076963625143
220.00598615366906
221.3984971791304
222.75266528493916
223.29213881197944
223.57987735623837
222.96599504759988
219.96139963601686
215.53521337119338
212.28417201936122
208.65404311967217
204.45531941754743
198.56912920562388
195.52252287402106
190.71930073633
187.6855282329554
186.14649280824344
183.33210258501475
183.14135876148566
182.0482622022667
180.28172432742676
178.81059477284555
177.16738782898904
176.40539031504315
