26
17
e
97.8705912058523
97.50373859557585
99.12717438551233
98.45927250697315
98.98354729680882
98.7505323472806
99.18485697109531
95.71534835546204
94.32713049767959
90.96903317760327
87.91316973878119
86.21469684055158
82.47884129718396
79.46172717858312
75.29375365603293
73.67321676127321
71.54470032584476
72.312877589661
71.74300547942548
70.70394447728603
70.86770845660917
69.97693310139522
69.80404406677633
68.58510640626906
67.53522635745965
66.00037223699091
65.41626509266193
64.74239984043447
64.05874382476712
63.55917724216688
63.55005895617033
61.27681889939292
61.567279403857846
60.7623596890193
59.33545172425413
58.56432804744937
57.64549984576514
56.023242655089106
54.265635639061585
53.2443328042012
51.15352171695176
51.63166214679188
51.5005298627124
50.89471331370555
51.89589480784547
53.626725825363124
54.796758726601276
54.776591937822666
55.54373831028417
55.78925936411961
55.10419738997715
55.42307356183905
56.02490415217494
56.751139025916565
55.987453694133144
55.6991532687535
57.25061505771703
57.988744677312006
57.751359636338435
58.649699868960674
59.35116776426046
59.128765511857516
60.0269415689776
60.543293114273254
60.594265956590434
61.37773360710208
61.16521221200007
62.29379583104154
62.150997525652784
63.53089110175853
64.23000980128278
67.59345812237841
66.95496973789874
67.21439641907085
69.09566069951809
69.72926533951718
71.22406588318232
70.50351344610266
72.864874722992
74.45352963736833
75.44326967118955
76.74679375449288
77.72226726301125
81.0478411249556
81.09342215725482
84.37183364061418
85.91903867191463
87.72168664139714
89.49534961641977
89.8832743223271
91.65724485651714
92.54439034850515
93.74273192755952
95.9863735961056
96.37316118963301
100.0351808249134
101.73150800052004
103.77071224462604
106.98179935881303
108.77950354399546
111.19271892398437
111.38101424608632
112.96254514098186
113.20004171323345
114.33269311029541
115.05737229755167
116.93738151094936
117.02394144705933
119.5258836695413
121.97591588773204
125.10456699115547
126.51771208849442
126.38532657619238
126.5027239526724
126.91735550645524
126.31918175262655
126.38866922277259
126.94876181518302
127.28862307846258
126.92440362644635
128.58667072239228
129.22273302318024
129.82148812947534
130.49866789951196
130.44316473226957
131.21047726116535
131.649032623848
131.40917121357435
131.694962340159
129.56121274201112
129.5163037912391
129.03220375746568
128.60917254979822
128.29295035545195
126.53269513802479
126.56325296655568
126.02203142982873
126.42337427248611
126.48179146491297
126.86060187665036
127.59943890496255
129.5667512518248
130.34784257231092
131.34391488339517
133.07652153418067
132.38023820416254
135.12278732895868
135.7379383584334
135.4839904276914
136.77281691379045
136.03329557116183
136.03292555919236
135.87827237242374
136.03648202675436
135.4239970531182
134.59545756223562
135.33175223883924
136.114588279253
134.97909641485037
135.26339592251097
135.73344038813656
134.86640091643415
134.87552006560784
135.42247874431857
134.46161827879806
134.6305928124227
134.46481314612396
133.75050382605244
133.07956417077926
133.93809514101352
132.6772726387395
133.3442900962233
133.488118664374
132.92210094081318
133.10432693136116
131.5454916723515
132.14394438915576
131.35089665474388
130.247611944035
129.99365547893217
129.20563328677076
128.07931285171088
128.2580798627559
127.50115910356148
127.00212430419325
127.27999634759223
127.70660522268322
126.98816894588803
126.56805967201508
126.57808208214594
125.9970370296503
125.99060305192494
125.14518156848118
126.12391081293914
126.33933564781066
125.22554363986806
125.32167765294365
125.03083329738027
124.77556136605398
123.77375537640889
124.7650655291528
123.43653571426373
125.16325775832979
124.85304446669043
124.05219578639831
123.19404216385814
123.1444816684572
121.27159475553603
121.80891512193986
121.61722146731307
120.56064936384637
121.86564811985994
121.99186841721955
123.21936318935836
123.2058158652431
123.39042519413347
124.46040024281491
124.91036942515979
125.29474055368462
125.96213056396303
125.69897834737665
125.28651630633652
126.2271972049935
124.93097253495952
124.38347392465774
123.73341458339021
124.45072777939636
125.5636145350636
124.41138371447161
124.27836705793578
124.67551769038815
123.80168121680771
124.08890412025062
123.39501570549601
123.19394068455166
125.08646983742591
124.69657132134407
128.09301771828038
129.08833659236362
130.21797748489945
131.45622392013416
133.25100112329272
134.71324761924487
135.557958258918
136.95289419393475
135.5699123194683
135.9517601047107
135.50263479935248
136.2755432087608
136.6897152785696
136.30328460813845
136.54145142648116
137.0083653356478
137.81519867823147
138.05858762582503
137.53260480756086
138.99122463854718
138.13095300077896
138.41304710572956
139.07833846843488
137.91734666030555
137.05896972595707
136.3924146026303
134.99116855187555
134.35877032168233
135.25056733955512
134.07152783950815
134.72326674775465
132.80775781118115
132.47747728273876
131.73164027234898
131.40600859771212
131.45484867941278
128.8474298817766
127.32645060171481
124.4827039356489
123.23329561777715
122.01174042579179
120.37405597870118
119.49411993858504
116.69360214322381
117.23005277911429
116.33440301282111
114.20059113287613
112.6446139827912
111.18105885378316
108.35510281551213
106.81558551878685
