8
4
d
63.152752549686085
64.13455923998673
64.35991437940338
64.28353925594834
64.78957807653983
64.17573643921848
63.70465241589384
61.52298968966252
57.469694484873244
51.979298701277024
47.42972172072198
43.31408294834488
35.081965548010714
30.271625754882802
23.345921328007528
22.747914646751937
22.338176320816952
20.91362688027705
21.675726307947926
21.335220567783665
21.3521715916575
21.352278424461396
20.707604353717535
20.854618649584413
20.09833280370383
19.074937258545635
16.787120984502653
15.424459578226168
14.90705373219977
14.02548712314403
14.60566018476517
14.40088511910086
16.262287153546833
16.748597526281262
17.273329123431264
17.973409961223602
18.577748319302124
19.650201992297344
19.40203168027161
19.96292758317992
20.333379681246463
20.229602179336545
21.10854026818973
21.011882590605573
21.94494698372148
24.110318502166532
25.589038937043455
25.807085671176388
27.739976935554072
29.208469461835918
29.27342051759328
30.463716648137734
31.072296103117605
32.1587958114206
32.729638115902624
35.29711046132163
37.991504331528105
42.41557296044836
45.15562728530239
49.12204704647387
54.29867513165007
58.7495421999463
64.31433925505367
65.8974309039911
67.96486504414878
69.52519163315084
69.14148585702479
70.14215963205044
69.75907972651267
70.3324080857402
71.14146776595024
71.65038825518701
72.55040504434415
73.46233195289965
74.27920459953008
75.89469396227581
76.034458445762
77.8110352580761
78.18813461547174
80.06249624615344
82.51806803455304
86.68919472032317
90.17118631929678
94.17102651842296
102.51247531821168
107.2737515046853
113.76791168465066
113.4892084486184
112.6498839439405
111.95662598129124
112.16812823462041
113.30225500629882
113.27569199245013
112.07177731480068
112.81054651242943
112.97196653856034
113.19979574785184
113.04141223482655
113.86683755403024
113.2436987601533
114.75638359805315
114.92297868453946
114.98130525797727
115.55413899272817
116.5917413882821
118.83954249423134
120.40939886348055
123.04214824989691
126.07533783786195
126.98759916012123
129.87545665844664
131.48164193371147
133.83463770807853
134.92429045762222
134.35497816915043
133.01327611631854
133.44133483485325
130.96070145072633
130.58155106958242
129.14852771187236
127.89974535755695
128.69360935004113
127.41929326888517
127.73781031133899
127.58442430579066
127.39634894468988
126.59728918092853
126.11804971552786
125.10931078503023
123.89657996631041
123.9418369105799
122.66137662352257
121.54549161690777
120.3199215280132
118.31305979381972
116.7127120655553
116.48232932763298
115.13167248001858
114.96336717436373
116.75875282944405
119.66023568134872
123.6634408459138
126.20378436558495
128.2116332337657
130.79290063576605
132.94295634409391
134.98133555854716
136.5011511647299
137.5392710459004
139.67416684496183
140.31743613983298
143.2119400196863
146.35842759917082
150.59823469629148
153.97778285356887
156.9797702993365
161.9533018421152
167.22944428116497
173.07149822115178
178.68818541421425
182.56152937210993
183.48427154246687
183.41680469826807
182.50389668616555
180.4790357851697
178.34217686443696
176.72995322016695
174.17483959812307
173.41557322562088
172.77158690480067
171.27623190065498
172.07833302280625
171.23266352272043
170.37164957491743
172.00793000250587
172.0127079390315
171.2330664102053
172.7050741123454
173.73508602381264
174.01503240654358
175.52273877893964
174.36442384870637
175.63814928397431
177.13075927145616
177.09103772305647
177.599471130715
177.40251398784218
177.0748377107771
176.63135864103444
175.6156810611028
175.12430483569992
174.5245001337696
173.26252829674704
172.34025864684173
171.60638791398222
170.24148697670395
169.34118632595093
168.4128177014591
168.05892719380748
170.53214947327098
174.50949727274508
180.855409263925
184.22556381220247
188.32837126354184
192.87670201463277
198.43111537678664
206.55761614146613
212.12649527691786
216.62382431736637
217.61281304606908
217.82002996760323
212.27880618192168
202.16300828155036
189.27826528028982
179.61737287363863
168.6516542542495
149.9663066535034
133.76796409453058
122.27333758635257
124.26541534788758
126.82204417912222
127.74439212164508
126.85545150861626
128.22013942474197
128.19122605175187
128.06183102490883
127.48678614311248
128.02596296614624
129.00667639691792
128.34940037861878
128.1177618917457
127.8893834482842
127.68582402315174
127.31169633075254
126.6813684468163
126.1666561262217
126.61118386352965
123.07719839462509
120.9536260655101
118.83853194362906
116.07749564704777
113.33440139663786
109.93177369357338
108.78804038812537
109.38251824596978
109.56442493028797
109.1263768493663
109.18659869338411
108.91714187080322
108.74274786718776
109.01892596343272
108.12115389550496
108.2340473943656
108.86128029297758
107.51992014657114
107.58849310679625
107.52753840595467
106.83420543024505
106.18393470888533
106.16119557995914
104.89971911882022
102.26040385779159
100.13249110883763
98.61236635016311
96.55252741674089
94.74743690349536
92.67166781321085
91.39067952456975
89.99379354864381
89.40697566257172
88.07090466109803
87.44592113039849
86.40858203877997
84.22100157136605
83.17455677363506
81.51435722829405
80.28327273301223
78.1450503940628
76.32783445393825
73.71678530169406
72.2898221051155
72.06262532407088
71.77830134640186
70.60877729326532
69.554999304826
69.45687567260143
67.79413479067023
67.21865770683223
