21
20
e
10.4263810935764
10.087625291638286
11.217968118978483
10.419220563744775
10.850598143447725
10.414058231481826
11.31144402901104
11.061160911094184
9.930498376855958
8.363552386978524
7.194939933328877
5.618489748659881
3.9989522880096797
2.808749470935104
0.4142693206940542
0.0
0.0
0.0
0.1850407641830204
0.0
3.6243721376255085
7.873528162132571
12.093738096076928
15.784353620921896
20.669329275355736
25.00305839287303
30.097744952320202
34.78614482593296
38.45471762443457
39.69927398928388
39.37197203359557
36.74144719441496
32.57292509605242
26.118228665068408
22.381721414016738
14.82926951822661
10.403742131358758
7.686213369981597
1.342562367986375
0.3946960033202771
0.0
0.07649857907901186
0.0
0.6330826360920784
0.0
0.5160664396376439
0.0
1.5128603450825995
3.382311585021165
2.693702450696953
2.700929074196445
3.79261962708114
3.0974022960340193
3.6227688006103684
4.2134718430411455
6.7242127848925355
7.850401763266134
12.9515459363721
16.165517430086233
20.18505370336674
24.015565707012186
26.1657476357179
27.101763568558592
29.519041286182542
31.252012389010243
34.17646647132227
36.12757507132217
42.58150295106821
49.98450263935399
63.313085214868316
71.90660259579515
84.39434981254266
96.41226202460864
109.1855449183531
127.54248878239336
143.27453099754914
154.97919527833548
157.6092066661171
157.16175843402024
148.13408339960472
134.76804719626813
113.91521705174918
98.45669131116469
81.69359751727988
68.74186953141853
56.97480055731256
37.989666627669905
24.01941627799422
13.380644175299215
11.120196611682333
11.688917825956064
14.92145083624093
21.238237415347466
30.457767665014114
38.2918995575564
44.04209879166866
47.82787502904592
50.54154489592412
56.58795568719773
59.69519457490201
61.529486215421365
62.32060667830639
62.278336497017136
61.719809532285495
60.688925777235276
60.36971068717561
59.741839471352534
58.080343083587366
56.24600304124594
53.536561186677915
51.219175645824784
47.60555178869847
43.882527853386385
42.206264003815825
42.5967810150795
53.8422594066917
71.46163064175346
96.84737408177247
114.6755890025171
136.02271351658484
163.59702092099826
182.42786431876013
210.278298285219
222.28581677262835
227.9045325136217
230.2887954792238
232.21119929949623
234.9227581260619
237.23927534917107
238.89188122792288
241.4801936684468
243.1676262077616
252.56059535060342
260.81202852639177
272.15051783602354
282.592958386
290.26224532219334
291.8371604312278
292.0345839453025
284.7084297346868
271.6783995936188
253.99028434887765
239.74304796265912
225.47909466461348
211.43146995895611
200.15801092079707
186.2954753635638
176.10297545508982
171.53678230048416
170.30068286436494
168.0479817144938
164.10273750764603
162.67700287069295
160.4721468897036
157.375309714747
155.18630195642183
148.8545275160271
143.03921121329196
136.31717440685156
131.25306911813985
127.1497047784189
126.28850441538742
126.87377216015395
124.2630724822923
121.18355945668833
119.86038562267493
117.58202080105784
116.04401032439982
111.12420329500681
106.74231585487395
97.95373866093901
92.89617240566399
87.17389952958229
86.33927327214333
86.47606686736562
92.85519008675173
103.07429947713514
117.71951891796881
127.62282149433985
138.98410373095206
150.61358447320242
161.11759091018385
177.8293096501956
191.1383274488742
201.81973647787933
204.85254310664726
204.3993862103786
193.96853369307183
176.948273342093
153.95288969803352
135.63170378679143
116.19662916647532
99.92473439494414
84.22315314700963
59.67076624691836
40.828310992642805
27.18385367696775
24.66098289208655
24.084377944008526
31.599053710043993
42.34662286233267
56.673748510301365
68.73306288690817
80.51050460522431
89.7623732819805
96.10516578721337
108.16686778024332
117.15684617219001
123.77892354129749
125.75516686371081
124.73378750813347
120.60360937926684
112.36095392571764
102.63804039085433
95.15373957211855
86.03077677720074
79.1332774908263
72.15026838010789
60.01211018634292
49.798535661790304
42.30932960948396
39.44622423088065
39.045014651652295
51.16861698393299
70.58313058182576
99.68328251126242
118.1768875088771
140.8249269965484
161.46460681693233
181.45050702081662
211.2583522001677
232.31159109588035
248.69938637911432
253.31482954807717
251.67093402797244
245.9058692648894
234.95448330947704
218.7026428786522
207.39314573986735
195.29821506256152
189.5565995482718
186.81069245001655
182.32841362450932
179.536988126398
174.9582669016874
170.9247250418654
167.2598233848233
158.68542822281398
145.89931239447193
127.80027940118245
115.2237986732789
97.2243360914211
78.8739766035009
63.39808980193954
37.37098685998816
18.85769552935837
3.8569881151540613
1.1682648651470422
0.2784811761634465
5.20046390058994
9.620729573057451
16.259247912609503
20.700803895071754
26.289071353555492
26.598135353963904
25.975599287105105
26.280112449341317
26.430711047902022
25.935524366970352
26.682342739548282
26.278813624882954
25.923844568108656
26.960116918971266
27.53014893669603
28.242291716434686
28.664242714661288
30.015279151882343
30.12009411612917
31.87806745769317
33.37225735805905
34.19057543838552
35.236616221575574
33.95283328406811
33.374498292086095
30.266574917519073
27.313662421787722
24.648451188352222
20.53585112418307
