14
25
e
46.47066898220131
46.67087848121683
46.7887290310492
46.583453047538114
45.803907531936964
46.868896129057816
46.65013888071634
46.47974933877689
45.51260003547357
45.34993701934039
44.60136763939049
43.70281404149331
43.25595441561105
43.01732142686153
41.805709315914164
40.28251193294547
39.66866977322572
39.36909917575891
40.614607604181415
40.606665988866716
41.7141769073828
41.23650907482277
42.39409510867665
43.48788417438438
44.3479172638998
45.74514512612972
47.732531425528165
47.27493447525353
49.67140459069135
50.14454704173336
49.98855798071061
47.15095642433433
44.275581868101156
40.80990425067707
36.56937499684927
33.38848161066094
30.02164139920741
26.547421799274428
22.588457014049066
18.742234333080884
15.165469127429052
15.175848815874282
14.971222938867555
15.642267552789647
19.29264660431421
21.539395656942816
22.542648554930267
26.195572480039626
26.598513441790228
26.34261709623958
25.310041096177738
26.339231984014805
28.151145782615302
29.683008282656708
29.557560625914157
32.22598807197998
35.419171823769034
45.801764838285116
51.66588308836262
61.219769837477465
68.8685941067172
77.16617810481772
88.12706055651958
96.68919881349255
102.22516234038659
103.40752987388754
103.19562131708183
102.17166075601355
100.35183002028151
96.84839903466545
95.55424748692194
93.33529413196534
91.79654909838824
90.95983203490997
91.35279869051206
89.8090284931052
89.25318844815064
88.09864750340175
88.76065669141123
90.95630956628926
96.11916835755223
102.72507570953806
108.56227439607912
113.56865470638722
118.70266289108947
122.36148894570677
128.1300147323973
132.15334213937987
136.08966984863278
137.49794293416414
138.43817825398668
140.9279955766855
142.80000964399412
146.2005489776883
149.91585944191573
151.6019385448179
157.63107483118134
162.04914967849038
169.2899683320184
175.4232950857834
180.3372673403824
181.45093018745544
181.71228948459938
176.8641227177023
168.37305846896842
159.88281637433238
152.76397468976197
143.11954956553564
136.79869535539675
130.28262099690923
119.72179961501796
112.40099924135608
106.70143413914136
104.44508811906718
104.52997951614084
109.49669182653025
115.38517602430738
126.51103024851366
134.04650562944718
141.208685562133
147.194529788309
153.3787348537313
160.30816488462744
168.10665740233696
172.353694176268
172.9566992063232
173.68250985157158
171.46041665483995
169.69239623790506
168.62411041952944
166.8008074434781
163.54001534369272
165.0381416239094
164.17857281123597
164.2704924920717
165.66029248505055
165.22845730027356
165.96240844308502
166.16351803835138
164.1156069615408
163.6313209326694
162.55108950029364
160.9715561408941
158.86075093229496
157.1856584425865
155.8515969305816
152.40471748776136
148.60362076546573
147.53102524667972
147.17635374708243
145.9877240900945
151.67356647946886
159.4711839100683
169.20865447177312
176.2586340927617
184.81809087065164
194.14551247788606
202.1977409180729
214.76169334523215
225.26586063241288
231.05441087621435
233.5580716227951
234.1224821094639
227.81634472946183
217.72966227516
204.25072469805562
194.546592976034
181.97293498305737
174.58503780626398
166.63172512320165
153.83432645010345
144.53555536374824
138.26989985920844
135.91724839677704
136.04641961806198
139.3841305587884
142.40323298012353
148.49388906718565
152.32010293041736
156.98717157238323
159.33572604610455
161.13511650670205
165.56465365267331
167.16019640162222
168.05665177227277
168.9209761304228
168.45472007769783
167.15553415150484
166.40840342294132
162.35786772714982
159.201982263836
157.31084332990133
154.62986495815176
151.3231250202318
144.72596550153673
140.14284697328375
137.222795807122
135.6606154569876
135.56306981237773
143.32737328500346
156.55457024019415
176.22051002364282
189.7915527320463
205.8802442937334
220.31804109950022
235.4600687494988
259.29011472809003
277.26882448757874
291.02999600138884
293.66286507908944
294.3958710217548
283.373261277811
265.81902225478603
240.58068663770845
223.69456000208604
202.54628653535187
187.81221916937002
171.64293616895557
147.77685158694635
130.08626894626795
115.77286506086527
112.74807057631762
112.5370699909996
124.15453784893688
139.27435635803886
161.28115980977785
178.70105976194426
198.6466287036571
212.8591019229637
225.74172873658082
248.1184261814161
265.41801471116116
277.1558937514091
280.39905655083055
280.0793835097287
271.3813528941799
258.4832865097805
238.98029248250072
225.02380595241678
208.70277789755858
197.19992182057732
188.27653228421693
174.7567681491442
165.63931240363877
158.5731530355045
156.7378757123479
155.04685056062053
150.749975603222
146.6288665666361
142.0559857569801
138.3048258909221
134.24934052592047
126.63976813032565
117.99424816274579
106.43108236744419
96.7391397186087
89.78539911017955
89.06064101495758
88.72448831384708
92.28048341448911
98.57468747226848
107.34833724063695
114.14160668440253
120.0006181326024
125.9623877810713
130.52775536078747
138.0567151758736
142.84500779364674
146.69930140576844
147.99944702499843
148.2625813375678
145.19600178402115
140.9526170589048
134.3823103672521
129.5504944137282
123.60231541008929
120.56497175184758
117.5277203862743
115.88227328404447
112.64280838358503
110.45230582459907
108.92228275718995
107.39400148401371
101.8316308877795
96.72399477716823
89.7116695137296
84.16629714759341
77.41649532031703
