15
21
c
27.2156987763096
26.70379253311208
26.99579955018347
27.494154490181604
27.278844449008304
26.892354739435213
26.926903743671804
27.276301332151228
26.731369376755385
26.623691176373182
25.90600272000399
25.217940550827226
25.608798129418616
24.73661360703031
24.367112356605496
24.39070308105499
23.263943744761768
23.56367350756393
24.040754568490563
23.268049537259703
24.02858817923688
24.635037985863733
25.285349184496464
25.33757027796511
26.070365705068212
26.716917103466866
27.260222855819475
29.233023161828566
28.441212872131064
29.97521084094388
28.24084155020335
27.489734743798646
27.39401596576359
23.156763320638195
21.906684730912755
19.590363837779385
17.222699257252184
15.623704501292366
12.670062107327084
10.378377661302688
8.469779929224853
9.13262179115357
8.451011830163202
10.053100672229556
10.71501990508474
12.431085912663663
13.929554560757063
15.327160899693562
14.978600226658877
15.541171255160265
16.01212148006674
15.350861810017037
16.703489997952772
17.364473630401108
16.784873910313873
18.328673206265048
20.961526429847087
26.347859487625016
30.301406868057366
36.03621291941873
40.686072851931016
44.66775419754809
51.063888538758626
56.178325183052905
59.96451739711647
60.842900827310785
61.04917410421494
59.02350684281834
57.96112427004952
57.03345265792919
56.03908362692408
54.34149642819743
53.31257712580973
52.72610658291273
52.87197779505761
52.16072119596218
51.87857547054696
51.86698329263505
51.39809128497076
53.49051212343697
55.590452318835595
60.435674915321506
62.53455395650251
65.84097708224644
69.4492530512532
71.10819388037962
73.93129399311115
77.36668989137503
78.73049187575131
80.18540159352835
81.58018640397954
81.89348559423563
82.86778082109686
86.17792697272193
86.2848009932457
89.11052081288767
90.9485529715506
93.3770032032687
98.62252932559593
102.56823730894922
105.05783686237231
105.81475077341035
105.27626568564665
103.1082861879267
99.34910468877119
92.79160817364797
88.67391358041722
83.5247923295161
80.46067545995568
76.0560298361291
69.7487862038245
65.62288464170419
63.02158894418946
61.17509188825639
60.68079859718181
64.24157211058602
67.85919248181231
73.93911722852258
77.94649364588545
81.67301944894601
86.1331870183284
88.86216620698933
93.7149452868748
97.93463969989347
99.79006486972396
100.95537085606584
101.33532911592611
101.12816232479459
98.74543533771154
98.24241936786544
96.33867447567133
95.81796237539264
95.7996542594509
96.77840663046443
96.91396739070821
95.9364620244959
97.95632119368118
96.87196431346685
97.2195253282382
95.11070798587454
94.86848798739744
94.6906019720517
94.86129007954493
92.86403862720958
92.13911617218452
90.97473262647763
89.00637376674621
87.02643830456456
86.77945061745808
85.1320570422745
85.99122967253432
88.27595005547163
92.24971253918571
98.59691771951472
101.80933016283169
108.13778026608573
113.01293323179002
116.75389822529681
124.70233024679332
130.77258186797383
135.88638040037318
136.004595201878
136.31348458679628
132.6877938680202
127.44553989429674
119.04619081708034
113.5855698919275
106.89752909614741
102.3209089662833
96.49904166362192
89.27316947497012
83.29373733576776
79.99052704960673
79.38989526623283
78.78956446590685
81.05361478003769
82.42575613180634
87.09861230719295
88.34810916284871
91.23953669942259
93.10142309351596
93.9728074374079
95.81052341100336
97.20822563764592
97.8723387973438
99.40611426904782
98.41857583647109
98.27464713689363
96.90253245118642
95.0031919052446
92.6584212038288
91.70823688730835
89.92953305234822
87.43520993051874
84.83070555716392
81.24418366323528
80.07756810372797
79.5867515979146
79.8679998625476
84.35151717487074
90.95373542777949
103.18560164584261
110.4860833280261
119.98405970790691
128.88972131914076
137.70881460883243
150.85577385797532
161.58449155596733
170.2119849836872
171.18022873442902
170.16303686209997
165.04177974953686
154.75658610914462
141.15372035095515
130.26585017703337
118.96880837043736
109.1967912725423
100.40831862767106
86.30147488947838
75.49007640703286
67.15432908566882
66.05597782879944
65.72181056035917
72.01627726467488
81.87400207011729
93.75760741514574
103.98163324018634
115.58839388767538
123.33807107431679
131.90854591402532
144.21754388326127
154.16773758432706
161.13119202097215
163.213034016097
163.25717535846206
157.5648190165511
150.24771888770636
138.63350295532686
130.31740623606146
121.2758699369808
114.30796293229213
109.05208818220895
102.27409478216823
97.59314250156568
93.23683814370425
91.84268489822412
89.82023001081811
87.65507071713495
85.39413689161923
81.24712938948946
80.76932440238986
77.69515578218173
73.8918320097805
69.23408816372047
61.37293434278182
56.393530848903104
52.5910972760673
51.74712645897415
52.3492259739614
53.4309669384625
57.3409227091407
62.02494423025715
66.36457913335192
69.99581665959194
73.8414195292244
75.73046406500575
80.24638139516665
83.99091165949245
86.07174432005885
86.65109156510091
87.29704148297054
85.58611456296332
81.63090770330756
78.32570477640449
74.5775745995305
72.37213454005847
69.85284474625846
68.36768672270956
67.30408338885505
65.91036472440236
63.76752201350854
63.621022791531686
62.157044786295124
59.88721451361584
56.29575216144059
52.49934062929306
49.185611856243874
45.82125501901636
