17
4
d
119.13192193410072
119.5595506609246
119.09066242554209
119.57983290852843
119.82129496651837
119.30983997338673
119.19715321641087
114.78447550250269
108.65354332240554
101.13624202664442
95.62911297656949
87.83604804114482
81.88957049030024
74.98039049584055
64.37171907462118
56.403803777319965
50.63934888608045
50.244020365215505
49.98705262311986
51.13385719568846
52.87443612577098
55.75015888956723
59.235766767417715
62.00694844736909
61.69574653168767
63.779915902022594
63.51190939849511
62.909166710856184
64.18831800053525
64.36605693859757
64.58069684728025
65.30585502202726
66.69835359363157
66.50453166807915
67.56648381581644
68.43218312267204
69.27176218065873
70.18123810411151
70.89048637804778
72.26389457615684
73.6506651341244
73.87521266140364
74.27336466407655
73.94439079918624
72.17066369693428
71.5151333662082
71.14241815547942
69.41314004173262
69.95374929028492
69.3027478358334
69.0425154154096
67.64173932582018
67.69457413063692
67.51809127722171
67.38864132093062
68.42298979765252
67.27795917573788
66.38694027059722
66.19394345409293
66.0468115563646
64.53508649794361
64.28522793100939
62.63753689940803
61.327103987276146
59.04794790488233
58.99286090156129
59.62693245572097
62.313220702706516
67.07270071653795
73.65416772969058
77.85349090501172
83.3697532280757
88.85949514504334
91.1470547855322
95.09177834751665
99.99113299635141
103.66741772947289
105.2308122372962
107.30957922731193
112.19574648700058
116.11039104801894
121.78039149106775
125.90731236845207
131.43502303131805
139.21003492799258
145.3204091476256
155.42456451286097
163.5478898459967
169.12531351577695
170.2656364595642
169.96477624372875
169.88078423909073
167.30259518401104
163.91138090178436
160.87824162012808
157.89124726494217
157.5871471764574
157.95295304946185
157.21472007715457
157.5663723876054
157.54607323979764
157.70030736554364
156.78257532748273
155.40902690666695
155.50064040553292
147.6523960259679
142.2497836912578
133.4718099013349
128.511991775007
123.06576578052679
115.0568762661288
108.58299175636338
104.1302354151102
102.64085449311462
103.19959600845573
104.98084654303264
107.47688444102229
110.48207971056137
113.0366067732678
114.28606271228159
116.97183137586494
117.7649696892422
119.1779816615654
119.72931587288902
120.89990346557532
120.2070715636186
120.05260183120511
121.92322238732415
122.09100533474606
120.9499425230727
121.64010252358905
121.89920188352943
122.2593144162053
122.0042338404164
122.38237656620134
122.90281778377104
122.75890001265624
123.12692338742511
123.94401048084431
125.19238094100132
126.12893991899973
129.50329728254414
132.30220323916052
134.94034865077728
139.39847603307987
141.92821071587625
146.489434882799
149.5342210014801
152.19880694175566
152.220182708944
152.97724294179727
152.50757862350326
151.038113584252
150.11880343889516
148.49973452002416
147.93382566569525
148.0785837730152
146.87472870722695
146.06570709344572
145.34685613809762
144.795562690493
144.75452326226252
144.47421003218392
146.9584728533093
151.54388183336516
157.54019530191923
161.62984953942632
166.09887727328373
170.3566891484422
175.21550156249273
183.1878401889399
186.47339422988313
190.41109887586018
191.2301868271389
191.17041287605377
189.30936995636188
189.25501871807182
184.6681219458367
184.22248638053367
181.50034567111956
181.96903211917873
182.01033252544593
180.83069549269717
181.49624634171877
179.9064798172622
180.1912783331304
179.7624652367581
180.24433631001574
177.699983158514
177.50071927321144
176.50554590166738
174.9902711721351
174.79962618129858
174.71248589000194
174.35382351822508
173.66479298477208
172.32221489270464
172.0808499051397
171.54576547927425
170.1738123172471
169.63737104553485
165.71027988308487
165.02273523974776
161.91997768589357
159.62176912065152
156.9628818535496
151.4290187266647
148.02179657374998
145.4944909797213
144.9084696377861
144.81795053938902
147.54889524298326
152.85097050204737
159.66066442944958
163.83426337850582
171.2030624770571
174.02567970480524
178.87754688902808
187.2543408133276
192.07715683339418
195.96447776698852
197.81439482806562
196.96087769780672
193.12192819630855
189.8812042734048
184.33106698094642
180.5751467114136
176.03367107063727
173.9440656966118
171.19690709315788
166.81761786055537
165.68572024551966
162.90354014418475
161.92408916147292
161.36548992347454
159.17158619877742
158.0787350034989
157.73900075261136
156.14842913442268
153.08923426969443
151.40236688843223
148.64877271255406
146.73292234809097
144.3104683181499
142.66658642885727
142.56581815378368
141.80128988457784
140.4431999329279
140.04322749969367
139.65341445049398
138.64189209585163
138.24504622094045
135.83175109846007
133.96352059340296
132.4490874834403
129.33818743315203
127.61467197303408
128.40306892674738
128.34102466070001
129.3660502586409
132.544300126659
136.55521469402956
140.5358367974702
144.01223931196554
147.0781782052455
150.59876249209276
156.73945082920312
159.6763509964755
163.17183890549367
163.95295506519847
163.45878182205718
159.60247087901672
156.50229430716038
149.6831462102824
144.72470758602506
140.30521227041436
134.27548890651215
129.32488279490647
123.21693078368868
122.95343120616444
121.52073717177343
121.01098767022468
121.59406452772558
121.16075339777511
119.68650373122115
120.30213973722364
120.12500835821508
120.70108622658276
