14
2
a
15.001533392052314
15.60701701826523
14.723235014625413
16.054597435819637
14.957273529933524
15.47530639089375
14.31186337497079
13.57655810298014
13.371588079064415
10.71152366181972
9.857785404459033
7.318373702677615
5.7693657392809055
3.6161398585440274
0.8832323611850141
0.0
0.0
0.7190542879406688
0.0
0.0
3.1326692751655223
10.326473792370662
15.382220644470932
22.119919178487272
27.258806131719158
33.208140894227974
41.776334140457855
47.48540041809388
51.0659822750612
53.230115310521214
53.14112199422728
49.772798111552454
43.76657114633453
34.62137342548806
29.015990951498694
19.617297742783556
15.016621590261819
10.322516696574706
2.6501806284741627
0.0
0.0
0.0210447854839586
0.0
0.3996696047932522
0.0
0.011936457890666021
0.0
2.0306219749332386
4.317573685217535
4.264026697014464
4.270447095817855
4.150739454320143
4.915434719855087
5.362546021104401
7.265122535846852
7.996730360159153
10.24762126541169
17.256588985222653
21.98499868642277
27.896764361809545
30.90653998546967
34.25675737171462
36.140962489939895
38.439169985200216
42.558321047772566
46.69518985830641
48.47564742781684
57.738246669520166
68.00135697286807
84.23745630147843
96.83753746570639
113.6911625813244
129.40089598958522
146.8637538075881
171.87422219948542
192.25682299094652
207.68958044942366
211.3640770520303
211.76725608822255
199.14561767766327
179.76704106568752
153.01903091058205
132.34077379740947
108.29446468975624
92.60992523869224
75.97312053866467
50.65523964172518
31.8656088062452
19.391165710733908
15.1314094061829
14.563337137647528
21.481586703100092
29.535694002206718
40.268148315565455
49.40561098463578
60.067804777356216
64.58701282678332
68.16386156200078
73.47206566415274
79.63760159325662
83.13942811906583
83.09104789438976
83.5958100534226
84.08344752601313
81.8642226536416
80.10327919824512
77.92723466261599
77.26249968416563
76.08943490420988
72.40628335231844
67.93734237774477
63.274057097047034
59.38963272154499
57.32636445310299
56.58037081237801
73.68801579567493
95.82625155258903
130.0881444150007
154.15074732390605
184.10017780842162
217.67962635542995
245.44716987313257
281.32157569950857
299.00247091164107
306.2910010559953
307.94512408240803
312.72559941381064
314.56367313070587
319.5071625058178
321.26201991725463
324.677073372382
327.65979445391645
338.67073181137573
349.0148476723799
367.1763082339652
379.5088868467182
389.75231281360834
392.4204461418087
392.4227464709346
382.31905969286515
364.34745277055185
340.08081216067546
323.18859385803944
303.0578284642564
283.57113761398944
269.6994109790051
250.17781512410772
235.79419317933284
230.3302317667633
226.65934610600772
224.11560170331623
220.96843747941796
218.22088180106266
214.8166133969576
211.78703821736008
208.14208016227093
199.09933976641668
192.33933273174947
183.7364146695035
177.56944050238707
171.71454551376053
170.2838378169452
169.0950148217706
165.35702272418473
163.63211620341622
162.07052821983692
157.9923824683414
155.3054942579534
149.2667258116994
142.87569068858235
132.5039707498801
123.96566349498664
117.67365877539979
115.83120439965268
116.85539674141707
125.33008907588986
137.72670967476998
157.37030843088337
171.5198242223714
186.84786265807975
200.68446342717908
217.16197810522894
239.30149815108012
257.4149669038595
271.38820481410636
274.59160024641903
274.94542399104756
259.811282480979
238.2998878589048
205.8959811517126
183.16376630131774
154.97400766068515
133.0935308803877
112.90341000742761
80.10055934494932
55.63840856052134
37.5810805757636
33.095933630193194
32.75206866187806
42.71763979742961
56.87838708020634
76.81048328728544
92.81418589301495
109.15930414831034
118.73155895338644
129.36997244463214
144.7934508483524
156.61644642860472
166.21784256337597
168.44364086379588
168.40991589923613
161.21173344433387
152.4133069028545
138.60366273083702
127.12190961231634
117.27652524953251
107.01752982151876
97.01795943760922
79.33112300165556
67.11595341968408
56.5070448593157
52.55010075269054
52.718667484670675
69.96385424971068
95.08931089072777
132.42366792506297
158.63218884865447
190.0047963037133
217.67629507836952
243.78586135904303
282.9129898905835
312.8638809387546
335.9822429858762
339.99338873728254
341.3948754615265
331.52483191602147
315.7946417506478
295.6601252130743
278.6303428191687
260.3362405098146
254.7822461845181
249.02349780043784
246.01053042983196
241.16664744320215
235.7335780715153
229.9978387627894
225.8248539722685
211.53468049221902
195.71698584675863
171.5007962196971
153.71712326896844
130.1051486815746
106.06158676407688
83.10134917951648
49.746814553832834
24.640441257939955
5.75722213127342
1.0175061609648706
2.1548474652180767
4.912142356650513
12.11650091970517
20.33844115205565
27.6210576558384
36.10483225752573
34.89437524820668
34.34348019335067
35.14788516883768
34.639787418433635
34.49780117491375
34.17408736262433
34.254878862618845
35.62909972350352
36.2297765319402
36.93021402443202
37.852675930748916
38.323966361329056
39.1405753581905
41.452868203823336
42.86297479598883
44.687784445104185
45.12884873430668
46.67113042037486
46.49261387133409
44.30015121855796
40.10865749692635
35.393629386863104
31.58787995323148
28.17605133538535
