8
22
c
112.43618814845051
113.11694319781024
113.02261037066172
113.30378173626862
112.41426058911635
112.82280201469544
112.21374890375843
108.9998771376634
104.21943740807677
97.83795655120994
92.97152003489202
85.3620595857943
79.95161029873009
74.91790523312172
66.13635522878936
58.8616601918966
54.20693471792008
53.69184875672153
53.3708974493647
53.16855278599515
56.2805323678058
60.00395047417654
62.451914384552566
65.63611670485953
67.20802103494941
67.87752383004728
69.02538941183583
69.78316800580579
70.3636405599669
70.089863913124
70.39772495243231
69.35767225018463
71.07204843217018
70.52769169576642
71.23591318006964
71.41458408086822
71.18392184030786
72.56323215894513
73.0135883114236
73.51534768370782
73.28222513759674
73.30349945870734
72.57822412938198
73.55044552433783
73.09336701438349
73.04233482201025
73.98488505462677
74.27769753766813
73.80662791247346
72.02766221508429
73.01041247713816
72.33133847242506
72.79707140189615
72.60542205485807
73.38953786458113
73.39480121704125
73.25923536751742
73.44480729058736
72.47599232719203
72.7954629256935
72.83715760572592
73.32253241358883
72.59163390958001
71.1704343876756
71.39320783797518
71.7194623467741
71.42181627563215
72.08822385340623
74.76476762226149
78.36749421035701
79.53993377530414
82.4202556094437
86.00343161682984
88.31305363339426
92.02489439468093
93.57950719257997
93.1372490227365
92.20658022765869
93.00049552224374
92.75424738751487
92.75746281544322
92.61168832211577
92.50207897220724
93.33539185481398
92.54094714903574
93.29081152089903
93.511156988749
93.2991585894151
93.55851191014936
93.44699992872471
93.942144352542
94.55668004137382
95.22390542920783
103.51520236538738
109.0988739429329
117.35163552139838
120.95944723811407
127.1538468228439
136.06004160222682
140.7435507021238
144.94844409703384
146.96875217693855
145.8620967775291
146.93390744648727
143.45443639315494
143.28001509787
140.04535451001584
137.77718183353744
139.04666522841737
139.3601711830543
138.85918528195523
139.5400359713817
140.22521270002179
139.25565670665245
140.69116056799538
139.37402131137648
137.66810219023742
135.21823333556483
133.16180587763944
131.534910045074
129.43478926800648
127.19583560667232
125.42638507487658
122.8057997596039
122.16444628851626
121.05082018862929
122.35060209180538
121.60053445025106
121.56974922300716
122.93206661893223
123.09033805739057
124.2222527861665
124.46940734223037
123.88777336552944
122.94345215841308
122.29849625071299
122.27102837596976
121.56703942800823
121.31386498668277
123.484276409081
125.43642399357073
130.19819024483556
131.77058771212617
134.26494585172867
138.19230496766224
140.75226728779649
145.35895079552043
147.658146002905
150.61104340912354
152.0676311102282
150.91639200118448
149.25351605336127
146.14477972654876
143.33002205428642
140.4644135459602
136.98837312289058
134.29802077161702
132.4201276847343
128.69401867930145
125.29458642942262
123.19966989518059
121.72635668469806
123.07666089319031
125.01119361461033
126.80146605559979
132.4808022176252
134.5723189081284
138.02548303534832
141.71376631911707
143.3895549305267
145.39920303129315
148.36699951870543
148.8355204332155
150.98564016626466
152.33661645054477
154.08342037083503
155.63712815633502
158.55546227566353
159.60612391945253
162.52694703026114
165.90368809141
169.30378445427212
173.91751884735615
177.15285058572576
179.63059742115956
180.65199575536718
180.12240413529278
179.2015978155778
178.64498112589385
175.13517712793404
173.3560406643992
172.20253378185868
171.1766806572228
169.82682682652973
167.8810082376118
165.33160876762773
165.81963164074583
165.36384827311375
164.81948894852215
166.7390369591441
168.7729849767582
172.27402812650766
175.37209710107527
177.5847755007271
179.97295046859045
181.79471938735205
184.55918517851669
187.78950353778555
189.4208739772044
189.50821217391712
190.40165300088123
188.50802553743435
187.80860879149768
187.2203858482578
185.79148633273954
183.79076127710363
183.9733529667243
184.34034794852374
183.48023097178626
182.51295872734184
183.94389956507683
183.17470748670004
182.73352532763832
182.18047072394032
181.0852055489369
177.59416617127442
174.8823838148823
170.86555037435994
167.30593015602435
164.8911571563921
160.54385876043736
159.7853036617013
158.8350471734854
158.7506233375329
158.39509167807
157.68735905976857
157.44371599014679
158.36899320604957
157.62261151952958
157.1725104379388
157.05822911493874
155.9618641542951
155.09393316469817
153.38037885148273
152.60048019924912
153.68230971406206
151.69679380093308
152.7918017757874
151.06967994928382
151.61733851385114
150.5549676001206
149.81624563318923
148.96805177566637
147.96869895714218
148.37661280035525
144.3642562100088
144.52638990795091
144.9082761293485
144.13006520084295
145.1298928123804
145.18932855116432
144.5298481969456
145.57548167777315
145.47684562815448
146.71169460045215
146.9650294863465
146.27679734400647
146.86695766876448
148.64817477731287
149.02817741862373
148.7634663244091
146.6894780350951
143.600013493842
141.07011641638465
137.4964086863215
134.58961236249718
131.6965755728689
130.00324660492188
126.52876730847973
123.73082974251386
123.01169592473371
121.5897292545355
121.22276741342039
120.07436765491255
119.51931787712891
118.63985922466696
118.23135482584331
117.11003355464028
