19
1
c
154.48696622052833
155.00387456745747
154.29218952621304
154.79623225203107
154.3548352391618
154.35556545928242
154.55660595550955
148.01643812140978
139.80099396969766
127.91717124123839
120.22404201619082
110.08982343254159
90.0621911946933
77.19244969981563
62.4044310906763
62.9556129325513
61.867016659659896
60.88181623262816
61.95249084269794
62.062339140500576
62.24715477649614
60.493923407771085
61.28894337283654
61.64256311853744
57.96492708427495
57.35703934629834
55.16259738295252
53.66485121760799
52.53313390829212
50.6762592725243
52.03346064146679
52.721493936069244
52.69917739198375
53.01073023852492
53.47280662994834
54.93082804933146
54.46916608424734
54.79182843403803
56.38771281597144
56.606769370536135
56.94529429198496
58.69032733545764
58.56921090624407
55.22376618430777
51.530879027263985
45.17270984250087
42.14351622145483
36.49956147728145
32.40063841051207
28.270217648775624
20.719754264699702
15.416316787988398
11.32048760273043
10.441614275252281
9.925662849247743
14.10421803437496
20.38219991833756
27.472283911070704
33.76922806653067
40.993159050765804
46.67177345710937
50.91399036615385
58.153705622653405
63.62356379975528
68.19216917299008
69.5674200844648
68.57371618518434
67.65096012295804
66.08378966459071
62.71853957603476
60.051591009583696
58.761343019326176
56.98612613565199
55.49868148598059
54.76591293491455
52.49637651759819
52.58810793788614
51.197374712217666
51.760056244996335
54.28891964023532
54.219152139962944
57.656406080923084
58.24183518707166
60.78653542463958
62.911100202844175
62.49684570737797
63.026319840112876
65.61786699122607
66.89220791879472
67.50338897044638
66.82866548206363
71.60204832021758
73.40672728506826
78.23563410584629
80.72455428985684
85.38978258524924
89.56562842990436
93.18757146363971
99.3820137570712
105.42499644032796
109.36494195279329
108.91014947343884
109.3725678048623
107.63573575697335
105.07881560477186
101.09606289002473
98.47989622925338
95.29568334196154
92.4329017137154
91.72487934704738
89.70718634444906
87.35610306439916
85.7775955032797
84.4527671677449
85.80219132496788
86.71333533204532
87.87856021349977
89.3849227254194
90.79889657915015
91.12244715697871
93.5072948810985
91.8983155296303
92.53032120934658
92.66872543013152
92.6096338152559
93.62182781018329
93.7225225054607
96.83023796468933
99.12230217128725
106.91446129233783
113.26709389652193
122.95286003799855
129.84998732429997
136.31552006257863
145.21261542306462
150.30874312227724
154.334153086787
154.77157480124606
155.83646837841565
157.72639599854966
158.4296676543085
159.51773713392754
161.74418662165598
163.22357038985893
164.92293049592294
165.41158223495347
166.0597182067129
167.72958490853944
169.82134327692089
171.73246280965728
174.01791078057204
181.57502777925117
188.9796040806896
207.47931590235925
221.49591333415333
241.71501882745486
258.1195634436887
275.4076615520259
299.8309450629711
319.21418374700505
334.03381903703064
337.35887366750956
336.350076139724
329.0154286426651
313.6056615321837
296.5680372841033
282.12737240187204
264.4780811032532
243.75929390135062
229.01378771181248
215.0099331535911
217.2420823006556
219.03687475088051
218.39423294401544
220.64325622592352
221.50238795144287
221.11100389518802
220.4723751775122
219.86450543096058
220.8568553888442
219.37134893223734
217.76745689739175
215.1429243437444
211.8195143553222
210.03359109373108
209.79282038865938
209.53909097518905
215.0804259330839
222.88094175728824
234.11918850436595
241.3012925354861
251.7090585253771
260.0463608924847
266.4186216005478
274.38257003205257
282.31537382087276
289.080007782395
291.9130760615572
294.4586091088472
297.5331295702996
301.58686099492246
306.3241396620073
311.1120739746899
316.73317398242193
324.47690468162756
333.31245964409055
347.79113573027047
358.62778353822574
366.6097097251914
369.2557241454213
369.94949985995976
359.8436442451081
343.3808078626806
322.6117149782465
306.0061395571354
289.43584388394765
272.3153349979881
260.4867692080963
243.96109150280253
232.32775658509448
223.317674775267
220.7388755762394
216.96628867481934
212.00262008250309
208.6649647393677
203.41371453392244
199.61174054193694
192.9372757812447
184.31186288203813
175.6870989581717
162.96269374258515
152.3395021922454
145.1164709631916
142.40344499046168
143.13794820124824
145.0930884550455
148.73708954884202
152.26818839563643
155.4438923395014
159.2460219481441
160.33436650280393
161.92383328435926
163.2689752423642
165.69395033200786
167.23772336002878
167.2630854243127
169.14630082603566
164.6009780677303
161.70005397040114
155.08785588713926
150.5471106707268
145.98656099580617
141.42470252812447
137.44105350951648
132.43886041809716
128.28750983784195
126.91550137681305
126.33689432081057
125.1238896755971
123.38527846331024
122.6833807833708
121.46048896082816
120.83419877521256
118.3957334180863
116.572207016747
113.08275376819937
109.8482110163878
105.45002847152826
102.84029393608932
102.50268651634342
102.46348439502943
104.59756456786798
109.92444359572951
115.92202486833176
119.51370895822215
125.34126625466975
131.81823006089184
137.3965027902148
143.8954813860831
145.41268201640744
144.7720261550381
144.9701986294022
146.41560309161764
145.83917013257278
146.54506579211434
146.70089453886666
145.95376385212515
145.64419685484054
