3
17
d
137.1415707316727
137.4933658741673
137.91984913286768
137.4470804597053
138.27922471544903
136.75142986988556
136.95817212729548
131.71738637347636
125.7079187835318
116.03195101300338
109.80920034130527
101.62339538956162
93.19269583517284
85.4780745114163
74.27879095463695
66.02303865763551
57.91198042012455
57.07654887512458
57.05147308588726
58.04932625245825
61.748310995194025
65.28934609361465
68.21639749031571
71.28346831086353
71.70610156076866
72.50708350863216
73.01435501736326
72.65910989699978
73.14708819177423
72.87891876190434
74.24964609979284
74.66775073204786
75.03663333981113
76.25380683922772
77.31715379060414
78.707376498433
79.56522206142066
81.0776034175743
82.0180262923034
83.48876598557385
85.3164859339293
84.77752669732078
85.27811668022842
83.37162993018808
83.68404547160871
81.79791448914473
82.69364322851789
80.0737069891726
80.18170522930825
78.89290871828742
78.70864622515556
78.69146819696569
77.40041555795713
77.7640181143163
77.10845356410327
77.65312770938164
76.92575006942761
76.86482766346965
76.47518778205972
77.18671460243338
74.74855195081612
73.93407832285016
72.24177725246292
70.17163579641104
68.8866867287552
68.21871076044806
67.5619768926482
71.71050915410392
76.86650457906494
84.9605283282015
89.31346802448806
95.61968075237539
101.72701817769452
105.95333877470406
110.04886027330703
114.45575668938287
119.54007830822547
121.22153504250215
124.13325102789102
127.70070235443177
134.099200261052
139.86749374204345
146.23160128139173
152.25325626260368
160.3267520297515
168.0332269424972
179.64856681567278
188.27810277413107
194.85758682966716
195.5491548483265
195.24328565587595
194.5177419982659
190.7218880045972
188.10874023222325
184.78076208872366
181.70064806162966
181.33474666072902
182.06147664140178
182.70783979440057
182.57314102394466
181.92275344273332
180.1795087401692
180.51695734149888
179.440292933137
177.44484998282428
169.69621419907764
163.03686086999843
154.88234428854872
148.42632997110059
142.1338194270996
132.71897621571696
124.54647827137887
119.8835231552216
118.88016261108507
118.93075464470763
120.98448296199084
123.73259769097052
126.6664706403185
130.27307737423098
133.103021609038
135.05739638391765
135.8962693410985
137.57376229636972
137.91518359885762
138.74841082815638
139.3593031167709
138.72577409804092
139.27742526817175
139.45748812691457
140.2360517070885
139.40970984842244
140.21067582749671
139.62487840531907
139.91058541974752
141.0485324867249
140.70305111251056
141.29689735980168
140.62122597781115
141.24851756923644
144.4543695358227
145.94413224291577
148.90398306211364
151.98526243769115
156.73815040753982
159.3894343758686
163.50628555493427
168.51272263783576
170.3591246758059
173.9026597217765
175.0981552070664
174.88281386421048
173.99402348506848
174.30397319676499
172.36117627438426
171.4358435716521
171.1099996247752
170.02117963518714
169.3217847069479
168.26662505011774
167.9654399976763
166.1261882557865
166.20167231119927
166.903999594827
168.19266870820158
173.70754763388717
180.44552239481413
185.38438528211586
191.74681507729602
196.20005424143685
201.0901827131779
208.7016652977506
213.64982922525752
218.7003616452197
220.0195775611195
219.55799090610523
219.2136541995369
215.40931371992988
213.51905455749966
211.29151474310737
209.56324188425944
208.83978827842344
207.9086303376414
208.7920018718284
207.24055603573206
207.07283482953477
206.99696816095744
206.78113583552886
206.56705976413218
205.28660623918535
203.23637250867588
203.11853880768982
203.0914832987295
202.06186425652626
201.3233347242443
200.68080717789846
200.1672185782447
198.23549129964633
198.02886906211705
197.3787264589203
197.22194926187416
193.3065910127381
190.82581918077256
189.12113821518182
186.98157468420615
182.5745562958458
180.0737152022557
174.83430380220545
170.45813111852559
167.13265309658078
167.37905448414642
166.75781969055046
169.88488343902077
175.24249667894992
183.44805826758542
188.72101966463416
195.68410949106428
201.5010787762925
206.2862457220802
214.95191449004076
221.12275531027342
226.0709245864511
227.08197942206874
225.2122583551248
223.0084660155071
219.50358181100663
211.72095230774056
207.08848682873497
202.33878727696816
198.73763691393782
195.98129708392432
192.52002530734666
189.8623407656464
187.915512708535
185.3786837253602
184.89709796517639
183.73239444562392
182.48004771972126
179.35454174119425
178.90599021188333
177.15797892415156
173.6326927164528
170.31375931863192
168.02847727548965
166.06319203705084
164.19646463484193
163.28243012058513
163.31647894985957
161.93531277987552
160.06065849588427
160.27368642479146
160.56863495641
158.92645158217115
156.53357842756614
154.7817247599666
151.1903365639782
149.84223233796945
147.2526750409134
146.51682166477795
146.84543372813977
148.86119587677598
152.67290311176657
158.989021531763
161.4616220201096
164.91686675393922
169.81384032635572
173.0404973835043
179.85514399331154
183.5391278939325
186.75925356918262
187.68552296972382
188.04347934596646
183.91195014334085
179.53222649882943
172.74068551307448
166.88514450044062
160.82881008566216
154.69461096785926
148.71042766850874
140.83867746913484
141.2399890930156
138.86252421775598
138.7853628588641
139.763645083983
138.32578988441242
138.2475866747765
137.65491950893554
139.1785684006396
137.9357559368554
