23
27
e
36.50647841338291
36.80884386161717
36.79029228532322
36.67729619823401
37.50192954207984
37.42969982044186
37.063718336815576
36.897553368335565
36.300565006668265
34.393628076623266
35.54828469103126
33.81130520925209
35.12234070537968
33.68207590165768
32.84641453382318
32.68616444189044
32.46204067883413
31.3450932247145
32.00302827596216
33.085350964536296
32.93180591557165
33.751921134141746
33.57507119634516
35.056502919159534
35.25773555406294
35.84082984782398
38.35070837433855
38.41626478075041
40.03621419331155
39.863671593024925
40.63625792719952
38.01877224858617
36.70667560866656
32.2456914575241
29.825941292710066
26.382217655459357
24.337243922785813
21.267595802970686
17.41435944751805
15.290058076773041
12.682220943097628
12.275679040290717
11.714788477923056
13.310520834462498
14.733457123681273
16.44895268708605
18.737827583264565
20.294458978285178
21.333383853842587
21.42318428294832
21.502963191825888
21.043240143800066
21.913068787418464
22.596895312597585
23.975855088027213
25.30618007681552
28.123135056089943
36.217488737188894
41.81394669050509
49.01378458298914
55.35741710108697
60.679038867177745
69.74702804735102
76.86501308938584
81.81867780458661
82.97500631222911
82.15109001694265
82.95695552953536
80.08893068414808
77.37891005040876
76.07485800978596
73.94299517832961
73.40845580093499
73.34744569986377
71.28325313457668
71.04969186235785
71.57995060127624
70.15808712592502
70.81561293972747
73.19746288965507
75.64027973436488
82.03308268478654
85.4355193344073
89.7520335017332
94.43426054668892
97.71565597105112
101.47661945572555
105.37838259364709
107.3616507400205
109.60250701265615
110.28323688906335
111.9848415668601
114.93236343914431
117.70516992953576
118.24979823755505
121.04531679245613
124.94488261506093
128.47172870773989
134.97786020017972
139.71083917778276
143.95619716241617
143.7091152016987
143.93504608723887
141.12804773562348
136.48589254998242
127.41674544631307
120.91147970269463
114.33980951186929
109.33227327518419
104.47550629541884
95.65990337464945
88.96959086106077
85.49281920008964
84.26831256874917
83.47721449223161
87.58449434731833
91.78486310137366
100.23524600749474
106.24538646168489
112.19443039878576
117.802114716774
121.48972482936374
128.49035838333538
133.08127884742566
137.9808040766853
137.6757989393152
136.8477045541992
137.05736544767308
135.88522340240527
134.38507856541295
132.8351673667384
130.44232725376023
131.08053498125798
131.69266241838247
132.585618790035
132.03815892756842
132.12173217276933
132.0963157216406
131.86729492269586
131.14552699417433
130.44715070873283
128.910122473532
128.08571358856446
126.74832014857574
125.41959245425271
122.91698038939715
121.43000119166713
119.2694486763223
117.59647412524107
117.26948996661758
117.33337262221075
119.12100110773787
126.11604392449549
135.58308661911613
140.39344394088494
148.28919495286638
154.0091720532647
160.54313420511178
170.80814513101777
178.133608309308
185.00855886317606
186.20372655929842
186.34337283906564
181.84636561153314
173.2915512847296
162.35190636693338
154.6298849378142
145.0688808076147
139.11034178350292
132.2431290280268
122.57316394048608
113.65147525580274
109.83895124005778
108.44203719693466
108.56905908974913
110.3481886608357
113.6287727228805
118.0473984171165
120.68060225741463
124.57272983339759
127.16592916383539
128.46641806539577
130.45942945335628
132.37880151463096
134.35923754294888
134.33029221201778
133.94285761311085
133.47290982151117
132.200597532393
129.10536120884626
127.7172025517995
124.92149748038347
122.7555150061339
120.78257602355603
116.04363296975747
112.28420808547818
109.50584381192357
108.21524140935493
108.1221974893796
115.48329786199686
125.07992488147173
141.58009226485007
150.607976656033
164.23119421653166
175.74692774333226
188.3716012384924
206.74136408955843
220.50274754871708
230.8939942421623
234.57733676086434
234.28291853382197
225.9995954260345
212.36734906126966
192.8103947581449
178.90880764870647
160.94161203470742
149.43358921517873
137.1691089160521
118.34490579748457
103.41324924588724
91.084365596412
89.44217869027484
89.87863491034766
97.49456795448778
109.84035230797076
129.28143254873106
143.24045466263743
157.29201141117056
169.0926959341496
180.76282098767476
197.25912408358334
210.08992700719122
220.30765959495935
223.0657220904464
222.63227799524128
214.93320010070101
205.1606163034232
189.70428727305983
178.50452678363084
165.44412086676647
156.46154504294617
149.48137544936847
139.58724913740022
132.52920756851947
127.13502613617143
125.07731632158409
122.43303395699682
118.99919743393998
115.85900097210671
113.34460434361291
110.30101180670991
105.98300190494726
99.45460983440545
95.23522517883913
83.45156893553077
77.14491023985099
73.3360066834802
69.9140672401036
70.17705050328705
73.38463596764952
78.41817231146189
84.29423723934065
90.26893764219683
95.95712858068305
99.40266407272195
102.92239693896234
110.1798550195244
113.75913018033955
117.24428782248305
118.51025321156266
117.9587257087309
115.64140412618656
111.66435839490605
106.49021788501038
102.89134318883828
98.12906933048062
95.61620663922041
93.25227370915628
91.42499207673048
89.86304426300964
87.45755355774216
85.81429306848658
84.83524790840778
80.69517305834735
77.05487506816803
71.83558193784768
67.30988540188876
61.32337211766608
