18
20
c
7.557495642121733
7.0194571486175565
6.87110740487665
6.773340690811484
6.5138881383099765
7.17829970843567
7.592210877378371
5.9745839770068025
5.6102619806328
5.380053571491459
5.333688104290633
3.2851621210565147
2.0822677622407775
2.624193042349875
0.0
0.0
1.0175513108586485
0.03196885484970527
0.0
0.07838811610680083
1.8566628546973487
5.451655854892646
7.152750551353605
10.709512848731213
13.388411651258009
16.16391306405575
19.519868873002128
23.02392726211345
24.361550027222076
25.219978523030424
25.451375813587582
23.66647048739908
21.005532982421336
17.123529115555893
13.971667831837427
10.262644795451655
7.307293896647629
4.52338072517616
0.8424723315894246
0.0
0.5454967912623987
0.4640294474712149
0.0
0.0
0.0
1.427800705839087
0.0
1.552038084399386
1.8835687315830003
1.7226368198908506
1.6494041325731594
1.714947503408125
2.078976458581566
2.4390452195008185
3.2209022056880565
4.2494579096623974
5.885507612039401
8.27292386141729
9.903189157069209
13.764224825835015
15.58878999016065
16.604919354507267
17.82356595899361
18.368013616281942
21.507489428628663
22.039333583467418
24.253349219177068
26.208296082809547
32.139038220969574
40.58090449764168
46.67856144026519
54.65699900146456
62.44391532023035
70.65726437234589
82.85583644383338
93.0219739518298
99.35406657568441
102.02044618501533
102.2909675124499
95.98255624751468
86.8227216842637
72.37008799730002
63.7799904774491
52.46341210061139
45.18299988308534
36.48388027000751
24.929133256333323
15.640251748127573
8.953685538252005
7.483626416143587
6.80761742326953
9.72694167988279
13.900888983604561
19.135568119387376
24.58553822441421
28.909704326640764
30.507545644208903
32.91726005615975
35.966958592646
38.21379618770881
39.484742836038514
39.56787405597018
39.76119585170328
39.21753966480121
39.64764083631496
38.58765502720525
38.50785087842056
36.73420114689514
37.225640698411375
34.4283645619783
34.111427696299046
31.10991792734965
29.414641134232816
27.611066259379054
27.2601488425299
34.213939260093255
45.06014971556433
63.07825389228465
74.28704263842417
88.12775982950764
105.70044078605196
118.02687391537982
136.1750560857543
143.4442173115718
147.88662512855984
149.1471847498762
150.64782235267998
152.57664977701256
152.9748899459883
155.76923064308622
156.48817752718287
158.5179333519787
162.5188658233143
168.57063114895794
176.03498302624817
183.78689219742267
187.61942412344297
188.9134033875152
189.75041138245254
183.8286648083336
175.89318335042387
164.77119924643102
155.23196428354464
145.79272202676304
137.1698050217082
130.77432495981796
120.64513251826419
113.97002590131119
110.90967312289543
109.888238820237
108.25517238510525
106.25860826055407
105.51087651088059
103.70209336964541
101.10177951965245
100.44335601334737
95.94142634725937
93.33275933317114
89.61173108377743
84.36647980994545
83.01763956334985
83.46297683328893
82.5011182764778
79.51244956752998
78.20959962769626
78.22351871809171
76.32769164971967
75.793837248418
72.22730604175986
69.01806383589432
63.0211934571603
59.628816696393756
56.62313275564713
56.1795414763819
55.9224346397402
59.90126531019426
66.53904211825034
75.29984894116292
81.96381650486057
90.79929266716533
96.60879312864995
103.82881348322135
115.90873928516349
123.98050050979774
130.70796277156117
132.5617056830961
132.64058139392
126.0001077534432
114.41475181637759
99.01173686702734
88.3937738530563
74.82827543261129
63.91301627356503
53.963384807729845
38.03716168994178
26.880054207822674
17.772437756676958
16.715408248970203
16.39719010678165
19.842241864648216
27.387054230935007
37.014439095373845
44.12394085828775
53.22922881190043
56.94619515694862
63.279205463511126
69.89251949623662
75.97588570375649
79.82315082198265
80.46747711811248
80.88842617674467
77.550902558157
72.79317851048066
66.60151008805592
61.477166498823415
55.844893502080055
52.366264625233455
45.54559849128705
38.49570082627925
31.57160556160521
26.80485832491294
25.389165248953788
25.418395948028092
34.323136923668805
45.93764920395487
62.895594187182965
77.59459372055389
91.78301819567452
104.91617086735384
117.47639958421787
136.09642123154893
150.9448517929617
162.60886572078013
164.43950294179217
163.69295179758197
159.42756865614527
151.8476600708224
142.0910333961618
134.20671539326426
125.5940650835602
123.07003550627357
120.9903258135109
118.93002191163298
116.53087473873492
113.20022447574155
111.1146524453821
109.09311757195171
101.55304696987628
94.8596097721957
83.11379386212802
74.52995792291776
62.54620637168778
51.64702491448825
41.22742564557876
24.182681619544635
11.152870224647861
2.5032917298854978
0.7473557567348273
0.7905735889950862
3.590165261035956
6.105960238147033
8.85343676312858
12.988743520716492
15.773500884050568
16.483843138922868
16.960782582829573
17.276254752117698
16.438267712015826
16.54735700810109
17.156640853859862
17.678007188712872
16.634713677662972
16.81249893804494
18.47515117296562
17.108227703690595
19.18140234717088
18.935134696132746
19.61055957881105
20.922565593611036
21.51749851098724
22.360175963456896
22.872349786927632
22.551091893508676
21.59170912301037
20.09722378353629
16.585374190903472
14.989185809330463
13.974682558128748
