6
21
c
113.69468123732254
113.47171439751847
113.85315148470072
113.03481098006809
113.69855429693078
113.51427459163698
113.66587089003015
111.93192346162803
108.8033123814126
104.98074180332641
102.15207525928183
99.38667911947775
94.78617651560741
92.1527020300181
87.91037709856572
84.98909075546631
84.10618771115602
83.44146926024727
82.40666411026594
80.47993099146724
81.46529606436047
81.09160913542445
79.9548792587054
79.74153156360511
77.91754897381135
77.30309505487806
76.40178767755482
74.81694500584577
73.5376601367116
72.6403329596861
72.95058815960503
71.77067546291852
70.64525738835106
69.31986279486382
68.79824068926874
67.76457603883512
65.6900264030659
64.4206222914964
63.04068497331296
60.926586754095055
59.48839676975138
60.29684359398691
59.321841454608744
60.553490936639385
61.05042651518186
61.65271947400325
61.59050474146497
63.545478501772116
63.07537582299894
64.59805206663319
64.02047913601697
64.71938012987621
64.422404052708
63.814171220549404
64.70284092523305
66.19938206189994
66.36321300506151
65.79932008352615
67.6660244651632
67.64343808417891
68.7052585412369
69.31439337108287
69.70607146346497
70.66510194286504
69.34662927841941
70.72949759291188
70.41420875385832
72.55719047943057
72.68999473238308
74.41112471589885
75.857056206557
76.67455175508157
77.35536823007473
78.63486358913971
79.6767845493738
81.06530502359321
82.01303543694776
81.73548918821177
82.21073686771972
85.80396412312754
87.17507415698125
89.70004143801958
90.76401680211778
92.69218474939821
95.07131456274685
97.01896322250195
99.86573906458513
100.07882210471786
102.95954260736183
104.27855261821242
106.40893390350557
107.41448769137524
108.88687258865501
111.02726501549948
113.04467264493212
114.3845840222842
118.2438572340779
120.66727742999839
123.56599758373875
126.69068329958067
128.33980779963625
128.55510818452098
128.84356466329032
131.84900426907808
131.33465773378154
132.72063553330824
133.91347257514835
135.53140848580185
137.82795590458528
141.0513806195367
144.3619436646307
145.91200283112823
145.20204141184152
146.10851721093889
146.45930303338338
146.5050508393953
147.4647612103727
146.21691709934316
147.70177753442334
147.40817446088346
148.38960616011727
148.1314645735958
150.694404779463
151.15678146862305
152.1759190831916
152.0753108821243
152.5477475662339
152.1158927582324
150.64902523718345
150.17917569002645
150.27352584742266
148.1357740853208
147.66877470182607
147.7463589153885
145.82143810447403
146.5386993575714
145.82820699141962
144.2686599902028
147.1237831088942
146.46005703483345
148.02792093827048
149.0569134481216
150.7110927957466
152.21825440357728
153.373620643607
154.65846075832275
154.9432167097236
156.04554228761424
157.31090746172714
157.85506482277017
157.7446624525581
157.68673741266124
157.2567148485719
156.12688157576304
156.50489537570826
155.73754804616536
155.63254275312522
156.63371307095107
156.3840618949457
155.81808964635908
156.6061375766057
155.97760765928024
155.67841552749283
156.0623137654651
155.7800916469918
156.4401737927876
155.41699455230204
154.49174954768156
154.32794777677586
153.53377504006104
154.23514112892238
154.39037779744405
154.41167718082045
153.21700559926853
153.11812460367352
153.31203549182126
152.48011806767104
152.23497402595427
150.9897665894634
150.64539716030856
149.63650724632288
149.02896755653506
147.81958868137315
147.3836024473126
146.91307613675494
146.80824417566404
146.79497953141436
146.9436170322637
146.30036355919532
146.57599566625245
146.55176339793755
146.52598289317473
146.04200929754194
146.22214884314957
144.61678741084125
145.6560576878261
144.97488753058255
143.37566887359836
143.35933824116307
143.4348217139483
143.53084117129555
143.7462875341798
143.04148203283066
143.10195263034674
143.0878500608548
143.06513173578296
142.85210900728566
140.84730893242184
140.8938992288534
140.52568792056877
141.48454703125088
141.2968148064933
141.06404268543884
142.2863266326584
143.20380285733034
143.37513902040237
143.55465134767346
143.59851595139364
145.36608929438137
144.44706093487594
144.77597000177602
144.49924464015209
145.26278464657867
145.47428020402384
145.15239704330102
144.133961595692
144.18258351066575
144.9814702103803
144.24567851146415
144.4235552379918
143.4623851534185
144.05098279042656
143.7254355733747
142.14007520371004
142.42144888612998
144.59318526147936
145.1562974030869
146.87023632322484
148.34314690430412
149.94187701868807
152.3468014917911
155.90870625335782
157.08974594006318
155.98821853870152
157.21324569448063
157.59052260784776
157.55485757596412
157.83973205301166
157.47867133223608
157.66107216196272
157.2316414763788
157.62302176996351
158.14934832126275
158.7186457194825
159.40398843964036
159.4490940714875
159.8209374770481
160.47206032949614
160.5581277085342
159.5300803222483
158.90403200150692
158.06309083494511
157.175485459072
155.25067399435127
155.88558508201425
155.846352474877
155.44213980444204
154.3514239018841
154.81452500332128
154.30670236279136
153.73292948782043
151.23644854789228
150.91389044083834
148.20449919864993
146.72835168875514
144.38516727523643
143.0744033760694
141.14991273908612
138.87813980512425
137.57980435582076
135.37870937571046
135.5186740846071
133.98457338401602
131.9867817462679
130.59479594238974
128.9473582221696
126.31275553792872
124.45879048458136
