19
15
e
214.80061909969552
214.48383440348513
213.6797743540528
214.0529846934876
213.7415699717011
214.84303698765189
214.20738120785583
209.0204254787219
206.26856672720365
197.61497445209264
192.56583399924907
186.4394039707437
178.65400362840575
172.2855201059193
163.03181325935336
159.27941319063098
156.76505777342646
155.7691719232749
155.38138612659907
154.26187802757136
153.17171979011607
152.69956928334958
150.32723861643993
149.6154674385741
146.97886914532052
145.31611392877775
142.08348121306662
140.75343964374363
137.3224423995992
137.30326877939686
135.91207132786056
134.71538045083253
133.14691602985332
131.06808036045064
129.32585974637047
127.78113933382755
124.51033331070995
121.80173490732835
116.89958741596858
115.16383559044917
112.107064967914
111.991764097142
112.00882666783126
112.28427165489164
114.1405572363641
116.09010658546346
118.02932788167121
119.65947963901395
120.4069806311722
120.3224478263153
121.75217928700219
121.62530109709617
121.72765324133839
122.08363258581194
121.61399541302728
123.53557217886078
124.0137681313836
125.52135102285007
126.54913879197149
128.11557671912004
128.97612506220463
129.80925808450803
131.2298392861522
131.60362541259497
132.10176227158712
132.98529677242607
133.35162047737182
135.32541051896308
136.76952187865868
141.17627566401782
141.45198839973497
143.6749821945103
146.94289156448093
148.19014970436243
149.96001747822186
151.60584769209734
152.7297344077977
155.13620365087334
156.37860274664345
160.100192709092
163.1688111715961
167.93301760262108
170.34166118795193
174.67627433476622
178.1958253722604
184.11504003896985
186.96203617918175
191.3475555937953
195.41873849836236
196.73601359182192
198.7648879036795
201.9304108796324
205.4672742781779
209.01147342981764
211.68477798635413
216.71139276861
222.6905655210706
227.0585799289886
231.67256015329218
236.8794724794646
241.68716019441322
243.4887105541584
243.6205845233623
246.13012597772826
248.60691643964648
250.2526237104221
252.3776351292322
255.2287320282501
261.25143968705214
265.7893592158901
270.843260366869
275.29017007104477
274.484053782478
274.87620229017654
275.28602872462284
276.28131525112667
276.06061159880784
277.1682126552061
277.44852683424403
277.56193730857956
279.0302626379446
280.20639944534594
282.5049997636322
283.3492847570053
284.73420536593846
285.9724013212429
285.7687859649509
284.91315472327767
283.56576313806744
283.06430693529234
281.21307392491536
279.79168101007076
279.76066988892217
278.572545152772
276.52369356352085
276.4502150304644
275.0509786654764
275.0906910034444
275.2110223721439
275.5372431475546
277.5852596512976
280.86650154631
283.17934552452243
286.4301137805175
288.109085035581
289.1228497721024
292.8567154773169
294.51050317301116
296.66402546620174
297.28902197137694
296.5827980402754
296.5789616376777
297.0560573807994
295.17603827069144
295.1487625983929
294.57652033330197
294.35887681555596
294.51539879806984
294.67499614822253
294.3074039788227
294.72299993335724
294.3663550210242
294.7978554231484
293.255654216827
293.8168410697569
293.75936873166216
291.01362695186015
290.99627351675827
289.92830525017644
291.0817382990406
289.1557006656006
288.9754123718747
289.4179932286372
288.1911030670864
288.10531104463536
287.54600033782106
286.4412697290218
285.5538252314576
283.9219652856612
283.6410260676694
282.19737929501315
280.79818171934807
278.9239855112739
277.80463971674675
276.8511334954454
276.05158702187083
275.13322553308484
275.6845695195019
275.6257602400118
275.85866975162696
273.97507798304827
274.6347565341426
274.20537965373245
274.6590446511915
272.395204086784
272.65696740054057
270.6375301834357
271.1921357041462
272.0303268468921
271.04139944808685
270.6232613396891
270.26767404761887
269.84076985411957
269.73426560642474
268.23926141234057
267.8340814434105
266.3627073579472
265.3183086028666
264.5170746686444
265.26459592351705
264.6066643557879
265.1588952547558
266.33573816301845
267.3234140696454
268.79559401498784
268.8927268952147
268.2650105116054
270.822250860825
271.31084410649385
271.7915399088677
272.664279296108
273.15345717158567
273.0023103767029
271.94444652676185
272.7209932611185
272.5971246513573
272.31120129237183
272.8042786869595
271.9921289433592
271.14617482449023
271.59015586796494
271.35958356824244
269.75005716972953
269.95766171814455
269.39471840140715
271.35673664850543
273.54468615226415
278.1367398503715
280.3967477075634
283.538400822544
287.095049392992
290.7311359026363
295.2986029199847
295.7736354229653
296.6901918358905
296.27597333851116
296.57091627737805
296.77961677037223
297.4496564912253
296.3767253276658
296.0182358243087
296.83292027611304
297.75611438546343
299.43685811308507
300.2668499431504
301.0603529736643
301.1323005054296
301.83546632290404
301.0519392651705
302.21101598655713
298.8819613765599
296.21081269086466
295.7497160450238
293.66381240277207
293.4210912812441
292.1406205874593
291.80664513750395
290.60023288882536
291.27124065374693
289.20592423775247
288.65451006945415
286.2251346679977
282.5376770763271
279.28097399720264
276.2210156517193
271.71062648850585
267.94768513809447
265.4709711652712
262.19717856008197
258.2531901995034
256.48178748474555
253.469575270448
250.9841501176522
248.67604451738828
244.99465628241853
241.1059284361796
237.75371338187534
233.0063275399096
