19
13
d
79.30375617305536
79.30039266261275
79.40156968192221
78.57726456179132
79.43074110835302
79.2640270785643
78.66834947779118
76.32485026226675
72.50073298078178
68.50120112948072
62.95235703522477
58.79222748161191
53.052071097702154
48.63893702307595
41.383019219456976
36.74336778352757
32.71358139800566
32.86501296130466
32.97160756049147
33.9419681278669
35.36431457374824
37.27107229441387
40.220304791122125
40.71028586935248
41.19809796298186
41.35562442280501
41.16775519374635
41.851675217883276
42.872937671401296
42.68267346844506
42.284951946053354
42.68343814285193
42.86376620533625
44.4153963091574
44.5446308419834
45.04539782339698
46.3404643893697
47.3731228742709
46.96716526869741
48.614341396559084
48.33796044146817
48.49283667954872
48.283026876286144
47.70907019553109
48.57643000239165
47.558007564156455
46.15244334795166
46.242530968988454
46.041716785642286
46.02986818894222
44.96880614266006
45.25613623685704
45.88503380699806
44.62437393686463
44.00381257706392
44.62855537177402
45.04016948510385
44.23447066860659
44.80553644965323
43.05499047266745
43.31221369094789
42.35835478108217
41.40415374430002
41.39810680770176
40.363375902444496
38.96233055716973
39.119699679284494
41.0154350845899
45.13727233569909
49.00874853968768
51.27221014985933
56.01400046028393
58.614544893483995
60.92935832915235
62.936377721043655
66.06324188204661
67.9795904736727
70.49705089246304
71.39399686751449
73.53239301599942
76.52156682257726
79.58886166395492
83.77536999685411
87.48240115981432
91.62568521404104
96.77257690933624
102.92633825863807
108.19729967839253
111.71939327108193
111.6176896573109
113.35012547052956
112.19930081030765
110.315856169642
108.22473865356343
106.57416049953504
104.47287826287096
104.98362698353887
104.69063528980091
103.9524217669436
104.71481441630651
103.86253213200139
103.08896212596483
104.50688297912592
102.4590186628201
101.7545418346976
98.07889218470083
94.60139261696439
89.10920161747717
85.46120152085723
81.91746054916592
76.82793458809569
71.87870925521614
69.64633063577844
68.92834623439589
68.83587596924053
69.09020077953114
70.7570719540922
73.38392155453306
75.45184673127999
78.11292525227006
78.14561013619523
77.82124039572308
78.89635296976198
80.27127196239576
80.11612951243185
79.11117160955251
79.73773236228618
80.00489593992893
80.38876319223174
80.89499497415703
79.58806435403852
81.25986618016664
82.0615742774876
80.87363989994097
80.45751134753534
80.91060158440916
80.92749344488446
82.09217357733905
81.67623013797028
81.65671359056398
83.39198022608929
85.64471358273136
87.21532906740266
91.19495618074716
92.40204064635806
93.88918028183248
97.62509875206965
99.24235375270753
99.98402138044911
100.51336921543293
100.72819744475034
101.10708094652414
100.16000388685424
99.36497822642785
97.41746347562184
97.96766123684536
97.62046750562138
98.15045694049776
96.88416124117283
96.54218973271516
95.95223861083208
95.1905464399275
95.56530167104353
98.82004635735046
100.0577594032315
103.55158540632934
106.34937097792361
110.22037362751593
112.2677549608262
115.86543535838058
120.37094227515007
123.09218181312724
125.43707478802757
127.72529161716649
125.8854408169301
125.19382546911238
124.44787040446658
123.3217253927179
122.21315428729298
120.22762884900186
121.16205759209869
119.97934659780476
120.16767317113502
118.99431627706139
120.17271168504732
118.61395495092674
119.18905342703258
118.02768305588347
118.15390892918771
117.7718865374342
116.7965386075684
116.16474286654429
115.60189304030366
115.53739350797194
115.3103150033227
115.57775540949032
114.26891037202641
114.38518745797498
113.42628200174975
112.59644330409569
111.65969644043739
109.97725002904109
109.47559783364098
107.02930039636871
105.92461239556559
103.98292522411514
102.14952540102554
97.99531033235766
96.37780255614172
95.23368248774506
95.9120285074418
98.34083208961233
101.1808394141229
105.93028198924472
109.17761420594216
112.42256207009645
115.913320809346
118.6016791088559
123.69037184032356
126.86019280644997
130.20941973907694
129.34470536214434
130.39795565640458
128.6120672400919
125.28108217113828
122.6739504752539
118.84503856925579
115.98237881729045
114.70013911908424
113.34418672995913
110.97652456283598
109.27895333045663
107.74226098412598
107.23019843405132
106.82767901261568
106.07095947709287
104.74221202172387
104.65118874206607
102.77706666643418
102.79516402063543
100.48606712765313
99.76939384086862
96.65374390380524
95.09639596154288
94.66507177991872
94.59005192479029
93.95424641228651
92.68612686838044
92.808871986363
92.18341933566997
91.23143141295581
91.22896367560128
90.43352321285342
88.98852623615278
87.12907052168738
85.34773359990082
85.53983921819886
84.38926993681193
84.88002006306509
85.76902847122572
87.71097697086617
90.68850457822965
93.0596992445083
95.09240334433602
97.43202798121484
100.3562723904709
104.03360171026354
105.24883973772702
107.19371156023948
108.10913164404494
108.72178860237703
106.3610228333003
103.16607401659921
99.13830411585025
96.16509778479293
92.82954270893498
88.12648628765768
86.0957477753575
81.18063149809605
81.61163992924135
80.46115970492406
80.30376701556956
80.05148489711263
79.25414697238779
80.25040660037732
79.82051430200967
79.62966393416102
79.06638844083051
