3
17
e
163.51845713269987
164.1292798542887
163.7282177423421
164.03911535882906
164.13688982590455
163.6242376977207
164.0637221472165
161.3024083716895
157.72964154579049
151.09093783872666
147.7250958535992
142.86575214352112
135.30280040681507
131.00863309743804
125.14064403424601
121.58739599657926
120.42530375184596
120.6883758170858
118.06987209806262
117.19772874429333
116.50077286668197
116.78931226392588
116.26556342408863
114.80412940308153
112.39964203813462
110.01803086102397
108.73974141461981
106.89160501414028
105.40277758854612
105.53395051728323
103.6542843485248
103.19513128908963
101.47999624149098
100.99200662810263
99.32831645376237
97.32360978017796
95.68488959634466
92.67699429922153
90.04827630841375
88.73940676055162
85.7251049460071
86.00087927843347
86.69284888043363
86.42764670103267
86.63307436464962
89.70971932393917
89.44499903557053
90.48079559577229
91.77841307178211
91.60813567226462
93.12345826265155
92.42366606720678
93.98796479131822
92.89296562694605
93.50726849635538
93.41009630740088
95.68531389819935
95.61490740033099
96.10663614112373
97.55047226102734
98.70481752960823
99.67200164984729
100.34660581124942
100.2019230658623
101.9468837298009
101.2360977842052
102.45088449352161
103.38216651730413
104.7446194876667
106.51010532025097
109.27814905695072
110.99910035557126
111.85917437188417
113.95206037428567
115.82954923859353
116.97283713674855
118.12694228202368
119.22056233103154
120.31418009840698
122.32466072969085
124.98600123954374
127.42604728492456
130.34016274125614
132.95969303058007
136.4721038733042
139.97908174060106
144.00660498961764
146.32175225990446
149.26389130074892
150.83728082136344
152.93330708750824
153.71785022969584
157.5807749295276
160.49425378789508
162.54253655710812
166.6255324997886
169.85022580383395
174.17767987640553
177.65584985334792
182.27750738322308
184.80754969941617
186.01878448367725
186.9878666079684
188.83443134020317
189.91376552090424
191.56288447989115
192.90430603315235
194.91780943165327
199.5426009765916
203.17174030707122
207.74184986400982
209.48253977082854
210.66091382393938
210.78463091672637
210.7756715513252
210.72714619792333
210.8246417915349
211.9114503858258
211.27414833117606
212.59953322309377
213.27147885698452
214.2017412837559
216.3366513096428
217.01490670048287
219.0801658027
218.69005346715826
218.56890003137246
217.73131783797038
217.18559970556544
216.20297126877182
215.56365345939375
215.18937585167686
215.07036793594378
212.60595123394228
212.05687078699617
210.6528456350696
210.54806196195295
210.69310905779125
210.1889142551703
210.47760265865435
213.0589385022451
214.8211436139744
216.9048710960029
218.53964405324513
220.6319500023194
221.9234077933778
224.81778053054126
226.20444568507997
227.4657110974833
227.3543521014481
227.85233125573464
227.0425885292717
226.36603715645217
226.59563289748982
226.06038110052216
224.809675727679
224.7951553598416
224.76230113124456
225.87499311407117
224.87402674081335
224.92875033713244
225.27140594205576
225.53351668305808
225.67597306700105
224.4958992369321
224.58572352696015
224.19395214199503
223.36989467098874
222.41758032877058
222.0146314662712
222.03360975751488
221.8482387191397
221.92656963630316
221.1135226264472
220.6814939250916
220.7406204886666
220.25196723059378
217.67013793745693
217.04456507823846
217.0351222993085
215.37827807264486
215.3502241423966
213.55862525476994
212.77382305303044
211.61677722722055
211.79394274917766
211.91412478944653
210.53057620764932
211.01103985540513
210.89926516494933
210.60644131000072
210.99337869519965
209.35244747851615
209.74359353993842
209.21147989937054
208.63373410663954
208.3214099474776
207.70638374858598
208.1478279908777
207.7685863688048
206.86565732819048
207.1896440237508
206.50834339884636
205.5701479342802
205.45779525096188
205.06465356325785
203.8339459761817
203.1440354629623
202.97189278430318
203.0893466248664
202.95430931736718
202.8050188400446
204.0568761218085
204.57954493998596
204.45038167328389
205.9659691710787
206.1572029687083
207.54001262467898
208.47596861184792
208.2377027967711
209.056834823246
208.82795274905982
209.31179263157486
209.2605835083229
209.46864146200366
209.34180969364812
208.47997779541063
207.5142955610516
208.5563400243081
207.54632190839976
207.20400878958503
206.74927249492075
206.426424270087
206.61432939260987
207.27000244906736
207.4384166486887
209.19153518930628
213.45560109094626
213.56286808661375
216.6751444886728
220.22360380339927
222.85974857600172
225.25807631826132
226.57787344066534
226.79288488944712
227.00632343266793
227.24138253297346
227.12156421807444
226.83561343968296
227.4920821608129
226.33828871558936
226.87978740428557
228.0722656493651
229.47080793656244
228.80635961996794
230.71400717391546
230.25467806228895
231.39298716713787
230.88993981721222
229.91250886396998
229.48127037577189
227.6180381464031
226.16911081193743
225.17653904745936
224.48891669239256
223.95122237155044
223.64408448709952
222.34190926986187
222.13129417681463
222.02800491166525
222.07741552660488
219.49080202942713
217.40860115098238
212.9064744126413
211.84937089435923
208.34926684711309
205.70426810124977
203.36768680528488
201.09598771372453
197.92778651663497
196.29128046880538
194.1278231048235
194.42877036663688
190.09986506719562
186.54854495560244
184.83112246065676
182.20150680282617
177.4169207831306
