21
7
d
78.55657958553319
78.51026714259328
78.21281792438498
78.56565937131502
78.18196813568461
78.19718060903298
77.90574733355385
75.70464447834127
70.16590463611115
64.69547455467354
61.34832760798299
56.4742741917428
44.866002483462836
38.73009365118023
30.157523995546406
31.550706903311234
30.671463975874534
31.017051754862127
30.89002198962719
31.216706718608766
30.29484825626151
30.70917680234637
30.44426638753159
30.371286075135508
29.908886776694843
28.885603197783944
28.8850479827355
26.56974304480918
27.08308945158941
27.26162495055708
26.027176607155813
25.996247114957832
25.724771229379886
26.535796737365196
27.39032413563736
27.649873164803342
28.025266582078785
28.86773267223634
28.56768928590624
29.119755326312216
28.999813214934424
30.189132114011112
29.232602390934836
28.932218779554297
25.710827346161146
23.302619789832324
21.91524684442326
18.702332581016243
16.53003833814595
13.755059600347712
10.761265122486613
8.709735656263588
5.634638166512644
5.91398415912456
5.142558189381783
7.153667551617227
10.906757999890507
13.195482352649918
16.722217328519598
21.20941369678321
23.739016379579628
25.281669971865554
29.544197934435562
31.277604180788938
34.48599114725126
35.23496533487506
35.00822725956127
35.088155002035485
33.05127550996708
32.50873386044369
31.040691908039406
30.70809480178867
27.573533459159506
27.944220310434652
27.093318436922274
27.547022193672678
25.963881976018637
26.416472489737053
26.735119771522797
27.040392368207915
29.035819662554378
28.540583863357853
29.527476710002695
31.454865310139997
32.368283795206196
31.993997576738252
32.85994579194477
33.60896075068386
33.802273578117976
33.225668510610774
34.94243546998497
36.09059657867881
36.93098170575194
40.06768616154713
41.514608735513825
43.256019734887786
45.816421297115205
47.73561966270214
50.07916015195276
53.25311342027401
54.75683532681096
55.85256240307622
56.242295236583814
54.32687024601234
52.7893868381536
51.78009631709432
49.75611335150427
48.272759880847026
47.51502191064716
45.5222349239975
45.203323685852375
44.743838458980946
43.366613361011446
43.80498714072061
42.281234909990175
44.43874789599166
44.51024972949125
44.55966427826699
46.73716871333004
46.29532221502491
46.655626470596246
46.59384567871271
46.212712912977906
46.628216121586995
47.031294947755406
47.43642112440473
47.15773974276979
48.079679381472836
49.65833290664652
54.3202137697284
57.237057962867404
62.06150799351812
65.59026125968964
69.61030819785013
73.67207111363406
76.47401531376984
78.41370916267081
78.42924350710727
79.42275984022966
80.15602506289143
80.12164716728702
81.49689523915026
82.74148378022453
82.54432436226524
83.3365555337508
83.78428088804344
85.35600148827001
84.91975968908434
86.68180529273639
87.64745949557584
88.39503456671419
91.94652986240527
95.60629502977231
105.4352338024071
112.56803661823427
122.33410577403227
131.07485924132965
139.6941329370281
151.8357029618907
161.92682695769162
169.0608197947395
171.29650708223656
170.86960853442068
166.5818461271739
159.26866552092918
150.43158439745662
143.6072378182239
135.66607113638028
124.48405457014942
115.92474798945038
109.4436430080843
109.8680101851019
110.81611668823955
111.39390891129501
111.87102749994907
112.19383447086527
111.45788393195505
111.65612676662953
112.33746808537909
112.15837091705369
111.65490643918298
110.27836177524253
109.63781333005296
107.52754167209929
107.73483217056204
106.73178299011526
105.50447494685432
108.868923812013
113.55070213799351
119.52160480856998
122.51260236003144
128.18685746177138
131.6890367370636
135.27556642016685
138.60411883206962
142.51692571109982
146.72704756027045
147.4075223168539
148.886046531093
151.41079287404733
152.80263731306053
155.09690191038283
157.07054260984293
160.09031507901278
163.95672392011494
170.07713581428294
176.1792185740362
181.53787885755938
186.00927692702362
187.14151631736948
187.37255430033127
182.00169774780122
174.24730029189314
163.43953615215412
154.91552667581874
146.3572370711853
137.90906090211453
132.2041002215354
123.41163727330249
117.33493873860776
113.85975804936179
111.87368195248987
109.73527893064612
108.23336153806578
105.36344792232836
103.96429907706577
100.50715417365419
98.28986218236723
93.89282088004754
89.04242147622769
82.56842149039856
76.20639286113325
72.8354803779745
72.26657757577904
72.62150364268214
73.6115718684466
74.97038169758773
76.3253431533686
79.40513788323514
80.91109842739687
80.9437796905331
82.1434821444488
82.84055639144249
83.53189808219012
84.98988375659609
85.48804946775135
84.80361006289817
83.87998866897173
81.56767701163419
78.04874891173213
76.61867015367588
74.1523158055214
72.36228637151389
70.4424299743565
67.91877410136604
64.56343545635791
63.380356075998876
63.48149033074199
63.086372391246805
63.210942858396635
62.615564398204555
61.488579087108576
61.89631071207584
59.599342836742395
59.54404193886904
57.551530615587524
55.18745514089284
53.90915077135459
51.91431037328025
51.60448187926631
51.55413993981496
53.0557981437815
55.35296558604692
58.62109424298027
60.69494156007825
63.6894620659371
66.27717243617862
68.81299861479151
73.2137631865835
73.68726414165
73.77274048769009
74.63394611322602
73.36532702000561
74.18100481315201
73.88431105478303
73.52183718951667
73.86990894803338
74.2723319858122
