13
2
b
227.8748985482291
228.54916182296245
227.5459208947959
227.45732567048992
228.9566115043089
228.21585010145705
227.4268036321409
219.8244157892276
210.32875924231774
196.52606171109065
186.11139937065442
174.8854114453925
161.7626464360551
150.1601688929749
133.08825617135855
119.31588252029736
110.24864763089579
107.72398787698474
107.37824604511073
109.31894219075862
115.95377327956005
121.52398074439111
127.32901410001598
133.56071233615316
135.61163448601863
137.1525711324554
140.07431162281864
141.51229667151958
141.98016616267978
141.99680644103356
142.83079969140405
141.95679411454967
143.62509620739272
142.82664708805657
143.8611643743516
144.33659156590588
145.8096571035643
146.74116293026322
148.2696084753571
148.89803879805115
148.79254023116104
150.3659680087901
149.91498006820794
148.8565674210127
147.8288527469228
149.01622102583525
147.98042960421947
148.5869707933082
148.45805151731653
147.9414934843368
147.73886649794505
146.86193698795805
147.97900598373926
147.83698968272867
147.76498194465537
147.21059688326034
147.8877900867345
147.4376627934399
148.02299173837605
148.0511958821251
147.26137160273083
146.73145144282748
146.29627265638155
144.83772462822805
144.992105737442
144.6049404090409
144.4324500647014
146.16527084436214
151.10079461665882
157.47605741836728
161.95104033610065
165.83455953127103
174.303735530777
179.73509865816732
186.57868202528246
187.69166456647784
186.91231121740154
189.59146505035199
188.8089214260877
187.5350821600457
187.7512535173278
187.9481765205232
189.18573577415248
188.68374323133918
188.70885775141483
188.21079670847448
188.32817783401984
188.0594356008355
189.80483717609908
189.3959510569947
190.53709967845654
192.93548033746566
194.63339841308672
208.07463816739372
220.81752160042296
236.87280621274763
248.88629848691218
258.9872740021948
273.5805683720632
284.8335869629229
295.03293343105287
297.17113422254533
295.342647139522
295.3181318578025
292.2627374850733
287.4164064913297
284.62528422898424
281.5397436855676
280.79530178650776
281.4396259228206
282.73239078081895
283.2298484954054
283.91278621206317
283.57158455965083
284.27759363749414
282.16007339265377
279.11143913632145
273.974050198694
270.61288486353016
267.4579129926052
263.0892954348933
258.40601095418714
254.3908372856474
249.40277897187144
247.74618619051296
246.2559570547511
245.62509660623766
246.74194123469337
247.44453783819577
249.4140751713847
250.0749905772261
252.37005997482743
250.45310666607827
251.76645121631225
249.06231954098442
248.86952040071355
246.7585505646719
247.4341063151331
246.91040646814827
250.587656098776
255.28952449216703
262.2959897442629
267.50334231560026
274.13077163710983
278.9400046077311
285.74948489964936
294.3735923495504
300.3824264293761
306.60015512000007
307.09322529715257
306.8997055560226
304.6477100834832
297.340636086342
290.53228619709756
283.52630212293303
277.77267767068855
273.5058816894979
267.11883272868306
259.8712285774749
253.96989881441812
249.22218217912558
247.6170885242904
248.6317680181497
251.4960402376109
259.2089732082425
267.2688987635298
273.87892930112434
280.45419053138494
286.53228207783525
289.29604213412324
294.37721923421503
300.01320310126084
303.28173805015155
305.6989056331365
307.6218772250112
312.1460902339489
316.2704330020035
320.6189655252392
324.2977825649654
329.8641069095167
335.30166900045526
341.10138676991284
352.05310210361387
359.3361223872605
364.55853337698125
365.4537145859641
364.9835829721885
363.77361383466183
360.20183994688307
355.3398060637813
351.42079620275564
347.57033896068924
346.3779555604574
343.66131596168003
340.39752676665455
336.6090674750854
334.01882287871507
334.8332099274092
334.13240890235
337.1143756362918
341.58888286267376
348.9119521939438
353.8197387515854
358.8482408255435
363.4942199109982
368.47832512550764
374.9378781817064
379.8034960878479
383.35777205278174
384.4379189848703
383.6216034646026
383.18768308185565
380.4387345316231
378.0842702550709
376.2678457618438
374.31626357843277
373.5609324543823
372.57786595344044
372.8471162386695
372.7540057627153
372.4547047829043
371.7054337714187
371.1182876245284
368.8622560691088
366.79643623362546
360.25884883496747
354.82829096206467
348.061698642597
340.18748538439166
334.05304151156116
326.3853506346315
323.8668795339114
322.83763774325905
322.2378235070095
320.74600087174133
319.8437233050325
320.2279427116845
318.77555252295474
318.1859499065426
318.63478380705016
316.2368159266284
315.3638840816862
312.6366801115546
311.40735600571816
309.99823464789193
309.2888735882176
308.5621539456239
308.3052593031695
306.83893683981756
305.9760290479321
304.97587308155573
302.87842317571096
300.5016948807294
300.3018420973053
297.908441226778
295.2684936700465
292.69864570394753
293.45474708068735
293.02373808366394
294.1611312346178
293.3777781139727
295.6834214627381
295.9133295633556
296.21457715788836
296.777229378173
297.0261787363334
297.5576924081848
298.63234707172535
300.05873972953754
300.4513399662574
300.7888350879934
297.67394679292914
292.1507011433002
284.3773787421532
279.6488408714789
273.66094536376875
268.20295065982145
262.6490775742041
256.46616198842327
252.37241470421304
249.53790431839306
247.45437040744073
246.2209529274252
243.95692808110775
243.24120261555447
240.58712249460507
238.6966635933124
236.73854722531507
