2
5
a
6.875756871828871
6.818808440404898
6.58628976435409
6.609682549588756
5.94942356226198
6.750767990521898
6.594834234660851
6.051009516372301
6.320989441598536
4.795891421151071
4.696015390080855
3.291944270457034
3.1334550278073436
2.1395869860942893
0.0
0.0
0.2754065347446548
0.0
0.5366571501051615
0.15995986233349008
1.349672524078365
4.511156713896002
6.81221070839429
9.928968453358962
12.619717612825951
14.780916748903469
18.991166268824784
21.099118372143362
23.94863192077072
23.695270771819818
23.604265082138845
22.750148224166622
20.02856627850541
16.7222019202185
12.624896610946157
8.627659354292287
6.293218743584172
4.852528776644002
1.3069413241065264
0.11569127767846071
0.37998807290401254
0.0
0.3087801285934267
0.42317428726822537
0.0
0.3706057530464811
0.10015425979060241
1.4011076050248037
1.7148093030892215
1.7319221959769406
2.4890718302590997
2.065658931478497
1.2310139062690508
2.4297713999755133
1.8499964540347753
2.9744409570546217
4.197771763716467
7.175933510077375
9.674873295667876
11.461792697517032
13.691958578231562
15.30523299695962
16.089183826795566
16.918888775739614
19.105858125631727
20.489465707747033
22.404182932576997
25.09560939663531
29.8868747259576
37.12160582708503
43.30726712000828
50.65494619352013
57.56109280959853
65.15007402243965
76.58437946730805
85.84491354667165
92.7784246956324
95.61714064314093
93.83646552743002
88.88052186037989
79.86073078797179
67.62521027111922
59.43049514906227
49.24608799882384
41.304786460114904
34.31085464239286
22.15505087897802
14.6326613772949
8.297957751193652
6.599248026868594
6.0437484269658945
8.967610176933377
13.344845161491481
18.568620289329164
23.063080621784984
25.98826223176667
27.73951494971059
31.044107050375217
32.95533382544912
34.7501436822018
38.24347591359946
38.108240234601546
37.93579238213231
37.22425822909574
36.8870388125522
35.3805775067137
35.850133036623475
34.85488069601512
34.66193582576975
32.143560133951034
30.33490764649694
28.090771060265517
26.22212281516753
25.52459891672302
25.016133253798433
32.4595343740754
43.266879307751594
59.40476672765765
69.24320086484374
81.51313424635991
96.87494432994339
110.35186441039521
125.6078333617565
133.93422828956028
136.21542001024403
138.30396487688427
138.22372216683485
141.0322596513795
141.67789288174802
143.4800329968459
144.82229994425458
146.94369731042642
151.04688670648673
155.73530821336976
164.47451420832235
168.86372426061078
174.61875334177546
174.6608860871201
174.85451296954642
170.78824007441006
162.24623862641403
152.85166567976282
144.51002486465777
135.1553546593755
126.26499798024255
119.92258750676886
112.42923821236042
106.00117566795443
102.82228953314915
101.92634850848367
99.77373320194515
99.03047302464877
97.91319643437664
95.486742902801
95.18452607056828
92.1496372534951
88.6526147927157
87.21643713070164
83.41492528214683
79.12546062805276
76.52276576562201
76.16894955359189
74.36285328259251
73.63978549889968
73.11188616607879
72.25746535195005
70.72246744388056
68.75551616923562
66.90364920371442
63.93661893840843
58.63113969479617
56.31115590252572
53.898056761812626
51.87224619020107
51.823199360990806
55.82138991232175
61.52871734097435
69.80931741167555
75.65568955942824
83.88877304643218
89.7330961410893
97.29384985802076
106.21157308284619
114.55633170161083
121.07612824595148
122.57449238619454
123.44848547048183
116.82974234537365
105.94046984341905
91.71070045302423
82.11545501075497
68.80296857444698
59.537048038914364
50.89255703144523
36.266180637881206
25.234532468527213
17.377229075210707
14.824436174239949
14.40660433859153
19.167028704845787
25.442497904286
34.19329859970877
40.93868159636551
49.19318434421522
53.46543037488049
57.43494106810865
65.1936155352032
70.26800015422937
74.43481953762601
74.38135811981593
75.99588161146062
72.28934328229087
67.55400504487838
62.00796480742034
57.77079290100916
51.67829803731189
48.51513504673423
43.390745676425986
35.698975094522154
30.17553060078031
25.640919462865224
22.535908936794094
23.060445566296703
31.842421131229308
43.4190610143793
59.12766800908588
69.31983357015925
84.82242425007
97.72763208213485
108.50807881219981
126.32413201161594
139.91996007447145
149.70896940165505
152.3326743362736
152.77736077170042
147.35492517155598
141.3482218235621
131.70793214694308
124.82976285462217
116.0463771140016
113.83618324783127
111.15316081183988
109.45178406149923
107.9289251701524
104.79025937453382
103.62751254211868
100.89115922743645
94.38320850230109
87.91608102415518
76.59271034172913
67.92584335333973
58.86025326806587
48.28837103593591
37.45834321035999
22.187070053310094
10.795553065257499
1.7210388437676838
0.1689674737107636
0.7917728241983631
2.82799753862983
5.462272773281548
8.605384732533393
11.954698324599669
16.49481235355555
16.430823283036258
16.023861317692646
15.89489368113016
15.230033610655791
15.361516258596998
14.890065830053233
15.763401600612001
15.14123538899519
16.219303773306464
16.429599822323215
16.640288392894558
17.94182089424694
18.161061200077377
18.90365543653641
19.238595904720423
20.52739773071766
20.25124800017214
20.208644469626293
21.020842651315775
20.318104872251645
17.453114220400252
16.346115061098857
14.523382049594682
12.001696886981009
