21
3
b
199.45318855516192
200.11804192090298
200.08307808962405
200.64753420856212
200.19016151803274
200.89712983684058
199.80746790154927
192.38443635622025
185.39707269516273
172.70548323180518
164.19043721718694
153.08837286712117
142.0443983388386
131.21998616772584
115.59306050647889
105.56822778328282
96.75846686554956
93.92867253145933
93.7839848731055
96.67945354564878
101.87707936639245
106.2356006418141
111.89849045823655
117.21272769256106
119.36652450197109
120.54998529608868
122.95603559628314
124.241098650241
123.89257682660698
123.9343146442906
124.98019000567514
126.31250481808803
126.24838297510308
125.79806897394721
126.2502268151951
127.10135556070577
127.6933044714642
128.4779811189975
129.52819429132992
130.3848154886374
131.6056987796341
131.50625401415866
131.22141905835167
130.3756284208516
130.26309228244318
129.5567181277394
130.46811792712802
130.3417287705842
129.50435608314774
129.76114787931095
129.81438505779312
129.99709895740372
129.74086543570107
129.69934163092648
130.6685557240854
129.57315377874482
129.12433407609186
130.33643602017887
129.8932902944952
130.01473057011268
129.2812704017657
129.68642232664857
128.97095935462616
128.97201507848428
127.4607630617795
127.81523800536795
126.76832050703791
128.94909828388103
133.06720884192734
138.6280590796233
140.3414660916365
146.31492620421665
153.0424890600511
157.3154544999045
164.421147244321
164.66804467386794
164.63307984841254
164.81176590369674
165.39556245974177
164.89681350858012
165.77820570443023
165.3140861514952
165.50633989197752
166.40539749019106
166.80163691681312
166.16780264249937
165.96912183858157
165.58204243411024
165.77396014969304
166.34539333780177
168.1105751514936
168.95103091742644
171.26316015481603
182.2630930883765
193.7928260253505
207.925513059262
216.90950925362915
227.38512974404932
241.20276619472665
251.77921668872304
259.9049914982851
260.75339349584175
260.7288026158001
259.61024295325814
255.91891293387974
253.51654740269922
249.8308290869619
247.504938033396
247.10602432376123
247.0142867353334
248.306761777157
248.38448482808712
250.0465132964099
249.43970185701508
249.6009474827147
247.55498247793153
245.12538197873937
240.9076802102658
237.14603709324845
233.92486939262668
230.63757147754922
227.72886654015326
222.7035673683509
220.032572065066
216.6434164777637
216.31970355482525
216.01038811339834
217.76470913777212
218.251285413732
219.34207943516594
219.547039591437
220.80616034884005
221.40411795762583
220.8765040224869
219.27110865324875
218.96583635883533
218.35763664684103
217.01375775442534
217.33211120329864
220.21239296346644
224.04431961910873
230.51275260777066
234.94141915502013
240.31211137834634
245.03263355690206
251.2249259337692
258.26818986970073
264.93441862608375
268.6146725192037
269.86905892068137
269.25669171334994
266.45005177365994
262.66887855289207
255.1068454795147
249.87392374941348
243.3990764881167
238.95126184723955
234.81509579447302
229.1461017216358
223.0975203662349
218.68286371878594
217.4311033339007
217.93966669584236
221.95164033336732
227.3714371375999
234.97213660321938
241.34216967587832
246.90279681638174
252.10538204386967
254.56762531398286
259.14907608676424
263.27895712906724
266.80932244081936
267.62599657125185
270.7947564384441
273.97490291271475
277.7624342300281
282.0925476795561
284.73699077727355
289.2116035776084
295.51140240655803
300.2571912856913
309.1470199211852
315.4366300491072
320.22315242202694
321.84526404650563
321.5320457527358
318.98426930942276
316.9817114631203
312.46229987089157
308.8929438684395
305.0751864096983
304.4774366117129
302.03177159142126
298.2787084470907
296.8457313892869
293.90000202732875
293.84135398923956
293.93909212774753
296.0855120562097
300.70419232007805
306.51339306618115
310.4933131221848
315.05118451824677
319.21908030249256
324.01564781428
330.1460827072436
333.85675572235607
337.47577425730805
338.1129568355575
338.2550285883601
337.8946391162497
334.83666528998106
333.13035435600307
330.8300040258438
328.4379993370751
328.45428364167816
327.0123286081113
328.03171012012217
327.2232481975646
327.0596719740932
326.02625483124064
325.0977313722522
325.0864251012434
321.9423815758183
316.293344370042
311.3894315043543
305.3197693357844
298.4147915488784
294.00261046176144
286.4082075356597
283.62863782233734
282.5562253284029
281.5785001259574
281.9824517428685
280.19514599728177
280.3754861127575
280.654679211185
280.53462465025086
278.96642088284824
278.3740959242261
276.6259229453603
274.7594351589567
273.4145394617194
272.8644300453488
272.6976033310144
272.3141230012518
270.47979780649666
269.611145568575
268.7601318001551
266.7994918897231
266.77150792068005
265.1311358481841
263.0376243378406
260.46824256257537
259.8398864528435
257.0721270746439
257.49704807866215
256.83816404144517
257.5185924753707
258.5622052597185
259.2425880667949
258.86171201521285
259.6770841784834
261.0070911934247
260.50600262490934
262.4503698062658
262.61713637548223
263.53000792010516
264.11421282202946
263.92510146394386
261.10070600054433
256.7831076019297
250.04480318094178
246.43383586913347
240.24278279007348
234.92875700775903
231.9708305696302
226.029767845239
220.86559096167844
218.16272419625733
216.89770894020864
215.7520781741956
213.93748920469207
213.82865758734704
211.1296592315139
209.66386277734506
208.24905974760253
