24
1
c
81.19658753451864
80.64560337884224
80.59385683171567
81.30407565941084
81.1275413751934
81.18325136356387
79.74989316832047
76.83055213380294
72.80702133638718
65.69365386087155
60.01354139443705
54.58205079394781
45.09770797237983
38.876574898089125
29.836097515743294
28.12685621637985
27.98865295843119
26.183160271198457
27.649559714418064
27.04694492222175
25.9983742000565
26.88305558907235
26.093733193147976
25.701141251186886
25.28067931558015
22.99149252473359
20.99333331016453
20.205376311007864
18.88684917524229
18.5707782642225
18.473890425799944
18.59388295157669
20.549461034146464
20.36020441921777
22.399169538471188
22.74420552848306
23.880217860467454
24.637354261633483
25.099061392759182
25.154081785407975
24.546729956948475
25.235663966415203
26.335134742459562
26.977372849938778
27.447085980103918
30.60089920190121
31.662382038710614
34.18604345756562
35.030171607955936
36.352496200078285
36.97660066908222
37.7332013855528
39.698261369024145
40.34234193459974
41.90590928024053
44.8235438597027
48.09204374309152
53.766376829460036
57.48889401709138
62.13093904823986
68.55506149907316
73.8695656718475
82.23702123984734
83.56974188684431
86.30592943423535
86.65876985986378
88.39528170936867
88.35066789760967
89.32292443675578
89.46938181446234
90.1908424831548
91.07555991214296
92.02477660596297
94.26875663630955
94.43662569977556
95.50163060850059
96.35195944093067
97.82732639649595
98.72828550606748
101.95321801713295
104.57674600322463
110.78822720824348
113.66933901959592
119.52163675103547
129.49994801567257
136.83895168012126
143.46340531004702
142.95818472437523
143.03616429532175
142.44441041161838
142.90205973871463
142.90042497587265
143.39165602180617
143.05264088503176
142.93711826544464
142.43753131249545
143.90572302153518
142.4149772234098
143.75157841593304
144.12169848977433
144.2020638344566
145.0144845007964
144.30280554988866
147.64137505215118
147.77983421074134
151.01571516467763
154.30603599844878
156.94087447166953
158.6157326537618
161.63147125310357
165.19347797121873
167.89463635945
170.0256981930617
170.49855729746363
169.94599340556942
169.3837572248398
168.2233512057289
166.09539881604465
165.5042560583879
163.7175253997475
163.88135235134436
163.43136645136906
163.21780940209615
162.44853954031632
161.6389065943983
161.5983681644303
161.122810857583
160.64726586575256
158.91831053156935
158.36335422198462
156.65862888504768
155.40230495856463
154.58314253538572
152.35058270224155
150.67897953953147
149.25006603264413
147.49941257397688
146.57135136278282
146.3428334790491
148.6945553609181
151.67657061161748
156.13608490045985
159.27612675770564
162.88701702123385
166.27667072609879
168.1126785443442
171.16351517525894
173.16584383901483
175.0534684283898
176.72116988064315
178.4536497610067
182.96944130871827
186.43337953111524
191.72953423809903
195.03853477302027
199.8105875827686
205.88177628376613
212.12591608299877
220.64252128891562
225.5297146487769
231.7683095676994
231.6080891072973
232.35603321724554
231.60542808647122
229.48361942704437
226.26692357039497
222.9986536018548
221.4981482472569
220.17343279905845
219.20189125097284
218.66963933345724
216.7370927108304
216.90982609958024
216.84437838769645
217.48018346223927
217.93005482827394
217.80870146001132
218.57064645933883
220.1942493448626
221.40557790178212
222.02304971024063
222.365109189928
223.3609514543065
224.55557147140107
224.85131439126275
224.7839144799265
224.81034679814283
225.07900641432786
224.00619579750304
222.90885887630046
221.74200131896347
220.69225314696502
220.0843012783972
219.01280460102546
216.46382685613895
214.63584387514632
213.23802677816798
213.8787362337586
213.35372599120487
216.71957170231312
221.65464483303188
229.30029194431006
233.44224040646134
239.01767621393685
245.34200676664577
251.58414847350008
261.09504604992077
268.48280322821574
274.7442583826973
275.9695665286839
276.181792615248
269.1795806890724
257.52599143360294
239.7281164188129
227.94026645984957
214.29223465908828
188.64487555919305
170.8795298616066
154.334732005898
157.74079578618347
161.12851878993078
160.7464570322315
162.0672908710266
162.35218467994
163.31583266007001
162.18475307195035
162.1744488485422
163.0738240207011
162.52088904386164
162.83797151214623
162.57251274482442
162.34421291071573
161.81460941942342
161.9754212843624
162.64896307555028
160.21643631613753
160.30372629659396
155.70672118544468
153.86923654031747
151.24156785305016
146.81673148735644
144.6807957831044
138.9679821942429
139.80217072033042
138.91788562279808
138.40870523952424
137.7151690736202
137.53996244098505
138.0429805370253
138.78658551813038
138.08010244109946
137.0204794262457
138.2814486386087
136.67488393970112
137.10687185221798
137.10991444464386
136.97220280898264
135.65506048623715
135.40595701977395
133.19046992710705
132.73403533265497
129.9180070432789
126.876096372344
125.14484767515978
122.30727413361869
120.46757978292248
118.34329715014833
116.47871791043617
113.38312325976035
112.58734465307934
112.09669285779518
110.67920594639632
108.94865419729534
107.54711898877156
106.81324631824302
103.94645090634695
101.72795532235243
99.58375049361027
95.97149256741996
94.9418045293294
92.43647983575853
91.9488684277641
91.4065616867644
90.90308895949502
88.97577320228497
87.56496549386924
86.57702827553076
86.71388082976439
