6
14
e
83.92285871284525
83.323071888145
82.70415278137173
82.80854678250459
84.11101025372835
83.29125457263785
83.30724551999042
79.57090032625642
75.77642437711494
67.31296081007038
62.567366979310854
56.644080385006546
46.83714371224866
39.332694168093745
30.07838035640926
28.80629531242006
28.292696467287435
28.02744772375062
28.54973078136887
27.129976986595334
26.97005146023197
26.31781841966898
27.76646117118962
25.926521482873518
25.367589605685676
24.126436327006832
21.90669941774698
20.62931525701057
19.059770112611012
18.959331324463832
18.505129734523145
19.935992304319186
21.06245982964416
21.743139615574584
22.885736182848493
24.041407721087133
24.19240226238796
24.83641927925077
25.103003291264308
25.403348615504616
25.57974534709567
26.942462426160887
26.292335599361667
27.58351314392452
29.487699562027554
31.09804847554784
32.5415441523529
34.85544290581022
36.53226672887582
37.85857188795535
38.003995798323245
38.628520736984726
40.69517518228625
42.566494142276454
42.95806985842089
47.02921790614993
49.50180164558159
55.32933600275023
59.40011126270707
64.3422231867634
71.60927960500021
76.38671081015862
84.09803728595865
86.55795574008488
88.3258291126638
89.30015743669036
90.32799489055442
91.60825951053532
92.60094431576303
92.88738750907467
93.19003311240334
93.80814330609061
94.55947372382433
96.09897095036374
97.25298884725373
97.80848403554668
99.73913368525278
100.76770112589702
100.9724067912538
104.29579235334293
108.78919085628306
113.83564421311692
117.67678822710704
123.48208457691044
133.65757845470552
139.61484445590864
148.5806949992237
147.98664512111404
148.26233921069272
147.23389327574358
147.2682621986332
148.04036025383047
147.65554096148395
147.6600624501688
147.986568355843
147.5455069346939
147.06460345702294
146.19347300069592
148.97869415099322
147.24264766901555
148.29845803533726
149.38155376705942
149.2821997427967
151.3082966535118
152.63227995782142
155.59821848572906
156.80755098801748
160.64543124996595
163.16185545618012
166.788390648733
170.23514538529454
172.91477826214998
174.59795356747296
177.21058586222583
175.3681623047386
175.3237191567554
172.56421954524396
171.35363617213184
170.0252979775684
168.71053768315693
167.96054628249803
167.7734980061002
167.72915101285926
166.48084004460785
166.2924516103925
166.32261730185417
166.95838529730662
163.88123702576155
163.60325300869255
161.83494617240865
161.84050250502094
160.3126925601967
159.5664483008969
156.76301418066075
154.15448187915192
152.0004535298781
150.97054803588586
150.19043480481977
150.71150411793568
153.46254024552167
156.2956181114562
160.67396820162492
164.26737768307578
169.03595952179788
171.40439090296346
173.6236961274762
175.89815573732352
177.7872481767327
180.3536874683887
181.319008540246
183.7916038022641
188.01731365589424
191.15733483759078
197.17727256205384
200.9987866089101
205.98755079306403
212.40081210637862
217.27817306336183
225.308739466585
232.78150074794075
238.36058469161134
238.68017431074173
239.4434411702211
237.9629095981477
236.11304821861094
231.47083378231545
229.15797169760876
227.9100704005837
227.06733324203728
226.74870312074714
225.22077687456027
223.69931498118186
223.59378635535953
223.06669966522202
222.78596955027555
223.3018361839263
223.99734780492125
226.18868981755404
226.0824709017017
227.21907942067122
228.03122559477924
229.35128051408057
230.171369654215
230.84879872476048
231.3420790229775
231.90485945077995
232.3004559462645
231.170547963938
230.49901472078852
229.16641212839934
227.6456906733478
227.18497801465745
226.52313422607926
225.81100847007815
223.68819202057455
221.02789910078357
221.18498850928916
219.43557249256665
219.49184736447376
223.04499178491403
227.65717285976513
234.95544749901825
239.2998865105192
246.34578952349898
253.2665469378764
259.1492787332593
268.6214089793927
275.84448053851077
282.9879950906094
283.46807164970744
284.93353010348244
276.39664706645374
264.230778873096
246.3994399763282
233.73888343166809
219.49312972632654
194.79474821102616
175.44317058476406
158.6180382166708
163.0083809201703
165.82955690302995
165.94458985317112
167.86730664074577
167.29338131932687
168.42903221722915
166.8487673365237
166.82146176485375
167.32026689674507
167.4612183719585
167.11005551699492
167.33335578908193
166.557547184643
167.10986893353964
165.8564431392203
165.58671369567648
165.44572976215258
164.51292184491783
160.51195951427928
158.18659661859735
155.033797443339
151.19929371864663
148.1171036792187
143.82149528757702
143.1364048553259
142.21660042075277
143.34045473460708
142.609038962003
142.5587136397523
141.8010181657609
142.20659232504315
141.8080158042021
141.74458393395608
141.86581853747884
141.38233440163853
141.11381633423687
140.95567598731324
140.92955558634398
140.07596445722555
139.15156807985838
138.8004800076165
136.80367117796933
133.08152853699738
131.66104355131947
128.57636845852602
125.8342278257721
123.81671859775643
121.30755600564505
120.16952135770886
117.06873530619714
116.39282322786327
115.5227508280911
114.1285697879653
112.14859065146189
110.10425461993051
109.61461085992339
107.15955914345676
104.1685425231645
102.18334706517294
99.60766281710369
97.67513050974833
95.08477320603394
93.58780782414942
93.62268752388255
93.21606236846603
92.05756057941781
90.44653262092467
89.48165723679959
88.48268425856595
