0
4
c
187.67021515998346
187.76212718945385
187.89270052599682
188.01600415025501
188.24336496848437
188.31437129859953
188.04520148475834
181.69152560263083
174.28152552883859
161.83464278988058
153.9311794702482
144.48439529602894
133.24459188192355
123.78064338887248
109.25445594756864
98.51515442406497
90.84227275223853
88.39305574735485
89.0452224835718
90.6767375115266
94.52821755970125
100.78448671177034
105.10585455785338
109.56840049995833
111.65698509067366
112.32091385072505
115.08667390669501
116.86317412733919
117.57050784304141
117.50207880652891
118.14789121363539
117.59115733390811
118.5375913461049
118.49805240231237
118.13080748280164
119.10652133987989
118.91349669794073
120.4727115825884
122.09624738001125
122.08420339977646
123.31354500118408
123.61460172939913
123.90448530270368
123.36271873753174
123.15061776810128
122.9107094888707
122.1547669080948
121.86446570575218
122.55755334555133
122.38399560244112
121.93941407505687
121.93689798288999
121.2836193983708
122.56443305175773
122.02529104928908
121.43229405049904
121.20684346459001
121.745291779684
121.67059857784176
122.3686397940361
121.32095986238652
121.49020026010139
120.2812979948157
119.57364338099677
118.55056676970396
118.71775361610885
118.75253037638156
122.03529391633467
124.54088502747182
129.1973302471114
132.31061249395202
137.84021181761725
143.45082058270364
148.40995865677652
153.5541798377908
154.1467202224358
154.6230516541249
154.9304995541999
155.38571550171443
154.9653116918218
156.06567849639742
154.87367740878304
155.9788939260972
154.79214839006409
155.87410861095694
155.6319152456363
155.6655836960636
155.35802025352422
156.37077265342813
157.153452941041
156.76061344003145
159.21013850389716
160.18854863685704
170.9832937413171
181.1861554798466
195.0957118442182
204.24415615770772
212.33724540340395
226.18169741406706
235.28445290601738
242.84122211536828
244.12780837611402
244.4063550414624
243.4421790418915
241.51422851149832
237.466458862544
234.18633802556374
231.96742562140938
231.94623500868298
232.36280786621577
233.37610275334188
233.36273149302272
235.0719932392003
234.89968963824452
234.35288580401846
232.75386579010365
229.2358491969988
224.6254086680192
222.72931799226814
219.57301934722952
216.0669276444362
213.9988879137699
208.34527668527434
206.1904775845228
203.79210795222772
202.23716027429353
202.92017611289998
203.6689454892393
205.5469445219019
205.33863178346238
206.2328867360125
207.34460692249237
206.66342684884148
207.00752190429696
205.92938709545894
205.2266840001457
204.3456706241316
203.18325696268295
203.92734092066485
205.780605303184
211.35472818783427
216.5221868606171
221.0802046783986
225.72150623085255
229.5949164049686
234.47836635086065
242.51430230234925
248.64145684765546
252.34385289425714
253.18002291861097
252.9158607373203
250.33774695922057
245.4048335682691
239.5448817095797
233.77732275813554
229.33896960575862
224.55196438605972
219.80044953296817
214.7243732773946
210.1414312859252
204.87457837368487
204.58228681956476
204.42894338160696
207.46674376220494
213.82224722363418
219.31525997475987
226.44787790679425
231.42417513154945
236.6963829981376
238.8003488438975
243.46581226600733
247.19492650624045
249.83712167565503
252.65668554943244
254.02101470304734
256.9137631197193
260.2205137897489
264.3163033562452
267.1784690763785
271.7909271708583
276.8589816313661
281.6555765976795
289.7662777398762
296.4404828569754
300.20267559126404
301.0381085207157
301.42184401987976
299.61410860540195
297.4461387331164
293.2489993218644
290.209548111865
286.4858106964013
284.56043710985085
283.26816890050753
280.42977412273564
277.2743583213043
276.2848090174251
275.20292178571054
275.37310007465993
278.20762404300564
281.363229476482
287.5615058045924
292.0105501417928
295.840145893929
298.81293995001187
303.6541425519357
308.11923477698645
313.4563310488679
316.67340794882625
316.8874330485135
316.42358912481967
315.9077322786864
314.35425804479064
311.4106512813233
308.8455636702292
308.4861166640276
307.59234499388407
307.50476261454753
308.1066562731698
307.419092157955
307.2895778743559
305.5588311962628
306.4426876386441
304.3843322911565
302.3927013963876
296.7986862585687
292.0516175417149
287.1397679084069
280.8867547066034
275.4695609378541
270.32464243958105
266.21127290080403
265.0253198145183
264.3570539445895
264.0928598381167
263.47953422126926
263.1630222696606
262.87117097141675
263.06226008410147
262.6503362873925
260.9609707496651
260.1284401611902
258.1287581372189
257.49265472362254
255.47212396171545
255.71486227114855
254.48262897408182
253.63903810448883
252.75819176161565
252.3256600463477
251.97137946557964
250.14697780844708
248.77719405671988
246.91698795862024
245.2547920718653
243.90756098262088
241.25578691778614
241.99188152359997
241.826176008385
242.56715565957762
242.6240746831392
243.19224141836503
243.11287186222805
245.00936778435573
244.55765848184575
244.8806830363897
245.44250094352836
247.4935011453089
246.62237729717987
248.04507651598718
247.7439011168472
245.3275567485822
241.45767063688643
234.37475424715143
231.2765078038247
226.3006530166984
219.14212433074258
217.1966946422704
211.11858830300415
208.52855256963707
203.96477502922474
203.95592978779243
202.92874385049885
200.89123793491711
199.64775802182072
198.66917503655756
197.0167820788908
194.9705744216237
