11
24
e
15.540278043199057
14.242160744218179
14.129100562265823
14.849161473876174
14.211198203667301
14.973465027241948
14.963378658513165
14.548943994247766
14.623527743368205
10.613460933096388
9.817352705073716
7.030155584883546
6.13561711782203
3.4562452219875475
0.9869539414370039
0.0
0.0
0.6108980460956857
0.14338920349288115
0.14395138693176343
3.872597999901428
10.63808884553942
15.915190875475686
21.060828829825084
27.135046075103528
34.67696505776434
41.91588357846898
47.632279986299714
52.60276701373754
54.784865017772994
53.78493921094074
50.23641343880248
44.08323407608745
36.43137195735519
29.747440601622813
19.896905283327197
14.830902259550033
10.371483116912183
3.278880406032988
0.8569932398021107
0.0
0.24673110355715863
0.16877746456098902
0.28769231356834635
0.079006503050426
0.15678490177590793
0.5090429020364375
2.180066516283057
4.1090170069005305
4.44699515629427
4.572580465904526
4.433095953325911
4.672517113607519
5.204637332569245
5.15360616428199
7.531190446074034
10.680713800588386
16.917996729900562
22.62019192338272
27.833480030164562
31.540986016859314
34.05428086199161
36.62935520384545
38.73187627507869
43.52270066128049
45.73997366818237
49.020010181696335
57.83825785052115
68.1969557077069
84.65602953602024
97.49774446126948
113.94184892507735
130.06645152137574
147.73898609125817
173.34938746658082
193.25430068280417
209.3251047443777
213.10181443313274
213.94779613838216
200.32293725798326
180.54411656072946
154.48247186738377
133.10869914137137
110.60749935604906
92.68612115576934
76.92691295899807
52.001139338314374
32.25142808021339
18.62747393819142
15.365256971254862
15.406452937197233
20.662038542584746
29.462282973009184
41.21027488159888
50.088623595762265
60.50272465621012
64.49398192643109
69.13310344619484
75.44264018173769
80.4290275926783
83.26273443697502
83.41573953841716
83.33618461212139
83.98909807008374
81.73617667977861
80.65300846513716
79.36024235430826
77.55951573626761
76.49489378939624
74.19924842207988
69.0082968872958
64.04700032798901
59.12866233021287
57.79357837985274
58.18618565116298
72.86173355346864
96.90367223201075
131.3328374080446
155.24067647440157
184.9630411147992
220.12020206229647
246.53047398090544
284.0595576945537
300.16969164226526
309.068370418376
311.3701550563748
315.1417765566622
317.68050635022917
321.05844554353223
323.1506745186092
326.2328616111523
330.584439306183
342.3391332847365
351.73347993896886
368.35406062168516
382.10514111840547
393.12280502064056
395.3790741385941
395.7644618662742
383.8209113735066
366.98933236123565
343.64922668189615
326.2198787912965
305.8192006699492
286.13583008194377
271.35848525159423
251.6468171110049
238.22514772311487
232.2140427459848
230.1996413704388
227.41397144783147
222.89827408902414
220.2407650126548
217.05671793490404
213.33394973728056
209.40158183539032
200.76285036734208
192.5636628103643
185.36286982202034
178.41680017633536
173.89922219009955
172.43910281230944
169.4255945066809
166.4944760221301
165.1467948150183
161.85855337854522
159.62185049063106
156.21818670797683
150.18842969247189
143.61404234985812
133.73894891919983
124.66191099021232
117.97754778275099
116.54953272068653
117.12945670534951
125.65889288856219
138.8605578738366
158.07529298326355
171.60424127688182
187.59343386366572
202.6030880266471
217.79953489049583
240.55452945221361
258.8341466107299
272.74285696074674
276.384809206226
277.1747465030805
262.53291537160567
240.11456759640487
207.19672185734873
182.6666237065097
155.90987566978916
134.71618024251833
113.30070399048054
80.5839773952299
56.27046305376443
37.323970104374844
32.99102993231493
33.41372867675632
42.65753366332134
56.501475399738965
77.70024391385995
92.56858089565054
110.33548118408252
120.83401885930948
129.50817716608162
146.30557732952272
157.62131360820507
166.659948913186
169.09757609581823
168.48772196961795
162.07541015623528
153.08159171294136
139.0391321061609
129.1104749320788
116.79320548767404
108.38459021961063
96.71090385713381
80.35910854808411
67.19123594129739
56.73614612110949
52.300528084872674
53.546187119247286
70.38912060130643
95.93627775749407
133.5282417242486
159.62265214477523
192.80722654103207
218.33306825356726
246.25791035958474
285.0600049105669
314.8774235403349
337.4192266255085
342.0247743586881
342.74612360509286
333.0808949078153
318.210719913061
297.87767181487885
280.7887824481946
263.36426019921197
256.87137629006395
252.27683642213105
247.32567138508924
242.65717747920777
237.29473025661926
232.02340495677998
226.3797835491224
214.19788336266538
197.2306817709486
173.06268411048242
154.9503389900143
131.5237663460365
108.09526163778814
84.86650000850243
50.27239426282428
24.662034531283354
5.777177104042896
2.326913649930684
1.6489127111951274
4.746062322105072
12.620293181140791
20.55651601490308
27.70729059210628
35.79170425807251
35.860531620983025
35.248247798319774
35.50867339256385
34.675218499547846
34.92104661714749
34.06981055312498
34.91163615733413
35.776842597100156
36.7040481154337
36.88996093560212
38.159124885899374
38.52482093039577
40.216081761920066
41.334380954442466
42.9820976908923
44.7954515076188
46.659326640306865
46.351756992045104
46.67816224016923
44.273912506147255
41.488594978619574
37.27300044017121
32.58767644130601
28.958756361586236
