3
13
e
81.03188516825863
81.40194927403599
82.17953922067116
82.24007024828076
81.17845555399835
82.05024886470135
82.1268920808868
78.7534825773996
73.07212862353758
68.38812481653557
63.55325815786534
58.043985058009426
48.8564252963934
40.91367690116034
33.252632389760805
32.44719680461562
33.137479599912105
32.410682794239555
32.977158344725105
33.141211172593124
33.101264066841495
31.941370840342277
32.80468535653555
31.063042348221476
32.072197358973504
30.57388081231979
29.930315979445467
27.46122176304768
27.403337766951758
27.94317154975902
27.225982529850082
27.176955073026097
27.480545611559638
27.83622503843127
28.079512014988218
28.253739050987118
30.2219185138118
29.113128816142122
29.54855685021815
30.212011561217153
30.83234404227245
30.128295880926714
31.100324127325536
28.70457548846491
26.464087542272747
24.15867585431649
22.15965884802127
20.19577806469382
17.1892763990517
15.026744052800764
10.505821357494984
8.239613330866085
5.362951918173575
6.088396979165024
5.931043272750284
7.087948508061542
10.221043105076033
15.048951972038301
18.026329414736768
21.14966779144859
24.308725198517013
27.446044671986456
30.18751004082153
34.10767564764728
35.736163114640945
36.9808400716067
36.35292053680924
35.65989945666787
34.96055162487643
32.97021986433515
31.956497650959133
29.873822013347326
30.281600859820454
30.31807072950724
27.957255511033853
28.119873185120948
27.416055026636474
26.70234595120686
26.103028811558023
27.967245323899423
28.88142592574085
30.12175759391438
31.15953710777085
32.5964018582839
33.171164947388164
33.57507309918703
33.54256377979013
33.971028103726674
35.5348120000958
36.24498048316375
36.0297110908366
37.48977547201241
39.3733391593396
40.94346293627344
43.05270957024284
44.58499217604552
47.27175190607447
48.72177769955656
53.28182191476733
56.29199300587163
57.01597165357196
57.597967850071825
57.59885696927047
57.43583763878402
55.861850877927424
53.779603620321595
51.11537327413249
50.867324417543024
49.551361184827705
48.945106181550656
46.58794762847468
46.27776522853609
45.67732391926401
45.573365445279826
45.488554581522756
44.86707065710372
46.80211506498751
47.164617328103546
47.73810882215513
48.61647034026534
48.93156113098843
49.31274321240381
49.45821972543233
48.32239237589656
49.431721414341176
49.4777031167054
49.26107355563345
50.238207537602726
51.20191038885762
56.47616942534758
59.420564979315316
64.82238706114839
69.53713485041163
72.94213230750654
76.57765605968562
80.46512865614707
81.40528047038133
81.09871399116282
81.3878788666627
83.47539970360425
83.93784430214079
85.41573110038257
86.22978011283695
86.93225503861143
86.3599875893655
87.5784511708895
88.17669873405316
89.06672900142065
89.75569652030539
90.86524755426919
92.79169299057162
95.84621408227716
99.4603949832011
109.72385961376168
118.26779736641555
127.73668285218463
136.1133192723716
145.92865276018725
158.3446588558053
169.10205995984796
176.30506335583115
178.52185445719203
178.63651472293353
173.14264117132157
166.87271227884614
155.917927798675
149.28174566180468
140.26494263979862
129.6918637199482
121.38909851277725
113.58093341188692
114.83192233122048
115.83250763965474
116.92708801765703
116.47080280989731
116.8336095409289
116.16621340387664
117.29747727885199
116.77488933811219
116.91716290674684
116.35095690350045
115.76193069457997
114.0254050788595
113.55545345561694
110.6543245936995
110.30563292253288
110.16591799209674
112.9394335671876
116.93746427556975
124.36535573407546
126.84499733799134
132.7504372384476
137.49619383898738
140.75630604491317
146.29780790211467
149.2324712006099
152.92375927057552
153.8495973007903
154.56863061108461
158.34871127016334
159.2753825041711
162.07467482620729
165.21704092229888
167.67457481260766
172.24569300917307
176.18420373335707
183.65193520814515
190.50185170859197
194.0178423330989
194.97815992008586
195.19114647825617
190.0466579577146
182.00329624683343
170.15925504262466
163.554880513731
152.78650370523513
144.384568426892
137.71851057019865
129.24671451488706
123.32468560221888
118.09145632289164
116.64180376542889
116.11445149370591
112.3365871345395
110.3644609499021
107.7413056314563
105.43298324173027
102.91729773566723
97.54304054827524
92.46851437792138
85.49917336229792
80.841959594808
76.78717561821377
75.5706001256242
75.63601628554355
76.5601232278303
78.81294080884328
80.35630204498366
81.65077259327386
84.64182177108803
83.8424693927773
85.6613897226654
86.61038759542215
87.29445927536399
88.35684200518168
88.19774359209063
88.42283760217626
87.78896220924595
85.51159201845415
81.75197454376104
80.57963026754456
77.1649769833709
74.36249963645658
73.65308053696786
70.73818418461497
67.97458602098784
67.43383207165829
66.4110907556046
65.84871585919316
65.03868039588684
64.77972522094612
62.910872280070755
63.32598677704035
62.1868975574564
62.08220747311025
60.603152407213514
57.99975137713317
56.05155187405173
53.865073293676396
53.46563255539719
54.86218559438062
55.12455203815562
57.916817759777246
61.77631618020753
63.072473997295226
65.79537523942494
71.22258921347925
73.20025249604582
76.52639511187145
76.82794429246935
77.16241095048944
76.74655748623077
78.06795700005979
78.02169541192907
77.47352976082907
77.08913339302408
78.2770593906641
77.47864856340247
