11
4
a
104.1027150213004
105.18208013156311
104.06862029655932
105.01412557888155
104.72926120712195
105.53138153548889
104.965572057477
101.80130279533203
96.92127205831554
89.82453897557009
85.94390523315555
80.66510648259207
75.21933109842288
68.59005520426679
60.673726258737474
55.69257500766845
50.42842045084227
49.0937755142745
49.20617465000021
50.489099311785274
52.606965917264574
55.387077966917744
59.97380830692362
60.697008854698524
62.478728449386665
63.317591559100975
63.373990702188784
64.40581838373693
65.23931291138051
65.24707429134926
64.13934827632943
64.96191245047385
65.46154128413498
67.09955507151975
66.23406684174292
66.0228714715084
67.30665068164183
66.33250500249011
67.24554130157712
68.25456761027449
68.52323582022406
68.48755476326677
69.92911607176113
69.02492018437896
67.28454732227199
67.77806905038803
68.67661749922456
68.28902680733937
68.29524915951326
67.92286358850532
68.2769447205875
68.3282922578419
67.81403498541161
68.26281444527389
68.37011523216216
68.93697855982916
67.91836912691888
67.46994249559172
67.68011721557139
67.05731062211223
68.20952946175689
67.81049045412327
67.58766842434966
67.09320866897455
67.25468823111567
65.6165452781083
66.1383527209653
67.3011096790969
69.32993432777316
71.9764020287183
73.597071899526
76.43309100204876
80.95155849779294
81.84054817274588
85.26620708933541
86.628140520568
86.93214676927124
86.3871959206535
86.43425013786239
86.44042625965442
86.977339987849
86.1953271825213
87.07768934906778
86.96434888663525
86.65576164884068
86.83837933578609
86.65154774213235
86.45432908882594
87.51148647109983
87.51941596240037
87.41427634973606
88.69685564933727
90.0108944222497
95.5657583325733
101.61193203086685
108.58137972085618
113.21410138657257
119.79515894710379
126.19814041957251
130.77634314548445
135.3943126065018
135.29520220179333
136.70735429970944
135.87035290365446
135.1705617211014
132.7970381249832
129.6403427433147
129.40610593933485
129.2044686513468
128.66536228220207
129.43367794881385
129.78954131249097
130.66869963858707
130.7144081422388
130.54540582824507
129.84408262974247
127.32505263783173
125.90356591957288
123.77923619531596
122.57552138150211
121.53070278211243
119.3053235049773
116.84204085820919
115.13672661596239
112.93541837479962
112.70478721195872
113.12963846169617
113.40694216209981
113.46949404234763
113.13728358241855
115.38291438046757
115.34538185828741
115.60925642684442
115.3947607616692
114.19101937034833
115.02117992664931
114.48830293580322
113.42341056158715
113.23392819326006
114.31548750018854
117.08205536958639
120.23481835793253
122.75022759191384
125.24858910924797
128.65452139741151
131.0790547634998
134.93105974164595
138.38612804090027
140.72889928807226
141.37855709274908
141.28313941699903
139.31836128236955
136.76626062071452
133.66098681898646
130.5094866193092
127.4875255758156
124.98130164482205
123.18910436354051
119.25835233314874
116.34034193687097
114.27054098607438
113.79711727644255
114.24968169481971
115.94858085396977
118.58760348368689
122.10765711818266
126.28898117308651
129.74267278094743
131.29687710558517
133.27605984271983
136.20139554210883
137.17972663137724
139.84751932144354
140.22284273183666
141.6192629676881
143.990876190779
145.48054674364192
146.46724477717646
149.23722518368632
151.23245119871714
154.66534486325872
157.44616444530783
161.95980054324315
165.11688259365414
167.76269808592647
168.37398386380966
167.61372179910018
167.31617192720918
164.06050803764285
163.07978525815795
162.41970416479717
159.48552306982077
158.44044007389115
157.3825497242758
156.3562580109504
154.3753416948506
153.20076985702522
154.20787924892574
153.72378200118905
155.80345613574502
156.99189798183622
159.9106220154424
162.84219850641367
164.89745924579046
166.10369144171432
169.35820678905716
173.14672158293158
174.46378448874043
175.6747594450378
176.37659167107626
176.72504269080042
176.39111018661595
174.96339326099377
174.39230113351212
172.88281292657177
170.92355619983437
171.76226032128133
171.12852111263234
171.33949029510043
171.38382057257698
170.52620311484003
171.0551918428614
170.59775468603652
169.6745273940377
168.99929797955497
165.68165479670057
162.8887588536613
159.8476035792746
156.24934402591998
153.77003651485364
149.62999115702627
149.43160371968312
147.80199785438074
147.90758970012064
147.81785237734996
147.7424108657883
145.65740692556784
147.1173629531439
145.3237287464478
146.49689617857697
145.4006366472897
143.99241623330892
144.02047487756084
143.7810381311818
141.99346051593577
141.7166217828695
142.11691688605472
141.8975104922784
140.73990072404484
140.3194003113764
140.1450904064925
139.5168516480652
138.24708441678854
138.00187325082004
135.61017250306404
135.04044469952154
135.49343923491023
134.81703854973776
134.9023524806307
135.11706313073742
134.65746461041908
136.14712322074104
135.2733705893299
136.22795502299041
136.37960702629178
135.70293065227483
137.03372870713943
137.00388070021384
138.0995355896307
137.48452544695306
137.62092816849173
137.34331293598845
134.26869601482736
131.02640662016304
128.35600104260405
125.40507711455732
122.72874531101345
120.59099960394424
118.22182036518318
115.23750142591294
113.53346319324797
113.35746099351853
113.67354163826613
111.62441868550752
112.48955866747713
110.7726587186154
110.51589944287865
108.6086361319209
