2
10
c
103.63839277203877
103.43962835111135
103.72111441524046
103.53697679047704
103.80688873987643
104.29601732413799
102.53920400113408
98.85340034397426
94.05438380642639
85.30247108411754
79.51401396832475
73.51151268086845
60.854891949337166
51.605778023727595
41.47329389519056
41.8925253951772
41.429792791968794
41.477273315876594
41.292015662703506
40.77434555291258
41.142869432440264
40.88389558136474
41.353159246421065
40.54236356706739
39.48436282771217
38.883585142869656
37.411369377917765
35.58906382415719
33.82270819202162
35.016285017975406
35.36455552046354
35.44364072902151
35.426504147487556
35.96660361795555
36.40849435990375
36.075682759640635
35.94755118593081
37.699115535925706
37.00751201534467
38.11439698668019
38.45402740288998
38.94113087408395
37.903708964240984
36.578021998098215
34.24883637441326
30.628139690012244
28.616214908602867
25.162098353860966
21.68841597654405
18.668047156287102
14.90952219522544
9.994300221073544
8.468789840373054
7.125117507982728
6.863022466949367
9.775116088242477
13.699311589643003
19.31448550891971
22.969405845748387
27.170285749611974
30.899526372951335
34.190901613920374
38.86324642334168
43.0235006177259
44.53182623857798
46.72448553641437
45.60251667662077
45.61303586691688
44.28405910034223
40.89754977667785
40.04293626360119
39.33766858112034
38.48782951761734
37.623642719019294
36.37794419068816
35.9427782978979
35.62648837434112
34.795775809195966
34.538465227436454
35.929321574594056
36.94726079085136
38.932955159309344
39.87799876746612
40.97751650565041
40.767857601340395
42.087829834157915
42.75575174822836
43.141093012557775
44.85225205015043
46.49827374645805
45.692562803382636
47.24948595246219
49.239935372943194
51.80766046510343
54.83495710640757
56.89680432125907
60.175567740853154
62.44992816208153
67.04508701836949
70.53928640106514
72.86497812667447
73.13455365194756
72.36684948082714
72.05212756864674
71.11117770630266
67.83795263945471
66.0467902196876
64.39928523522876
62.93324125222188
61.404233758482235
59.37717970643369
58.090302755953765
57.42116073521726
56.93596775274485
57.62761880876441
57.870184662697525
59.05516277880909
60.092008912141615
61.15132885417502
60.60456838328795
61.6710757728674
60.92005828302051
61.0236380104125
60.8234395322108
61.64113099840322
62.709266764656164
61.79503474060036
63.85470669770333
65.31510446458974
70.51194942085584
76.290259362087
81.73944985968134
87.25687970670725
91.53915859147467
97.42401671920932
101.14831280362887
102.01902983135135
103.23779574306482
104.73744915000997
105.53036228233225
106.54009165809644
106.759447110331
109.01028649968063
108.81922603952019
109.20992858094266
111.34691235487725
111.18850585740225
112.25673164492628
113.915635999374
115.98945245489065
117.15956958769186
121.98392391274068
127.25175457367874
139.76398628820854
148.67631055608462
162.14762772010752
172.82359481192515
183.69333870869858
199.92759966946736
213.26657996095196
223.8196624159662
224.9124395459054
225.23278103884843
219.32540215475467
210.02845783980723
197.480437891904
187.3114806245177
177.24731867014748
163.816215740929
153.0805114213435
144.57934612900746
145.14984912372643
146.57538509536698
147.90236343804915
147.84153387071967
146.78712374508518
147.89754900461924
148.94724773943287
147.4773862245226
148.5174452623494
147.48663424129597
146.10741510857875
144.46696733261012
142.81525470235346
141.13504192141772
139.98280361588482
141.06412605730856
143.94743791262826
149.22372975865423
156.5095046599799
162.35028592130053
168.8841668242518
174.55852445739967
178.82451928207809
184.86945954861199
188.06033722428108
193.20895116209942
194.5902421889648
196.29246732092906
199.41970155922428
202.27154907747098
206.0562829049416
208.2176032431368
211.81784460531406
216.31918424442145
222.86807284614736
232.7709737910862
239.60090130234997
245.43780674626137
246.7358095366233
247.4503379351014
240.3482961612116
229.93476305235723
216.20216601277113
205.78171204724913
193.44942130308968
182.25502024774408
173.85795736507103
163.47150317155433
154.9499285716659
149.05723072259417
147.14890540055842
146.06110391627615
141.86319281006794
140.38277082627312
136.29770132759901
133.50587199237503
129.64415347912075
123.25121885511072
118.1678929923995
108.35148490724733
101.81979782848079
96.84129073829037
94.76586079768148
95.31790748816005
96.44029669112787
99.18603553694743
101.59723332609893
104.05287913162697
106.91681001694931
106.81150852650785
108.49919487677126
109.62487564672823
111.20036597292038
110.99568669854442
112.03044193655468
112.27437231000827
110.357188073238
108.6097933073909
102.8255529049624
101.41987918122547
97.17714364482454
94.95478921275459
91.98225238994523
89.26787693584549
85.89193028565614
85.23067507934681
84.98210841132223
83.66865757760087
83.1850782168101
83.51875815499527
81.64143743251881
79.74701952610224
79.80605972733828
78.66067601231998
76.3531892861256
73.35174842367572
70.54347804925153
68.55792918749694
68.380652894658
68.47173237101785
70.10720970696562
72.77301355331507
77.46054695508458
80.26252634741351
84.45621736759638
88.97671435156903
92.1191224978015
97.04796894690453
96.24067454422641
98.003170153193
97.99668573092745
97.9637050403878
97.20583051815717
97.53056035409274
97.33193621121023
98.12369326944957
97.65462724450323
