15
25
e
138.0885174604319
138.26808960247453
137.8196246210073
137.50248793924317
137.86397914720015
137.89462901167735
137.5965994828804
132.28815006505937
126.08931603189298
115.92911010758041
109.84623477525227
101.34089040030045
93.09792527474504
84.88655320679933
73.35972616746788
65.24080943389475
59.622785163875406
57.33139183735581
57.02491979482833
59.27349251027385
62.12146367634444
64.78604401544489
69.01143678658764
72.13214029153768
72.27765687709639
71.429145988028
73.1602172430166
72.98155373123751
73.843711137163
73.16212815882142
73.70668977121488
73.08794757737034
75.09370520033005
76.12932658401735
77.0013079482095
79.55683032397407
79.20636411483561
81.24752088732897
82.48151152080678
83.228388180443
83.79450260026057
84.77825111233238
85.70451530891197
84.8243878188791
83.23174965854439
82.68289629307449
81.5639376896135
80.56771392869346
79.66681826543544
79.59184797343683
78.84293472005074
78.41146214552093
77.8894662520958
78.21317139987198
78.00328718538823
77.81482744465877
77.05206155898746
76.33979326074365
77.0602295187484
75.60965176532976
74.71432322376963
73.77221457131338
72.18390681132223
70.44745486242961
68.60696252329663
68.15706857866209
68.0512899076257
71.99375707404249
76.32806783834609
83.65167578059072
89.67967758927571
96.82039377129232
102.67119445356383
104.83898743520159
109.85813091621415
114.0795233142636
118.297000922872
120.95080162480747
122.79770670983086
128.6792041978498
133.98990849354234
139.75782127940175
145.69428847512987
151.95927759325215
160.41588140579148
166.77683560573612
179.5027558147168
188.20494924420723
194.36193500275382
195.29194132055036
195.6740664850641
194.1032740619204
191.10091562686296
187.49918213047556
184.78994685459202
181.00167113975976
182.47110174895099
181.71571754679394
181.87066367586388
181.13107324566954
181.14940329521755
181.1175849704731
180.91745198530123
179.22034776302638
177.1050095254045
169.95518463501696
163.56672620783948
154.6578760166486
147.87578125906987
140.96394259616469
131.10407230294538
125.30614489496617
120.04456037846644
118.93119288844478
118.88076658483853
121.0583129155321
123.39447785558177
126.9509657328381
129.62856723581098
133.36252561414042
134.4644633155317
136.2494959260208
136.9672872376108
138.8079043571444
138.79251784353502
138.21693266278328
139.40542311324003
139.47829140358922
140.03837164344898
139.57734681695408
139.9733370461436
140.13096694306222
141.362299887302
141.06470144518016
140.72039111813913
141.06892733016363
141.4414811144323
141.4971398082161
142.83398298528144
143.8225649188292
144.63297884220464
149.22035805724957
151.52667329810703
156.32380460723977
159.97603328120235
162.6980509957961
168.18815742577348
172.44930997335288
174.3919918665141
174.2590384161817
174.78606485865654
174.85861244453977
174.2038889653422
172.16569586041007
171.57883806750615
171.07331071211212
169.34973376227404
169.1542713247308
169.0984612130635
166.85457922199066
167.7520230410905
165.93175761428435
166.5158456238069
168.94851325269502
174.10714195230278
180.5924917906732
185.65969980300508
191.5465953440883
196.4799175285938
201.17821653022426
209.39316686635985
215.14779773437684
218.64690520323728
219.21739790919798
218.6690340566113
218.0377010139626
216.34893836049764
213.68102692781977
211.9056244415817
209.6038244006775
208.92171769164557
209.35338602399838
207.66772836515244
206.99969614800844
208.19559322529207
206.86414771209252
206.82691339391462
206.51261365947846
204.17166757125517
204.25821958940298
204.47774522136072
202.8255772569273
202.25096261806078
200.7686821379801
199.44513643102403
200.19663461347344
199.4119839757928
198.55717193106995
197.97335308042722
195.48167731204765
194.68746278707707
191.32704714168958
189.47876089964794
186.07209284500914
183.3859239233277
179.82903538895033
175.62586211970344
169.80050644764952
168.14165945021023
166.04710891331985
166.54316253610088
170.78148689987438
175.56891779480776
183.17072899213002
189.00586099284476
195.0380670260409
200.6499752180639
206.3486112284749
214.046170626522
220.82637774535834
224.940447093508
225.5577300205415
226.93540011009108
224.0493611133606
218.04407933573498
211.7528129589304
207.47922388595185
201.9308424600606
199.17933841857777
195.8115178334224
192.2673407775025
189.08316545738728
187.14745650683932
185.995251201138
185.23078820648598
183.1594279924922
182.87797248210947
180.78618688895554
179.49955632034616
176.77594262420604
172.94499812022656
171.82957790028948
168.41916635509378
165.6045013152863
164.04017637917713
162.46503497349028
161.9991376138369
162.48049500021284
161.24972144969905
160.49940320158743
158.82370928890649
158.81850208937982
156.99114345048605
154.77144586446136
151.21931291984583
149.3500209045167
147.54376778926957
147.38536664884597
146.20644057599623
148.96424047566325
152.23351136846554
157.2392420357366
160.70964465042118
165.76257435726785
169.57357322102396
174.35064613637638
178.62319579769178
184.1413780495989
186.75313532358985
187.37445104691741
187.79394161719367
184.38559506087967
180.1810963489322
172.14073238473856
167.29392189254978
161.13775859080073
154.01587272463948
149.33239139111691
140.59652414203663
140.02573398593668
139.6651280054585
139.16819415923112
139.31058216450805
138.45297551287555
138.58072831375358
138.38313008834365
138.26947096309766
137.56931361069914
