21
25
a
8.096590767519716
7.491704535175786
8.217574668160355
8.619293161509471
8.309467909319698
8.491751704962086
8.392399092780071
7.985203052959119
7.544565265259954
6.028532602699925
4.98723431748798
4.179766618921949
2.12043638872477
1.8123583332047826
0.584030612980973
1.0337834804564445
0.04568721072811078
0.32001630643638773
0.0
0.25331680274140944
1.0655902450875376
6.310503995807584
8.66460063037893
12.127124266767884
15.801410782817614
18.30724594572749
22.93964446958428
26.573600210599494
29.278513597001773
30.068460972370453
30.173085680039293
27.83135611580746
24.964931482784312
19.680913547181714
15.960953762227328
11.103830056113123
9.119223925442304
4.62423109740521
1.6204598806423667
0.0
0.0
0.14242895510183376
0.0
0.15494788220642264
0.0
0.21812939768729742
0.0038482656047704664
1.861214612677474
3.24543386976144
2.1853719092626487
2.460826855531388
2.2288684413505564
2.549786770049892
3.4360331298528344
4.141980607690099
4.639857268545957
6.213348493937497
9.360450140627055
12.101946768218072
15.65210903856497
18.77155690650809
18.967219529077017
20.629001980514865
22.19394203250042
23.77623825210417
27.07199947593854
27.553650932564985
32.21569531700604
37.83801770435735
46.69541768903753
54.45279593976713
62.5265539808062
71.95370756796987
81.77198868796741
97.78698514980653
108.83429203155539
115.9908516271463
118.5850040388215
119.47003189808483
111.55643673910163
101.65667977239343
83.7360625573345
74.2786777784711
60.881649476823355
52.39664448420678
42.88158670458045
29.205049430641807
18.47831859218623
9.518822199413076
8.992933021714563
8.09165739309764
11.75054292232801
15.609913165634735
22.450149177708333
27.905415029543498
33.15966507656008
36.124461500849776
38.642177581337116
41.472927216695744
45.039875144212075
46.2911736414042
46.91439958968237
46.39475433950002
46.458578950108404
45.937251203581624
44.87868950820211
44.22109346774071
42.26271208102144
42.46436341185329
40.37177630194891
39.194289812429474
35.086983033809794
34.73162186868823
32.854714927466404
30.881491252189228
41.703313952586285
52.374518703065505
72.89710253243967
85.75369533770606
102.20915546118701
122.22017250238022
137.25385211248724
158.12879925871587
166.76258459983111
172.34734112930127
173.0034865716363
175.18467571327926
176.5776111900378
179.5028019899902
180.23403708975374
180.94702192704656
183.56065280606327
189.445755732677
195.8479887483892
205.59058818124765
212.92585982689138
218.14227306718354
220.62254359543223
220.50920204246896
214.0293611591776
203.43530843532687
190.66620688609086
181.45846272095505
169.54428344332544
158.67801852471237
151.23018993090645
139.59854702625677
132.41103881465855
128.69733689626983
127.35120506121304
125.53905272658317
123.14361553666727
121.82766315073782
121.14275869653952
117.32815315318068
116.95523846062376
112.23141140677856
107.76788609595056
102.91365103972566
99.13919776696771
96.43550753767879
94.975135654414
94.12978405445035
93.85910877624633
91.58201987416899
89.38305891896036
88.98529921479268
87.10095183714259
84.95001834246668
80.92788419313138
74.5623700845688
69.27950148084457
67.00956344988998
64.91757288665598
64.78582545912417
70.28458842494359
77.2548154530231
88.93057440325155
94.91692364730845
105.41489165663644
113.45316033841864
120.74670716371948
133.51607564292445
143.8389388374612
152.17465978525348
153.76070750751248
154.0779813103931
145.6596026052568
133.4430203363506
114.65718307186184
102.17704151982365
86.76875265913141
75.29995254549031
63.01422648115041
44.321359701521544
30.667364597545703
20.9293685053044
18.8735374403296
19.065810305508137
24.651997097825948
31.626667932731195
42.37112899482993
52.33126601421532
61.9428736275347
67.01957919566603
72.28280414273387
81.82228561459424
87.74550709788618
92.9145642435065
93.99075196512486
93.98769913189513
90.40143014407786
84.88170432427391
77.56061039549647
71.90213761553404
64.84764077086712
60.12413929260011
53.6108430815132
45.24995133472182
37.251152572860136
31.76838214609035
28.701661298021808
29.581925154815966
39.21977778032584
52.917686616032064
74.64023499910637
89.11556898646936
106.19901609487367
122.06599493846275
135.70996900002817
158.3958782553399
176.24347497082843
187.98144791170807
190.05598675999397
190.65062833708626
184.5069611773978
176.51740843431526
165.8220707569317
156.32709433846424
145.98590270471988
142.4355958838565
140.07045234368854
138.66932501401396
134.95074890324886
131.92631101595524
128.82277422035438
126.57818794426788
118.51792391594482
110.07757841602766
96.78317216416727
86.39939446702506
72.97845190715101
59.22641473931658
46.45451285556685
27.04588975978938
13.743257092279489
2.985360494441624
1.5775887636452814
1.5209759244304522
3.131738703849894
6.576966425649267
11.868752683932966
15.444232074310483
19.249142504985358
19.89919606109929
19.591999681428714
18.733614173779472
20.214476240959623
19.960185297121715
19.575128413095324
19.012883027331494
19.04559236049734
20.921745725200644
19.841920119587343
21.67321177099196
21.942469888682737
21.99579121935614
23.031624082993066
24.30981771605274
25.308120750055785
25.61589754387636
26.000611089880174
26.050137098885003
24.13237746605393
22.396701789561238
20.588129230861284
18.32823629097072
15.611243107314293
