18
17
e
83.2582285356303
83.80499289602913
83.45774963826105
82.66535394066084
82.62956593341832
84.2010100517125
82.93012294460715
78.72303851190993
74.3269467641814
67.21543937752382
63.029444207654265
55.787242460127295
46.15235846661673
39.63877518579554
30.869057333312387
28.851191687489113
28.519974640514693
27.478326930210514
27.279192181237683
27.093693924953538
27.462908017497412
27.47519607071555
26.650245567297446
27.204733195702946
24.447921294055096
24.199880011235198
22.600724637125495
20.84901910798439
18.914643485857844
18.50040741665734
19.027790406899268
19.314937409213726
19.180401021122847
22.073417792464703
22.97668804792831
24.047679057493045
24.77341938381668
24.70200642063361
25.684738428288313
25.367465565298403
26.09669280835443
26.571552180291377
26.359971379277486
27.04119978345871
29.573910772524385
30.915605381587632
33.04864447985041
34.83299108830537
35.98804609101417
37.610291209679616
38.360233250941775
38.81770325067108
40.95561786940183
41.622785596886715
43.13288907648859
45.538274113915364
49.56380474749125
55.32065757888461
58.74451386221334
64.78330637258655
71.11973082938488
76.47434434745284
83.2960303194184
87.25168444427321
88.70111586357599
89.0898161203537
90.03750077233859
92.27270342807935
92.15522304595783
91.96611054574095
92.58830398058579
93.67747377556393
94.98478355177393
96.27329800568263
96.58332967427236
98.23315163032123
98.73973392106416
100.24916001430077
101.6958161657334
104.688885409786
108.2479445093128
115.109566167716
117.91759029167405
123.43399727315918
133.06879958079725
141.0126947027129
147.6775687911589
147.74375058630937
148.9434233083336
147.0603292661974
147.96203166880673
146.8859978204561
147.82227861125338
146.49086535337148
147.26561553506232
147.01883730542255
146.54873229912909
146.59163173508048
147.728670735199
147.5925429233637
148.74278955416366
148.17200295163119
149.39874105283488
150.5760767193809
152.43959505380948
156.0097193479578
158.0189264483342
161.86565918394268
163.00486565021546
166.11961341774207
169.92842976164545
173.29826462056482
174.9201413726591
176.05892983753634
175.6225180760518
174.3154355346062
173.1298010327456
171.73556226469023
169.23227283125843
169.06710736187918
167.03083544188624
168.5397077591635
166.59062341011983
166.0925109941397
166.27231265806148
166.44759479834752
165.85249860586907
164.77522302199634
163.23090443128726
163.07232989557815
161.83366757166255
160.1715963618087
160.40099799927415
157.5333831143672
155.1222514618128
152.2888798651992
151.17817422092423
149.79149036501636
150.08194264908465
153.79245448902648
156.14397658999295
161.27623762123895
164.65744429265516
168.02961885857584
171.0637555390431
173.47770166786214
176.1821030390627
177.409159550609
179.53424878659052
181.67358693359267
183.53423637326517
188.4978001505271
190.8175961228884
196.72556584435614
201.16882293790445
206.17160959243728
211.47078236444796
218.24218308943213
225.6825262353451
233.45113010676062
238.54519155915563
238.77563100901233
239.5386492233933
238.24429114942873
235.55267534323147
231.8878854936528
230.5852615922211
227.21777797308002
225.5695809351625
226.16797673872125
224.32943269052177
223.53723252313566
223.42147952935304
223.62798902764672
222.93098463003594
223.6766558190009
224.39163570766698
226.48450945678795
227.6029398887161
228.13188112047084
228.61657672351612
230.1138075726103
229.95362462303288
231.58470608127476
231.21211605849444
231.0823004566875
230.9671879026493
231.04250248042592
230.53509172890176
229.2250286273679
229.08640156004532
227.18653425499969
226.95203505060127
225.50678402340898
222.73105495370106
221.5439297178148
220.58516933927942
219.5020923730337
219.52003673804157
223.23161315240876
227.30329374200286
234.89693128219872
240.2350526024443
245.3377037560333
252.67706851415974
259.0222994208358
268.5510450862133
275.7547407492774
282.49825434873236
284.6113748530966
285.2038099750873
277.3949772962075
264.4675810976169
245.95933824896701
234.12842903199393
219.92913334754797
193.68466741657733
174.8957307083788
160.23228855369015
163.42595566366904
165.65553173322792
167.5534703894869
166.5123238339605
168.9267234628872
167.38721177795847
166.54939180777873
166.9467857371865
167.54507556807297
167.8166891697411
167.0574952231517
167.85715857868104
168.09584993401037
167.30133298457153
167.60303573506363
165.89951984821886
165.41273402594783
163.7075070007728
160.18671619397352
157.7902922123074
155.2794057419467
150.95490908497314
148.306752648443
143.72323514213096
143.64204381185866
142.21479195994212
141.9907973562457
142.51006819787224
142.81222181515793
141.82993562126325
142.13043790724797
142.75953371330402
141.8065857610828
141.2497252916696
141.23928459646933
141.1616378891972
140.93047641512882
140.88231850593166
139.94528043370488
139.20479575885258
138.30302294055832
136.68510350258813
133.51363647799442
130.8356376944455
128.12312893242353
125.19416610302807
124.0894491080404
121.56773844472701
119.18525093978849
117.5371359506201
115.79545592291957
115.24317819209855
114.12683368254444
113.15171085441708
109.87567964549562
109.10903313922782
106.48305555287648
104.54412206692798
101.36566121834386
98.2538818027
97.1757983699171
95.48530321682875
94.58211739031903
93.53027545502216
92.69554233759877
91.70940076523772
91.64724636284662
90.03423440871957
88.13119056849877
