13
20
d
131.28768833505734
122.67738252002384
115.94144862392928
106.79740929070724
100.65216133405193
94.01532249441037
90.5077762740884
88.32273461740498
82.56703369979455
78.49255383670102
71.7133930651713
67.07014649039317
60.56002448294057
52.37619481563253
43.85705205711719
30.70695941189881
21.51086205527726
15.302843694544169
12.181776748339544
14.350090902636529
15.349943750401893
16.806961964518408
18.649414142580873
22.738786168429662
25.487838990695714
25.147786414202034
25.191268261576234
25.210632583021777
23.898146257584244
24.761086827387086
22.72715020275093
23.506484756933684
24.65159518372674
26.362033289272222
30.542633323310465
31.837293692789647
34.57011416161688
38.0939390115315
40.26387455080956
43.223306345598296
45.90921097631794
48.99830059168735
47.89629367072285
49.156858864336655
48.439476438169606
46.63520795223865
44.77616491588247
42.80666049756617
42.4696749728722
41.16612358811896
37.640619363225035
35.68273889042692
32.61344704646073
29.529615394732097
28.27266467935077
28.00711900878412
35.448742770235235
46.08946155984978
59.83101065174057
71.36065090418198
82.81485019164782
100.13898569488273
115.02681514602872
131.54147900463957
134.04594447466465
135.15752855709937
135.75742062771934
136.51154825970988
136.86397240504266
137.1963591893354
136.58139792397796
136.43665649832812
138.29485856264213
139.3901746175067
140.3065814170594
141.98505731328507
143.8460629870304
145.44524127266743
146.8287815237274
146.5152194135961
151.5369535492027
155.44710940459987
159.8595964410589
164.13025583707574
169.84386674627095
175.24470742955438
180.4647691479812
188.30100269427805
194.307505939618
198.4105198276986
199.44453665265974
198.91119190879712
198.9691128245645
197.0395484845313
195.81624277963482
192.92823624368373
191.40289639014398
191.80661801993787
191.0735461859584
190.17896864868436
190.0209574473779
189.86478573237747
189.84587304743008
189.22083209127334
191.1487854807568
194.326388548171
198.16164107005147
200.81174664911174
205.19047337409614
208.7092760102862
211.4876008847379
216.25811484339877
221.35675427083348
223.70747091519192
225.2337372238311
224.33880518705286
222.18758510587907
217.7475354859899
212.81567576262543
209.49934739063787
203.54247882478697
201.31384344209806
197.8890940352989
192.240923658442
188.2160946781026
184.64076885419297
183.48889976561117
184.04794957823552
187.41777546561866
191.19805435120944
200.6122583980809
204.39398806759527
210.3647496163308
219.19894919173223
225.98297985500702
233.1783566514315
233.05889215009975
234.15335301683325
233.3041728332567
233.20873876047432
233.86309062695912
233.76706863884934
233.82816703391708
233.6795845928375
233.5753316434569
233.67403511073707
234.66291451583146
234.3013503109056
234.2720493942971
235.12147887921543
235.100523527421
235.86982135923094
237.28110993668716
239.8737745428813
246.32745035277125
251.55932405497197
258.769008336143
266.3880733168257
271.65097341654314
279.3989007530356
283.4264105239469
285.567147830822
286.4992734768922
286.826265714439
288.07859100388896
288.3733982425309
289.5090107797621
289.9811924447641
290.8989510808303
292.9755906843317
292.92739848924623
296.0445109883722
297.18071268983965
298.91769650347845
300.34575215999934
302.04380819951433
304.94863729239177
307.52743265194977
311.78425509684445
315.82947391431975
320.4118156722589
325.22096317630985
328.87729962181265
336.56873936322995
342.4777119432237
345.13805348855135
346.54199709724867
346.99329031773374
344.5835149230836
343.575827600059
340.90187148975565
339.26532106423434
337.07275461153415
335.4452392781252
333.30438976411216
332.866678024779
333.2065873539226
332.069776691925
331.07654108679526
332.11739977253904
332.2667313185853
333.0015735968925
331.97713231054155
332.1678593864896
332.9435325708524
331.98763100303245
332.19277013930173
334.08071291739816
334.1501051375789
334.9719273328642
334.67940742200295
334.912728864551
333.36787272892934
329.61367115772526
326.24744877725703
324.16274387940416
320.2603220128757
317.944919301749
316.44771649983386
315.55387539924374
314.5004938331189
312.33055766520874
309.5546270422531
308.36454167508066
302.48427933141033
296.8313411379537
284.38030943879676
275.05586607225877
263.0148563263145
246.1822218451895
234.2843155057744
216.15130962573002
212.18508508238617
210.95136105852959
209.9050304747437
209.42222937818843
206.31033358704582
206.41609169436202
207.42506053576335
206.00523413319024
204.48575315868777
200.5488177835427
198.80517319872982
193.7819616693152
189.32873841662698
186.58306510882127
186.2731625403424
185.53238603946244
188.33020088792796
190.15047136802323
192.65100065091065
195.2095470624447
198.70809359113073
199.85622230041196
201.42634948881417
205.37228377088755
207.06064221296785
209.98600474746576
209.05799769551265
210.16738123510675
206.71521537324617
203.82186676611147
197.95884838162075
195.78041428516192
191.63164744683496
188.60885121391726
185.2046082519394
180.72236320825817
178.55761823536218
177.0304576878689
176.45741883810223
176.29411315040144
175.2749890238323
174.6466953383046
174.2200813134644
173.72356251837002
172.75097677790808
171.60440971486466
170.98515995737847
171.64169969523834
171.65358814921933
170.4571667586875
168.93619012490484
167.50897298383614
164.8774148062588
160.64335637471862
150.57903003207548
141.1387380627159
