24
20
b
106.25704789512191
106.18182602178445
106.70337246065104
106.65825966247536
106.67812060191403
106.6623851633181
106.48271563668342
103.04353319195539
98.32632013888491
90.76149228167556
87.49706989786269
81.66690869663702
74.97474409786165
70.10133091413485
62.21293470525159
55.68466278802604
50.79085888527228
50.905063357384414
50.37472571401972
51.2709284280032
53.537198885471305
56.38688948063019
59.60292922195173
62.54794900110654
62.934304148532824
63.6331483236973
65.0252526071313
65.9776684481532
66.02797567556466
66.17414744105331
66.64642360529875
65.77141236703524
66.76659805260073
67.87240449941395
67.70427279933942
67.54209971933358
67.82639480126639
68.34746896907346
68.2379187717785
69.42249126800321
68.77765903898796
68.61177455142995
69.49996563922204
69.37281278993213
69.35054305690724
70.35921686669819
68.73726854315564
69.5256698390294
69.26071946192256
68.68693552032636
68.6651362906266
69.70238756027175
69.42755135403223
69.235656343708
68.65227821221724
68.18926062091062
68.8600665093266
68.85317687147123
67.82454002804202
69.76412386550543
68.60117309891116
68.04290649377863
69.54475519866423
68.03648569854931
67.53220967324067
68.14754810986649
68.10626091537749
69.87154176981156
70.23752849013113
73.36256386046534
75.14734937160516
77.72837240516986
82.0011874340196
84.15816562777361
87.086522513097
87.43248606356735
86.63167251531326
86.6527430791816
88.05392437761023
88.22967799626979
87.71041804803471
87.1718885404304
86.98469280367159
87.87910967335148
87.52092644720449
87.64565310622966
87.81867526479516
88.12072827593965
88.04471873881474
88.40797209251011
89.13490356206844
89.73415027208983
91.68607839657857
96.78789712553164
102.50679446228993
111.0024579662775
115.92133863799587
120.15146933105873
128.04942487989365
133.12280200619242
137.3346947440528
138.31780977047188
138.09414007258064
137.34114284685583
136.06857922358753
133.66935937862948
133.7522328056492
131.12412011911115
131.8624320019105
130.6338655382987
131.60517021327476
131.87044416989738
132.53328356799386
132.91225762611109
132.0627943479437
130.71687495859746
129.14425447292365
127.5092334830761
125.84942145810486
124.49739967605201
122.84082427037332
121.16575825370353
118.38268013433056
116.32939583669224
115.71425893082791
114.61814101615495
114.67847591196586
115.03921464657245
115.32679079902712
115.68382131915598
116.84939995177463
117.84037207589614
116.9854803396978
116.46974336423632
116.19143390403545
116.23146624588323
115.69966479013631
114.54644151156386
115.36183389389417
116.41315354131625
118.91320376934529
122.66112343873772
125.54646642457108
127.57680292545002
130.1697054855722
133.17646807810033
135.7748806252945
141.2523728029868
142.2524342479575
143.64768051539272
143.47888750644583
141.01909488385664
138.88191125731797
134.56676976844182
132.71088835141327
129.9198357807505
126.48801337176832
124.8591377281837
121.1827189476982
118.91288617205528
117.07866255339037
116.61249504650506
115.9435084376999
117.95169975620661
119.8020910153534
124.68344308542409
126.98521999577152
129.88430257868336
133.26977281819757
135.67649009629287
137.5128915398967
139.40344752204305
140.76820757148414
142.35831225118906
143.79027484786678
146.12600232162652
147.14677356610525
149.12753763255876
151.17433787800204
153.88619593808886
156.4628561104422
159.03292101186517
164.1233068470105
167.1714620050172
169.62759818236674
169.74551275609946
171.08132465018159
169.9457309994484
168.14950941981635
167.12803396294024
163.24575070956072
162.49392159480846
161.78922368932757
160.13744512481563
158.491440055204
157.20878583934172
155.3577389892163
155.93479702365275
155.01302412600876
157.44109017802353
160.00599742051142
161.40399845975853
164.5464899744131
167.7802743656129
169.44761495453315
171.94314233954606
175.00752946190443
177.68316878200653
179.23687391715404
178.6405280353627
179.69867141894414
179.00141435043201
177.40326588543132
176.32046034496832
175.52695887120538
174.77865538561468
175.03481999471686
174.52903385988694
173.53720159654023
174.46562082208584
172.67687905043036
173.26284157951903
172.43802628069915
172.16661624108087
171.35772324946694
167.43504887252826
166.09967708748755
162.20912247738462
158.2843720518647
155.15022723449573
152.39427804265475
151.18996262188125
150.46298587520033
149.30318967592328
149.29296213830676
149.41796250459225
149.4870136254513
148.97740095123967
148.19526212234982
148.5804410840701
147.71031602253595
146.5120150530722
146.4305656312282
145.67366949319933
145.09065303947818
144.49481259526937
144.13694634558692
143.38637317833732
142.31836757324936
142.1830904196301
141.80254514256785
142.0012985932893
140.5499423527411
140.00501611959314
137.93890188097814
137.4960760743536
137.626632313403
136.69507816592565
136.73932026468492
137.1872879733321
137.65052106891406
138.0227985549642
137.8870264312113
137.34115560783894
138.008885440442
138.2549218256335
138.77197750185744
139.97542353628722
140.46044053596017
139.90696415713577
139.30193994150088
138.34875522737588
135.99900670753996
132.83924155057855
130.09361816762492
128.20567539497884
124.49753377671234
123.07283693629655
119.38150923655706
117.21339488029805
115.75137363095452
115.20345245230999
115.04674957403601
113.82024274257458
112.68112704802506
112.47423543739521
111.95259622961491
110.48185287789653
