6
24
a
92.96953726195768
92.14992436387251
92.39625719988088
91.66603239439593
92.40051336818412
92.36182997710185
92.18467253468069
87.44579865945057
79.79434665804129
71.84085184241711
64.68038759761242
57.34739281379355
48.39663358868824
39.99655402288255
28.654240757548596
19.63346219771355
13.725132722163934
12.759700985405336
12.138987240872101
13.86029862101804
15.367419248431919
18.66769721554494
20.818750282098
23.57394423752071
23.807020099264232
23.780802329483755
22.77910111472923
22.696843172454138
22.23407685274675
21.797198176605562
21.615355135444855
23.229206251909226
25.231821723778
27.597234385528044
30.148154355877217
32.241662495099725
34.878234209873874
36.32210361329291
40.28221496304067
42.23575814650453
44.91048846788468
45.27105443433481
44.54058799446861
43.902936803897596
43.312726072104255
41.15299529350654
40.52680264906476
39.12254891177423
36.9882678488322
34.95114492505174
31.41052433177915
28.666575495915076
27.91659458447409
26.62863440192048
26.85011385570777
32.43006379522423
42.45141052456859
55.91365156700884
65.56507879267632
77.22724313483626
93.44655643447788
105.5903452588575
122.6625530031811
123.15692637336292
124.44413765074249
124.91229656400571
124.87913201698932
125.93615492721796
126.25037081421908
125.93991902138636
126.60458611999572
126.63269596913197
128.24745591201952
130.02640161245392
130.57544560373856
131.8481548029329
134.29978327506169
134.9329894322092
135.95311064578362
138.69017498980122
141.86891307478223
146.86421490287105
151.65170787618484
156.85583184462428
161.3573426270023
166.63644163931397
173.72212892450614
180.10912367895943
183.22975099144423
183.81996123646587
183.79421378918536
182.9194525904025
181.9794725972208
181.08012112826123
178.70712468918737
176.6003193065062
176.64678497047166
175.36109956831075
176.26875870934126
175.42965067385674
174.84897540495044
174.86728714407508
174.6566127735819
175.73542386474307
179.33914579961524
182.8999749430154
185.72881284449113
188.83422432246573
192.47890986467715
195.016294672076
199.87264172444569
203.95366520399494
206.64606027415812
207.10562127812955
206.48305178046186
204.86138531421648
202.12949927574778
196.6301280776006
193.68691535743253
188.73347224716045
185.7844647715866
182.004600056129
176.76780572269027
173.34965246865687
170.8434652685862
169.18509428603767
169.55439940819377
172.2129491252664
177.42605993360252
184.84664059410883
188.96744244973638
194.93304051651452
201.44091385449627
208.2264868973608
214.1781529815534
215.1204091359568
215.30326989780016
215.07596501072425
215.05510657797032
214.98570564477637
214.23089453514433
214.68464157960602
214.87747031481396
214.85446633225914
216.46113417361602
216.07984029695612
214.90040292533357
216.36372118032884
215.15700252219625
216.78648314174052
217.59742069789948
219.7375870154158
220.60483410686138
226.36672523998803
232.0720686846233
238.9223906066317
245.99987489369246
250.0713512265356
258.1239070950019
261.38148924463053
262.3878609632436
263.1657578775815
264.0842187161284
265.16790752541255
265.60071673307397
267.0216006927755
266.28710279143365
269.3605760065779
269.7991325496125
271.237403637673
273.26982822388493
274.8343538789371
276.62799677395935
277.43787929843734
277.75185974355225
281.66489285002274
283.561431249044
288.07787215218445
291.3082987032641
294.3383387391364
299.7466441497382
303.6635873039533
309.58914172542933
314.3158108750423
318.51780949166493
319.1288692521052
319.13749315067525
319.07279175550815
315.8798923615824
313.932443339678
312.6165336321375
309.1006494874284
308.7468987974117
307.58243129779436
306.7513535311098
305.83853637032934
306.3647193464738
306.60819689112765
305.6388558467231
305.75343892612165
307.10198528909984
306.8639799336214
307.51534507836584
307.17336535703487
306.48536387463696
307.5373271918562
308.15295851324936
309.0812375094905
309.56493755621284
309.05851528646383
309.54074825644074
306.69534019228166
304.3565469716696
299.7482428391982
297.58765484658886
294.81521958778967
293.451352778969
293.0202061794672
291.37030653012897
289.7191311416502
287.58902654693674
286.7634514882263
283.66845282758266
278.9559772681208
272.4501375169114
261.14535781586403
252.7841556941324
241.57211992457093
227.19547129442972
216.13107598651428
199.1539575653848
195.99701757637692
193.89758190650056
192.30325165184968
192.22518916978808
190.68262434282357
190.6660504614041
190.86242704626605
188.62081522564182
188.68492768470514
185.60488494734207
182.6938437959618
178.28798453807747
175.09796917788313
171.63574903247425
172.10486721632577
171.99384926690738
171.7664892605192
175.29937156339273
178.06935954202459
180.1271578763655
183.15345837710024
183.79412134182923
185.97326146867985
189.52290909922627
191.23276921447774
192.64446093280836
192.77262542081917
193.73077093676844
190.9777328069106
188.6017928963987
184.35367502514518
180.1830144379179
177.58305762033257
173.53464660769032
170.927811744919
166.68290504353567
164.0822827084009
162.177457982017
162.803998290836
161.9517478548155
162.2695487908571
160.7963870600305
161.17168942735424
160.66937802337634
159.11363864369548
158.78364126701905
158.02306685522362
157.3859980421511
157.2505491386468
157.07965406854643
156.1217548850246
154.80843693300727
151.1999910388888
148.20690175475823
138.18649295196087
130.38530062256916
121.10534426355774
