23
10
b
68.88210957149143
69.1458444830481
68.73805240731113
68.85122583346195
69.46465221025262
69.78000654487555
69.42400078551672
66.07084527528977
62.58193666984005
56.15460273106109
52.31874997811426
46.44715840407491
38.18924996588084
33.45208130410294
25.55785868105043
23.780731224072547
23.886419301320654
22.553354312569418
22.233452069948545
23.234102021242993
22.098122820787278
21.984039754058358
22.261868329627625
21.073517331117177
21.064461248831133
19.42347901365991
18.37162220019236
17.273317809405814
16.33313523042402
15.637949568674264
16.110784922108497
16.891054277852525
17.003315467611902
18.325315965426388
19.539823343922624
19.931288861073714
19.99194452910855
20.38098657672487
20.146366141624103
21.321810690109828
22.421852149034052
21.697354600995062
22.064689921403286
23.431974452556442
24.04802970798061
26.41173314960185
27.157385090094
28.992127037312528
29.62203586228502
29.204120178899636
32.4252967870527
33.26438566984837
33.47308874203043
34.62430079767609
35.818512580511204
39.305724518976355
41.509778123010086
46.05942618409871
48.829601089837446
53.75789125475891
59.524472947214974
63.24513553469189
69.53321899373097
72.41788987279017
74.67255707239424
74.78694289468068
74.55127542073012
75.88917706617619
75.72414700798883
76.84621033541039
77.00019594860404
78.04678140313943
78.51239470549673
79.39305906653428
80.40137272894165
82.2183502544041
82.92094977862773
83.76230057316404
84.62248177966771
86.89046533877581
90.31214897843677
94.2158947661226
98.45659180443636
102.47804158907802
110.79846024242286
116.89758916875633
123.01898406257355
123.71893834898982
123.12273807599804
122.76769944686069
122.70096067029515
122.05049345750001
122.47106967300297
122.67139752669605
122.0753595290169
121.68106102461846
122.24759896032906
123.00101421611782
122.38907323816328
123.21402359498205
123.55255561466545
124.03220701525265
124.23776332375017
125.54501789210728
127.27640650664627
129.42070466002014
131.2563939233754
133.26165892175072
135.85707683937056
138.7663659400226
141.1489011077242
142.69399685394507
145.82394003919435
144.67810142666428
145.03585322960495
145.23003176531677
144.0897655373559
142.4983512616317
141.77490697566017
139.83767032080755
139.66920320657286
138.75405732151063
138.85354927116634
138.71166060072056
138.28052117376043
138.18215425120286
137.9572645103446
136.92918266217507
136.7548532207648
134.59809817466547
134.00188619051127
133.44793161852564
132.0016368890317
130.9649945659624
129.6325955864998
127.89427190777252
125.5981929239383
125.66595829853964
125.16620475162368
127.41676034294822
129.288707821285
134.28198777110018
138.25023127740582
140.06297405131787
142.4769624758569
143.90199580502784
146.245569662353
148.43642439333513
149.63073182834188
150.68370390555782
152.0605872471787
155.80787866612323
158.70882374607712
163.84437405987154
167.7540031110045
171.2963523838193
176.57949697926404
180.54115481601661
188.8711097986955
194.1546860642603
198.8290836479545
198.03390505421046
198.76975363930953
197.00184715312875
195.11914926644994
193.3618766085927
191.16901609169665
189.66824023023796
188.26737395566798
188.40641655759214
186.59175261655727
187.52142169104516
185.33571838590868
185.97722165285754
185.91437096980377
185.94878461472143
187.31515735008335
188.2141697409511
188.2676786613075
189.20019470028402
189.63323121222754
190.98461909510166
190.81349186543858
192.37100553672013
192.91933194074397
192.50712982418287
192.12553693227647
192.81381796088576
191.15639748937346
191.43872353728784
189.27238922810258
188.09504498446617
188.2970266652523
187.59294907452042
185.64526636783327
183.30129359732643
183.16712508320273
181.70855021550477
183.26018987111524
184.97100510640183
190.32609972491406
196.0360355594121
199.79519626049304
205.21170799005046
209.77769354962987
214.83585822070867
223.86063978125964
230.8685510950787
235.43869182069
236.75570707689718
236.71467929831127
230.0125645477887
219.4693473838041
205.53847665369904
193.91312484467068
182.15240503663824
162.6892565236533
145.39890354708092
133.12488928121874
134.6796118513233
136.73243560101054
138.05366958421456
138.64685148311494
139.63617488157007
138.89266296237798
138.20894712657355
138.81521558621805
138.9351961642992
138.63865836050684
139.14056686578252
138.72396750127905
138.4783299281677
139.46512305154044
139.082884377935
138.608849751193
137.5980097189236
136.6104158952685
133.69836041108113
131.29201788133815
130.28212082254308
126.17471865134095
123.55405815846032
119.43722283480861
118.45363318422154
118.74693179157711
118.92147087477504
118.83740343891833
118.02138168594469
118.9743286041982
117.79559512870539
117.66235161526649
117.90820408444941
118.09318571762874
117.11043629598123
117.76001940363118
116.81640648760936
116.24362981757841
116.66363198841255
116.44243145306258
115.90872262597316
113.17570921728941
111.72482602175167
109.30764996137681
106.3319572007365
104.72778672611422
102.41013144006473
100.90559820828682
99.29531140235001
97.63381786337185
95.8529419089807
96.33825651032109
94.30550917279558
92.92808523051204
92.0009861763108
90.42483506202768
89.34660979570184
87.22537751531121
84.56379920235986
81.53385281703365
80.22151101676062
78.3295832930383
78.50238852309182
78.52951697802622
77.15915155301411
76.6170726943133
74.8692619222595
74.6606353762865
73.1079245698617
