10
12
c
128.270185757548
128.54412245980183
128.96909034048517
128.44866125706025
128.3480176975689
129.3552267950862
127.30806398797047
123.78635787578345
117.17028941652396
109.35439828786816
102.92316461961627
95.54507022091344
87.07475065907383
80.00250352926335
68.61902716766345
61.003766057744755
55.82391362757569
53.461408301797555
52.8573874037142
55.501901550570835
57.24954765256301
60.66964117362985
62.87622465114239
66.14235046311695
66.97702918967359
68.10726363959138
67.56791194901136
68.05719854180211
69.50049222812588
67.80251861542683
69.33403392663993
69.43366928645804
69.86557270319415
71.4677017554422
72.15488901249974
72.62638705768791
74.6656251428673
75.54367537761446
76.37372318111595
79.28534426385482
79.42114905512095
79.12226779987508
80.17170750640932
78.79529644580286
78.78669902990114
77.30252004002236
75.90263890329743
75.50031596214814
75.14753820439789
74.71217533561536
73.99338874196869
73.10914811987318
73.71434122601065
72.21950304988849
72.26486856392613
72.05056352893304
72.44502224546402
72.16672194972692
71.89589440204801
71.83364826344338
71.09335023569398
68.36636547838353
67.80892690732345
65.83422678026659
64.56984016591227
63.60845233870286
63.47167609557181
66.46319864206308
71.97641416058488
80.1976693845925
83.97770461781643
91.06492390436505
95.35082012349591
98.68872657891933
103.00389239371621
106.68201635189801
111.22296091426718
113.09494346805997
115.55824439610635
120.62967311911025
124.60156567608496
130.8147599374874
135.53752359330835
141.9696547240309
149.2395934974674
156.52596271037973
167.40326898794072
175.76918016367287
181.87614914384994
182.5935903909942
183.31692647064042
180.97520761339743
178.51079558438352
176.1653603099973
173.4117746950343
169.43077480074209
170.28540735379752
169.42119895055146
168.66021426921424
169.2693637064164
169.70051614998079
168.4746588011818
168.12732486563667
167.48921125627552
165.49521876144235
160.27083216666844
152.6192257807213
144.52979120719064
138.36884441037643
132.95755366541874
122.84960878476288
117.60762203219937
112.03954459413845
111.14560046119956
110.97120967291323
113.01697652515402
115.41698777953529
118.2580433995839
121.65449242050232
124.55249249617353
126.50593059021496
127.79919438163247
129.2166478014067
129.46739874631766
129.48185616763374
128.82197856107058
129.570508870894
129.04206494217303
130.35710123157332
130.57531139816493
130.13329163504758
130.88400388737466
131.6095380098758
131.6316565353352
131.38849572385604
132.78704495728283
132.00956511458162
131.77371392651793
132.79052268059183
133.67192113669967
136.02143088357923
139.28789274400984
142.0254129958315
145.3020928917805
149.036856551033
152.95931762238263
157.3771444432507
159.42080009510076
163.0957619830323
163.71859433690577
163.39623913979102
162.85209101414108
162.1447657460414
161.16113531776438
160.26409275662544
159.04587556551175
159.2848153706425
158.88845225456367
157.32264985366336
156.1547665401021
156.20282724969408
155.2037673159483
155.32295038757636
158.00352238563949
162.72289734579388
168.8432111358541
172.66357454515037
178.39886721604407
184.31321998295564
186.87128653886055
194.33351790635953
199.66156571178144
204.34964750716895
205.40037544649402
204.83473282061487
203.27450655475215
203.14659224847236
199.80425933744868
197.83457302972673
195.3852818161382
194.53910909837552
195.55892900244143
194.78440251475163
194.62404227015506
193.71724890155664
193.8659008750815
193.18918972806347
192.87011599349896
192.61784409978821
191.76725685025315
189.9507875336968
188.02426219024588
187.70944888308406
187.76886876823357
186.5876457526958
186.69484286865813
185.85463002262173
185.03678728412174
184.32679433705556
184.1044595457856
181.2172548677927
179.26252785118996
176.56846912721625
174.07284222529057
171.28975486284372
167.36476517032057
163.72667191552077
159.8548666623982
157.578817422619
155.68635374035662
155.7520461148334
159.87151852763057
163.43180720745448
171.79585460868373
175.8820502139798
183.35854648012835
187.1635329303592
193.3964859631774
200.07790867547075
206.70610249188863
210.2907507935451
212.42704988123185
211.36192099711306
208.67521520209226
204.39296723835895
198.76060896287018
194.12270291707824
189.17808825657744
185.9954232332126
183.59295145545516
180.11601489430777
177.81786461661315
174.5960564772929
174.19736322190167
172.6301521236282
171.58657590850055
170.19841730487025
167.95647003663709
167.26366165094623
165.982556057372
162.8494395930587
159.8102185812095
157.03905452937508
154.5250869922567
153.6235397417402
152.19110225689587
151.8315899456596
151.66274451038757
150.2304606666311
149.48075600170273
150.00855111364305
147.71892396238096
146.60608657940392
144.77600760844155
141.48592037837057
139.28693617183413
138.60492649951922
137.33165632144872
136.96032653664253
139.94511407406898
143.52913448986158
147.42542481647075
150.09189749224973
154.04094599528685
157.72710456546722
161.27516176814257
167.81094784661684
171.18873866677274
174.5159386697945
176.33611178947223
176.04690689788782
173.6277570421035
167.64964004826743
161.3634366828487
156.76743552575252
149.85002009491822
143.31366076128376
139.60644471571484
132.2511226932921
131.93926639397407
130.06645250518093
129.56871537390023
130.41445648526158
129.5144921228726
129.39605030397723
129.8223041643079
129.2932535572178
128.53705506307
