15
24
d
8.160173281061722
7.614274057172357
7.883351925190276
8.152584633740204
7.35775688384272
7.737240102014997
6.891614849123263
7.033430373581122
6.4193650383366725
5.641717721392348
4.222554298972491
4.386254861662568
3.252042920781384
1.6134894765968562
0.5114129622128855
0.3039636445018804
0.0
0.07754714399629503
0.0
0.0
1.6927236577539286
4.709583694422557
8.698402913049174
10.635207225317359
14.157055335621294
17.319928774539033
20.299278871897656
24.88254944116624
26.299128504931424
28.068212516211748
27.613989422674972
25.434734190306326
22.59264101614764
17.893283778201912
14.380287646706254
9.957531682141223
7.895151548444748
4.906948668315736
2.0999311256092055
0.18833277034943877
0.2996636858928813
0.0
0.0
0.0
0.4587284754052148
0.0
0.0
0.6376621186845071
2.841215187513323
1.5478912152600854
1.6569986256316978
2.178645712420558
2.352717271063044
2.2328334693501226
2.0637096149867515
4.709069615363854
6.351991658919245
8.665276054948434
11.363711891383817
14.862228346112156
16.369534435249488
17.36924737743687
19.207691214480974
20.583122739173206
21.424571536704967
23.822960356317704
25.398912098404235
29.419990833899924
34.37500178026292
43.220025842946136
49.399528299414904
57.71568642412793
65.75070858774417
75.00919407316036
88.33565081370429
97.51198915975164
107.03372678928396
107.91630411539579
108.29776709817551
101.63812008581257
92.00242902566497
77.63738706500685
67.92175294280092
56.15935694492317
47.4201356685499
38.94528000366139
26.362560517474023
16.528491699952077
9.068871768287016
7.9485658515734166
7.866088588757208
11.206994375581472
15.251480082870401
20.805167244258644
26.510682120790115
31.107318829003326
33.245423930680936
34.63576978820946
38.55950056457849
40.838687315788626
42.98548662941642
42.07623855127053
42.9574008066209
42.80078783963178
41.461976707431496
41.08286510394384
39.85780714597509
39.75988278690329
38.472439285120544
37.33676600850541
35.42939678461481
32.3838696247818
29.91241477835003
28.884596397151338
29.106229389301163
37.78400369433971
49.368093663182506
66.75160261699456
79.09585252510809
93.14199744705098
111.150068517274
124.42353798911873
145.2817008161888
151.72825847285566
155.65560959301402
157.86259683501584
159.22509350109684
161.33906960552687
162.6287793647382
163.9934836543455
166.7050082299912
167.44173408872865
172.77099651471107
178.58330885097195
186.96535359166165
192.66484239098912
198.63832882647284
200.81574813010957
200.60411585047456
194.71981845415627
187.00113554902936
173.99705502377174
164.4299483894016
155.43039790648388
145.32150525619733
137.50445463586337
127.10811011513631
120.60453560966687
116.93301574934065
116.19793386949593
114.36144623011636
111.91892107542542
110.88780620910894
109.43316568601526
109.11968726732808
105.92328060002201
101.78805739119679
99.11305663107859
93.83845358015198
91.15442413855821
87.55568812195509
86.77682241483205
86.59005740712679
84.6378183702583
82.54120788389622
82.41073671228277
80.94682344253965
78.64185453666535
75.64064945009294
72.53633389402114
67.52047574825964
63.082642428357126
59.976332426866946
58.85740319768954
58.836966330886966
64.04119727368375
70.171548798636
80.97518677202885
86.34750405873478
95.42002314458672
102.2232100255968
110.48086847374029
122.75765602442357
130.9839413070249
137.57890904736425
139.71900484165167
140.50360590036746
132.11344219223125
120.5978126579213
104.67641572073019
92.9409516665244
78.65925706626436
68.22469658403666
57.3192571761862
41.303842037479086
29.374100854727967
19.32417749734554
16.504581755974705
17.287232678625667
21.932835348608535
29.600130694882015
40.20477949715324
47.68413396830983
55.12213329301244
60.653423880550484
66.18520793350514
73.5702658417794
80.83849160743952
84.96023938414949
85.33463122414122
85.16636687934184
82.25976294127103
77.21604750498973
70.17897876799235
65.32169712522268
59.32745040706362
54.54443018436307
48.85923801241946
40.85451885297392
34.00254038720792
28.983333524538818
27.000786023587057
26.22468616336935
35.00168818612785
48.041323232009916
66.99554034362778
80.95581418587615
96.84866113881087
112.19271770213396
124.0625699894599
143.9676908198388
160.2462042176791
172.05558732911138
173.57282137664615
173.51878172946297
168.56530737315586
160.73280339954545
151.2376580318714
142.97492708598523
133.4419866501005
130.15230024152805
127.2517333872997
126.20349040003615
123.09049775335706
119.82775050356476
117.51126873114981
114.14470304831082
108.2401167850526
100.1911757679115
87.93470386042488
77.54180598664176
67.56721832810744
54.08502103935338
42.272609376597885
25.886795578754942
13.110960883834423
2.524877610728945
1.0433209220294641
0.6875101967967725
2.7683239504475385
6.119184541881374
9.590549089280804
14.281167125939886
17.579544766821943
17.93651171883003
18.27628854512831
18.049460343157705
18.15428014120739
18.051073196790615
17.19249505828612
17.162983502337337
17.269577563738583
17.976829894010628
19.114694243967094
18.4960850659261
19.6507582074419
19.993902208174248
20.807454954109392
21.538459570341796
23.088319817030605
22.49646658730575
23.828155751612854
24.707094763947183
23.71008127769609
21.055192045337076
17.884387446201895
17.07758455688775
14.623891797778114
