18
25
a
50.41444279548508
51.55077632887561
51.799517212029016
51.04780046832795
50.969320316973075
49.694013465468174
50.7515409658126
51.29280027107768
50.399395402335344
49.78736804330653
49.29722553408276
48.71550916734559
47.03182644770617
47.21192824038122
46.358350641610485
44.87327835797583
43.62794172125097
43.41556617162284
44.395234159746416
43.153230547519975
45.2830973714364
46.45933480328874
45.99779184788585
47.4918269313968
48.8372109777082
50.22541032062064
52.025671131202074
52.98695873957992
54.43282409910826
55.3209538746989
54.609139254767605
51.82928304369264
48.715115868895964
44.01189016045134
41.16437586960002
36.217411326916704
33.51206271791635
29.587882791745585
24.541446415886305
19.72531715164325
16.659334008959128
17.200750546243512
16.57143455418767
18.088003672403875
20.89725660266561
23.251859796824547
26.12745629466272
28.240253858280063
28.320220860304943
28.406196743297567
29.47202051257586
29.7265670203926
30.429002710409463
30.867414638358067
32.98271188586117
35.185755122879584
38.81326826329852
49.36901824830109
57.19771320831077
68.0023509045165
76.14566091896081
84.12304829365536
96.22296481545595
105.65754252311123
112.31570759177427
113.91465752041877
114.01409092740857
112.65298800069569
110.0404185226239
106.97226456070089
104.0876611853084
102.08068594279875
101.72848713251976
101.10627465984679
100.26549532971413
97.82890974284047
98.10295948525098
96.71213929638851
97.48925743853314
100.31552359929432
104.92181692376533
112.72207225591765
117.66823510931182
124.03566336410033
129.63728102439612
134.38861916367514
139.49023192284147
143.5705122351363
149.48678359241234
149.77838820569463
152.08207357210128
154.04731749279347
157.4844496886198
160.8735742510662
163.16391845708492
166.45930998978412
171.00591701316327
177.74776416230637
186.00657178445834
192.0299294767039
197.4047658035862
198.98504769621022
198.99669042385207
194.20843252390011
186.389937177813
175.47779239591404
168.32610117301863
158.52792173778303
150.75283540431246
144.2744763145088
132.72516126800835
123.20051735751743
116.79609632075413
114.99708867320894
114.55510499418213
120.12700546707768
127.30060806936733
138.67042668964623
146.5616039975861
156.57509705338796
160.79003095537286
168.7894301290703
177.9890020433411
184.26766298316176
188.3869981144843
189.9631272756814
189.3579844799653
189.11422724939882
187.43851151521145
183.98122153340557
181.48265349705238
180.74815053345304
180.86427491120944
181.22561137140588
180.83020655430337
181.86735576172705
182.1526502985118
181.62273606111566
180.89563913777258
181.0391930808328
180.24291919040067
177.16390414726166
176.33225375792784
174.9753690158433
173.3423372726395
171.56182925634343
168.19906159162855
165.26423489406181
161.28422896052595
160.37986407759652
161.33746213315047
166.38065787353239
173.23083362068064
186.24459440196614
193.3955805140333
203.58018554001265
212.2346769828119
221.31843219459694
235.25196743853763
246.12547438187957
253.7714731662866
256.1148053173725
257.282922547004
249.7264080584218
238.37971609986252
223.67415621111869
212.96495778506844
200.1172641266029
190.90887896938733
181.84642896926292
169.1086491066938
158.66683119649701
151.05401936791466
148.94194212671
149.49692803861174
152.1451988504764
156.58878574437549
162.41431208366632
167.12221901707645
172.4393092843523
174.0001260061975
177.42519753648526
180.60370383624448
182.64117737661712
185.1126419980206
185.7318715434827
185.26890390204994
183.4356284665364
182.145922600169
178.22149796249167
175.82253632002426
173.33277698368562
169.2364289313511
165.49685372134502
160.28528790993838
154.7780110195298
149.65158995815798
148.25067151719966
148.30367280458867
158.20743934914444
172.71945501057505
193.5736169537735
209.00499201604424
225.92146036186315
243.11746347305692
259.22663165937604
284.47564522979656
303.89447120362803
318.85421896238404
322.5096912186413
323.3154242390282
310.40554520986626
291.81923630753016
265.4230210698912
244.9479016248657
222.69073355162186
206.8815989946688
189.72297837457015
164.37334035205868
143.47684037636378
127.73436780089526
125.0219062633663
123.46122347586632
135.15563821029943
152.52847513265348
178.51906337922642
195.92729540059554
217.20512393270198
233.55330963365049
248.81532295736352
272.2959966831101
289.2934159399045
303.8327344493118
306.5154507261038
306.5814812014003
297.0831303336025
281.58197495680326
261.5381316395287
245.51191466089062
228.557544133172
214.88894951616965
205.8015555261098
192.49667731873595
183.69945881973726
174.48871911123632
172.3982522704117
169.7533509127807
165.0898569230193
161.29194271314296
156.13767980375152
152.00856907373984
146.51274444155104
138.22411844496355
129.95078655818565
116.78868785400878
107.32248425227685
98.64190767053518
97.07868210470146
97.23454813974254
100.95205898041652
107.92002242245248
117.58871672634787
124.76899682030154
133.26176561741178
137.90507107306206
143.60968657840345
150.683559451586
156.76632860921916
162.1799185048076
163.10169817293843
162.86063240583394
159.79553754215206
154.76866735887714
146.50691536769068
142.32351708815096
136.17439853220966
132.87277275256938
130.280743304968
128.31312343316338
124.64796713896976
121.11078585704689
119.37597040739007
116.55124051754322
111.88626331694624
106.07679051487268
97.96661065465659
92.6422043329112
84.87755662904388
