2
18
a
40.80812099322254
39.87688130727579
40.94686470810227
40.658472854693606
40.33660664220226
39.64580789496211
40.64372728505519
39.67597316077083
39.16596087868751
38.62664307205935
39.10874676117322
38.08085702714557
36.14021138862042
36.43931479757574
35.2579405516614
34.81939536430992
34.320225118854594
34.538475630276835
34.57276105021548
34.78456691431489
35.400648231093314
36.396526298988015
36.71795991654172
37.971666874831946
38.911733590785005
39.132635783180824
40.63178815345153
41.38093465607746
42.9774000326248
43.083330533948036
43.03224874558122
41.06277892332282
39.72360108207825
34.991480079109174
32.60291883403643
28.696497293816165
26.081831584142094
23.10439768543288
19.682295491451725
16.46743312299197
12.751808239840535
13.204560651072184
12.445502402777377
14.227964351809014
15.209954632251234
18.2021718706929
20.18396429931473
22.094386426021003
22.77549566460878
23.18827900972567
22.683491854249226
22.945377830888674
24.153999887976845
24.878789850992447
26.492572275548525
28.342020113841304
30.75108646410994
38.9003355144503
44.934616716058855
52.80566126771384
59.52316654127071
66.31968656279598
75.34682849247471
82.75798329460899
88.75177325397274
90.30286205528834
89.52863472129766
88.2612210161379
86.21296422018456
84.45030969362526
82.41050953905881
80.79842022452412
80.03590345797768
79.91168097406259
78.95221391499847
78.59140387495472
77.68785758067594
77.0637385039488
77.34897503634845
80.23552257783707
83.28124010978412
89.07536189503325
93.27972286438319
97.34896491213136
102.71244486431392
105.96392116836562
110.27771431369328
113.24927434122385
117.66916325538783
117.3700174378607
119.39745771082923
122.3462442712573
124.35933156897504
126.0489311034312
128.85951640137657
131.21620164130363
135.5807578559141
139.97908360017232
146.59703525359487
151.7939020142944
156.48951652123424
156.283039767379
156.51454893235424
151.927813369124
146.80161587109586
137.99664477671612
131.2948171015344
124.95270061835934
118.52678275802676
112.6926413900255
104.10225842693498
97.16141143996902
91.90980925256345
90.99923820827638
89.84645947024893
94.46024230926572
100.3713124652479
109.25796835205082
114.69275468374018
121.93505098240662
127.72726046460545
131.92277999983426
138.3753910785097
144.810215705019
148.9803845957662
149.8741215098195
149.50993421174286
149.14560427567096
147.42417313950233
145.1815101406457
143.37012665787353
142.34189714176924
142.44725311479107
142.50944447168487
142.68419314855146
142.3111528061908
142.89574749428485
144.04413332323017
144.208657680972
143.2113328697804
141.66002353071846
140.183549357104
139.57036208485084
138.66939667256784
136.97753957818875
134.6415564080978
131.42449567834777
130.75682092770674
126.71251476007807
125.56878111955697
126.39784883853922
131.3400970080307
137.73550588663593
145.44211437854787
152.64588547421565
160.20253059099738
166.67870297136832
174.54314141903964
184.97069163805128
193.92537061069234
200.92074602006176
201.7715023222773
201.44008553115702
196.08799903537587
187.4631014622464
177.0522729708637
167.29836032373694
157.76863860535985
151.5375741213507
143.68399000936458
133.09549867347928
123.60246926145449
118.2861929571014
117.39649753280564
116.89629117470895
120.2607722741088
122.91214692330605
127.45123715615188
131.65191051349302
135.41527973701656
136.75799700343003
138.97049650149486
142.0828926311717
145.09865130942887
145.75813294860015
146.09199966926525
145.5768676449273
145.33936860844364
143.42984858762273
140.63405303079236
137.30601684004307
135.56190714348844
133.7169134176659
129.7241537045653
126.43392360955694
121.83238539546262
118.47323895798172
117.59430940231758
117.17332883436019
124.74153548636676
136.27879719895952
151.21305579609935
164.35093142361464
179.07008971522694
190.7531328122794
204.1545961616392
223.5511556603261
239.82055547030717
251.45168140182898
253.99899425464233
253.69518796137453
244.78344527903133
229.81480158527728
208.72070118781278
193.5125387885075
175.39771556252725
161.82312784821087
149.06777355068408
127.64751689046207
113.79782597671263
100.96439122114678
97.13512424359166
96.03793922076302
106.22503137593422
120.21786719697593
139.77835549197803
154.18432089488195
171.3791736204285
183.59781930076156
194.74320651547507
214.33119610902537
229.1925118026583
239.10752741069155
241.27061314103292
241.79562164468388
234.06381857811283
222.6650161821001
206.49858176910803
194.68470418501417
179.8849791602044
170.21211263901148
163.0809512542869
151.97858109190378
144.69848501629323
137.1331503579546
135.82579651772483
133.18007360422735
129.80759821971137
127.27212786348348
123.43803079737445
120.01072696004715
115.00794677858973
109.11557754180285
103.24181180895347
91.64757195643837
83.37992225994347
77.33699904137927
77.3043663862786
76.26874060497198
79.6581406282411
84.57571094296434
92.2164647087541
98.14079512714689
104.80726828568783
109.34848414321893
113.78114708876565
118.50179227080076
124.0706777361164
126.54666978091835
128.82445521282762
128.87580348744024
125.08551318559357
121.14496661766971
115.55532640000926
110.8953714825943
107.28288000159428
104.49067459132495
101.88968661317813
100.03848250634604
96.94673666245453
95.13120740166373
93.8095946098966
91.68103527781517
87.43611091169227
83.49485340195663
77.78315534995565
72.58723647436572
66.30610474746364
