22
14
b
151.8157353394286
153.55546462952893
152.50633032621923
152.11696183087892
151.19568068363432
151.49885423448768
152.74856263608623
150.47377867596433
146.3494033032093
141.58109659480624
137.27111552970368
132.33500701198702
126.64918556781979
122.22662038365851
116.38453777982826
112.741934004809
111.4159433033667
112.12030772301942
110.14414153458566
108.72176418722032
108.77499864993177
108.39983966731516
108.21438047755734
106.45832603705973
104.39981740633779
103.23683091967324
100.77671369361397
100.06828810855195
98.22391986718107
97.78367696047879
97.75204689802815
95.45661450983313
95.48072920693384
92.76053723559725
92.40953798204954
91.11570442476172
88.98257686433476
86.29727679857551
83.37600627477174
82.48058167097753
81.16763658264372
80.67693221915542
79.36312873207599
80.624686701913
81.89844072717615
82.48842965726779
83.52108276212267
84.79494578418438
85.54707070079628
85.92523713658426
85.93386861592785
86.26195563441848
86.79515323053047
87.57229903980405
87.22819084039723
87.41423143358216
88.81142536550959
89.77664480298888
88.70122199981854
91.76566896404897
91.54231147822082
93.17672396691742
92.45338204972208
94.1631100345968
93.81381903144295
94.23989864849138
95.32839019205119
95.7657638562617
96.62093734648354
98.71166459630685
100.4916805125664
103.03146418163828
105.13165829218637
105.8617568749967
107.78714950259022
107.69640757227957
109.97794780209937
110.2902724543346
111.33404542942466
113.71732803974342
115.6455591707035
119.23458074714979
121.89732025896792
125.03453962468755
127.25210935674878
130.6002136496466
132.84241344407312
135.7227177144966
139.70575044835425
140.14370381763675
141.4151562848113
144.0013902797377
145.61911904153106
149.29867806168784
150.91284622148117
154.49260855449268
158.2363213438799
160.87333915495338
166.5454980612737
169.53445015472235
170.75889018208915
172.4224589563272
173.23125594131434
175.15841504342401
176.60141012236417
177.32744285298145
180.18374647178345
181.95218648883613
185.64011695681418
189.44314281759708
193.78614087951988
194.60273932209415
195.4742205540843
196.29072185856597
196.72559447523923
196.87990271567014
196.26849937643198
196.80468045354075
196.5773728274934
197.90181426592537
198.97472801489667
199.94878983935232
201.65983715130014
202.5589345714308
203.2373025459898
203.1170132013306
204.0661641128869
202.00396237683523
202.36497528009897
200.46519578037564
201.12794972831526
200.45543387910007
199.13096813217254
198.08246131898792
197.76679902979222
196.7104078727182
196.29505590051343
196.02787785148777
195.41633554493745
196.45953245072323
197.97419524229696
199.7479251701756
201.74452006060648
203.183247802955
205.4900844617787
206.99321533325647
207.9705834974657
209.9008301949594
210.74132973719094
211.71709401107123
211.48562762633293
211.68597073502556
210.41621964968422
210.51446691190662
209.30029022382345
208.28075411557876
209.22788430515175
208.74892088302778
208.9475742025268
210.81033726999445
209.4484700791308
208.98901209819252
209.41762006481946
209.591262154878
209.2876312363405
207.8815619168012
207.68899711416947
206.58757993933946
207.11920324808705
206.86091639387556
206.0365923768047
206.45075141952003
205.20174787937978
205.46971898197364
204.7569453189314
204.31758627733936
204.13486718873435
202.48059704359503
203.01867848771872
200.96088946764607
200.85909527734535
199.69663421412324
198.45635896769403
196.4344649923739
196.6624188366866
196.5763837239679
196.54806119228238
195.975884870594
196.34095506063542
196.02576882607835
195.33099902074102
195.02555089136914
194.65628011206528
194.46088445651802
193.29808680133263
193.9846772154126
193.19835418247794
193.53907997134442
193.2954352068782
192.75465076157536
192.45782844447172
191.87994514269587
191.40992938880578
191.45081645042984
191.42343433695726
190.65124404039892
190.23952290473557
188.83268713864908
188.64946366686016
187.75402869293433
189.3839181474228
189.9459611730798
189.72607554307928
190.86763278376216
191.3253442265836
191.35703751583182
191.23622320455638
192.27340249151416
193.4025233662139
193.72903422766137
193.8190410637579
193.51932277307213
194.89614940154044
193.8288454431844
193.2375171067385
194.48739379443455
193.45698497074608
194.62959589500036
193.98566099344282
193.95991672420746
193.48557260396277
193.2932016447851
192.13648610361304
192.3860153650617
191.70364958363268
193.14606089737006
195.15840083608953
197.58889653099257
199.7310227748089
201.2559024039297
204.59558135115768
206.34416961263776
210.07177595428956
210.30723260501713
211.35872262689722
211.15119501031364
211.31011365908424
210.559423964306
211.13934825403985
210.89099631201645
211.743393390712
210.92574753901718
212.51783840340505
212.2864592425303
214.3964288806823
213.8971502287629
214.51458745398472
215.7357779845599
214.5407517669418
213.3511996121431
213.4787000740126
211.6751487174645
210.28430057326983
208.6511135493388
208.62198454301512
208.56143234472663
207.72912154913382
207.49452708037308
206.5271544629869
206.35303187789737
206.4253388074302
204.06575338077948
202.13564678289373
198.8533029200229
195.44875585605644
193.25611065427725
191.46760449842148
189.27158648933604
187.09550447763598
182.65702380028
182.33340597702966
180.18634624749248
179.76931619022255
177.67736321845393
174.0279817932678
171.70025032787797
168.19362841406155
165.9754006250845
