12
10
a
135.25322704439466
135.58334035015463
135.1847091041312
135.17155131183742
134.80351791465816
134.2158493758731
134.51214287512622
133.08766353351984
128.7577021800474
124.4930064988097
121.71354458910785
116.64423709733641
111.88321952729622
108.87808044499283
103.4255213448475
99.96230216575417
98.59785208885506
99.17575360415675
98.23367895882117
96.57981526393417
97.23456946420906
95.35241054853827
95.84422254245494
94.91726899885303
92.44102538140382
91.75506962219433
89.5223933050833
88.6074424700657
86.52659941189522
86.72463696788458
86.07537189945874
85.05673854835682
84.99434811040267
82.21371504190002
81.68730677772214
80.0620616194939
78.72402297176194
77.54427095394621
74.35591681869577
72.05226544390815
70.95951432119986
70.34265300000348
70.38098422356792
71.18622611442535
71.75925269401267
72.76681559259539
73.64424749795853
74.44067680052036
75.28234927146747
76.0101541057713
76.8061444406756
76.91372487995959
77.47019293764062
76.62079350612466
77.44820726759323
78.16013382456148
78.13613190267705
79.6743219428325
79.97237582140926
80.32546790667843
80.55740060723593
81.3380167993157
81.50457917788925
82.69717745972856
83.07329546051614
84.0024892557193
84.03676946813259
85.55017346522041
86.3840375445599
87.89821621016927
89.46566301521126
90.77698356437722
91.42159965785356
94.31034155789756
94.64139497410305
95.66483727510094
97.0100311013248
97.97678850431268
99.69182758535675
100.76109015134382
102.91814390196717
105.44592588731685
107.31074059241796
110.72295591780077
112.75212683157265
114.65517246193403
117.6825736343635
120.77882466904806
122.95045723869556
123.85073569824647
125.4152465770678
126.862960540353
128.66640486975675
131.39744186726048
133.49223057306804
137.027295379664
140.5811756146146
142.20932714311496
147.25552503841962
150.02499141124164
151.77358274548521
153.2606830199156
153.38190415041544
154.1104612387914
157.00028636381901
157.6737896560684
160.01525926960068
160.90895308842252
164.6121592654346
166.77839477881793
171.5156119091288
172.04319702299085
171.86917317475002
173.36952532531382
173.58741412670017
174.15839439638813
172.79193040407898
174.84647261952432
174.20771345378975
174.53366421585557
174.8402648215564
176.6615979922324
177.4087805543609
179.0087558133807
179.39091484249775
179.23444290186364
181.02718590921214
179.3071237900404
179.2029770401586
178.26970381840601
177.59618136008365
176.81716305561426
176.61614227518734
176.09137636897466
174.4935143468562
174.62342855509846
174.0488005955916
173.4757879662648
173.68755306485818
173.25129282995118
174.9546668441494
177.01640772431276
178.55558978592765
179.99196486031622
181.25844558071125
182.1712179037622
185.18866723819895
186.153893452616
187.14206037742233
186.16792899434273
187.20529170777985
185.86017498520596
187.6375424857559
186.34514369746353
186.41228729136927
185.3481361538435
185.29491391605623
185.5773062611129
185.70918019956852
185.47483787116747
186.2462038371373
185.97479110668652
185.56102112622716
186.21458178885226
185.32811540072555
184.14230002401283
183.96261216079833
183.9762878446543
183.5592918131156
183.37392032114124
183.40319492969095
183.31568311351862
182.22109263271386
182.68499299739017
181.7186019663661
180.8084342266625
179.7488305625935
179.90452529217634
179.46867931896745
178.66702206922912
176.8654935417832
177.2269561323031
175.07558469839972
174.3474706426187
174.78632955939588
174.5911359351306
173.8314383625835
174.45149742730243
173.92262941318452
174.07354064125684
172.82234078874515
172.56967152983785
173.58401829704331
172.6287513870771
171.4170543522431
171.4571394872885
171.67544594907298
171.12023987740244
171.11251530215475
170.2160328587692
169.95654879288273
170.38116066509218
169.8733404321113
169.51692803165847
169.53282296676886
169.55748400391795
168.38579789873512
167.60464755860554
167.4700836220094
167.22623936455292
167.47194581339855
167.01068890075385
167.2883264541392
167.96961086363046
168.85145028548712
170.24218771289728
169.37640054365252
169.90619180436903
171.1564161684455
172.00669883465085
173.20800207959587
172.07604727039683
172.03441423079894
171.97635585616032
171.8112069181426
172.13297875352367
171.5841739697829
171.83290607903402
172.29961946034808
171.44852354418867
170.23535219421495
169.91273923110418
170.14682927866264
169.9114178319986
169.85612855640088
171.51839858725626
172.21973886474981
175.39424463533655
176.75812088795078
177.64332110290698
181.0165670220351
183.35346116627778
184.9834281985809
186.4963660183358
186.1118740348653
187.6808785893504
187.62204698756238
186.34687507702594
187.14831283607222
187.05858773695888
187.08558122733427
187.35862514512138
187.68745663677672
187.86076625474954
189.4414720363937
189.3229816549456
189.55872917812573
189.76661607308137
190.10765329480358
189.1641820619672
189.29558596391112
187.23026976239896
187.15097073219766
186.07616331763933
185.08581445519383
184.66594174888434
184.3878366876889
183.97288890743076
182.80307391162614
181.9788698557404
181.9562662629996
180.1641758928415
179.16195487171905
175.95551644335671
173.6484133164473
171.69440494754855
170.03942269540758
166.9859288100259
165.82520153906827
162.7461620671224
160.45875402992547
160.90632468865093
160.21331148309486
156.60503831757782
155.05150676013972
151.7067774536456
150.45716241803265
147.05286519867892
