16
18
a
150.03638145651763
149.92786058160056
149.95602393196793
150.61909287990406
150.44124888075763
151.24711015906755
149.63728873833915
143.81983370235125
135.83052160751203
123.84596287292874
116.28412817329499
107.04818004382795
88.50793062666698
75.46705234246454
60.935537307762864
60.38680634501353
59.23421641684694
60.220873960235934
59.79137833766447
59.15770177465251
58.93869076251742
59.539326458835234
59.30597727815657
60.009667416917715
56.38102130715775
55.78348689181336
53.97515549185593
52.08026055538249
50.188172589206964
50.35821486813962
50.83553227050518
49.490572626833135
51.13316987822938
51.98456685776195
52.02318067426713
53.250534860637096
53.07744844160656
53.23909029643586
54.24278054834695
54.66702726773134
55.956819116805214
55.53669939435748
55.67876904504536
53.45406756236786
49.306709437905994
44.58415147557101
40.10972336851927
36.41221224112554
31.264670738375013
27.54159929677392
20.46373998224615
16.289283983915823
10.509121774698285
10.642419065821802
9.38540433696841
13.640429649818778
19.284348276097944
27.277822963922617
32.639911709497
39.370833390390224
45.30645999997678
49.54575813084868
56.3315057189128
62.06272424082457
66.84445818427024
68.1488574403927
66.68337217044892
66.24889088549924
62.776332894588
61.139405063537914
58.574661933214635
57.2455937987351
54.645013948749245
53.934830721723394
52.768189394220386
52.170406190833454
50.43536411529773
50.32492517896772
49.51250336138606
51.51437467928134
52.89400181394388
55.28395281213098
57.014315651456215
60.28944384978513
60.28605655551425
61.09666702997236
61.79558906137898
63.6313221118566
64.47775384921057
64.30516831696792
64.95751396861668
68.60498745961469
71.02105827029806
76.09591561148392
79.57897495305902
83.85072488309605
87.15521358535364
90.87496191679482
97.74020182836077
101.2199205750165
105.20032083464312
106.14112336961274
106.74600882092928
103.90336167565872
102.19642526809903
97.80338606621581
94.75494532519164
92.24328368662312
90.74696399971477
88.73572542486816
86.5739218281175
83.68872699745476
83.65516923430098
82.92832397967916
82.82612084737826
83.0753279703789
84.58296221390505
85.90526252767845
87.41725262405318
88.8560278913668
89.65025697779862
89.94623743308503
89.42734174964704
89.55820931924832
90.27155504321735
90.1721738611881
90.78619005410442
93.23324264978082
95.5009470224426
102.30340354076134
110.26109394742136
118.98383581573603
126.94623393772854
133.15439211090845
141.34222953965548
146.8225612506852
149.10210629404872
150.53042605519533
152.11837446756456
153.53352329022556
154.36773205256952
155.8111578449957
157.04812286146614
159.0318395215161
159.675908008695
161.29829170734578
161.62246888867756
163.3751439852748
165.13452499861825
168.50227370134374
170.23683215727945
176.3618999408057
182.81968400561757
201.98270454290127
216.83805477800828
234.3485239989438
250.68741843100568
267.0548626952683
290.63565334698495
309.5072391673477
323.94139973954407
327.2206249456581
327.007630335944
318.40206365147094
305.4221614719752
286.45720502179705
272.9041071042082
258.08339093809366
236.47459491402654
221.65718784044165
207.47794017852945
211.6283713903965
212.66714102966765
211.57052671720874
213.0663931037329
214.20697964643614
213.46641914383906
214.56824240559223
215.25695023648706
214.78384496343043
213.63598261312632
210.88183922610926
208.45038041507618
206.74591096261804
205.02039644401077
203.33799540936897
204.0925944177122
208.2412243269213
215.76252703336937
226.9679923889503
235.22338697183437
243.88490766694164
252.83489582001297
258.680611053578
266.6743789636461
272.7638861670722
279.43180741985
282.8269804600779
284.46887536880575
288.1046491431872
293.63095238208257
297.6695048678019
301.82607767841466
306.29489748214564
315.78326781390274
324.46660146113425
336.64617092658926
347.5634632642273
355.7006728164233
357.3127170809447
357.4674300825521
348.9680851553097
333.7047262756912
313.7940573020565
298.335819546436
280.5443052782016
265.33079479003015
253.18062504882454
237.69017760769012
225.27280384239847
217.19653435609607
214.41552901962453
210.9892659576438
206.54945013994808
202.01626186388538
197.9439631018699
194.3192893192903
187.60966412936278
178.24263133900754
170.02032835433164
157.61043110338008
147.6489079780901
139.52871742855191
138.30167805441985
138.1339677955843
140.477884820241
143.56434174500353
147.5111645043491
151.0673765009741
154.5723209543962
156.40586148054632
158.36455237030404
160.27054085757814
161.0692917286579
162.87188043383986
162.80877529555713
162.97320823054287
160.72648357185383
155.80404480062472
150.35541175947887
146.77310977126672
142.34435109932835
136.53481041623414
133.41208460895626
128.9281230202392
125.44998884709355
122.70614641317799
122.0392457319861
121.87480839582963
120.36708303072575
118.38376566372773
117.82309776366533
116.91353544957288
116.23822158156645
112.74720164647049
110.8318376762483
105.57672509580094
101.90491174628498
99.75578671202823
98.70383707294582
97.8184633223695
100.45356106824059
106.11412009086797
112.58485175899263
116.8255357994792
122.29326341335064
128.26987931710673
133.83054878029472
140.42111728102785
140.31451391103678
141.11371154296955
141.39547356131754
141.57703082396654
141.97538376346358
142.76945289250824
141.75858428530572
142.01890514255797
142.2901031895479
