0
23
c
108.10405802140416
106.98981038509105
106.93409900876057
106.91871320584805
107.31346004951256
108.20153229446697
107.50075978182554
103.73524596937932
97.86032819184261
90.88034751000887
84.54752479710433
80.22749688942237
73.88487066095907
66.65408950805185
58.18515933650028
51.39632850932444
45.28155163309697
44.45956459755765
44.34959101162525
46.54828034433529
48.18120589951484
52.1685514868998
53.43706838418336
54.97741230294994
56.22411988438645
56.50436407467295
56.544708858209475
57.23115511796699
56.72060006964251
56.94246515299418
57.68329682266702
58.543485860972346
59.426685456697726
59.78780644196488
60.10244180436568
61.37106624233464
61.21287163103979
63.111316347655794
64.94694998599886
65.6061056809356
66.83654571043893
66.46636810710947
66.14322054548902
65.01928010815818
64.8495487027312
63.87078328380831
64.21434980814462
62.97214297097276
62.0516857623371
63.049317073435965
61.88395233281992
61.097179379181966
60.51760746252494
60.24819413828838
60.53456391604545
61.098160458627355
61.32859048922189
60.033835164081495
59.43495825221176
58.905587145113174
58.34711670896144
56.98500938254896
55.188500829561136
54.939963619746884
53.275443276242946
53.93025045741102
53.66799151630276
56.07219318161556
59.98374555652288
66.40934840270641
70.96901425376389
76.13637294336249
79.62034152603349
83.12489131733453
86.33082145240046
88.68277357665895
92.86711463718692
94.72223206546951
96.36313734741924
100.56394825711467
104.61283056952391
109.93259771740574
114.03848392117364
119.27499198848307
124.7400370835755
131.09603481246887
140.77361250737226
146.74010604920585
152.33759734782848
152.93289995453114
153.70433360150432
151.75291838963227
150.5200286469487
147.13540614966158
144.59360369051637
141.70062522356594
142.79201073725983
142.1828557962315
142.34200187825547
142.58849238487315
142.22814774313792
142.2673365097454
140.4750286380798
139.6671583380875
138.7988454476028
132.68649453298315
127.97088836503215
120.89488312361634
114.75217772413222
110.25438616599084
104.73247157422239
97.77978977992245
93.46447961281751
92.69677940210521
92.66778136985702
94.82865924616156
97.53190176244864
98.88482026492242
102.90263363069936
103.91679114988914
105.92434123012697
106.41679312943441
108.49514999636348
107.47331190365638
108.01284333338295
108.65885178981121
109.43591579817677
109.2755159704369
109.56031864533456
109.39232674986157
109.90505293711641
110.37841992140407
110.13881291475198
110.58205679734077
109.56225621813464
109.66405894718484
110.37461149888163
110.90729755767974
111.67393167902698
112.51232235785952
113.8123525100484
115.34487227625375
118.97619820595662
122.52741557680334
124.56000533077277
127.71968638714272
131.49492347689792
134.48345213524914
136.9439005813602
136.84143952833233
136.61608834501226
136.10336634893946
135.77478554344523
134.6196318364618
134.8710897936146
133.30910324327277
131.80465185481677
132.48544935361912
131.37345800150788
130.78346454723481
130.8681618311334
129.78217296640398
129.47441918686988
131.87015741100362
135.31935319318657
141.74852394315155
145.0294412649268
149.7182093002003
153.81562344430753
158.41468218977894
163.2474457933428
167.74850952605118
171.74405005976152
171.90136287448507
171.81987011554114
170.30656697895745
169.03759397765353
166.9808430322525
165.2823693375611
163.13664858738554
162.78969387456058
163.54681361490017
163.0538001805599
162.3536940991804
162.4096590329058
160.93724637250452
162.63123002337448
160.2083528180338
160.39826021184007
160.51669187444625
158.23189168017734
158.5429371715674
157.08956422346867
157.54397135358155
155.14279679287762
156.40374296794099
155.1125507487278
154.61690230227788
155.1578385266665
152.8053914122215
151.20663450740327
148.56875358540816
146.68060373776345
145.5138452729686
143.82546304832988
139.4641911573282
137.9192227743961
133.12233898085648
131.5692171565248
129.87614510956857
130.73978737821017
132.692841624862
137.18327314674738
144.17391451662388
147.5398624568458
153.08189479146395
157.52081093767225
162.14306422149485
168.28981443326796
172.0865173719867
176.02501845629124
176.21973524048076
177.46196044903857
174.3882067230691
170.93326538903358
166.1557083673915
161.60567030711414
158.56414406999204
155.8572655656349
153.61428535059866
150.95163602643947
149.62477749152995
146.8841523087573
146.07957725980913
145.40445309304184
143.49716844382286
142.65188372404594
142.0849313289971
140.75795869794132
139.1623415937392
136.48871768281592
133.8703765741619
131.23975152550048
130.15050285609448
128.48654242527942
127.27563715546032
126.97568825791417
126.20355471684886
127.16952490198514
124.87707486962528
124.09265043372967
124.86454679096089
122.89486094402119
121.37296721787592
118.34403213702387
116.61929803476716
114.14828509127541
114.83334394461588
115.65906102645427
116.00540228302042
119.09534932301666
124.44277615230443
126.89001235482296
129.39158620747932
133.41356446887087
136.2814906114345
140.11029761750882
142.89607577130406
146.39269289325938
146.91342647835793
146.5102174810046
144.19844756664253
141.26743812467237
134.7831586831995
131.51196939518113
126.62600377670314
120.87113159609227
116.45971082038702
111.00937733102329
110.28833150421266
108.61664714201196
108.99096597757088
109.10975903897798
108.2054055643531
108.30666448878623
108.2412817023406
108.25727425672079
107.5288319452627
