10
24
e
147.80274687858062
148.9145664065549
148.75322317445335
148.6529037302795
148.59423208530094
148.08781059051339
148.74804605971036
145.28816296486727
142.33562249719233
136.39430439602148
133.38219678869382
128.87080376581144
124.35412825217126
119.31947796024515
113.75971678477497
110.63007520837687
108.14267822403312
109.1495903309611
109.14946112493742
106.78761001212592
106.75118666906299
105.48431788373416
104.88846186798004
103.83148951913869
102.18711880145173
100.96080142961341
98.8040304618288
97.22105252530154
96.41770401822875
95.19110180492507
94.28457306012325
92.92609640055299
91.5480174163348
92.0384903795973
89.76419573205035
87.51501183122087
86.73855120335466
85.43042166194674
81.20904413065732
79.50969714112037
77.74721982887321
77.72295944617179
76.70426214576074
78.42919830683732
79.48715361408763
81.01597535201975
81.58495091078683
82.37364284602262
83.389381650103
83.61889392530297
83.73525875032587
84.68265808254799
84.5950900780246
84.4856908941071
85.22587294512043
86.03245917870942
86.3326540521238
87.48281131046113
86.76988600340013
88.85424253843894
88.61315340854192
89.48169457899712
90.22764224601679
89.39019504779421
91.86167775914788
92.30255239597156
92.71439935226152
94.84730964214249
95.09213849775882
96.46051001700965
97.81754368278484
99.65402256993234
101.33012462095205
102.41866561585907
103.3299815763962
105.8104116435964
106.37573141541282
107.66588160978162
110.4271453403244
110.8472611807798
112.5511548424325
115.44526771011633
117.99472371033123
120.5047468429881
124.04290294418908
126.3393080896829
129.74651296746936
132.95574187159514
134.9455570927599
136.20951699968222
138.0331876008489
139.19747795604937
141.90742471232065
144.67633836947425
147.68725113474054
150.56294846074377
153.70308606406678
157.93087089812954
161.1808429922659
164.98456806377223
168.05266454384878
169.54563069435792
168.94277278273344
171.0073044979433
173.21192527453414
174.1751148232233
175.55671416318913
176.94431740106143
180.9186648617789
184.0696354756717
187.99848818466123
189.41807117241956
189.97814811477926
190.77748655126598
191.917915920683
191.73447744471792
191.2266788823461
191.45876852609885
192.51717277754332
192.67746091318344
193.78735296361958
194.16206953599186
195.40524052824557
196.97600945615957
197.67091429279807
197.5301938304452
197.59279010239814
198.14769512120137
196.6364167445748
195.9048884660646
195.3872898929227
194.7955023505616
193.23695762698915
192.50186801639103
192.09300859124494
191.32576453875635
190.40567450367476
190.94758655920808
190.58518227539912
191.0644398495278
192.8997950748992
194.76704568902917
197.17090043815801
197.8136139229571
199.54611324321
201.3638571181552
203.2143866948508
204.8029999308325
206.3470726099226
205.32750058800423
206.14335249519715
204.63948680421404
205.99940326999356
204.8343288544467
205.04511489652324
204.31512779963248
204.20387989720786
204.81248388266548
204.2097457029879
203.9202137420877
205.09618299370754
203.87312457535626
204.16383225086767
203.77274493942932
203.56542338525406
202.71707167951553
202.2540584612079
201.3613035722827
201.30844677164782
201.4176017084517
200.47411565743124
200.8402591648415
201.0672003715483
201.15386831915376
201.0326189841202
199.17331715949697
199.15683950872818
197.58794120669424
196.23913304528392
196.0542526263589
195.47626687522472
194.72571519203512
193.13210438177427
192.9164644196931
193.0336201549215
191.1327711964107
192.08985128927742
191.76087395278356
191.65439026713605
191.79245953065447
189.90725653712633
190.49699815783794
189.06881096104507
189.69703434666047
190.57845636038797
189.21039099891883
189.05104494974256
188.24560176514203
187.81975623252822
187.69621913921546
188.58482281511917
187.66520300423488
187.06483839240343
186.57997128081635
185.75157535543332
185.80412607050437
185.40044577753085
184.3213650620784
184.20767079256333
184.24899913909385
183.61792668764613
184.54150265646723
185.2446015163166
186.14467200276923
185.42584218828793
186.41884504503025
186.73759867192317
188.40016564881245
188.13639038489166
189.5933540967221
189.8928317436467
189.13613412883007
188.4405847209372
188.44381843536462
189.91707242534216
188.9338743618329
188.90156567928437
187.957417319505
188.25643038755507
188.57420088135183
187.62251657461067
187.8591593373966
187.3020226837006
187.33408536926157
187.16085446184422
187.72516411414443
190.41072821597862
192.19083756923314
194.78871707980784
196.87240594463543
198.56123571156263
201.17716180120314
204.19542335347356
205.0624327960075
205.4096942906616
205.99114413538825
205.4741141505552
205.45083078978828
206.03357111201393
205.40934547549122
205.25112342905587
205.82992547667996
206.6887811287626
207.43076387742732
208.50545168953926
208.70073422633982
209.72854489901582
207.76911127640733
209.47371142349255
207.94824640368304
207.27528923888275
206.10980250755688
205.75764749788001
204.22319071062884
203.98889055371248
201.93524101772041
202.62650098072666
202.05655114589837
201.22221390079062
201.35941545590953
200.02951427047498
198.30264880683083
196.90087208250304
193.79194094277597
191.93916050727665
189.52567077572076
185.4479998587128
184.84806636619433
182.00378723545333
179.94343523412277
178.80625088931882
176.82761126111976
175.33655826967944
173.14232168147294
170.06824382736204
167.68193711522323
164.42347054564715
160.89228646127268
