7
25
c
136.3731422062589
137.56566630079075
136.18939718002102
137.89831358240815
137.02599902877617
138.1657425931542
136.79587580077802
133.63374712457792
127.6917269912507
118.029106712204
112.11785885709452
104.62983415363964
97.43762009335912
90.5640103683888
79.78416738843329
71.09701229907681
65.61535950727166
64.36887953950122
64.50019564300834
66.29087027183327
69.47797153639269
74.09904541838849
77.4466424561914
80.07563588723062
81.76016105433135
82.68235646481372
84.69134848726344
85.82911142352843
85.48739690077726
85.75911882089319
85.8878416096552
85.78676809343759
85.89041870446312
86.45950924735425
86.31721036422735
87.01359441012286
87.07619385910469
87.61840478977909
87.95038206926672
89.31620481068482
89.49362180179857
89.63182526781499
90.52681506026937
89.71975920931867
89.44577024571734
88.74479616242853
89.06468508869746
89.18303531263165
89.46815658467152
88.66568335702598
89.32222320821496
89.88788229617812
89.24971487416515
88.47578164645128
89.08457861772817
89.15486319773929
88.74025380045998
88.42478169979088
89.62177580261722
88.95314044025243
89.44618713329291
88.54036113296846
88.09161817459079
86.99793646847496
87.3590262230101
87.3058143531356
87.26593386283903
88.54209530424424
91.10828114772099
94.39721416176211
96.98082124719672
100.29598879359752
104.14269361392044
107.70756973373568
112.02058824247192
112.74369153101462
113.43794555132256
113.43566951760117
112.69378942417526
113.66812214589184
112.6871127088338
113.82988113641002
112.92180375026534
114.17169029898497
114.14464677748344
112.82047454469091
113.13549714880675
113.37049133666402
113.4663863235144
114.12415559618645
114.24967119384023
115.34275105655001
117.34222431456854
125.26061308581227
132.59942573139554
142.55149279995527
149.6649554129651
155.52796700401836
165.0642661322788
172.0434616306857
177.20032879948536
178.44851119270632
178.2327568660886
176.6507768484426
176.51914868055107
172.1736671583962
171.4401107895443
168.62777002195705
169.15158362247732
169.591121310169
168.88239180867453
170.06240805069126
170.83280534254018
170.65031851278988
170.76255298687653
170.20207589566485
167.74107420588044
165.84633851445912
162.7972936357947
159.49221188438048
158.0677122087975
155.78001336335703
152.69369956143592
150.6980141414008
147.35287434511858
147.50675896215765
148.86132460016591
148.66694924038367
149.3831260463413
149.7651158556405
150.20927162479063
152.31678830357157
151.6374099547076
150.68432823215664
150.51571009144706
149.07697882767746
148.70214522011906
149.3327389330696
149.03305969214065
150.62680438289257
153.73608730467615
157.2282094295545
160.62048648598252
165.6478633382637
168.21652537682323
170.95588172246087
177.42295994654566
180.7989502234816
183.60628643603545
185.55982855571955
184.8617217453265
183.46066331108796
178.78012235030488
174.64793878825338
170.4452226755191
167.19744785484795
163.63369754611784
161.10460817307808
157.18334568554312
151.85437181609862
149.74502559615937
149.07964935944082
149.7554665473812
151.08436834238785
156.17700235852547
161.17206195057832
164.8388609392007
169.21529815374757
171.41336074327742
174.5877714973866
176.66834064263517
180.03905439447755
183.25424747715795
184.66068082929903
184.63332889687382
187.26506944164555
188.9487764816456
192.9774164778881
195.39856717350548
198.08842409627488
202.93240630959005
205.98632143036428
211.013840362046
216.29772324807274
219.19401721836735
219.82252490577815
220.0831628165074
219.00808497183533
216.77474272453998
212.41857552279768
211.77195215373916
208.13992963940953
208.43305221348336
205.76915543487442
204.531799251728
202.0191928660031
201.15894721851276
200.75684949395855
200.94499093534137
202.59356813928613
205.12947306909476
209.17099864489424
212.58642546504964
215.58385869361874
218.50930833716941
221.48610401738426
225.3667860007461
228.84596781767283
231.5143152344883
230.82312937161802
231.29536136460908
230.19230527836515
229.46582726822527
227.30941925347852
225.91945849637872
224.2629449472551
224.36128222735564
223.44270851043558
224.61707820424127
224.4857605556143
223.9975205018456
222.97692021813606
223.17590846554293
221.68352177034194
219.9488398238592
216.50205039039537
213.81766895879665
209.2398619931491
204.62202138118303
201.73180462833326
196.44773341778028
194.7722575187404
193.18414129462283
193.12722651679653
192.3182834017519
192.46528977696008
191.9968508096116
192.2891192739781
192.06779633429574
191.52517611010987
189.96870156275844
189.38933678919108
187.94015092003423
187.53773346720908
187.2271548309915
186.08427349627587
187.06042898165973
186.14727237675052
185.53482641442739
183.8190718769096
183.49153714705454
182.46842831592912
182.0763853475711
180.64219641685543
178.68978545139316
177.9540034642538
175.9754019316754
176.5908789103831
176.6924361998688
176.40616578251058
176.9468701402413
176.96601373640073
178.00926835091101
177.68993088614
177.71254762948317
177.58854957816726
179.38898752343513
179.54928332527578
180.1999975402996
180.8316364558875
180.45017807043473
178.96770510208822
174.977884541252
171.0025632313034
168.0088802963461
164.61446719951283
161.8541208314216
157.81578333116136
154.40602754224147
151.7027447612153
149.44150526821275
147.98159139575304
148.4908499826347
146.1038287150668
145.3739439092687
144.90780261982513
143.63360088654846
142.87117074548374
