13
15
c
84.96653269186447
85.00482158175126
84.81870214429539
84.76364565713904
84.96723597987273
85.17460744935556
84.75011619013847
80.01283503928646
74.08798978776996
65.00572678842137
59.375075838674356
50.863068658447894
43.470343380776534
35.937324983797794
26.016973033480298
18.104131973809316
12.35559925567571
11.472470255462156
11.214286523974366
12.64584806592927
14.890579909667357
16.94804388652956
19.40410280295251
22.02357218078014
21.249459060217543
20.651905861161197
20.879321725027236
20.34082331993205
20.98598337024897
20.823733886235154
20.66977321285973
20.77853119279862
22.63775724076852
26.151489484351757
28.132204338979584
30.303380534645623
31.677313171189013
33.61334536035725
36.76045476718139
38.86661271101303
40.51467521828222
41.8944519799665
40.62084629180331
40.5787786353768
38.54252820614221
37.637560163624805
36.1998785979204
35.93863381579104
34.74447835608511
33.19819431772111
29.586716695566974
27.53115306734429
24.186208148041384
24.680041557759814
23.651100906731788
29.95839930912443
37.598381747204186
50.2704431075831
60.169619689207835
70.58328491264992
85.23157917954678
96.65162343133426
111.38070934786829
112.54549951563882
114.73818735630893
114.12145923709204
114.24618786596866
115.42066164566313
114.73641555933877
115.76576608009945
115.19242455432433
115.75978776838947
117.44914481016846
118.46669475358433
119.80423085504319
120.93077508329253
121.90048508820327
123.77325785549857
124.6353322212731
127.14331750600192
130.21146632377807
135.1740367630467
138.65359723941987
142.17828824495808
148.118791974207
153.01503224302326
159.60418682091006
164.08761804679145
168.22211359938674
170.00748539557028
169.58517170859898
167.45176009786255
165.6946387717938
164.7993900432465
163.45151607242903
162.12354632154737
162.1002906158561
162.30272217018637
161.62641782375098
160.14347039767108
159.64483618712384
159.42894516561506
158.94236394907503
163.02131595159412
164.46353497141598
166.9492399435109
169.40330579507656
173.22178225129494
175.770638890753
178.98073465012723
182.42601555431241
185.70482565024096
189.49365836594913
189.13070266523567
189.87207652593418
188.00257769573562
184.56928173384915
180.13964778791794
176.31712299260224
172.60442348503457
170.34840644464686
166.93421055893918
162.41715194606925
159.4299640482857
155.98599815073214
155.2534938827627
155.68029156766744
157.97431837616068
162.2593916265052
169.09203214599006
173.05990049082828
177.6685605463945
184.76524917741241
190.89658037650213
196.8203206143171
196.61497230869966
196.6174920367316
197.5394892117334
196.483122214841
196.52271227341123
197.23936514160684
196.57281265385095
197.0112832970195
197.10437379084664
197.37729145629896
197.30813992483894
197.58146903224466
198.01401523757454
197.64468437823916
199.34100180766873
199.01950255595912
200.18985691026677
202.104665852597
208.17954376843662
213.52980538872433
219.22618091575413
225.2717635272889
229.21703752807602
235.6644960345972
238.31501483049504
241.17413108704355
241.72162615569755
242.37939645154594
242.0673625868537
243.63340195526987
244.38337283061955
245.0687339189653
245.84941648129526
247.0806992493742
248.2538453557499
249.30063307239055
251.37262846718565
252.96670003107823
253.2476182723525
254.9603221368694
256.78534693709764
259.2158169918725
263.84027443842547
265.92203373803903
270.96670876023165
273.9981467369263
277.72922914950937
284.07951884318817
287.87336598890636
292.02221299841153
292.0723315468922
292.9456679507532
291.43530064888006
289.98629785429154
287.4886313522285
285.1164529835387
284.58634530312037
282.7945730768576
282.1227898012654
281.6531951953842
280.86100573250854
280.0856857868396
280.28317450962913
280.3503771164616
279.88559903384424
280.69775414704225
280.88098379647244
279.84279673686444
280.0363080313938
280.8915927450019
282.054329157241
282.10071104745845
281.6003958598978
281.7371968727772
283.4861807083829
283.5564788327266
281.60987042905555
279.39131709959054
275.3386166174888
273.4890815404837
269.8802113860103
267.97470980623007
267.1839622770128
266.36617558406715
264.738468987829
263.405396504958
260.971283411317
259.75746715397986
254.53205039502998
249.15818803844473
238.3879267969413
232.5344724660856
221.9143073250338
207.40764082052894
197.5062601101245
182.66927609530097
177.63709305729842
177.67238998384593
177.2511536111437
174.9908627141379
175.16309568760053
174.1137380986043
173.86212410095183
172.98320283594526
172.27238725999416
169.3945145538056
166.93207963466998
163.1463600822055
160.4470631780124
158.48578162123516
156.75427808500214
156.7906232779799
158.21086506748037
160.62342178525188
162.0619916838991
165.02068133832898
167.2218577529797
169.57704623956465
171.3610913278585
172.19317980852804
174.8843082441967
176.77015579840045
177.05092689828132
177.13099746502644
174.8697054886559
172.99376882908285
167.56072317402987
165.65653710146455
161.97766888583456
158.56092525031687
157.38959342398016
152.0786870007868
150.87850484579724
149.00148502374915
149.4805258899873
149.06951279669286
147.2226007467831
147.69587090495668
146.7140024450311
146.03301995571547
145.40819500369244
145.64896478852197
145.3319061517671
143.54777259962933
144.35449184127359
142.7812154291277
142.78361551893425
141.0841354259338
139.28835725841344
136.52387759454848
125.98382595826048
119.01239322432777
110.95802365809244
