2
13
d
135.45942625686618
135.65805154113292
135.37253697442307
136.3970674030085
135.6114735683677
134.99394536398654
135.43582665490413
130.6859819836282
126.4271387039182
117.5444892708478
111.69552053610184
103.7377817784818
95.42321090255183
89.5269444893263
78.11866864506908
70.78519220684457
64.97931530078023
63.768605947536955
63.47003317872493
65.72398866123541
68.3261751797973
72.38487168342766
75.41951961470562
79.19544548536824
80.76305951473255
82.47811905639647
82.23606801281711
84.14944533223003
85.01992491914645
85.39016946858575
84.48628145170149
84.82384897230536
85.3031894626308
85.33775042061197
85.68353755273276
86.2013931451765
85.31779803459976
86.63114848962216
87.52243323416994
89.09439280974468
89.49706160998029
88.35117298873288
88.7708367411049
89.04819914647318
88.48913653824343
87.90816553065406
87.88748051744881
88.67691244879862
88.12749342127982
87.89989889235076
88.23460673388404
87.46609279249105
88.22314299171751
87.8645356196289
87.50019001663203
87.67645078878364
88.2928431192454
86.90472203841504
88.81372263933082
87.88476999000186
87.32347553291581
87.44990406767236
87.48742220612147
87.11029051372084
85.97290525141527
85.37218590758224
85.73694288455575
87.41718622389286
89.12307132480173
93.7481965166224
95.91255289659952
99.36009905684374
103.13437948317878
106.69263180906643
110.65646102055193
111.47557317367843
112.39912360121612
111.87900731840755
112.60485849355187
111.42658725437647
111.8999059189016
112.22702090606639
112.32009503058201
111.68131133913025
113.00318377932896
112.59438632912948
111.91614725609729
113.54841739053893
112.40290575690577
113.20300183690163
113.50702611491577
114.14529697155956
116.2421941649755
123.59562488998588
131.22620654129412
140.06521026080742
147.42569421753052
153.87714123006376
163.6984891507267
170.49395865760226
176.03794274846516
177.00569287613288
176.95307686822153
175.2373605138011
173.37621198106055
171.12824203046893
169.3820038961578
167.2778478118273
167.9238474074985
167.4112556650356
168.11705627584672
167.5325579951385
168.5313670894103
168.66713447888668
169.2364738413718
167.33029842951794
166.0627513957586
163.4738496292444
160.0358715435346
158.907690262405
156.23723511667254
154.96124070878085
151.07625738402112
149.15830626763315
146.6452168690256
145.77185261865543
147.07332568912855
147.14039731983374
148.4604480881332
147.91755723058355
148.72737554745368
149.62586936112226
150.2717134066814
150.01043278448975
148.50379255843643
147.84237016587434
146.9756528758752
147.06660150430358
147.44468364059063
149.30914880799773
151.82807080546567
156.68828180673472
159.7590683856324
163.35862646439693
165.98512974122906
169.58109378448225
175.02134206571756
179.20911929286717
182.03155200987916
182.53226328361248
182.1838913597647
181.09438603845496
177.48974142638508
172.02047437460257
168.38767028697544
164.02269851531562
161.83414473112185
159.38915589369108
153.49475408992498
150.84803658761422
147.72951650330856
147.88457926229972
147.61751226242367
149.46819566545278
153.39994427142258
158.55580285563295
162.65884885152522
166.77966427001587
169.61202710032308
171.9514711360492
176.23375752827474
178.3261896544681
180.53142050475174
182.13755374297887
183.1929502205312
185.5370554367292
188.0565737400857
191.3020119397314
192.43981613962268
195.31268932283234
199.4409282773897
204.55634260349083
209.07581056903692
213.43408486337867
216.8710055697337
218.3139441336885
217.6862225004164
216.18526158975405
213.80828519195944
211.68186523623334
208.54614436022786
206.4947651141517
206.17007280200295
204.47490000515248
201.55373625625404
200.9759882615573
199.41150600556824
198.8026086824531
198.69244662010928
200.52876165269353
203.44596926308222
207.39099523432753
209.0284451624134
213.66311414546635
215.9203952275897
219.34871599493053
222.9598487414601
226.43612429702583
228.30052130512078
228.76244465057994
229.154024377107
227.95919831315922
226.7036983313806
225.2073380431546
224.1709094124842
223.65267764838046
222.51251601778634
222.10402522831612
221.26885916039387
221.2209346391972
221.06949236833447
220.24825056075898
220.22232442585155
220.30834459209944
218.91222921708987
214.50654654271526
210.61172544252767
206.25863952082477
203.30386318606
198.44162859162628
194.00938679490045
192.92789958469444
191.28099281078897
190.57069217336607
190.1055392037475
191.06487945541687
189.7141336093594
190.20425485232212
189.37171731507854
189.42389169619722
188.64589181642475
187.08114647420086
186.31078657147742
184.2074928154495
184.50027246482958
184.20978897842394
184.06814109214764
182.4816424493081
182.18958019866082
181.733039679238
180.50517660568005
180.7495885187912
179.31773371185
178.70824808161558
175.80878679935063
175.59359833281337
174.9163360933157
172.84436872650028
173.70929165047602
174.9170267033367
174.6613151592882
175.55012464462885
176.50257864104893
176.06453688338127
175.4934217084992
177.28324713930527
177.24478195627657
177.5719950748878
178.46603561963403
178.231546127589
178.61655023247826
177.16161104462202
173.5388903762724
169.4658542759861
165.68061986238308
162.54632678630796
159.41887050567132
156.9368169941143
152.7237401111899
149.88963046863785
147.93186655374362
146.64696729706733
146.4819268921275
145.38321066449518
144.63071907564023
143.76239178320077
142.91447947604584
140.54555466879748
