27
17
c
70.40303794410003
70.36860450147607
70.84402476589135
70.15406102416951
70.35150738065536
71.40317277919817
69.8983229176632
67.23152730917906
63.925668681613146
57.98313942702664
54.86837040777803
50.76468108824815
41.288510822152645
35.42741509271316
29.016982172077682
28.830216226196473
28.891023685576975
27.848777496021437
28.246856873238933
27.681372283999746
27.88513960703429
27.974587165217493
27.75308262257481
26.916240356066442
27.308951340797737
25.988945198118998
25.52627937005393
24.645132519363518
24.376743019010302
22.986422076967845
24.08252862144657
23.889355728666846
24.646367051810532
24.63019436410169
24.862148436498074
25.10203422414716
25.86429212088189
24.923720341110062
25.93312361250015
26.66848547769881
26.39812669835092
26.569207402600277
25.91775679515007
24.867622393224135
23.18221289483454
21.323438847654135
19.09779962804687
17.420269156806487
14.391080097543334
12.983761831730316
9.166050204296136
7.435224268219134
5.011832953522813
4.946575318693605
4.689429926432696
5.9523573875850335
9.03188180718415
12.48958361798911
15.432888144895774
19.545072180131324
20.176595149967113
23.68560761127922
26.921031083787856
28.928282299733112
30.80792132042856
30.60839121046744
31.991585749166333
29.64849525725941
29.49908904248129
28.3300301628395
27.924803003299864
26.239204831174792
25.055263950919546
25.54689443072684
23.569807194501852
24.331052797996843
23.858149866231457
24.227000027042536
23.37150506695293
24.779037002256544
25.285940858238664
26.36758636394761
26.50393632364988
26.71515031682904
28.480563663214436
28.944818649991973
29.12326362466331
29.08993336817483
29.257291019208417
30.959664462321076
31.224060986322865
32.40946482638169
33.94144973688282
35.46456431298263
36.88803145649749
38.74471772635282
41.01810166318808
42.115681723184196
45.78354202220599
47.3505375319651
49.89248409478698
49.59148545719188
50.419143881398405
49.24939547127775
47.878832429179546
46.381268035628615
45.11874817311704
43.046065869981476
43.41105522358009
42.12985768880633
40.965850901182534
40.35343361889522
38.795548752777385
39.144143228988945
38.75863054699794
39.1759677048859
38.62759726344136
40.26390225640919
41.171812901871114
41.82261457601299
42.5619896657662
41.81199476436214
42.437687153875125
41.7106207949774
42.189529314801625
43.05411478213634
42.75259550943581
44.90882436510281
43.81695183189255
48.17360588014862
51.46127755126661
55.51148646588523
59.46744743592742
62.4940360918215
65.77875503832315
68.83643797151568
69.90375141490985
70.24645758525378
71.77277536218759
71.58115316275081
72.82116599600984
72.87276613204506
72.98712820601156
73.60556184560559
75.79679161631573
76.69958393967498
76.67000762530141
76.95174227770082
76.55000652679607
78.54291449287001
78.91449142432644
82.25745780976513
86.06884875977465
94.26776553026288
101.43185606247883
109.45048375007138
117.45878999684642
125.43764019062988
137.05284772514645
145.75428855304207
151.272948782093
152.30108671586368
153.41274740898004
150.0617323557156
143.06682504521783
135.18315610267695
127.43173067309125
120.54983486821583
111.07699777310414
104.12515858327323
97.59898890933319
98.8232702433102
100.14707972210259
100.16265649099394
101.07196645872678
101.33255958052615
100.8348676280335
100.78894002608538
101.45913106727217
100.43537923638846
100.42070476364175
99.02942286772765
97.99885833881972
97.24540364258728
95.86071831751221
95.78104580891055
95.46105339829633
98.03078783354752
102.21109983504493
107.08716208206805
110.00133527881172
115.24087426087463
118.26197839541109
121.52612418532259
124.79369056274018
128.93206220080606
131.51865925962457
132.89950051445447
132.86472803107156
135.3369298865119
137.20148837835146
139.34910949458248
141.9805721601071
144.98348130547515
147.74277340392356
151.74698002269912
158.5639620261315
163.25758400474618
167.26329151214804
168.53725535446623
167.60055381063245
162.996391171375
157.26361016467908
147.67629054684173
139.82778118490495
131.36651905745012
124.3141086254605
119.70213059974114
111.07134726615384
105.76372346733812
101.34156762132666
101.20047348357271
98.90383613193846
96.93074663753207
95.43927331614388
92.86540972676252
91.29521342450144
87.80218996325345
84.3652572940252
80.50842423348003
73.83765306617262
69.7914478373585
65.22311326232781
64.93392080185622
65.17206848549529
65.32640876353967
68.66970515687893
69.59007337648846
71.18493121394677
71.72401420067672
73.62399865944386
74.26353561094993
75.025575554596
75.8564979817981
77.16255066195755
76.08076617248028
76.67789375010356
75.70842000335486
73.9030164958996
72.18458834546452
68.94229056919697
66.75265924175659
64.43709908926179
62.508442965762804
59.76971485275862
58.352745924683795
57.93808695624327
57.70882812881051
57.04548864442857
56.07731180326598
55.674233359526966
55.63213385140767
55.212391422978854
54.64448102049285
53.42151274536381
52.413805145117614
49.4013389843418
48.792871934293345
46.65398791576239
45.85272146960853
45.842466527739504
47.929691369028696
50.542367308220875
52.83961549513387
55.05417846206154
57.637720254719405
60.187030544238624
62.43176483150337
65.83991556825971
66.65004474863886
66.75997349138596
65.76443800291409
66.50674091068764
66.82112504624666
66.6505321894279
65.82738792877497
66.2675412221975
66.19832389923111
