27
11
b
11.87689666595234
11.448013670527986
11.3426049553412
11.895190594449556
12.027698316375648
11.635757551419063
11.72106121376403
9.997995155120291
9.698140612811509
8.4415625764559
7.769900318584561
5.447870831980586
4.629897065003567
2.9090252898682873
0.23422127688371358
0.18633981513918096
0.0
0.46786945413036685
0.0
0.6423447398224554
3.13239630626055
8.293529795601271
11.694893413006849
16.81030193688594
21.97253925373097
26.063744556045823
32.923301481869856
38.18669104409777
41.69896658311836
42.44902999807923
41.81953281435133
38.744520139491655
34.69177807107147
28.0520200264085
23.16639434023456
15.376459899282297
11.832835636689204
7.893264048515559
1.7386861093688692
0.0
0.0
0.0
0.4264826638755333
0.0
0.0
0.4124053118696972
0.0
1.4274997233589468
2.8794110914267854
3.4243314545596917
2.9914595118892784
2.5947320941647973
3.9548735712518925
4.814203250534585
4.969583565796275
6.859864353790085
8.2634270777928
13.738090144295757
17.17992278804234
21.30074068647446
25.321920260606525
27.387002902223042
28.87034610226777
30.807444397587897
34.40968892765843
36.61441966905614
39.14038766677763
44.58657440917288
52.65830128961258
67.11006413728171
76.41719944506637
88.44898511311617
101.78371154431113
115.18417854319627
136.2549797597686
152.04353042667717
164.2090558414302
167.14013890595425
166.88922381611948
157.56351715170194
141.06346512995052
119.86121749515787
104.57087670109063
85.51353956978211
72.68319811315959
59.604615578760416
40.310085977473534
25.291795236668964
15.644032220948338
11.743614522938211
12.327457452653885
16.37473139612939
23.385895896363337
32.47226332962114
39.424804543543196
47.273320119957006
50.83983257207952
53.394333879661254
58.52451104862271
62.60539789048483
65.02590574205965
66.91890180609377
66.31755311545209
65.35554192868322
64.73279975276355
62.61838623777477
61.659607555909076
61.068237562241734
60.61134072873362
57.256972011671834
53.037496996083185
49.50935214473649
46.19325405231836
44.78250206940373
44.14432735343179
56.689166235696966
75.18125156003099
103.0790946080634
122.20937932951195
144.66936041828902
172.13342118009774
193.03807023313226
222.83199922638445
234.5609797662965
241.53281380225428
243.27669837407367
245.77426115476902
248.80245135841116
250.66288219053507
252.71983510953157
254.88333472599678
257.4411923105245
266.1842356543521
276.05021152319887
288.62803166593983
299.8538750959016
306.79601837759236
309.0843360926789
309.27863992344663
300.5414750686677
287.6950496364142
268.8800062178569
254.71424508647414
238.36821653263453
224.92205244930454
212.17699640384106
196.23295740354519
186.259578991163
180.93925698097905
179.1838352400715
177.02149445637443
174.64424267040891
172.0031641432981
168.55132394697918
166.78490557879599
163.9826997586914
156.97489096382748
151.61541571830978
144.53664951963154
139.4276987573835
135.31955246046957
133.83502772163155
133.31511625767945
130.8649359575652
127.7009123866503
126.13521579783985
124.16334858987149
122.39395951122742
118.04047053220512
112.2755360538494
105.058061131283
96.97656377874347
92.48208243696887
91.52205669791401
91.36593327920171
98.56559422365024
108.71760081537721
123.233883839349
134.31587468946046
146.28884106703023
158.15695949746743
169.4904440087305
187.97400014959445
202.08794153589417
214.2492562809208
216.7974246035215
215.4640503430369
204.97903246967402
188.10982261465276
161.8600720766827
143.48632434076532
121.62997281869974
105.90601182928921
88.91572840818482
62.93556056259018
43.37701973716271
29.699946650536845
27.524695189593057
25.747578896265633
33.56247698419001
44.95716515218593
59.564762991784995
73.466688395915
86.60862402554872
94.20834659823605
101.1809919521929
113.82341464646649
124.77884040899194
130.24129381474503
132.81547324411585
132.37067122986016
127.00133059400757
120.14314875784183
108.86773641026498
100.52769916405774
91.84139558098552
84.41844578939104
76.13441887743986
63.44912261363316
51.224729285888266
43.90829043761016
41.586273889353514
42.39710777435036
54.44614825622418
74.8859939172431
104.82754017247524
125.31202182084141
149.81999802838493
171.1609897425673
192.88593112961618
222.55593193688375
245.5930789647315
264.1523128752304
267.48858103884555
268.086422419521
259.9721597507675
248.29153667063898
232.28826925668113
219.66471890079316
204.8326237630842
200.72664662069766
196.26309061375852
193.18400380098234
189.59211707677582
185.50802929411805
181.44461421337363
177.17917734655583
167.98722426381386
154.74599174598512
136.61469093303916
121.4846946621713
102.65332005980487
83.4845395467558
65.6794479974016
40.39037658037618
18.84730822241344
3.5938077971204616
1.3185816727494495
2.0442755209595536
4.209639623458531
9.394286414540446
15.330557798918532
21.50071439460526
27.790265035644747
27.512042484675057
27.363418644086853
28.078442733407755
27.422536405846692
27.686454071667587
27.1072409975669
26.76500362829113
28.47555669298772
28.037011692129706
28.10655394607395
29.890277950256436
30.860579165605763
31.252937508430275
32.766328271447264
33.77194959258027
34.6567135968763
36.556349674343195
36.94433477885323
36.653425529691674
35.00810237853498
32.255138435898495
28.338519097135503
25.579113329047196
22.250907238890964
