23
8
d
81.44624124545552
79.91432587810033
80.30271601857535
80.69261665665543
80.61290334041632
80.701181989871
80.5392239879612
78.01636819649893
73.23323696708536
66.6018244452708
62.53488547752734
57.12351931699936
47.01929333704254
41.028500972914564
32.86528515861129
32.90527016309552
32.299192069881826
31.78260333833501
31.547295472589514
31.38011033578123
32.45439381611603
32.34588145837317
32.25408154373944
32.25490440124419
31.51884847589284
30.6607623420135
28.985971833626504
27.203966201646622
27.502908734412703
27.016137152830428
27.814751950657644
27.293587724989276
28.30252679619597
27.374459079997433
28.253614109393006
28.29440389728638
28.44501722050483
28.622848056156464
29.19178631217636
29.720969834004975
30.81107638597012
29.96918634316655
29.887765399713007
28.77653448465032
27.42251465336503
23.53122972662507
21.936565748083858
17.93415308054058
16.618496448759615
14.605246129759355
11.174248188050948
8.660110794472686
6.499861257200425
4.080682940801648
5.417619254799663
7.824987147737608
10.672140582598995
14.278936108112003
18.27073186280659
21.346717742888718
23.26239256591204
26.03869361087989
30.116620718299615
33.265424955128765
34.960391742340036
35.60644304224084
35.5034401085171
35.1659582668898
33.996507320037146
32.31262297806368
31.99702903886994
30.788487794281487
29.940824885923785
28.821491117913176
28.297319870191284
27.654845293088766
27.056507053638143
25.56772691549992
27.161364555360148
27.47549373785629
28.796996172743075
29.831065360216556
31.231968394547348
31.574955408137033
33.14512439115831
33.08162864887398
33.172245013518264
34.964019674695756
34.64639456157676
35.092655378889695
35.39520244303876
37.00279138250903
38.631119430513294
40.11308744717014
42.21801494227288
44.535601720315896
46.051199977069075
48.511734047352554
52.82119123472584
54.50226505748761
56.358961832075806
55.87753673284675
57.688258271570625
56.94486979756091
54.54664647303989
52.80594794294272
51.42861630808563
49.817374509089504
48.86765187652521
47.64402231639505
46.6688342557935
45.35267742360152
44.10984985146238
44.343470161888945
43.92435198709326
45.20824639127282
46.211049696441464
47.49490257442975
47.27930529228836
47.71956833322975
48.30240218181047
48.40248634846218
48.5299947685217
47.89412879374355
47.919002298862466
48.586690485058476
49.07871677707552
50.50643833507889
51.84340965352575
55.5358315828917
58.69375889286039
63.34796892645098
68.08241277532444
72.16677579815378
75.63822259705256
79.16983901673815
79.69027077976796
81.03925926389482
81.49074461742538
82.04338019425155
83.53032196690829
83.46316884241406
84.47062503542368
85.36198341342174
85.80847036061107
86.67159893968226
87.3389502051292
87.49044107980775
89.97584946942196
90.29866736503706
90.41820695260766
95.15508136558962
98.83004242894822
108.10928966128128
115.9361138355449
125.80882304239815
134.47034379596252
143.62005471134034
156.2885722919873
166.85706935470614
174.49877982886102
176.12720306824264
175.9459265660288
171.96238873762155
164.55934985939683
154.44493197302214
146.7535717209408
138.3560098937661
127.26987237401802
119.09862813950336
112.05994875321542
113.92922005315083
114.69076979730028
114.48731748212963
114.75421157374213
116.09161317343336
115.36897336275156
114.91785959725296
114.2966454350128
115.55439539197684
114.35468225432807
113.95986075802412
112.612512671193
111.57782797653832
109.43266122170674
109.32770027581022
108.28618176808456
111.26555727502911
116.57307577232366
121.63151925269236
125.41485278645203
131.32478058318358
135.51814244668478
140.24341958434343
143.7002987770989
147.29668470815554
150.36342619169093
151.9357025370184
153.53325038536784
155.21477324999384
158.20544383375918
160.25347152141012
162.75959480813924
165.55911167184024
168.2225692068002
174.41729630136976
181.66824906094513
186.60552647832034
190.9147498092356
193.07243278345155
192.95301829471288
187.6207232315653
179.2870407717351
168.901388771601
160.79350111239054
151.17317724328385
142.962283275255
135.47571486251942
126.81874644460451
121.04751395217396
116.37889690996947
115.56671750829624
113.5065877983465
110.98415534899036
109.33801395748631
106.67921337424625
104.64277666766239
101.24371582542348
95.26667463619044
91.40601576116629
84.57524377864485
79.03785895006295
74.87683935625442
74.94993394138127
74.10127106497004
77.19771191089339
77.9157264891019
79.33509898696617
80.46079604774938
83.01415557747431
83.89286157115974
84.67412845689387
86.05260900307185
86.15493664588885
86.92439373865186
88.54774389648495
87.78962198887156
85.96068219723979
85.15217814734991
81.25266243128574
78.66182120281306
77.02798200242142
73.85741760391602
71.53198961640166
69.0506259775722
67.2438540460901
65.5856406393063
66.37053649627265
65.79591478968646
64.42336284956312
63.764735197540645
63.9238632268102
63.15785221870581
62.462490639160336
60.38818872634255
59.88347405727219
56.742138403983795
54.770097447330436
53.73692968077917
53.00438823494383
53.204588359904264
54.53592820037897
57.27238788703096
59.028901622280856
62.902959519396425
65.63325635224918
69.70084049755818
72.13218373301851
76.60137704823774
75.39681584718073
76.04497594553632
76.20892450106692
76.2914155166396
76.62004385844814
76.62032218644025
76.00251420712318
76.87502930027638
77.07350570767937
