10
7
e
172.28071680170004
173.54617153514064
174.00227787422608
173.24957399438873
173.56963437776025
172.89419004026902
172.81349235204834
170.9304792722974
166.31921795349504
160.1997677408177
155.9769965615734
150.8033855808593
143.95696696960226
139.6691601331122
132.19474860006335
129.74420264647756
127.53421891362888
126.59311989720571
125.13739783473834
125.05537322425427
123.79113670677872
123.37591409884621
121.99637673392945
122.01098441623263
119.5558019984076
118.19765122052443
115.73315607431253
113.53080554732968
111.59664243061562
110.4952027260296
110.37300895909435
109.47448926284169
108.11135184162922
106.40455187689535
105.73382364970031
103.45627379886584
101.58410843833974
100.06694161595294
95.42548828661687
92.51150603378589
91.36855060972356
90.49356334494726
91.147737437838
91.38154323226111
91.85016354347323
94.54518757619815
94.84309623483774
97.20293988838692
98.191488801514
97.254933192004
97.80776335687456
98.50665489707654
98.18325269455059
100.35017500794818
99.61881894422744
99.8753886013816
100.40303522200865
101.89470291412113
101.74041894562362
103.89234024466344
104.06104198558356
105.71456021367844
105.69232145754998
106.50507245997784
107.82144059324366
107.74221721813367
108.47641773609455
110.2489676597206
111.46008323174964
113.37031537592112
115.34280550196922
117.49266309960194
118.67763752905029
120.55993703527618
122.22245431964917
122.94080589114223
124.28845918041944
126.13236892862815
127.6194381722929
129.38134106698132
133.29407399232204
136.19362841923513
138.60887550627342
141.65470511276325
144.27410911201545
148.48948515532692
152.2072966163017
154.44551436703227
157.8058682000409
160.37970766632435
161.10389584967032
162.93204277265545
166.1740541859607
169.41387778888821
172.03977530325463
174.88756035939645
179.3379079044651
183.22159973685703
188.21121652047844
192.65819876150888
194.3429247292543
196.6507511550545
196.99567899775474
198.5981349289185
200.87537267799829
203.1411773907851
205.98533540039807
207.30555524654892
210.99544084769377
215.91616772801436
219.8081292648647
221.48069729011627
222.60309109211016
222.7398024068598
224.23497218179722
224.45768257783516
224.5618254556526
223.94890191304125
225.37083503455182
224.6972993940744
226.1539597188566
228.18331387708145
228.16037205829838
229.8666316693431
231.61424233415
231.339715705634
231.53715407353624
231.1816845998696
230.04021783724278
230.1911123252942
228.00275443111443
226.8403766785491
225.93127395921312
226.0301108990194
224.25527654178947
223.5195541551298
222.0602230751065
222.52402573777752
222.65985988003507
223.4457837771054
225.91372858881266
228.11008684616107
230.81372672805222
231.72941459598667
233.45655987848093
235.39039744999346
237.5881466596305
238.58412250271024
240.10079640885002
240.18194798152635
241.44378723533708
240.6189985300198
239.86423492442367
239.4551240315878
238.80072308159706
238.48051861646923
238.92363355944326
238.49757895747373
238.11601090891452
238.5714951281377
238.99512838353994
238.29389393606098
239.44693952833316
237.26209118422335
238.06819609598466
237.69517431232927
236.46824004127012
236.43720506291453
235.8778210218808
234.88373572451465
233.43119566152214
234.41211069778302
234.63258110978373
233.34571314769892
233.92679407648092
233.23461970702766
231.42877148707612
231.66187803780954
230.54234475467868
228.92163642234397
228.17517155614667
227.6405118575742
225.1749712608675
224.57544298123042
224.11079284508375
224.32780849453516
223.22012394783016
224.0300657812455
223.50857302652994
222.33002846268178
223.35668608462012
222.71573987690664
222.64947644489422
222.65023950707095
221.56698762031814
219.66684737095403
220.2849115228502
220.5073122299057
221.0919886764253
219.52252163744967
219.58606591198463
218.23081510107704
218.57941978046745
218.1172521802601
217.371013717791
216.79424086701965
215.4571686610998
215.21521310728218
215.1395016157696
214.24531671834805
214.77948072179439
215.29639762285754
215.95927768984154
216.62587170785991
217.1988683051084
217.45610961271586
219.5279073088474
219.44303932652443
220.29302261869952
220.5186675681136
221.37992420956607
222.4121544934733
221.41642465519894
221.50686371790943
220.3404315443109
221.1322239088871
220.27062051137565
220.05345596766142
220.2147346544892
219.79511676441987
219.87420247612155
219.97550879776963
219.7230018585079
218.2724021621958
217.6577541972373
220.1668519984611
221.59993490410852
225.17288593567497
227.0297119625643
229.10693068087866
232.9407967863196
234.85986282956523
239.31481991948453
239.7952378172398
239.519416781448
238.62340721726616
239.86299768218691
240.43871272072118
240.30181075401313
240.18591779794104
240.91731707078563
241.20448767037445
242.33105744001054
241.5603798765353
242.66002474065291
244.24103733948527
244.5665286373409
245.09607806392063
244.82052045781103
243.0391139356275
243.10161872010562
240.93233575439663
240.80378672689292
238.02680045249326
237.47035406268404
237.24775510432463
236.92027866193547
236.9558659446062
235.24488601923622
233.9088462879696
234.01998660680164
232.2824913595265
230.14036973917845
226.63358764883262
224.35636594483574
220.29582691396163
217.62314384176983
215.64686776640139
212.27286130432168
210.03740326841495
207.67225073766195
205.99847941780408
203.7538050946989
201.36501127679253
198.47053392908742
195.46041528453134
191.86870869366408
188.38518971086964
