21
10
e
147.72683223273995
148.1878298870717
148.91758698993215
147.06502787769392
148.39376901650428
147.57717944527664
148.22775255937856
140.18813678389716
134.13753335519337
121.95097790867399
113.80459853747811
103.55117676522107
86.72882151394494
74.35748798112255
58.95987841687701
60.175721177169834
59.02368750853725
58.9151348897466
58.503799308705545
58.63015385282993
59.32260438506291
59.536439277978374
58.752489842435864
58.13459801426355
57.38865175543141
55.96721572783286
53.1178783023067
51.45113496102252
49.98942962860034
49.724160891005354
50.0285435279153
50.85108437654704
49.71410480242226
51.58212152966829
51.72433799357669
52.71156505879953
51.874777470027524
52.76573684215456
54.0659109635624
52.99435446680522
54.92864215541894
55.237366263209964
55.348625065814616
53.24572514083642
48.907874041433445
44.571266955992726
40.47981555132429
35.91098389788423
31.265196328300956
25.685783263589556
20.178898533684777
14.695439656776935
11.77627227377028
10.162163749938708
9.885591692144452
13.578689105892886
18.336805623046544
26.491916470512653
31.763117432807096
39.74974547052296
44.586984795881584
48.58115804962479
56.03130269044526
61.06171568135495
65.74780927952189
65.55587165055371
65.43519801251102
64.49480706564994
63.06557511292953
59.87368582662722
56.984899402719584
55.843053875516766
54.44749782308345
52.371918953241185
51.51355300668
50.66084886390406
49.381129075398796
49.27443615784968
49.39044059960981
50.99889439183459
51.56281980180692
55.54341179730365
56.63133395670598
57.93303924743669
59.60710157265158
60.2321970741477
61.45855139830582
62.415730448187496
62.363174585460456
64.70592668825344
66.04868560131887
66.88386433057421
70.46221879194557
74.1027723323161
77.91570081224752
80.12586390143203
85.35677880003664
89.39144191000628
95.50626933267299
100.82644677702248
103.92431660572107
104.57512500043077
103.35295869733854
102.69223466436807
101.2621112394131
97.62014500691127
93.49204076909834
91.56899387130353
89.06837925330609
87.68810800883055
85.50378075662087
83.19277112985563
82.13066817988353
81.24959086457378
81.14614488058778
82.10703864785404
83.62757042021983
85.30495418894793
87.4217157295522
87.52435737999718
88.20593846299923
88.72439970032244
87.33750270611444
88.21006286947193
88.78001456799035
89.80788296549633
90.60999133711091
92.82260805904018
94.18611375776182
100.99543545748854
108.19983158534204
116.84140534925798
124.7375355335594
131.40015285945339
139.20879403683156
144.69556357607948
146.54690048047587
147.63293316924938
148.872750813115
150.86678324022526
152.1083436426034
153.53123837405778
154.91168136027147
155.46076355829248
158.1605509989014
159.53780229626636
158.4832570208416
160.71458379400568
163.23746064457137
165.33242540159307
166.1974937786987
173.87270936193636
181.20925988391753
198.86432419676564
212.35783629489086
231.3491317541477
246.4787547677669
262.71011150583314
286.5597676299738
304.3720651979469
318.2245225886933
321.92601723168866
322.24435903017275
313.4947150802975
300.6723055467048
283.3644440986832
269.26395959716143
252.9704476977801
233.6386535878854
217.92872021472985
205.18940328368123
207.12881401715524
209.39492570567518
210.05958224264498
211.2115906119106
211.4153494979661
211.1634112334265
210.16532063483317
210.12520415265948
210.45713155703336
210.26180345690057
208.2322184427407
205.5105271812831
203.6438583984849
200.91872525000295
199.89931312021247
200.98591563716053
205.09025718594134
213.26154720766363
223.56991214861597
231.49311761666902
239.86709825030454
248.16651919518281
254.62564592525834
262.9108633591537
268.594117531847
275.66074193549287
278.16316791635336
280.4837063246524
285.1178368310998
288.84007692604393
293.7237896025716
296.85231277049587
303.0491730135244
309.91634111297793
318.9005202734606
331.49405083784194
343.0501223258084
350.2569934470845
352.9250571068471
353.07898747212073
342.9697362796113
329.7077697653654
307.3871339478367
293.4072735210252
275.94468468713046
260.4543155403584
249.56931014880848
233.4605788460119
222.00668184566146
214.14601543941228
210.80566788160817
207.16198808103556
203.75640730464903
198.8506339200822
193.9848878497832
189.86696747138888
185.72018293944456
176.21404839917778
168.20263058484176
155.1182528617103
145.07246100280648
137.9951868300007
136.5037804646752
136.1701784198759
138.37145531302247
141.7660407815365
146.25625226733146
149.34925506490492
152.96190124821248
153.3440933119259
155.07700470874778
156.58322381442278
157.58358823589157
160.6460872651751
160.13386927619018
160.38531559942243
157.17113770806304
153.7819382931502
148.46327169653412
143.62976516046035
139.07856145019053
134.62259490789236
132.07970749524117
125.70543549461307
123.1369170062945
120.91565922390157
120.20992090789349
119.53061913237897
118.14995998895564
117.09020573236288
116.53716177706261
115.82918768951882
114.06189993454937
110.47250978984958
107.93628567964551
104.35793190732778
100.33744840713595
97.60922017602283
97.54053217217249
97.34659487177998
100.13012792701042
105.22779487844305
111.36174137024234
115.33936880624135
120.59860784758732
126.2435051171954
132.26492468214727
138.5573744977527
138.9294990854677
138.5163259722727
139.1242480149791
139.54110089580442
139.97176571309512
140.8557413652358
139.2588196923006
139.36644439465059
139.42568951041608
