5
1
b
169.16700585686218
169.18475297045126
169.42795477410422
169.8304142697813
169.7390614594799
169.2149074011028
169.41293027938843
164.35781401565245
155.74023429739987
145.75047772622872
140.01054321607097
129.94824477870205
119.91748531127075
111.6212371832832
98.75662611006108
89.20760884512805
81.71818636433117
80.17040235651592
79.68828403017876
81.55344186834975
86.16868448945344
90.5910724549713
95.15339378572537
99.14946864422461
100.87809197936565
102.0168358599645
104.00783134546188
103.86292329522068
105.75613437759114
106.00538592601274
105.70469563336164
105.62716150041393
106.44507415594175
107.16643069106341
106.99343061804491
106.71069302555247
108.44970585911508
108.57044434579741
108.86400408607574
110.26619075086352
110.5947545391371
111.12915252740643
111.49041454928354
110.97140417199412
110.26593202274775
110.76437339577627
111.19382316151581
109.5527392628554
109.77071522644579
110.36668548969189
110.51557456405972
110.02268260644813
110.04052937401765
109.74228597694983
109.9300077058299
110.02362120415098
110.22687992901925
109.72208979282973
110.33640272259672
109.27046534143844
110.25408394520765
109.25202810336566
108.10904301535356
108.7712214088133
107.28842335248562
106.52636366347637
106.80365547485937
108.66928665731639
112.45366580058968
116.7739891542042
120.15004453438347
123.44884182984946
128.49670610133035
133.86333068219895
138.579508394849
139.41186308165805
139.27971890338821
139.46440879702695
139.8693353056487
139.68310558155326
140.19160559429423
139.77057873609837
140.7533895014207
140.26083621367437
140.84729139335212
140.35803884372967
139.40437718983358
141.1603821183583
140.23645756383144
141.4044246226143
141.6760855365032
143.33633019933256
145.25619570764852
154.3314065585338
163.477928530603
175.84810767270054
184.8026661267863
191.72226252548109
203.76642865809012
213.61573406384483
220.19251277091016
220.8826125028653
220.3482156623258
219.05539191117688
217.16036795952184
214.23757539294618
211.59056577559335
209.02427902428767
208.90210293681224
209.3401475451394
210.6257129937405
210.608987889787
211.40137007679434
211.113568477039
210.6706803165493
209.53574622853895
206.86030417558487
203.84731062796814
200.79830820803164
197.5863226603913
195.9518945629731
193.1176615356864
188.58620842271856
185.09689233679018
184.15702435342368
183.39786973390383
182.77177882954464
183.29213113593616
184.52207799950705
185.83333104061975
186.18565549546474
186.89901194936775
186.6454053325075
186.1536770496404
185.3827057749796
184.9720149382432
183.59437898524504
183.59899807716317
183.32605003218552
186.0603262102074
189.97348330783072
195.6067470764178
199.26250574296532
203.08997455230343
208.00878720595892
212.3712735942753
219.04478608569542
223.69790931781068
227.31596912063657
228.40568492373143
228.19301989985246
226.0697882045594
222.72759638722263
215.16225763625997
211.56192285059055
205.79375485167355
202.97940835237392
198.2749852814324
192.58461437853717
189.62873709764668
185.06393159934083
184.13429257412082
184.7041627589492
186.88168835658442
192.24655570363805
198.64979768514567
203.26381713435444
208.89809987519777
212.4894724838313
216.0244696859703
219.17769917997265
222.86319728801618
226.47751395814788
227.04721297864893
228.85774747418785
231.66574974482114
234.96932160968765
237.90308061928064
241.62002503509052
245.5722517353792
249.68517531595907
255.227740725144
261.6880385642951
267.2795621379324
270.49879464875744
272.4486560275182
271.8207120014923
270.1007670822195
266.29190782377003
263.91564081115064
261.8683047210943
258.5126861464765
256.00259073377373
255.36626801298897
252.6182944575039
250.70430485886587
249.1502340128092
248.23588728359258
248.3184634139517
251.23113899000904
253.6257301832869
259.5654350738165
262.99960619799424
265.7780925690446
270.669389918875
273.1848360490722
278.7015946845185
282.3142465935313
284.4972028073247
285.9983659313148
285.7343256294713
284.9233573593953
283.48457230805207
281.00346601806837
279.06867170759494
277.43533623676615
277.5687207998242
276.5772467419321
276.6951871499326
276.8135146090118
276.4699482683464
274.9727001054874
276.1068106893383
273.9410953342981
273.28225385856587
266.98405987488945
263.2381756145438
258.7400080140515
252.58741817835363
248.10083600849646
241.6864078299622
240.2886856070112
239.3487977134559
238.48876382756632
239.45085694502532
238.19938993924188
237.79486391598581
238.2965918775264
236.83271151790763
236.69280896432585
235.667008592738
234.22256324531713
232.54329395893558
231.62369653810782
230.75305743096132
230.50701684532456
228.6091073560783
229.0823603727364
228.36778018171523
226.40450439591265
226.5399077167943
225.10826063115718
223.68006887080148
222.49799835427334
220.81420407346417
218.36393641560036
219.22204647534966
218.119611312396
218.76710327392527
217.90218118398957
218.3463136112749
219.3986199550911
220.04436805024392
220.19391618828232
220.12177849346676
220.27944071336276
221.77914966569637
221.7169757350887
222.38235067636688
222.53119825518547
222.58468072748633
220.50464893756148
216.82556753423043
211.6710067314168
207.76058002204445
203.46133115296547
199.07322483588695
195.99539371046725
190.82409695977898
187.77131820877446
184.38095659623522
183.72478418040905
182.86740963175362
181.8351546717741
180.84764690772624
180.56435114475923
176.46944968126934
176.87481581499324
