3
12
c
128.79384377381143
128.41322918275696
128.4730285882212
128.55278380825428
128.51441945294604
128.8679422364229
128.22735506727147
123.12678841002561
116.8552486924724
105.61407703613926
99.58051311925398
90.5322132057615
75.4050625832075
64.44071278492851
52.569173468312634
51.627792287201636
52.08736746921389
50.990116024706985
51.82100679282111
50.85930396121312
50.777916048016756
50.73427309972965
50.2320627161045
50.2526148646863
49.801844196347055
47.782981480477225
45.634541610877584
44.645721933678686
42.74494126235962
43.24677742332064
43.280328059886585
43.53752265187025
43.01471574577519
43.57271875056644
44.60661666995053
45.17543893820329
44.82617008304602
45.68488117949936
45.30714171891812
46.76270145917379
47.22057714671183
47.53723234524392
47.80546156717078
46.24199349957549
42.12638349740677
37.08794416061971
34.45851785062554
30.954602072493994
27.161571771918027
24.32819958498513
17.309357790758003
12.949874940133943
9.065868032292311
8.855457348969964
9.619724120821202
12.101779262205335
16.389755436972624
22.789808056397963
27.534742342872317
33.1590273817628
38.669658498554504
42.493637558547405
48.668706591070695
53.509588427638406
56.572303819563736
56.75317491561671
56.80967615758628
55.3646771783917
54.61991147082739
52.893979706894385
49.536255696116044
48.23563002712823
47.37184040952783
45.79254794276805
44.80416313068472
44.39181476144886
44.220056498147656
42.71920414268055
42.945277820711034
44.04994836071651
44.93047016154864
48.71001988021138
49.12725380205751
50.453248028930034
52.07752730176282
52.92425205472381
53.70304760497129
53.459769240877506
54.80331766812638
56.44522952955053
55.78208601662094
59.33436596904202
60.97893907044072
62.87348445952345
66.93304855383165
70.50986343147406
74.56992027991873
77.44597484054809
83.0474492734478
87.21592572477414
90.60996547067231
90.83091915477735
90.13781831430929
89.95633648680285
86.73604643859127
84.00495073200364
82.28805744789568
80.05015909331907
76.90780013211295
75.56412408776994
74.0919137367161
71.94270674773149
71.39472805524714
70.50137265702195
71.65791370374485
71.67019740805287
72.61663854171931
74.65058523321818
74.56764552328313
75.5991626624044
77.32973979518309
75.73365774812781
75.69247182800437
77.4256495677676
76.2906113276373
77.34708321847502
77.87859958434788
79.42154666208945
81.48441971073153
87.96719562274396
94.38787031741647
101.82020323794751
108.21513057520039
113.19302351571156
121.76643635495235
125.60351707445439
127.8280291355288
129.583094564871
129.64571139853103
131.19960533426465
131.46732010790365
133.42105777542218
134.20469267238227
135.2579468869352
137.0672227516731
137.45853053222544
138.38545398110867
138.75505734386698
142.13505572233527
141.98511773253927
144.85843245597292
150.79440372901405
156.80944450854383
173.64804851655302
185.20071889283267
200.2590864141304
213.87904794765086
228.30283410256865
248.38573992444518
265.3390770254342
276.73985027034627
279.9255396403103
279.539327647105
273.1018460352863
260.6038785215888
245.41263356992738
232.95088603590813
220.77719924214628
202.838254365598
188.98996678163707
178.31621573761612
180.05589731689992
181.8217535595147
182.2833450304468
182.40131603807828
184.3634086495184
184.12610202796918
183.2179459841076
183.42677927918206
183.11841081566212
182.20870136563704
180.82527136408586
177.56293862524512
176.9186524023944
175.2719941965966
174.0927638866448
174.43743843441564
179.1026065189179
185.74280788350737
193.83756905784006
201.68683253906684
209.71256559160847
216.14522499411274
221.2501869150853
228.2262819101468
234.92157760849665
239.5435480120996
242.7139609032378
244.0421652225468
246.9823582718066
251.36321425470757
254.7598983917734
258.7710055899868
262.1863783039082
269.4106589125239
276.94646821100883
288.1358515493477
297.2879376075545
304.2247310392299
306.0808943894205
305.7252299027863
298.22102765969
285.4684245748064
268.0595270143831
255.44753660221923
240.5905296872668
227.29513625959868
217.00448176463138
203.7189104809496
192.94301141591964
184.96891963795076
182.3870578421879
181.784550723806
175.84517844505189
173.8237513569195
169.73577024378017
165.67373199222024
161.5956986868192
152.99689250110492
146.34358083316675
134.00447482151705
125.59596015482848
119.82798156843643
118.12751265294433
118.54607416314602
120.7032412918895
122.50048082377835
126.82174793742492
130.28440212654334
133.72848283638254
133.26455501577917
134.25299709987456
136.0809656482867
137.7544719148565
138.03345735491928
139.38655396682705
139.55064943425376
136.55561700112366
134.70808671776672
128.80422633397703
125.84132139168976
120.81606291756637
118.1127247737163
113.97682025471505
109.84578050942345
106.95224596462164
105.57177756915038
103.99253237554821
104.10051549368345
103.58548601797405
102.0758530656058
102.07888696915973
100.06937651025707
99.34343220181523
96.47085203942498
94.64343439917563
90.75877684858001
87.02512224253839
85.10998032735961
84.72426176205633
85.42695167519979
86.67770169580571
89.92884006042078
96.55270492794558
100.0952383767165
105.11809251323336
110.77231028301412
115.25547040040533
119.71272444055198
120.95750975343731
119.78303337477175
120.26514375637858
122.20676580745454
120.6884537139904
121.40559473731575
121.27062819486623
121.37626183617334
120.83222981800476
