15
12
d
24.67637538795157
24.645860788746095
24.61941368482741
24.5078165600437
24.2130321002614
25.22694585898059
24.06285688808112
23.88275078049836
23.701394792992513
23.73107719266154
23.533151905328392
23.101275902834132
21.651724904087168
23.208382469480007
21.961151110723087
20.75729767979352
20.275237965727868
20.458070503485036
21.75813092743071
21.737046477995303
21.437109264389676
21.39479211324073
22.421019794887894
22.204021614179812
22.83199404593877
23.452049084107657
24.762929508347273
25.92422556121726
25.65155976448276
26.2310928482189
25.422021662631877
25.451362281958456
23.118780261674733
21.813795960806125
19.043793273627873
18.228175545226616
14.371309664426
13.749667840462083
11.888388982875728
10.15396650946029
7.922518518675787
7.535639165806484
8.514462712554627
8.360532767342262
10.779297251283547
12.229185656908758
12.229392334280178
13.810379960873563
15.022821013381618
13.566936828357905
13.19316809366909
13.897797015567473
14.666650237318466
14.81267029565834
14.94130888926763
17.552323246555275
18.13090821007299
23.196246043442954
27.131181324900158
32.07690661532436
36.89255753029176
40.226466162747975
46.23872288873738
50.11777409069729
53.56951184539329
55.09809314511994
53.87145731767168
53.13039399885702
52.4288946823092
50.62261215504571
49.559094690848134
49.04123539382651
49.093134750694695
48.35223043530099
48.01038046564871
46.86507779124181
46.76636248743368
46.364607064604876
47.19489892165073
47.8339224441052
50.31714873357037
53.519657344600795
57.309646168271335
59.260779830427154
61.820874185694734
64.12238850387592
66.50081977216492
69.21781494960445
71.41244573179146
71.23379610939986
72.51661692442346
73.99408343343403
75.11119733484867
75.73186915844818
77.84665964380613
80.30422161678597
81.80457937104364
85.23832445067278
88.87566170299235
91.44066247250964
94.68188157627168
95.50792391871337
94.81110176250083
92.42903084397331
88.54674104525562
84.180360003586
80.11639542742981
75.70969458413504
71.83846301659004
68.53354896478668
63.72342342192594
59.42090459744848
55.21405346932989
54.307073027510384
53.93039135755954
57.45577527542828
61.46280823889639
66.2010472332137
69.63448390508735
74.27217739032108
77.55400242257541
80.67148326797168
84.04276874374695
86.79263205784345
91.21840289178112
90.4861056253016
91.34747135112639
90.5393388123842
88.45428168190973
87.99108561876034
87.70678673300114
85.43684290557586
86.46893431784936
86.663354884285
86.61464746202648
87.2025304657383
87.57476834203673
87.19568782072695
87.21373288536547
86.66206000880881
85.89345837629591
85.10061952618884
84.32785283963582
83.85552239350028
82.71255384617285
82.8514896996057
80.36335784455444
78.22463046947223
77.84823798479898
75.81846806881374
76.96423620054155
79.95322790440886
82.85178527901547
88.63430990662489
92.4923969974301
97.80740880673892
101.61413267851715
105.02693172318102
112.41526971204173
118.24702379308756
122.09317233433951
121.78912618032396
122.63455179716816
118.81352326699017
114.21729755966216
107.04825188222327
101.32805673929649
95.22750905958056
91.23201608015832
87.25657392217457
80.60799936581458
76.37949838452634
71.81979335110141
71.51354697414631
71.86952682971959
72.45133558445856
75.00883053077432
77.8083340056391
80.3881110541782
82.42093321842283
83.60559474840008
84.4076941687976
86.12733909999882
87.48202225817509
88.37231602788074
88.340218953911
89.22794855195768
87.6572544656136
87.33076043835675
84.96648932985981
83.76353506813392
82.61391367432041
81.2121222481537
79.11542574922058
76.82498199108903
73.32143083720162
71.68179999235355
70.58889038383525
70.4555110156276
75.31585380471695
83.39130405903911
93.65646950641786
100.2281856477081
107.99163396568605
115.81885950356153
124.3769583736275
136.01121867761225
145.10318689697408
153.5980094822409
154.4604139716946
154.18377610288525
148.49106056583108
139.58879389611548
125.61220077088177
118.07877667796559
106.97741876622973
98.1712640547771
90.7339985113175
77.92899712309446
67.6276935785559
60.035779234467796
58.978719823628985
59.30653778664118
64.66923385819052
73.6989641557969
85.25053203611542
93.94913614270625
104.30323244284024
111.5595603052343
118.16607274546033
130.2172524480081
139.09465678783204
145.39520361110334
146.95221646337853
146.99618622305562
142.39588824337827
135.71002890229002
124.71454295746756
117.7738366463544
109.14714669606016
103.49131825191128
98.33560600004775
92.89939605068946
86.64989646600212
82.7815815093599
82.2482224247341
80.64651597727047
79.26983493236207
76.37683631686292
74.95758051823647
72.62284279566252
70.47795223455518
66.09988989216927
62.032538221881175
55.56763951032059
49.67520149905776
47.48566642675126
46.502155259937545
46.46562733940452
48.31268733301251
51.1630223559634
55.58030504265573
58.91325709940385
63.45689180489325
66.40629809309726
68.10718212343227
71.88166302440132
75.53111864165085
77.06279606670115
77.63514613340854
77.3280099722409
75.6969526434145
74.65695920856152
70.69131098603289
67.69443522942882
64.58755103926916
63.18870479544927
61.55911224708299
60.69245314752208
59.98250936605922
58.53683497357618
56.809945353200376
55.12035253337767
53.57831965054099
50.06310639011333
47.29078389988214
44.77079107616947
40.66107036184389
