2
16
e
35.88080516401409
35.0555944983226
33.75356264531652
34.910311085508155
33.999815564165466
35.04310806648005
35.08194349363364
34.62133070720933
34.10336586315604
33.23384226976084
32.60549086972999
32.39716164324146
32.70228443018172
31.348013194630113
30.659480690308197
30.154091109469924
28.99168541589407
29.76819080576055
28.703961638944506
30.698505129286865
31.116097101093057
31.59044539278304
32.101547359875376
33.088491592580866
33.251730419486414
34.57614351452241
34.516925674172946
36.43959625012221
37.455178443543716
37.73095749203845
37.098371887037594
35.632957819021215
33.48330906485135
30.717956843322135
27.20834865057524
25.065767419720917
22.49196271486388
21.09544384671936
16.785447169760893
13.927725353921282
12.195462777105075
10.112812957959767
10.545603580546892
11.263134277702958
13.841734257990776
16.069654139180347
17.565538869578816
19.43620126824658
19.019871817368237
20.535321716848603
19.891371725198347
20.73616502263544
21.837659813161828
21.357546257338587
22.07406056904128
24.385961850540287
27.398632419132436
32.76975729254357
38.927649278062674
46.1035008679706
51.84196857537345
58.109103760067605
64.60642552786263
71.56743520753469
76.4174756133741
77.4422445873328
76.99565180367985
76.47197445795477
75.3051462487297
73.58819474459943
72.05455207404222
70.38944020514104
69.37228993218699
68.47361167606306
67.01807026676373
67.20738148863342
65.54756460785478
66.01173310736154
66.38213476172275
68.27054594678981
73.30278707040172
77.91259373013705
80.65635022925193
84.57226344996276
89.34989538392368
90.78900368629303
95.31886004117368
98.34425773732318
101.57376551560539
102.83238631798764
103.10374462140163
105.54218358133404
107.6511101038473
109.39920702034064
111.50125213387007
113.41281880921771
117.5606197339164
120.7423297687797
126.94975894738562
131.56184396351728
134.84825474444588
136.19294908119352
135.02782404055318
131.5891933613464
127.04704844956382
119.04812495926087
115.14399397596668
107.98895219211684
102.99948142896417
97.05390865690052
90.17876225836666
84.46566844100815
79.2463055562836
77.93465789161205
78.31204679108492
81.71014177110906
85.93167309326897
93.20731935515022
99.0248551499026
106.06143883828727
109.88449826026373
114.1568956850976
120.96303857930891
124.8130864842425
129.28567942487697
129.59604274287463
129.0132103316705
128.362971760848
127.42747706035193
125.88241815280784
124.23744214830646
124.10494357998816
122.99425664857151
123.32182322179506
124.71129018840789
123.8552008955733
124.21409681819156
124.51627906394302
123.7216216435875
123.62679584093519
123.21524235794985
122.20481721794529
120.12497087318528
119.45814154111967
117.51434840296527
115.83683175091672
114.65211310834707
111.36494045894587
109.16722974804502
109.90522547440703
109.28085073667204
113.49901311804761
117.79245841057143
126.66879041522553
131.9408894478408
138.3845263744437
144.34713566058463
151.40767790845405
160.54995318549493
167.3604661125144
173.32966524669544
175.05815558914128
175.18873365593564
170.5742648934193
162.7219869042528
153.03785949872247
144.83314524530707
136.01211620319987
129.77485581765148
124.34490199049843
114.71856382934705
107.96911842926879
102.7513675513631
101.78310021735331
101.51788481054349
104.37241019452414
106.30175891766716
110.69061495607002
113.5783721121139
118.19996385974493
119.18231431223079
120.0409354553357
122.72769924391476
124.78016844823632
126.50045866237552
126.34069346363667
127.31600680868965
125.39824503532357
123.73610100269453
120.46113730976826
120.35622041165352
117.05006039555869
115.83573052410469
112.68259076271563
108.87209290975605
105.59895067614681
102.58290172229104
100.83743293967109
101.5507577767448
106.84905667063411
116.87134492679887
133.29702645019992
140.61216676823577
153.95045750315745
165.15901172053398
177.13623552997552
193.94236386469657
206.9024565490461
217.41594366047244
220.04634158445018
220.86814152153835
210.93492042524036
198.8506348029473
180.43415300073045
168.086398164879
151.8782562887468
140.15902817758914
128.62999428936243
110.6991507022079
97.24168704356948
85.58791628089718
83.9606296044391
83.2069434097246
93.47036475004039
103.83848227410442
121.22740581238587
134.8271077871272
148.33047236108072
159.21012639646725
168.878288138124
185.79673780517766
198.208655831107
207.54061358997026
209.7597786973145
209.12958955752168
202.31143382353804
193.12100371267047
177.88336509639316
168.57382634161414
156.5308232811506
146.95851229114118
139.55842736328486
132.00080330912698
124.44450661858082
119.2102567626502
117.53830890125944
115.67786726592912
112.36882731796254
109.18723300485928
105.93443773805159
102.73930104765489
99.92144548510481
94.30506878292175
88.69738349547143
79.68748607687834
72.78059346317711
67.53651827043645
66.14844782948519
66.76930204617217
70.11325037503998
74.48209083441807
80.90400006735804
84.74318882345726
90.45385242720758
93.79424644369038
97.88425570134801
103.27449105462314
107.10769663129312
110.61847451233292
111.34570525309563
109.94513599469964
109.5483492431462
105.20027122847414
100.39787433672544
96.1956954526639
92.34947274533586
90.14025221739787
88.91765877384593
86.78510938617929
85.26960416362323
82.36096579231348
81.26030603437134
79.88339326975229
75.77244654024466
71.65898700355316
66.13112381904786
62.799712107851285
57.17836530129032
