0
19
d
103.75373785269898
103.50396569137307
103.60003231143436
103.96044267791888
103.4752049288958
103.9306843830706
103.48677433066862
97.92152615461927
89.34226321178069
80.1400414881607
72.27691545360697
64.17551965550948
52.75940641426306
44.85877662025891
31.86177025640062
21.760505251956864
15.436292581724258
13.89326477855479
14.361821451583872
15.785738359446997
17.32827977472007
21.1293370606708
23.571499954786667
26.487966585253485
25.521011407435758
26.374414730725867
25.483332093934234
23.918276040720745
24.427617140970693
25.039644773303266
24.005070910810524
26.363415918449025
28.059582569028926
31.134401582163296
33.95225570074327
34.84333669847588
39.003845017953694
40.64248948872134
44.45692319877487
47.48055289340511
50.262754258495114
49.98303561207541
49.692530189678834
49.62436337749862
47.64392969495913
46.06588656121873
45.077114211584735
42.22975150907635
41.74535698490878
39.0973774382173
35.981891574173915
32.338220248315686
30.576034613344216
29.03455743962459
28.41318238581011
36.28506324511324
46.21890260064043
62.77999008936381
73.2420201915105
85.15454062193388
104.18172014121832
117.91390427049647
136.46870578210428
137.37208332063068
139.5039353698532
139.9585674012813
139.76988047710708
139.78979535530462
140.34781501503264
141.04029251443495
141.36147688502422
142.3153788648599
143.34428295619438
144.38817653147956
146.6778560942578
147.4577789955669
149.09502133057288
151.18347916771378
151.96268943127055
155.78324718713105
159.6855431167
164.86219511067688
169.46961523026542
175.33944828041206
180.26781128380964
186.9658584986111
194.45380078704608
200.5761316779402
205.02772872908304
206.51971273967177
204.80994148852085
205.44487172506507
203.49525201781879
201.73786369420662
198.8274920106331
197.43509793814823
198.63233731935375
196.88650302886543
196.27111607809607
195.88414429317763
195.51388248372228
195.74040131534082
194.62333440384117
197.78217982977384
200.36526597244423
204.54107436462627
208.01254102989296
211.2238108055858
214.99168067564415
218.65327666449468
222.86841915663632
228.80120241557503
230.89335263927248
231.62115537460053
230.8991109318797
229.4328185133933
225.36147950443797
219.78967796987635
215.59527976050288
211.53880489008296
208.45914613992437
203.55902670193854
198.3380332649364
193.71183649607167
190.4775253387114
189.8788992814318
190.44090308505466
193.1674850563833
197.689604085223
205.3879427986926
210.99515368587515
217.72141814778846
225.83161828857632
232.99469653219012
239.96406279333615
240.35112095103665
240.68770841032648
239.66036792064642
240.19055305787367
240.52660360650435
240.88434107275086
241.20884011857075
240.4293260654272
240.90043425454627
241.14551435083854
241.3950880831216
241.57776043164742
240.67488292997675
242.5428527446942
242.59781784267173
243.027530640745
244.7528185624723
247.48546317758442
254.73140382370298
259.28545276282347
267.2191742653454
274.2085900807799
280.9346885300705
287.65881893468514
291.58882210195674
293.5918705001688
294.5801889590981
295.7538927205513
296.86863198451226
298.0484521605251
299.17618724622855
298.9702639316907
300.27335004771965
301.8502406697454
303.31349040761614
304.72099976672143
305.85982194541805
308.20282598167
309.3487616367639
311.1567804144998
313.59584503394194
317.4175651135001
322.19442229146193
325.7583012434577
330.10593223925645
335.120004214875
338.45113398626563
347.0361867768777
352.35342074146035
355.98357171445934
357.4064718679384
358.17679793198954
355.4030223781884
353.8182444247032
351.46157229425694
348.9316088788624
346.78414371563446
345.98546318886696
345.25669704036056
343.3323029078236
342.9169536658773
342.5415625067236
341.71904206662316
342.51390250377113
342.80028979708317
342.5391572673006
343.25899215483247
342.6398740430439
343.0647215502831
343.3675440494291
343.7772916687741
344.0742108670875
345.17897053357586
346.64706365298457
345.14288540050745
345.91442231196254
344.2120569300534
340.7764961928957
336.4017879348332
333.3420275702524
330.0134398197449
328.37092286895853
326.2482678793329
324.83544757024674
323.68982452330073
322.0499020650523
319.3576097855213
317.71282935922665
312.6143501891901
305.9633255936741
292.4580216906237
282.27108752303275
270.7311113845783
254.0578252616584
241.89889584993205
222.8157330650951
219.64423001142836
216.56142902451793
215.4846906423048
216.0127634502966
213.7772733185966
213.04523031908755
213.30732442696407
212.0390683064382
210.03532915106587
207.87958658460934
203.84617726864352
199.60021547085267
196.13460921376162
192.2502180488074
191.4591057118274
192.4809808857401
193.28778006900714
196.81646413830725
199.07012253491757
202.64571492020593
204.90167351885475
206.10870546961618
208.9634799898925
211.3987200749369
214.5205032100188
215.13213253502914
216.72994239085614
215.76804018902877
214.17302106501316
210.08654054737093
205.89334483060537
202.00944604426607
197.74508601794105
193.60380458027763
190.51264473252868
187.56656725323612
184.47789454719825
182.66853132612036
182.23985373707373
181.9700194647904
180.91890614321545
180.2915851488925
180.08641982733533
177.8572991161825
178.72381950434843
176.85295126309953
176.87491942616302
177.50318470217792
177.04760669130118
174.92227958236427
174.3050916150988
172.41636817409494
170.36859099026356
166.0235278752897
154.26762453289743
146.72145474592503
134.59586760939098
