# format: from_node, to_node, traffic_class, traffic - demand values in each iteration
24
5
d
113.32256049991449
111.60736193186416
110.09255265791911
109.17138231288062
107.88058579221895
106.14351855890044
104.73689477486582
102.85172727426055
98.92263608826555
93.57195072580039
85.34441529680161
80.03227549891581
72.07355398801526
59.68528240678988
50.71787367275689
37.849839969566304
37.20271125304292
35.94046188539125
36.30325533002889
34.62865219654278
35.520391416455574
35.07815117091045
35.06082956380567
34.62884134884027
34.513861937022114
31.80448254436768
30.647058808547445
29.27571323474953
26.302240127890336
25.268643998866608
24.592982880266923
23.931615418834777
25.13013150416059
26.099831782473167
28.753667119531976
28.90201224592284
31.06355500387992
30.564757640624688
31.61655852547595
33.172798879923896
32.58130968179668
32.49650516614242
33.69992888704106
33.25782777000772
36.04306367181296
36.799966291241425
39.9184677844115
41.49668903544045
44.47983146695502
46.043794241090836
47.81676975174659
48.292315424030036
49.88302055897063
51.87939193898704
53.27082375096784
54.8166834111887
58.394979611018314
62.15701471709102
70.21883027626978
74.93573869705101
81.56358841795051
91.20699150530166
98.2222262745214
108.4574948180731
112.33135085173724
114.33532417813964
115.34518082625846
116.69864346314803
116.4565464416666
117.46349124593974
117.57274686139623
119.5270303963479
120.25371592844226
121.811156429968
123.5315047834924
125.12295528361355
126.60738132919937
127.46514250215668
128.8155569240547
130.69721061298475
133.33891768600063
138.76089207894162
145.52875732280265
150.50332814507854
157.3284726583849
170.68747030393098
180.5606610907147
189.66871074610225
190.11657247153926
189.4599078096213
189.7967315696261
188.207266140084
189.37407657728565
188.40249715428973
189.0954877923631
188.91160727317651
188.22641244222388
189.40746270335748
188.91595609057475
189.5182794937896
189.99950090555905
190.44629079909743
191.203855553485
192.07152370649288
192.13719439797683
194.1413693262928
198.9938263416342
202.0732009125731
206.05939857202915
208.06459628324203
211.9290829628555
217.35440142438236
221.45983936167823
224.21621972468353
225.29278738667398
224.55068570622237
223.87122048001558
221.99326479832263
219.8705586797263
217.6960732325756
215.4666789835113
214.9257017517002
214.7546838248161
213.93829435276004
214.86884880737347
213.25986461115022
213.18411510998772
211.81854081851654
211.85600806523001
209.67626898909583
208.09848678193586
207.40995945666992
205.7718417172237
203.20216193014846
201.06803277067144
197.7627323305303
195.22916527868108
193.18510571715694
193.0042162628243
194.249033829003
195.998823746496
199.80416160860355
206.42008637814916
210.44384118537025
215.82136951127742
219.46575727703512
221.7039162761486
225.1919378613907
226.83973277418366
231.29397987623037
232.59380226741357
235.52903497307622
239.95949553977923
245.8640192496842
251.31304593543067
256.9009052795015
263.9568467251185
271.39225685226864
277.81601049747627
289.8537472555815
297.89661499434675
305.49101759647084
305.26814329293643
306.2682001889242
304.8016375410503
301.3869862754913
297.2135208350749
294.59953255902155
291.2110239553754
290.0105598709218
289.28504988056994
288.15272338856823
287.69569532978295
285.4007162403387
286.15979480381844
285.63745116908325
286.18398346488317
287.1183018342788
289.1017550202158
289.6723410524528
290.7991791819475
291.5094009216745
292.30112254915554
294.2956515464103
295.1046714955074
296.3137200517033
296.5164076018766
296.33458731274163
296.18392441376477
294.27725385129895
293.163070761105
292.55840721954496
290.9738335770339
289.66994042421743
287.754301434293
284.765291551189
283.80934301245736
281.85242972862
281.7940548596016
281.8469065736185
285.4967546931836
291.6119500246821
300.8794644505653
308.27696659343803
316.1586114735351
321.88698500271136
330.8059628737641
344.2873935261737
352.8187462514443
360.9512812048544
363.80692324986086
363.6597891295578
353.4473419250074
338.9739373184065
315.10133986020736
299.665185873373
280.7892753572698
248.95459015858478
223.4259959290514
204.9673669571819
208.3462249723164
212.27608489670254
213.66169826854497
213.26286818958332
214.16846336110473
214.63819247809636
213.75822267703842
214.19568147961894
213.75328365659115
215.23843812101688
215.04679793243682
214.70609539218395
214.5106383988651
214.02168217458518
212.55052546845096
211.87503330818757
211.3241492302757
210.59912359612574
205.9258971090045
202.12561794193644
198.41932960992304
193.19014312489244
189.58882326771683
184.92495810260047
183.152611494729
182.46832309772583
181.97859832350545
183.3187259654179
182.2960048843393
182.1824802103105
182.5202055396485
182.41877262620864
181.80788523624588
180.87099345015793
181.00578277465013
180.41687004245242
179.31001014769254
180.15453633973976
178.80796456091045
178.91709526010123
177.01053008306943
175.43279530392851
171.15262628645678
168.10463149264126
164.53097035045658
160.4822313490129
158.17949815034655
155.40063976566694
152.52772003316596
150.10790954059033
148.57878145714147
147.28159037555102
146.3435553112908
142.93418226666816
141.4212474535555
139.92376470298805
136.65997768778328
133.83571283079138
130.6047578093506
127.00938505837844
123.83815016831139
122.11946601876632
120.10540741317931
120.44088841638974
119.58121673401752
117.01428122939676
115.98739082713377
114.20152413902925
