# format: from_node, to_node, traffic_class, traffic - demand values in each iteration
22
25
a
117.1326082171235
119.0390816512439
120.36892382497118
122.603737537329
124.63772302878779
126.38258163662648
127.82756444487643
127.95114248979216
123.40120175288718
115.82808115822831
103.37506000402632
96.10940400790558
87.7932064052933
73.59595335604828
61.757067812376945
48.93343783301398
50.175063506274995
48.5449740639505
49.551388918233066
50.31006570665536
49.12646904606047
49.52091284260038
49.182982883162126
48.60675121562343
48.382698328856264
47.41754086996656
46.12951140537401
43.658444556733365
42.623272637881314
43.056081167972515
42.038610330858624
41.48374858267493
41.24144795531734
42.41730256385376
42.564575947214315
43.312235894771966
43.94263220115732
44.460650207856084
43.882325791053226
45.24958227611572
45.710277766885255
45.155321770395034
46.76395273647754
46.30296159014695
44.41165444157071
41.126105625741246
36.60922520741176
34.10287152140353
29.16002784058743
24.98801812701107
22.435639777290422
17.331925431706928
12.626990454731398
9.348719011546917
8.680588748048777
8.173652128068344
12.078498827994448
16.109704937676852
22.621366204334784
27.185794347369598
32.337734628241975
37.29801200889351
40.33651790788324
46.569121952938545
51.768514714702874
54.14579622950363
55.50518905855681
55.88788180109529
54.37000071003025
52.2559033887166
50.214536203992964
48.4686965851978
46.498813263233146
45.30182056855757
44.96485032086838
43.699139069995375
43.466853628412785
42.20146850507744
41.870519988494365
42.13820567165638
41.667096414485364
43.32206917042649
46.11322893725412
47.0781696792939
49.324000819298355
50.006374456140165
50.92678560527328
52.87365814866244
52.29912396258453
53.33728439549731
53.26081044381409
55.040776571322816
56.02352187645004
58.93807186291106
62.45406797339757
64.94177119238128
67.82161593187944
72.35894671071229
75.03831898345803
79.70077955286307
84.63132978087134
87.34876312238843
86.89001791060831
87.42994093619104
86.59415457766174
83.32713857293618
81.49722070080486
79.67733774617432
76.55052785503237
75.95486108378903
72.9756408538835
70.52446024507424
69.91032429204319
68.76807963162503
69.2115838809489
69.19966105614009
69.224608059395
70.56763829586461
72.05838119824863
73.14945079481105
73.07753286848067
73.90443440713463
73.63826168334619
73.928399841073
73.4851737870581
73.27233463717396
75.7343072561619
75.28429347686843
77.02314118209506
78.12348730758491
84.69220705874997
90.88889790568786
98.10459275811594
104.38339830799862
110.00020162442516
115.79156531683839
120.82101645766228
123.54625785889061
123.34864992570665
125.46051949907113
126.04172412232933
126.64527146747983
128.47987931746533
129.3619467683123
130.84023422881717
132.00069883407085
133.3576362134657
134.40932956775455
135.00939036893885
135.70072676105346
137.84224674794208
139.1362567208883
145.675924891091
151.82049958025462
166.15778140327157
178.77948036050176
193.6675730119935
206.60245287205603
219.97223554368406
239.89370687217195
255.38091287688107
266.8365911482051
269.46211616185803
269.6138952586194
262.91590650899457
251.91002085892737
236.81028049534274
225.24693420414548
213.11851648751636
195.78618884391588
182.6827552511888
171.91891909178435
174.03430722971683
175.82048236393203
175.84710091053535
176.4021476191971
175.5651835982918
177.49481766322867
177.15752978830534
176.142824192188
175.80852161459435
176.42821082591823
174.53945451165197
172.3584852061286
170.1134051676608
169.80920043435765
168.00373609650495
168.52897306466608
171.6816591166383
178.44068269341537
187.86233232038228
194.38237570985456
202.04381489869812
208.2631212509092
213.79938045871964
220.97050034004002
225.98770803628395
231.25242656168194
233.30016255150056
234.23340468373544
238.47490409628813
242.06283526753094
245.8975476959306
249.4030837240535
253.32010742164982
260.3552464648735
266.54789922476823
278.565868852782
287.52595135537996
293.9887085737001
295.96333282678785
295.6729392640991
287.7112671546815
275.9192574285076
258.43026993291073
246.382256187928
231.43423004164225
218.86658343865167
208.06361761407845
195.16276425344293
185.72171896554696
179.51777734426287
176.3605299203179
173.5540362789818
169.21795145858073
167.2412662053227
163.6954835851439
160.47901683833084
155.05819476788147
148.03111767111872
140.44673623876244
130.4411611836339
120.91510444203416
115.27117390163535
114.39988743780022
114.09243839879852
116.05846669728679
118.94313232565167
123.43321435957148
125.17999677850945
127.70045831910993
128.9849988491638
129.88928009320173
131.45494054816112
132.89377428581548
134.36009638120328
134.25905775218186
134.51987443079884
132.12655591736615
128.42936398453298
123.87446844485066
120.66289477861034
116.7240737187012
112.93086790309621
110.6134579562
106.15936624232933
103.34947039513861
100.86669155131851
101.0340587256307
100.61521881799442
99.43991055604135
98.61384606262986
98.51065683672907
96.6732725345978
95.06747215688394
92.8766954372287
90.33926933219652
87.47577149752712
83.96528295328427
82.1955916212373
81.4372385464827
81.85862942458037
84.20079060648213
87.12287225417558
93.11877125707073
96.72305475491795
101.51197878764283
105.62229862129809
110.00162187989211
115.92960435244856
116.23029138669256
116.5714074909383
116.18785823775137
116.77237948927807
116.22361146869024
117.36720192023937
117.31506638664438
117.25243163173586
