# format: from_node, to_node, traffic_class, traffic - demand values in each iteration
6
20
d
76.14126988868577
75.47214940853893
75.46201357728182
76.50745064923674
76.00078804636246
75.656890125927
74.95902631968707
75.1601685481434
73.48128878280517
72.31753986725784
66.20356099101579
61.79631869190022
56.1021936333683
52.47666723475792
47.73000024077745
41.31958957895974
36.09833868037033
33.9577668349543
32.43374095443954
31.357644359621464
32.48679565285313
34.107001765713484
36.20700474886202
37.457934513504945
39.22009996513902
40.356371491093526
40.14462162295852
40.91816857241466
39.868043730840746
40.14234492450259
40.90720907823043
41.97194429183104
40.84184604377912
41.704871954277614
43.15407801261306
42.31023785917158
43.589509216732544
43.350006178969
45.10458586224517
45.767181026007734
46.57690110488899
47.3833914790577
47.505478003374456
46.80760168974892
47.717887147193125
45.754845665875656
45.55703047367402
45.59569276159573
44.73499715838146
44.22088827955385
43.71045351098962
44.13308800820669
43.04621668687678
43.926607355423805
43.56576585675137
43.40223229967111
42.81223391317686
42.911644241448684
43.378910259435344
42.00788586618449
41.90732008940923
42.59295266534793
41.27658796885581
39.061130620088896
38.41112685810567
37.53689192587309
37.9822897200908
37.88442802355932
39.34312950295419
43.14640898529144
47.33386357192574
49.721525945957474
53.75732818464475
56.789076246266966
58.69575812141326
60.915561246826066
63.28507907996769
65.5679056459622
67.04627357003048
68.43791655507965
71.86991617568515
74.3984932407103
78.14131209791319
80.95513817463245
84.95563105777974
89.05702116559897
91.99746944146942
99.89244969768754
104.09321015851498
107.79020843579497
109.53007671976357
107.8508699938468
107.01106128037961
105.8201865830815
103.7190236172254
102.47885316399008
100.31379692057617
100.9878416951757
101.01064555550136
100.65164238391746
100.6458357190599
100.62068587468833
99.81910099696644
99.43442208022103
100.1624765882844
98.03818990515674
94.85453960636198
90.04928286592313
85.68993811419472
82.64543487139184
78.42315739923262
73.43163489570082
69.82646669985115
66.51529679106619
66.50906300676584
66.26544262730587
66.8577003026176
67.73537100115058
71.0501428200431
71.60649892045036
74.20492100480142
74.85279614867062
75.38863968435503
75.87991849173767
77.73883683766918
76.171697717757
76.4183415666587
76.16831438040741
77.19554587854532
77.5644065874313
77.97732090315299
77.56552818486485
76.72182463880873
78.0941765690432
77.43029902319316
78.5075263701606
78.25107076110397
77.7763039963724
78.4005936707952
77.87573078079392
79.14775705910832
80.58177542625039
82.17913555243378
85.3096509482689
86.79667380914809
89.2236955285079
89.90384583936746
93.16296261757923
95.90751167988954
96.22042492777385
96.46430097275983
97.78262677178367
95.92223300169894
95.29254473012291
95.66621562791086
95.12029302104176
94.65364890490191
94.07130108289084
93.42351624626978
93.05857636554508
93.09311827883118
92.81521026779677
93.16102689725038
91.54514785400902
93.47774338083272
96.2606145014646
99.25004242489229
102.75956545259672
106.28895585360152
109.69597532014687
112.50190574872852
115.11943370681682
119.23515312754574
122.01568216421485
121.4847701094544
122.51831100058818
121.72647587978915
119.61910575180876
117.81598872790687
117.53871946448558
116.49449423673752
115.21992388680901
115.83997270868835
115.1788445445727
115.44284859205257
114.84071621498519
114.57946898923907
116.07677176863214
114.31338496649943
112.59488219038171
113.34747400150972
112.53061572505383
112.21769818342129
111.85360173790215
111.38428610886221
110.70665198991043
110.19308937291818
110.35461261990021
109.92223283315852
108.90456791601231
108.7275852422507
108.0236851192522
105.71767457115247
104.1334255853856
102.90214367056353
101.66655667609852
100.2170600615143
96.99864883071623
94.51728766779429
92.48542868377017
92.72506351113923
92.68087056491716
93.87962595539918
97.84624866761929
101.9680157743252
104.7672199194251
108.65613359217008
111.68688935992559
114.31070685239486
118.9992472005637
122.40322988995058
124.55554588078665
125.48173454968541
125.49759627581615
124.18779215405272
121.33872502949488
117.73880895506431
114.79618335481517
112.2826792778445
110.20184427335437
108.60560019922129
106.60026510975106
105.68042995656889
104.75557837665494
103.2856743656002
103.24131223264779
101.15124887551254
101.75736728216611
99.74704783436785
99.89049318033997
97.99350071923224
96.60682928243584
95.5208201176636
92.49926996964287
92.71456969409216
90.37022476536431
90.2530919421719
90.23010881505485
89.39557531603593
89.7101801346314
88.97870621705171
88.2647332225493
87.77634904252633
86.42418088391447
86.02384784615745
84.28272255895342
82.55155829293922
82.16737474151083
81.34336706428212
80.78979423752351
82.76281958464817
84.88490562224783
86.6839997909453
89.41436566219917
92.25959515075759
94.31503274533429
95.55314753640808
99.386064993894
101.72108995852129
102.65199687761033
103.91108881330752
104.28786502597306
102.84265836423033
98.42960699664131
95.9186640057589
93.04385621691277
89.13558625736897
85.56284491866194
82.38048478767888
77.77204211268115
77.80216260891322
76.69515700717481
76.75953785677677
77.42492267559771
76.7029807499941
76.09269736930034
77.72996019539404
76.46956763447585
