# format: from_node, to_node, traffic_class, traffic - demand values in each iteration
0
3
c
159.8844030600835
160.0666159097956
163.85130739416107
166.27117022702313
169.70614569146937
171.54634365407946
173.51453912447946
173.50271445449042
166.83815340655136
155.58581685604457
140.71066952029494
130.54495671755697
117.742378902072
100.19383456432729
84.24643926323655
67.67831901443702
67.53075193937994
67.1547753920375
67.49842351119378
66.56375020955613
66.80888930629247
66.29969644340986
66.61446235931204
66.24795598270074
66.58579739806468
64.89859582368896
63.40009839055607
60.52545646256654
59.01983021890393
56.24802960616178
57.29213387290716
56.91905673184449
56.77165182271984
56.938566887049724
56.94386173445101
59.06019840926102
60.08013515802294
60.01597537566986
60.575060357630214
61.5969727325725
62.14246453695976
61.83923578205831
63.40693396972432
63.11549543991646
60.40722373949276
56.8024159204635
50.05827319799512
45.427180810148585
39.816868357397816
35.794534688530625
30.598164498908904
22.97662572874504
16.956425181152106
13.145996194238624
11.28430456304874
11.229172487174141
15.232955906591789
21.884660784797294
30.462879076501068
37.028883067759224
44.90847830505928
49.24577759485578
56.047588674061
63.39195675259424
69.48539351970943
74.06299721273434
75.05582872688676
74.26515507056807
73.41716856819953
71.1350149663053
67.436023815165
64.96793807423792
63.33704695377524
62.02591521985141
60.79373866892429
58.63205011446071
58.28592581300547
56.512943284776654
56.66152341007375
56.491914488642486
57.54850600847284
60.00213483399652
62.62893322497165
64.32751060359777
67.1240406048135
68.90774689879048
69.00518806089777
69.77008635737839
70.86114320237861
72.5028306184529
73.57579989833785
74.44307486892136
76.37140078962935
79.99951818611187
85.18166277925086
87.66942304851902
92.23217851331451
97.15559346006121
102.5783505392379
109.37093386588128
114.4626053988001
118.57644667777441
118.12914893764123
118.74129636164902
117.87623597400311
113.96623359975723
110.73332439838063
107.98669088762993
103.793192584957
101.7829320117905
100.31546788287493
96.81524078086866
94.52777866578857
93.80148569000788
92.51832222445759
93.48453131824269
94.08181481526562
94.22506097022851
97.48798337656834
98.04406633697552
99.92928937376195
100.00209327645325
100.26522268588774
99.9473663483327
100.44427381229904
100.96370968964622
102.90643194541708
102.47302128094118
104.01134068091802
107.2499156520337
115.25650568481822
122.21758346761604
132.85461312740665
141.5562745825296
149.3562796729693
157.84765222872593
163.59351283419318
165.8428654325116
167.77679892186774
169.25838987300466
171.30780433313572
173.07136614882486
174.93854308225593
175.72853102869058
178.64517678878784
179.66344215274347
181.35322532403137
180.89718698436903
182.70542392422468
185.76276558676227
188.06957563980495
190.09210315389618
197.51060932075458
205.10811605581043
226.25133735215354
243.19081445257876
262.7693658307103
281.6528873277108
298.4522854539537
325.9930294024861
347.62303601078395
363.24699549052906
366.8625227976009
365.6922860226774
356.5136123182178
342.03968347653364
321.8776745000533
306.3400106946979
287.9774803472568
266.11414386218644
248.1410725124238
234.19443633687075
236.0762421884966
238.8612816634745
239.13641556535262
239.72264676229497
239.9959086525789
239.7691299601379
240.05869180389112
239.95320968119174
240.48881376365472
238.79717923664177
237.125974973048
234.09779121383562
231.90451430428976
229.51068654448628
227.40067170737746
228.68355023738656
234.2784792057052
242.32907954280606
253.911789985788
262.90980561124
274.123645625696
283.1616694468267
289.5860395910192
298.7562499971817
306.0966790665274
313.17645988438903
316.9778360008388
320.61961027921745
323.7308008960359
328.0568028425586
333.87297528202765
339.1850316963883
344.73490571706884
352.8768315420247
363.3040343920762
378.6598808095839
390.0657622645877
400.0995476183962
401.8948243908896
402.1891308477448
390.6356210925103
375.3193017254318
352.6416134646288
334.86681876167876
314.9612771815496
297.6922497936443
283.7497951500261
266.36098412300277
252.0447084524983
243.1063924804019
239.86637784100282
237.1928208322907
231.5159583835337
226.78944849701952
221.81620366300695
217.3810243370891
210.77726487049785
199.94038545503238
190.18634124464518
175.767664780238
165.03392960074518
157.58609009259638
155.05978620663802
156.03855716762146
157.54018822538316
161.37103532382974
166.24146174026484
170.47006330234532
174.98969101616396
176.1307698158786
177.22349577914287
178.7468452997266
180.63821102381326
181.79602086292564
183.88330639905692
182.82781147221644
179.43648179013252
175.1077731386798
168.82245037308184
164.6736609985546
158.90065853619276
153.660684562096
149.73997715358163
144.89485129546478
140.4684331164252
138.11196435326494
137.2376966909764
135.3928652452505
134.05988194927664
133.6505095931573
131.44962782932672
131.15484771292262
129.83368089250078
127.07582481051209
122.51682007199044
117.95520185078122
114.3591825623272
111.45497263517413
111.46543021060228
110.5578020462976
113.5960061696128
118.84964378543914
126.00287325327997
131.48679094163475
136.14998297134196
145.24779407310714
150.1380461774327
156.8740562087816
158.4164267733148
158.84568484797785
159.57877604292622
159.1765548343718
159.02586355612465
158.48783777964707
159.89087913836053
159.15983169829323
