# format: from_node, to_node, traffic_class, traffic - demand values in each iteration
24
14
e
218.8095748516661
217.90239535922697
218.0471079430075
217.25890961638268
216.90867068735267
216.83190720325106
214.5180168620907
213.09232736536563
209.61042183746642
205.53997146009596
190.05564313206656
176.8369475629227
160.78937881691596
148.02372200410164
135.84700535583454
116.40421569924447
103.01675501054218
93.30187236589052
90.8870017584066
91.34934368177046
93.3759925646656
97.66215413354651
103.92175105161299
107.78518669411417
113.06913126627101
113.67436531914811
114.39937453988674
115.20935712571797
115.05272169470351
115.73063644261335
117.37630646730081
116.64621790245542
118.1114055528671
118.81071796509974
121.64624701856972
121.77985044155562
123.52490931189773
126.27811385097337
127.94639019253877
129.94951708217692
132.20903713272608
134.1814039896374
134.76533066438887
134.73572928016847
133.767823003645
132.51666728254918
131.2757320559251
130.0278225861035
127.06767241665496
126.18161237867098
126.01005122891407
125.786651281757
124.65804580201805
123.91908702127884
122.98044246867805
123.33313418750976
122.94035106377794
122.39070966788559
121.89608182387138
120.36427647475979
120.8177315533222
118.67368923352737
116.72728243592553
113.65366459548963
111.19820012527798
108.39700532638699
109.3443903607574
108.25275203234271
113.13824207156074
122.35388461232729
135.54041287785333
142.5973653774964
153.24324120810385
161.78653562170928
168.00150165167594
175.93270294110832
180.9250935447747
188.0149170192636
192.87318513919993
195.70606419019154
203.99564268615657
211.8779606877045
223.2888018992978
230.72255574137264
241.0368592180337
253.71851073634906
266.61703426023115
283.7453866253998
298.1342868575229
308.35033104133004
310.09178095431116
310.86788464301617
307.19865772402176
304.8465212756308
298.3694501998274
291.8236242767794
288.8600093811871
287.86529661275216
288.28373813051644
289.1486578337908
288.1057986587658
288.42640862637217
287.0934364226973
285.530714369817
285.4532919975991
281.8347253410228
270.7298398981094
257.79199381130195
244.48331136028966
233.4865572461409
224.70656320420284
211.05742572321174
198.30460094398126
190.57110741624072
189.66251644249027
188.53731502989888
191.00967734737327
196.29703931610337
201.65274632473125
206.32463576178392
211.5579145051775
213.6153343349316
215.65744276971506
218.26462976674782
218.67119994005708
220.08055217594566
220.4416898997086
221.6820333725037
220.1866882978896
221.7078193785937
222.05961137445362
221.65843670600816
223.0887858776319
223.03028000739525
223.0142273465334
224.0910499265627
223.46105402539854
223.7524026006015
224.9873601317287
225.06863076027824
228.06511534768904
229.8260523314003
235.85579194354898
241.41540624635434
248.13331557629786
254.10387322782418
258.3379296204119
266.7601214440703
272.5692452561852
277.2659178080509
278.32110815341997
279.1178703344442
277.3368114339804
275.5180798271048
273.3242460602929
272.1003752246954
270.12645438345476
269.6987348386904
269.34171358155044
266.5196177746766
265.8041580255227
264.18299573396604
263.51475680084
264.35934120453305
268.81192414954074
275.9716100294518
286.8633120279514
293.73667285485845
303.3173477349264
311.88787708182883
319.25846159228576
331.057909204688
340.6856220550551
347.757825767783
347.15387437395356
348.7019354887621
345.34719515305204
342.86874164759377
338.76625656290145
335.0601826762222
332.4207214148577
331.51705694102645
331.40327453241576
329.8289130092296
329.7334017155173
329.1735863438852
327.7307286908458
328.5153040285688
327.31855856284733
325.6925235759318
323.7278013385864
323.0882070892684
321.4798485361045
319.51369601257204
318.51355795026836
317.6662835453009
316.0646901234851
316.2924828810065
314.7775191755089
313.749461247602
311.47390454259875
307.46188717618816
303.35247619633003
300.47607521025475
294.6490223972207
290.57316298540525
284.99743071621083
276.83029957608835
271.62784558545854
266.50150316959713
265.2528718151102
264.5245682139947
271.6975620684235
277.7729444119597
290.90884862405335
300.8045399762625
310.80857635372183
318.9135582919942
327.68323311230216
339.8312246055284
350.05233739301445
356.80637902980214
359.0981262566556
359.11198721309006
354.43224417948306
347.66919905431826
337.24967471706435
330.4678568632322
321.6330562500554
315.73391883840424
311.1647006058634
305.2897943515641
300.5796953552342
297.1020620862234
296.3699772930911
294.8854612482572
292.72701013022873
289.0924375451869
287.02615796287137
283.5487545520118
280.80220389252975
275.7553495417981
272.3443405346865
266.93614293394376
263.39539287776097
259.350340094954
259.184740170423
258.271495005567
256.962483942155
255.56917853267507
255.61841977420133
253.29561199992966
251.4849224513276
249.33895003734128
245.41396369785176
240.99136867084104
236.56440730510323
232.72723882263202
232.4902635860879
232.54009457931494
236.73388651550601
241.81031461734028
250.61210132342612
255.94086288674447
262.3578985680479
269.73559082066606
275.95624451143505
283.98998982006754
291.2278114074554
296.97393578715696
297.7132718496352
298.2574377311444
292.1679021883197
284.5907283374184
273.84939769146865
264.96198357776797
255.47655197836173
243.88188107763384
235.99018923414397
225.11613340747675
224.3038232105907
221.6440209294438
221.3727970983901
220.44536434421826
219.8450296122221
219.58912340222622
220.02092242347646
219.48092255214274
