# format: from_node, to_node, traffic_class, traffic - demand values in each iteration
0
15
b
110.59470890781292
108.43479929783395
109.07949594455988
106.98570376899539
105.40821795306452
103.81071794677659
102.28434738830308
100.97562565337414
96.35950684801777
92.21584522014489
83.54318574661858
77.57290695100879
69.62596745219136
58.98912107716865
49.771046662134054
38.364851046284734
36.175378121187585
35.45303793779083
35.62223336376441
35.37776672617073
33.90544258111912
34.75456584514622
34.15583137708711
33.12401056170396
33.372620941024046
31.581702312563497
30.089706820730363
27.659543492623346
25.45891626029835
23.525626670263875
23.50137612600373
23.894193264440183
25.08505267235092
25.362023598603688
27.817368515063027
29.43030778802752
30.359426840609554
30.16370285035722
31.232055259186954
32.243948534700706
30.928921446614552
32.249498350035225
32.8136000853537
33.340800037375416
33.78146171051665
36.21325608644011
39.552573247704935
40.58910685630914
44.1131952324287
45.333652166175185
45.26483036325519
47.67204650497388
49.11588412460937
50.0597371595918
52.31637148189586
54.041615682498424
57.25875535399553
61.544430611163186
67.78566953288593
74.29558582369164
80.57641210089581
89.32244724520788
96.15217215950864
104.8186866378171
109.36301667706668
111.05458745276466
111.98461359151804
112.85100997028107
113.32560972158944
115.33564624222585
114.83360010377173
116.827582474185
117.46025256748563
119.24236594716301
120.98358486379622
121.12101448906392
122.29757125805857
125.66447260089133
125.5999134220463
127.78413762678832
131.82437248063704
135.01150676199256
142.46383842835897
147.88815706930387
153.4708569484679
165.9467582553965
175.0146153072343
185.18172843546895
187.01427009035567
184.78119968387324
184.60487740393654
183.71277040178933
184.0938848549402
184.1447042954623
184.04605989491156
184.3049056304014
184.22297184289877
185.88426963864876
185.14041478603238
185.23310317297555
185.38199142708083
187.05004683054096
186.65706697689123
186.88645906361378
188.37004727462767
190.31369053227414
194.4162177540454
197.77197748911775
200.3421599917139
204.94490269137418
208.0464480938936
213.52635453482387
215.250620395275
218.74803088273507
219.35676300434133
220.4374856366181
218.77234687124047
218.26244255460293
214.75800239092635
212.89671722718805
210.52974792846044
210.65878373886508
210.05758014860166
210.15433207489676
208.92453236225333
208.95877161432966
207.57001048709122
207.06547154829
205.53947741380327
205.29248456273112
203.5461252349271
203.0529750526602
200.3140646327155
199.22331205381894
197.0416833330979
193.7879919011435
190.1266221459718
190.06402484508712
188.3647472172063
188.29115011566356
191.31954917922522
195.41478888529585
201.71064079272037
205.6879048847731
211.07721397904828
214.84680529268402
217.3647646325256
220.92362718402322
222.73728466423205
225.69124754979737
227.56091987706856
230.2442462769372
234.52371506989186
239.29500249586957
245.9901273017644
251.37575937898987
259.18247817834504
264.43742850518083
272.49097198173325
283.4722969409613
292.4421832630943
299.2440301889247
299.9516811764293
299.5834511591234
298.1411399248009
294.67420497328015
292.11277204698683
288.0250976881236
284.91477835786253
283.1578085640843
282.78477863681536
281.58314926545467
281.2869449551054
280.8000821076049
278.66641898462086
279.05675447122434
279.38860364066977
280.9392623588133
282.60674264428866
283.3636837731732
284.14215299193154
285.6314247085889
286.91400864518164
287.4703278472514
289.25548183942124
289.46801102516633
290.1854892619899
289.50781212568796
290.05213093233994
288.55154980318366
288.4383244467555
286.0369637542434
285.3268061644167
283.97497552546304
281.3346208019902
278.33969145977835
277.87603579548113
275.8213663914923
275.90786521676256
275.542659529829
279.0332885522073
285.9675386748577
294.37619839575586
301.17338535919464
308.15512185793017
315.52361404854685
324.0248085663203
336.8672640628039
346.21559960221435
354.4956007986118
355.89227923989233
355.81716975471085
346.13138020292655
331.2392182602566
308.379211474159
293.6271363531554
274.4760115549367
243.32826329608636
219.72100383090975
199.82544110141853
203.4613909914808
206.23515458256583
207.35236174406478
209.06919690211726
209.60344381409888
209.98389789563453
209.46255464306324
209.09187354779343
209.84336175384726
210.19711381972243
211.30927953112638
210.18607153551122
210.63204693122708
209.2111793237921
207.642349248975
208.49615593121632
207.0728189844522
204.95084813545375
202.5961958904517
198.77453469698614
193.86225238127656
190.1167422985095
185.24742509351842
179.97076212033565
180.03072021049766
178.82158004445336
179.31335970037267
178.62680848831604
178.49773425015877
178.36558931992533
178.8342106702457
177.10361625853062
177.1966659879777
176.98367143582965
177.32861422149955
176.58579191363262
176.19095012709624
175.59171560771514
175.0452416435576
174.53208745573824
172.9087233822194
170.25272632177814
167.21393195069027
164.4506763169476
160.38513385044422
156.84004134760124
155.05837352899
152.2538020568276
148.52012245089173
146.64629234507666
144.95949273979573
144.7865939091146
142.64969395262605
140.2665414092116
137.85799412483533
136.90880803041307
134.07753856785862
130.42761502407762
128.34551082782932
123.88073277033227
121.85424253249732
119.09216030021543
118.59741384114203
117.37071944369072
115.95540466349206
115.25501621741216
114.33510962279009
112.48746322365417
