# format: from_node, to_node, traffic_class, traffic - demand values in each iteration
25
14
d
137.4457364087839
135.3401012030039
135.88411922798062
133.27772984974848
134.12903971564998
132.6431174872342
129.49830137401196
129.3534094926604
125.18928709376235
121.56713367201
113.99089830269618
108.47909074558066
100.35763919683247
93.78295588685879
87.06940293794747
77.3742881592369
69.67011193415047
63.24573111491151
62.54221440000102
62.59820776331996
63.75203049801053
67.34839990438638
71.09943194061202
74.58623735716587
78.2283734656003
79.26288705140297
79.85931471104342
81.40063214895135
81.98326957277119
82.24078156517939
82.78983846057218
82.23154714930466
82.0499103306571
83.07637136995996
84.07434178188784
83.78362274256754
83.6834791779054
84.77384263749005
83.899532156653
85.95649398547562
87.41802646498384
87.86009785164532
86.6610786863794
87.34103545744182
86.69750940602059
85.7089565705306
86.615627846627
85.75988932093748
85.04004214568614
85.49469535479784
86.17168962482562
86.82792109464845
86.09817632162425
85.58598233271704
85.41564542312405
85.73303464662068
86.49714340392724
85.23460711925098
86.04491703460597
86.12054390210787
85.11417824669071
86.43636127623581
85.01234293788747
85.76470789542681
84.26010259547255
83.5486703451737
84.46573346963567
84.34218692548957
85.58458499351295
88.09515694908784
90.89982197251746
94.06456168567257
95.7884846731139
101.74636854616915
103.77061767085743
107.55096799930023
109.10466310400815
109.17593193868497
108.79690901141939
109.83213683305402
109.32034965871856
110.33020395373902
109.39762546434847
109.89107066165465
109.41044213876934
109.13140703754924
109.94278652717735
109.37972153656018
109.68853054955868
108.92685482690717
110.2805015935277
110.75604685026839
112.8116183091659
113.40959959675376
120.74269797588015
128.23917317234918
138.54355122919927
143.76833615097775
149.50072313466742
159.15029237347233
165.78098997493046
170.947990742119
173.06288230196594
172.2343270327253
171.4830645853577
169.29911421758467
166.77886624264195
164.21543684067655
163.0617219171023
163.07365990455793
162.97359835637934
164.0262890084863
164.55227242630644
165.5384408025122
165.0991128770505
164.3935138343894
164.040627777662
162.10877237546126
159.48029881378886
157.41564206318336
155.91854812808668
152.12889423319703
150.5585537730502
148.324670675335
145.6990639059809
142.69448762030527
142.95657558950117
143.51067352111218
143.72004088387948
144.5422277143282
144.7614974874074
145.75573035286857
146.55958606955878
145.11764415108846
145.5117832759331
145.28850344977064
145.50310972034472
144.81075254079312
144.07665902728192
144.595775523609
146.7406912498592
147.89173872081034
152.15677855987198
156.1954651551197
158.3407618927033
162.92873739613822
165.60329157591178
171.30205345989336
175.11512370088528
179.22975334313415
178.84436177396753
178.6796399812856
176.9726025860408
172.924220860042
167.83166285169094
165.39849504921796
160.58749253556482
158.21873451972687
155.30914205637694
151.57877491693662
147.58489438737973
145.07900030208486
144.73421126026807
143.9766849106591
145.43883549951033
150.0594919513714
155.6291909327913
159.5132403257287
163.50769596032572
167.0272863737119
168.98838760450872
171.50132296864084
173.99946339811854
176.58678615993378
177.87269194557533
178.91365329349946
181.95156395169465
183.55624280132187
185.1694527212656
188.91970583432322
191.1118467696455
194.78555674363116
198.60686957421441
204.9077190992782
209.23957174176795
211.342025248952
212.52219173805216
211.97348045897635
211.2025598605593
209.0018218635605
206.12786846433266
204.10507201561674
201.36008026667002
202.31653387744404
199.16057119652004
198.0594068481343
196.5208094165132
194.34465895877807
194.1776796747581
194.29433852063386
195.41420227282453
198.69182679639235
202.24950423958313
204.69067961891767
208.88020915943866
210.21161576059106
213.74407269008148
218.06356313347075
220.7003280392196
223.22410490759077
223.96615678689597
223.486925681471
223.2507367272833
222.6461794622361
220.20614901372923
218.58894898155816
216.90556285842757
217.57229146898007
216.74191988914396
217.10199883568689
217.10379930618575
216.0326024506716
214.66135565871025
215.53281473243112
213.67812087090442
212.31568040352732
208.56975349471404
205.8795441862117
201.2319640882612
197.4640758602228
194.84282496352003
190.5510690768477
187.9025425131181
186.67893784589486
186.9511679609951
186.58991130949053
185.5959338385618
185.3321429189928
185.56479067010417
185.03096506344716
185.02972809732202
184.5398729405019
182.90348572253922
182.2127136562009
181.31676623118065
178.80526882027178
179.60819679106862
179.150763601009
179.51153744057336
178.01537745427498
176.48060633092717
177.37181987219188
175.99580810381386
175.2497911102023
173.29075494140454
172.51575990784755
171.3539925923457
171.15710907993974
170.6875447773488
170.69814574806017
170.2100648211835
171.00248122534566
170.64515161259163
171.17387494156682
172.07456526463903
171.15971958122603
172.54484125356822
171.9675791059367
173.81997482821942
174.48897409534774
174.62061517597473
174.80175919513565
173.12732321271037
169.8795239573354
165.91436650805184
162.5232835863067
159.43972653345733
155.9999802123105
152.48071722801805
149.0023372454095
146.50594959993032
144.14672299502345
143.60499374819608
143.49953080511992
142.56407052505443
141.3603031429651
139.97367244714806
138.20976781970134
