# format: from_node, to_node, traffic_class, traffic - demand values in each iteration
22
10
e
147.8709922941375
148.00645873295886
147.7444459852116
148.00045275325104
147.43144043299782
147.11934671309402
145.30683587190134
144.6941722768441
142.88712821356
138.75977319400963
129.39138672562703
120.34350769461875
108.90220948152654
99.96562472876839
91.52509390186074
78.8513999784004
70.17027638533952
63.09128448827079
62.20786448828516
61.77835795181283
63.659816058232444
65.27774847225379
70.57866397340317
74.63639014817586
76.23421633624392
76.93730639034302
77.82476731195398
78.17663078379607
77.7025127378178
78.52968139397527
78.81645864482932
79.04715706276745
80.72971200683455
81.39538715133925
82.2691736993495
82.5791531675367
84.48052005665427
85.58106948953899
85.56542554407265
88.21384727408459
89.82636287882573
91.81216871854897
90.43602822932328
91.57860427032404
90.39396159586919
89.46422798647203
88.56459362397773
87.28861031212017
85.8188418694577
86.37493599504832
85.61653548253224
85.02850466994968
84.70794710025774
84.49982376629107
84.07106160965117
83.69137730094022
83.08071773912644
82.04312155247538
82.84256250364743
82.59017288449792
80.43796462374526
80.82761001263876
79.62457737625667
78.34747353732837
76.26303864473938
73.71878036511858
73.69678863942681
73.05466009923018
76.9089169134671
82.19854267213375
90.85815522578572
96.20160644767253
104.44594773024238
109.6960882876694
114.11706061368874
118.99436986135497
122.72740966953728
127.22506698372503
130.01809294219208
132.80350489351233
138.44858586679916
144.21679348241898
151.1505079890571
156.4310679923447
163.92050874927554
170.91328187571588
179.81704504253779
192.20121643734632
202.58833747920744
209.1175038932051
210.24983346286456
211.5424750568742
208.86759212310017
205.66658328129182
201.45819664665655
198.57565868337866
195.64241222526866
195.3246974809673
194.90239546702304
196.0797641298208
195.229171731014
196.21497788833452
194.76822504681573
195.177606039288
193.3293903889578
190.54416359584255
183.43324301779194
175.28194326646263
166.01221461459264
159.84019539547518
152.2510773430169
142.32896219924427
134.61588980846017
129.55382216805916
127.82890894308598
127.62821312381756
130.70051625475196
132.60948775246214
136.17790948902157
140.12751453181738
142.60985047609
145.15528198314365
146.42970555483592
147.9319093402406
148.61708282355352
149.48639735738962
149.76150616333456
149.6821704313826
150.3574657772486
149.8727442019049
150.65096678183298
150.53579501315755
151.23664190934636
151.30094921781767
151.45347672391804
151.82445886719847
151.59849223363554
151.20726438608716
152.8564058653138
153.84339741163038
154.10047419215013
156.25947816326797
160.27470117158816
164.22901145643888
168.02051342036492
172.6060328888755
173.66859564673442
181.43690378924921
185.23863503920532
187.49676661696915
187.11353660675914
187.9470159189376
187.8377401360955
186.18706945547476
185.5977164365318
184.70969837902192
183.11794083967553
182.97808711983973
182.90027638379797
181.18079372667134
179.98731056336328
179.10936481073367
178.6489360072425
178.35438514981084
181.85240628846978
186.52263803122025
195.0310403043893
199.06096237835058
205.92746825098556
209.99060488055437
216.13117746452346
224.14460076521036
230.31280650699247
234.86835177286866
235.0839885479691
235.92943784350643
235.08399739301728
232.9182488513
229.03609240640392
228.06537260967704
225.02953998391948
225.18083249723293
224.3156306404761
223.39937093092746
223.6590885297306
222.70735102918889
222.15010565233044
222.8000661439479
222.50641039324665
220.94327957919
220.08919048511643
218.8625757266954
218.10218079396003
216.31478082652194
215.27072423525397
216.58203196668254
214.98623051227568
214.09630683937047
214.01952144822508
212.97583447055956
210.75066026844505
208.63806357537544
205.95962680787284
204.13685978892423
200.62959908243295
197.08604438556102
193.29524595664475
188.46723363223953
182.73550105249356
179.75736875311978
179.408969465123
179.18512794593335
183.03375257091906
188.28185163914628
196.52238260878974
202.44553147668086
210.586368031912
215.91663512715698
221.35326243401283
230.435084212455
237.21769515213495
242.15409768284937
243.34088751505638
243.72044944417584
241.0174431777983
235.08413323025405
229.39766514767373
223.44795704546118
217.0246575212267
214.68391249614538
211.44280794625428
206.51053676801172
205.27059414274737
201.52516340706438
200.26489638659444
199.80827617532339
196.71414091555704
195.9071135446776
194.54909638905482
193.43537452044617
190.39768771746662
186.9500141588612
185.00880225274705
180.39726657137072
177.79032440953418
176.1660460272002
175.6174980278811
174.51909927950706
173.90574842797
173.97694257255299
172.44129403411083
171.69867998303297
170.71151083593887
168.90663255543544
167.17031463317574
163.1015223361083
160.1353336415666
159.29030082350698
157.1482105193257
157.59059619066866
161.4593166385165
163.7829758664412
169.3652257699094
174.1914713623232
177.9843509206416
182.5653432246962
185.04235173692499
192.67165578245553
197.53549961572648
201.29401639674234
201.0447633252904
202.454876730796
197.14138159604977
193.43179234740188
184.61320524527784
179.35885664227814
173.78174712352399
165.80608047919898
160.1219823674774
151.76286777575
152.08648986940247
150.04496836817404
149.97718588346544
150.01279939836866
150.09501535577044
149.63636300649392
150.19821052828914
148.938295739206
