# format: from_node, to_node, traffic_class, traffic - demand values in each iteration
11
14
e
148.50246568675178
148.4096786304422
147.813426562634
147.90140729247904
147.5580255339218
147.82613519288256
146.39010139020135
144.70188891674846
142.65173940848118
138.66924013126098
129.88002231174886
120.08072645627068
109.56992859413528
99.82465880715208
91.98529915546537
78.79715236763015
70.60879960764942
62.31667717924615
61.3018038723149
61.092342794593904
63.83914335641477
66.16380815485422
70.61194938382405
73.602758855954
77.1763651478852
77.88440454332016
78.08913586045756
77.74633561764352
77.53804568884586
78.93777393179207
78.99862591091805
80.10472659480192
80.64281453406585
81.30951795757943
82.20011037008426
82.74905712610736
84.16520839333154
85.67753009377387
85.82472705640622
88.36457245171833
89.8876919928259
91.10513172579105
91.41167919868127
91.82948087438258
91.4915442772067
90.11336715994088
88.54551432144079
87.55306385314374
86.95508521926065
85.70800049025107
85.90718472092517
84.64491633094642
85.23024393911169
84.58889517696457
83.78324871374946
83.21036089988984
83.23313055722677
82.04460393492106
81.9825748725621
81.9803145572517
80.86695726605589
79.38680776474959
79.85730831551852
77.41262985041658
75.86585307022038
74.77984935244962
73.47647660047957
73.2686610263339
76.82976217648444
83.41135350428259
91.50141741674042
96.69963526065536
104.08983730989684
109.25956974517653
113.5020598152738
118.20476950806668
122.75086038659538
127.22447590566539
129.49118891369656
133.16837701089594
138.91720886536734
144.3149863474487
150.75590126380737
157.2108532374943
163.31710689551826
171.98246538135905
180.01918858448596
193.2103662953645
201.95901688740537
209.61588246873765
210.9921421372888
211.49962681746055
208.74049501679693
206.15108087554256
202.99185306367482
198.75367980885193
195.13703057003983
195.0457788444201
194.96892690177646
195.73704108499768
195.8704296600122
194.403010880583
195.15886095945038
194.51419307799256
192.11022216580866
191.00504516105013
182.7087558515318
176.11532763777024
166.20854501317046
159.3077654626127
151.92537394197353
141.81770917720578
134.4457153917572
128.81467847932032
128.98969279721933
127.83927050030657
130.2345486492759
132.22500918965343
136.7345007527594
140.55840153671403
143.48136015964732
144.30496641368225
146.23012116378737
147.24662072137787
148.7789490219406
149.8575447696119
149.48648152627925
149.52389130601463
149.86215297544373
149.95841337584721
150.26001671878703
150.49492576528837
151.00833779125728
150.3988655960084
151.29426179368232
152.40602547038768
152.01538448518215
152.05689427631984
152.23015194259733
153.83321798785497
154.47812493391794
155.91687661169402
159.80643380682804
163.4909101863832
168.46248624238805
171.19823344895684
175.32102312263535
181.06011580439142
184.90888411069017
187.37709933554996
188.0545169088191
189.1574306710836
188.06726252713372
186.78697007540015
185.2224929421608
183.8764667308194
183.3321547777763
181.4578997415077
181.7630036998746
180.53971680517893
180.02794519403116
179.00301804008032
178.29512891854142
178.44494633328313
182.30349487455217
187.7458905099715
193.72440427552394
200.0090698490174
205.4626538542871
211.08750513282436
217.11926380878236
225.74623631510312
230.6903240378642
235.7038880095854
236.08781040177465
236.73247381662821
234.5847400077262
232.57133477355805
230.3288663752873
227.70848115671458
226.49720306810903
225.02943687947464
223.4376140716045
223.63979821520738
223.6981980936051
223.25935238212168
222.43555065031006
222.46399024617983
221.797755318743
220.6365740470483
218.83302721023736
219.96087150887988
218.0383858191952
216.4103678035825
216.91444226109004
215.11946169655937
214.7569444320024
213.70026034760528
213.97990364991463
213.2208660273602
211.35580765756197
209.20716190366826
205.52492086219542
203.70607147297426
200.45116696823405
197.36665928374754
193.56456905248228
187.46335322088757
183.6776758173422
180.9969261351532
178.61823680955555
179.67040422800451
182.582439727378
188.88449625351518
197.5619409640092
203.5050837418449
209.40445091329738
215.87526316858526
221.23122753680838
230.78560269824925
237.85315911157312
242.16220312282954
242.997490474101
242.61998845992179
239.95854350276656
235.48729045582138
228.68748795863203
223.99318856323146
218.03383111529502
214.12548278980034
210.15976943920617
207.98305150073924
203.81996865651004
201.15267588891743
199.652898313677
199.2510282941675
197.82199081684635
195.62279954605464
194.4241584565498
192.14897249639424
190.16075560525016
186.64740711025667
185.0845671480771
181.18085376985837
177.54792433648885
176.65274824953178
175.76406546340186
175.29193196114656
173.23600933188095
173.28284712717561
172.5831937233962
171.97963020845626
170.52698449339
168.43295876792087
166.53555685450644
162.598292643034
160.54769032770034
158.55251311335266
157.41454037508615
158.2704037231383
160.50450469995718
164.2947734884689
169.05130955388924
174.31387574893796
178.12140830712053
182.58631939088082
185.67517646100504
192.80171338805167
197.70922193891212
200.56056328076
201.9466689589116
201.72339291130862
198.62650854390068
193.31441884306525
185.46195120017728
179.9237359479282
173.1794701699001
165.84699339705952
159.77472288284292
151.66376423807958
151.34874816990694
149.8519598932724
150.5550857437199
149.12900799078798
149.284241205612
149.42678044872758
148.1728186209756
148.9482819355347
