# format: from_node, to_node, traffic_class, traffic - demand values in each iteration
27
25
b
69.59069826186902
55.5815074415805
44.71465881065332
35.23303222533004
36.709078114811966
36.804493287398074
38.881043681528546
39.092645503423356
38.90743757006894
39.733728185637844
38.602604360784845
39.1972744855271
39.21794045514201
39.135186780366396
38.912700503590074
36.73715817569327
36.1807431044666
36.06610913770434
37.20603964226405
36.178711145734816
36.19941753714681
37.16993373211528
37.60376370944161
38.26008172461771
39.77624913701398
40.61811516760833
40.60151753812813
41.70198724494992
43.87400135439343
45.11155615721355
45.593968470625455
45.005176369777885
43.13863962129492
41.08390610699201
37.06773957818987
33.13551517801702
30.383912636576362
27.191791178100573
24.350932465366398
20.77128833346669
16.92987929977961
13.905732862924781
13.296873730626755
13.739494882930757
14.113063002230943
16.608895325461663
19.423199255954515
20.414743707512766
23.123350212665223
24.279875304443912
23.470607588847404
24.780485666543292
24.100095508991696
25.914592159627798
25.756895349629367
26.681911120722546
29.341236113500916
32.04972482797014
41.076109546794406
46.79826824295674
55.75065016768032
62.79496519544966
69.08967498791077
80.57603877587793
86.81224464428806
92.60002465367737
93.13584263541331
92.96976006868964
91.97189196267203
90.55918098921744
88.84504166643387
86.54456690209702
84.85237203696752
82.97239164024343
82.62912001143553
81.63104364419665
81.42182045394955
79.08155970508118
80.680933791051
79.46847502090773
82.77002443840654
86.99587128941337
92.64050366464801
97.3050415213017
102.57319454102151
106.68503781869907
110.62046772046457
115.33649337815262
119.15339036260728
124.39019622745207
123.78839039201152
124.59602043734634
127.88547131738687
129.27674037521118
132.24402929695157
133.84131527734374
137.91126211644553
141.39245992328415
145.12670558551937
152.73876255305876
158.6752730025068
162.3512779226848
163.47267241408434
163.7245096412986
160.11017220373859
153.03178778883543
143.78489432142058
137.83452155796584
129.81559851070196
123.6807245358859
117.46835031123341
108.95297941524555
101.05168696587063
95.77555426314873
94.29051402485455
95.06750799734077
99.01556565977147
104.9677677291044
114.48394794643896
121.06957491394569
127.48827719643126
132.26391975693267
138.05976324291578
145.13174005505456
151.69840274196264
155.18985796427418
156.62355150424173
156.8947907122925
155.47663629369316
154.5545186195314
151.89000953088734
150.79357628201055
149.29484824797538
148.1905602868477
148.90350614220196
149.5300768291284
149.87187683172954
149.87964540665402
149.86620446872755
149.3352880000746
148.81833036051444
148.36134394235782
146.35456184625104
145.7966762084173
144.77004971496783
142.29940680122434
140.8924802380649
137.70688639417372
135.3988796495274
132.84491949353142
132.56459053678446
132.85804141808165
137.31240589519058
142.34887997540417
152.27994690605723
159.11930730382025
166.76640060538543
174.8200447065561
182.6527232022271
193.07280568573046
202.84200591620854
208.71669618172047
210.12638643558776
211.54256692433273
206.2017105895786
196.85845563394884
185.27384902312764
175.7931783652505
164.97983636072718
156.89836015148782
149.50715232726344
139.5403631197138
131.20882634000125
123.42562294973747
122.49517307938918
123.01255777644617
125.16191072338259
129.19517655938733
132.83776190273048
137.29067027915735
142.63836908286794
143.28758200751685
145.35732860421945
149.0658327080107
150.55331834651687
152.4422970089535
152.99874127162244
153.05938979123442
150.9977786281017
149.79027428369554
146.22761439922112
144.34291645955807
142.33329364632021
139.25825267202143
136.72224344851486
131.44546664351634
127.46064763558684
123.81334050306279
122.55296623399826
121.76385383234755
131.03326313635404
142.01572531772294
159.54577697955907
171.19329531639448
185.9259407622613
198.86556806497134
213.95475556203306
234.42001412779925
250.39392867892076
262.0344873434058
266.3427680533948
265.54862180720977
255.77789182028857
240.75344448862535
218.60088285945776
202.2144385382533
183.59603165130085
171.01665150353864
155.82102572251583
134.26632914286887
117.45617719112566
104.90871210603268
102.08831855771086
102.95210353699561
111.36072556642502
126.4685663526144
146.26781099455553
161.90644453472967
178.52682162255687
191.74659183172392
204.08275199839736
224.19810061587535
239.5221986809148
250.75621502976662
252.8965963969311
252.10607594698692
245.11542318540594
233.84275946557756
216.31621422185012
202.41898209598912
188.66981409611998
177.62111666332984
169.37784988490557
158.42251280363894
150.44010473973563
144.25536814529096
141.65161320809565
139.05793423326102
135.70365587691728
133.58124448208125
128.50670626691107
125.15219171946384
121.30394146680995
113.50928281372113
107.70770197854856
96.08553426099128
88.614868863947
81.18402638775609
80.11137142916122
79.2228218046354
83.39178397883941
88.26125157540747
96.64984518882541
103.069610595533
109.86199951814994
113.72078952412345
118.28943394881043
124.09886574720838
129.68404023420266
133.21571969977416
134.5528488050531
133.49791347681173
131.7200896435512
128.16237470347988
121.87233623661187
116.68442383452994
111.64536168001145
108.93775898425042
106.96773789200556
104.41644932082818
102.95841311677087
100.21971200633772
97.63623588756046
97.15193000868123
92.31200361802132
86.88919693883084
81.33127374711454
76.2213532084009
