# format: from_node, to_node, traffic_class, traffic - demand values in each iteration
2
23
e
153.48062143492785
150.56873897630155
147.30552692555688
143.62020165090038
140.6599611840971
137.8289804547193
137.15519714723362
136.3944581806635
133.32739270529598
129.95033359242103
127.67076637662474
125.93034389324936
122.31919418981275
117.50299369020844
113.0601770340368
108.41536319900342
104.79691042689348
103.51309188792887
102.35206964801746
102.04407399254178
101.65872715505915
100.84574107536417
99.52261629047487
99.34247642485225
98.95419721515836
96.90060125793967
95.64819008438803
93.53149373789729
92.26681919484241
91.15086403447923
89.25422669481372
89.98679662178692
88.74012544069275
87.50896639219215
87.1921566066998
85.59670670234512
83.69638258114374
83.11120002206488
80.32277765311987
77.45184565734564
75.90199125286462
73.46720750787144
73.58070711561635
74.0528374569689
73.93934689530253
74.97445563316606
75.83006563322236
78.14705802939936
78.1259270066417
79.90414855825391
79.1751919441543
79.21312602900706
79.45535793637869
80.08644249418559
80.20596308508136
79.98778797188827
81.2820948112072
82.84201142667573
82.7990664199841
82.45346096153753
84.02359632426065
84.78493978074266
84.94008982146973
85.32763876872193
86.16185258117149
86.44333305468525
87.90866544647152
87.54765829263312
89.41603710297116
90.81190066364316
92.10724046763211
92.76976345987516
95.4499123594265
96.06478588645162
97.36528970742405
99.67078958038263
99.80567509024449
102.0667800530544
102.21393495280907
101.99885530994953
105.00112361061548
107.20876679329251
111.43722714184598
111.75109687765864
114.52347842592383
118.11803227831415
120.41125952564208
122.93515427420974
126.07989169354101
128.8456672688787
128.96066260272633
130.17640736388395
132.29144783087452
134.55923552798671
137.6649539202182
140.41330081170796
142.57467349292054
145.79481801385103
149.34066243769826
152.12945567865978
156.51772633618003
159.09245315912784
159.7186554464856
160.4538653081679
162.18709126382313
163.71138815948444
165.34439203218471
166.27211217508622
167.35050283249024
172.2584333255033
175.1433045599423
178.88261152702918
180.33268316969244
180.69411557731814
181.74659920038053
180.84596911742165
181.358542270185
182.10167398399003
183.6107446297318
182.6491920658307
182.1484639610007
183.2005730445866
184.86810173743604
186.3206481745229
187.7476471523358
187.59886586658402
187.31996577700562
187.61074861451735
187.75975618831507
186.63020149183308
185.5026205325732
185.06208814969222
185.00487402479425
183.63600565744
182.92130191689046
182.52188116250306
181.61220858501605
180.9037814831595
181.20793490070437
180.95790538584964
181.3866316759728
183.44145586721243
184.75043077672166
187.01913304479876
187.745912126402
189.63405798823308
190.44188777719745
193.01719544144373
193.8935975493097
195.31619149367458
196.33725107249742
195.46584227146113
194.61647350442215
194.26194284687386
194.2312297147864
193.88836904853
193.84874508316702
192.6871927165664
193.3119877308689
193.5604440670638
194.74583129100614
193.4920664316263
193.66232145234414
192.72187035849097
193.50895781865094
193.11118634114484
192.93376045876064
192.39646691376836
191.97688583883013
191.71005288115506
190.46194650733693
191.2338060014664
190.45048502757967
189.1730349707935
189.76019388481345
189.79609479060775
187.80700400611562
187.85396445212754
187.3904588751459
187.08832527512897
186.50985557165163
185.33491138203323
185.35791868450852
183.39411766766273
181.68540949587901
182.08469229333616
182.34910286819905
181.2544862911537
181.71619620728427
181.50880207838864
181.3126899583324
180.0640213141828
180.19235223082183
180.50503867500655
179.45835725165756
180.40211847030875
178.41126592424922
178.62176722390603
178.7590579781122
178.47891078453264
177.84049335429714
177.43905199902065
177.38844163991078
177.5393052735496
176.58500170558085
177.16505489644277
176.2210918974441
175.36507704877275
175.24700762530128
174.48884323356614
173.65392075116227
173.86590974337204
174.32843786594538
174.91804395524554
175.23041353667355
176.95574947429674
177.04958709695953
177.4757705420697
177.76691688545043
179.41179878990553
179.44420309417748
179.92099706910403
179.2574499240483
179.59250522457867
179.07463250896606
179.05219261744497
178.36578963524957
179.5491226720327
178.79411992049947
179.5496319345088
178.62210463036203
178.2200044049773
178.44154436625303
177.81151830792328
178.3133973618046
177.51504777478505
179.58361334949277
179.6993657056337
182.64365062404394
183.56005417620767
186.00434650230503
188.87761037431673
190.7000515073484
194.11957983347958
194.72269893750882
194.5316154954141
194.83317980139083
195.78876032104915
194.16083598104152
195.44901762708926
195.55094902944023
194.607914639823
194.9108849509901
195.48396706435082
195.68311500953456
196.90972356236657
198.23762568808425
198.49145940813466
198.1841656775815
198.2511616355108
198.05504637766842
197.41881023332382
196.29888903859643
194.96012038477969
193.15152025378308
193.40180782322534
192.64642909081542
191.61034330500243
192.0315638246189
190.25014528256798
189.71296995025972
189.834653293244
188.17650305242825
187.06927382456055
182.7031117240854
180.9973364793727
179.25171001077953
176.79105019789384
174.63201119276948
171.6524421235904
170.5009066960479
167.76000587634567
167.07884227855368
166.7667615846025
163.3455837376339
161.72035712876237
158.72659122734856
156.33027170625743
