# format: from_node, to_node, traffic_class, traffic - demand values in each iteration
25
17
e
12.694019295126642
9.251250721436838
8.580481235485214
6.993248977788723
5.770752424710732
5.685314666525848
4.806552775236651
3.40036480178963
4.547936523517594
4.578973953929452
3.9491155260010586
3.7256926971706523
2.8850340408068944
2.258760073338411
1.1408362704545654
0.0
0.0
1.1328835139983047
0.0
0.0
0.0
0.9425990772943182
3.8820987976223753
5.8338514265292565
9.698873507814316
12.114112207014394
14.594549943097606
17.745019482194326
20.130029849624897
21.738105542192372
22.860087200782644
22.345844227207582
21.193460978465637
18.18695744916906
15.024776573341741
12.630175589668882
8.641010904129333
6.110148941601149
4.8069347884164335
1.0199302566556805
0.0
0.0
0.7523171856003353
0.4681856736825376
0.0
0.0
0.0
0.9788374359642308
1.6670264373763868
1.6477781863468364
3.0132113363310413
1.2901161417494214
2.1451053253701167
2.4624927320332146
2.519065626363655
3.608807152733261
3.6073649586651544
5.008375305108346
8.106384170109186
9.87220883602318
11.225142360717044
12.871058269846879
14.393443368109448
15.404010800996272
16.99784199736013
18.194966496051663
20.094656691173803
20.562240322888414
24.13348914376175
27.671230909541396
36.39170588160461
41.22991649533572
47.39841768896057
55.7368712376156
61.80352656119308
73.69651786291294
81.39920808166003
88.51050225800947
89.36093011648448
89.93998439364407
84.97616960952237
76.69061995611777
65.54925976542526
56.621663799709324
46.52237911073984
39.29234512889305
33.03172413579247
21.070154283131117
13.950923196536978
7.5681352280195435
6.619277295215573
6.715940659197648
9.153427332882176
12.06151517520638
18.33782234749971
21.05611686686163
25.695400551780363
27.013391699387586
29.31284792180575
32.57673007530795
34.43441588698507
35.43958295341209
35.983775631999166
35.04259021127506
35.187607571679166
35.25733372667276
35.1758091626042
33.68561145549281
33.606793368482165
31.951968551127997
30.41608657804441
28.800503932116605
26.622058385090092
25.386617725133824
23.85500574134343
24.04702675492506
30.761482934080693
40.85061620286465
55.46563541929012
65.94240572810747
77.10909134469581
92.37385226210827
105.38884685428818
120.119272255014
127.16542156075855
129.85998262931972
131.8731305848095
132.3788878167324
134.51173474423084
135.71463855019053
137.82836715399247
138.67509443846802
139.384770326153
143.69619496680056
149.06276776315428
155.7837575967114
159.80395477087953
165.79231223177413
167.10277082963893
167.6118629221338
162.08202944241503
155.78717312976298
145.18729939357743
136.43198631436576
128.7212551286956
120.40308109554981
114.52821472394784
105.71834112451735
101.07480768909257
98.32179420581572
96.97214983355627
95.35655699963783
94.76605143917287
92.41021237438665
91.88110501642201
90.05446005290933
87.69943752952493
85.19292609278426
81.65367480375282
78.37367234307487
74.98610669486119
72.18303098054196
71.80293075759334
70.47193134114403
70.76554395946188
69.48065179093254
68.31523185165906
67.95765132984208
66.3018871488466
64.3650896092062
60.77089487049911
56.41731932272054
52.438685436096925
50.02662922279936
48.99022184855494
49.30872911149183
52.54789405214371
57.92730719861593
67.81008063995857
72.81935394708495
79.12511242005986
85.33501650896451
91.43297481661388
101.53249776306376
109.27239526936302
115.20515678791011
116.72159490963874
116.9958868255409
110.75810635813248
100.88801975536661
88.21890344180314
77.59432625832659
66.74005572349178
56.47829751270691
48.16829748832451
34.08804306350888
23.648356490773274
16.66981574028819
13.430159072156336
14.61067731063595
18.11772869295206
24.699575469897347
32.144745861527504
39.55678881147944
46.807215013867946
51.31244937716313
54.56684118986992
62.16425297480611
66.28171854373832
70.1458945416975
71.87416944273023
72.19069079660113
68.56114503236995
64.60662719315332
58.750600981143265
53.242906042436886
49.72411227021232
46.20661720745986
40.12379892543992
33.30721582560505
27.799090225549744
23.833531323331712
22.481398172773606
22.317830245042778
30.12724688804184
41.10342618288433
56.507435200534154
67.54253314844061
81.12015013313112
92.02584766668411
103.48472569238116
120.53683425733941
132.7560872652293
141.67028920955198
145.09863583762964
145.85734027106432
140.92370775193365
134.24216012874905
125.89602844004816
118.96386022635217
111.0813473609493
109.34245973024632
106.38797107326617
104.23275829390198
102.0800868107057
99.7367284332685
98.8568979217569
95.74260902675019
90.19524774133248
83.71144318593775
72.61851177271019
64.85254095766462
55.50293253378946
44.90258702711499
34.84132452963565
21.21246226585963
9.62512832643375
1.8299157916361466
1.0236408531180885
0.5517048253066632
2.2540320709265727
4.564854606793517
8.312251882209688
12.185043924410783
15.29789498100896
14.773502832392975
15.190600316762135
14.696240310845472
15.124665551937815
14.753221094738644
14.07166141281289
14.05866815934242
15.563990781418138
15.103555000940657
14.786953003289197
16.363427109318824
16.587144189656783
16.85851396879337
17.18890629387583
18.17109996639512
18.381512514621345
19.5772140432981
20.12345444649767
17.913263389211696
18.428003167072784
18.16471762965104
16.05334257734297
13.768116912137183
