# format: from_node, to_node, traffic_class, traffic - demand values in each iteration
10
12
c
187.23680515496133
184.797910519201
183.50443531151367
182.74354420681598
181.57815444808733
179.35393622921583
177.3008729218262
176.23436134412924
170.90402426771945
165.81829969872814
155.7870752716527
147.0559251808569
137.53013480489005
128.14612477720794
119.15454752839165
104.63860573902093
94.12481697984217
86.91129408754905
84.4756473921529
84.95168564180884
87.17731603616464
91.43628830407333
96.47096090429243
100.08903874485888
105.90685924361173
106.820022525134
108.28514031976634
110.56701986917822
112.24630775069636
112.384418295004
113.0397290720249
112.62905218599832
111.97679370506813
112.59804661646382
113.15205145109203
113.8711068576612
114.35305721982128
115.44586958753398
115.76119748253967
116.47202319332591
117.35391116627417
117.21416148926563
118.30747629363535
117.78860106963536
117.66675469469835
118.52903048615529
117.19853618743059
116.50620094744308
117.00887636932954
117.76229862430138
117.38682805955273
116.45711225916763
117.09626675070031
116.47261987137465
117.10794603479643
116.72949819614935
117.26752663119869
117.44363230948395
117.21544785538394
116.44595485253961
117.45027972487945
117.70371454859551
116.19588000162136
116.30227568253765
114.51060210283806
114.9535109540425
114.18233632176604
113.39800625311574
116.27017782352338
119.30577477961371
123.88518939734318
126.51908584736262
131.0241098465983
137.2913825680994
141.61647858075764
148.53722990748275
148.1278549200616
148.73800574360814
149.17070518782216
149.19230810969103
148.94320307749553
149.09116804776426
149.08670990990214
149.1221924517839
148.83096939402324
148.3026857500292
149.49824128431277
148.6328873626715
149.08228566369814
149.94461863873386
150.65052951225286
150.80191245495595
152.64454990729575
154.5103586956875
164.52756721587406
173.85688612764977
187.0790066070682
195.8719923115446
204.3854361328269
216.87637669884603
226.8243771107981
232.7408799096331
234.52702228544626
235.10051139621743
232.80781168553298
231.37794325251446
228.34741597039962
225.32708094500688
222.52687454633573
222.816568054971
223.58877124798812
222.55920732961738
224.00085765706848
223.64795792764403
223.36221551968382
224.97090536123505
223.57355830559104
220.1025323566986
216.69148800695513
214.33282810750669
210.41927171650278
207.5199504999249
204.68164613879017
200.34878499714
198.29204524121195
195.43525525167877
195.16198102851357
195.2984581908396
194.62828401298555
196.21435964312204
197.00015519126887
198.4134210903344
199.24572098707563
198.24377691462723
197.98445365167206
197.42727912228855
195.59523483467945
196.1747850898001
194.80677286455682
194.75950814986768
197.75388506988642
202.34001672196376
207.65765972106334
210.9140878388799
216.26839152436557
220.76130344547127
225.35272754238653
233.02777739373778
238.10902005833972
241.82737707122465
243.55339283452912
242.90645952847638
239.8088228886406
235.9220998955231
228.90505464231478
224.28531661973645
219.65675343816653
214.91233870333403
210.33409174933996
205.36521054271807
200.4593852371191
196.51364246885862
196.69315952759254
196.25460798998992
199.52866254739232
205.08092037303663
211.17058176961552
216.40211248342743
222.12232702909665
225.87925763399778
229.58110366733086
233.50593578505
236.61591377716437
240.45628063629403
241.64555409013732
243.48817972476087
246.61872787072173
249.86136862017713
253.4553428888602
255.99006832875423
259.6181059265379
265.76758481584767
270.688095820065
278.70466860490706
284.8880296440166
288.36967729711125
288.79584038880506
289.1511061313952
286.953454174404
284.71257569759337
281.71632478964534
277.76547267467095
275.6046416552408
273.34227478711733
271.0419064649509
269.3182078079164
265.9717235685063
263.1326617475401
264.72779056937026
264.07428989637896
266.6931047173423
270.18112454626504
276.46032028035177
279.85330314912
284.06756716402697
287.681207621669
290.58802051340086
295.73281396288746
299.8831291010653
303.60978205742794
303.11861985460774
304.11836994688946
302.2531988565986
301.49438460526414
299.1203681188559
297.40770150937936
295.2643706703144
294.7727034338496
294.9550169579018
295.8169163715374
294.37366492138256
294.2728317893339
294.1613896993775
293.7645027615968
291.15804903803047
289.2647893968095
284.63680413339193
279.6066901558776
275.02311494439044
269.5907854335363
264.69466363666004
257.81181960474515
255.25916303246018
254.783286367324
254.2606647181542
253.23186455374548
252.91034365860372
252.3419734363332
252.35797404235439
251.68995422090265
251.3951137155075
251.10373407290368
248.9598530020323
247.89316948712178
246.80269981432804
245.26237366916783
244.5846005104015
245.41773466608583
243.39884271511173
242.57736388385607
241.25491718664352
241.6728927522572
239.19436571046901
238.77629935601286
236.18461332222174
235.6028001706989
233.14919949178486
232.68090518225333
231.75174191741797
232.01735535252175
232.0245650618876
232.53823166258775
233.0612750300242
233.86798326780323
233.8692776672842
234.99583409477611
235.0284830312269
235.970594429361
236.70630339283971
236.88865084746314
237.36037638066412
237.89309317981923
234.3564243714537
230.62709029093534
225.3380515789111
221.00647575728462
216.63038750326382
211.33591334240336
208.257749210878
202.53791241850612
198.9743224703088
196.88296029392487
196.17998485886469
194.4934667773241
193.855932372364
191.59733743501948
190.39654545091915
188.6349627086565
