# format: from_node, to_node, traffic_class, traffic - demand values in each iteration
11
17
b
143.9689933066798
139.7321471075582
136.81477696334233
133.372780170485
131.32260240444674
129.8664267746682
127.80880577497217
125.7565426298422
123.86997264133505
121.79692132890759
118.99561298251069
116.59313656973399
113.98355509418933
109.55679070452831
105.1647962457431
101.19690346256023
97.88242497954234
95.95271701857307
95.27582548988659
94.74661743668841
94.17668484720812
93.52335726938314
92.67913942591159
92.82490645515966
91.60153514762499
89.77024270445277
90.00538627451832
87.71307546345419
85.54733263121734
84.67120299969007
83.45959583325781
83.30615685930204
82.85663388936175
80.41535820029395
81.14774985720054
78.97959643351776
78.51214930036876
77.06112580980792
74.57611139291143
72.46641039140516
69.97441271694528
68.60432749399548
68.26029741535464
68.60628617756001
68.91929607490803
69.48903852993102
71.94261207844227
71.88385154885442
74.01833637860837
72.89916878294979
73.13505958786253
73.54370297077767
73.4591630985199
75.67054604532059
73.83505145704062
74.68797375734289
74.93244054330096
76.31102158824692
76.70747473628447
77.82887427806479
78.09147221330923
78.4833492614028
78.83217282285646
79.7624994340885
80.21432959666666
82.45224685634422
80.90746827714882
81.04253775693577
83.06644948034626
83.27846047443991
85.8526610628318
87.30540718642368
88.48543337701467
90.25026015444435
90.85694106976148
91.92438235434075
93.4977153252369
93.88078261890877
95.24208843092926
95.65405166391714
97.09993503003335
100.39100926812732
102.52053734602379
104.37918962544593
106.98805234086134
110.04594036161862
112.82574961498878
114.83758079737447
117.3340392928435
119.0215220639934
120.03216595140066
121.38182363312877
123.28375550241111
125.85636752469307
128.21222847645294
130.20683543686323
132.4781237934544
137.5905164525337
138.72634107338206
142.72340177797102
145.05877270888502
148.25315283170497
148.1634305933645
150.67406726454865
150.74840634079203
152.05285114120173
153.6709669577376
154.51435534242407
155.4508863752119
160.76990388092523
162.08727566494204
166.3244322517799
167.46918623678448
167.7279053465803
169.06897598592224
167.96058544242308
169.59974198757868
169.4243943289908
169.02430118741643
169.62733533667378
170.13064345188917
171.01104589440797
172.84941854800184
173.36021916194312
173.81976809630515
174.9648478188652
174.63743791351413
175.07025699201864
174.48741596385585
173.63629523082426
173.21200510782126
171.88333994241057
171.62404679777046
171.93918659557187
170.1973673807137
169.90526672595115
169.17702441753462
168.50318615332307
168.76003786808351
168.15906358196673
169.01622309646052
170.52938550016117
173.00578321838873
173.1169335041522
175.16235271761903
176.42366574162253
176.96826872465536
179.7862157625529
180.94144085482654
182.38342695193316
181.81636118077586
182.82941737401882
182.5618447840127
181.56317754156487
181.53418323590105
181.4218143420326
180.17306566166118
180.16964728752663
180.69453216682408
180.70960923068813
180.21568338764914
181.49114772519792
180.4420600462204
180.50870787904822
179.9711940177251
179.78878723250267
178.81803912624048
178.62723134429103
178.7309333676801
178.19224450374185
178.19593362720175
177.46128858336465
178.0930584618558
177.08446310095002
176.36017709132506
176.477090361546
175.92840639315236
175.45335626030786
175.06435561844617
173.12937372778504
173.98682183558836
171.9882993522921
169.88604788300617
170.3708022800889
169.55930869440627
168.32880151828326
169.42938847878492
169.71343289549023
168.7681105700395
168.54444786138498
168.55356883757557
167.6051184214241
168.2457356935106
168.32908391390916
167.22592788436341
167.3338980594053
165.90886576968848
166.3013117990469
165.91000457558488
165.69256510777714
166.24545141065943
166.1988426273879
166.22425770460342
164.93693888785165
165.27991275513884
164.5441262403617
163.70690372911062
163.22810229720798
163.0160797623655
163.14692078781286
161.6229278015182
162.17020353675647
162.86933924666448
163.43654238482733
164.25119904324052
164.38030944133914
164.8594334333799
165.23790555559097
165.3987573870405
166.31140612974067
167.1598243534845
167.03300968522896
167.54080691928553
167.32287266966344
167.76304240069734
167.04948836576767
166.57585388896348
166.4713487158083
166.47396308965915
167.11060834215613
165.62506661999745
166.31324903000436
165.38209613424885
164.19417325011207
166.01383398857695
164.9298473538159
166.0390455382283
168.1994484974446
170.12273979894863
171.30565080524653
173.3848044260361
176.6133534755571
177.73778542553666
180.33564679849928
180.42951430078838
180.83843091425237
181.51113056982408
180.96698559466358
181.47970384056998
181.19698298020086
181.92393818368575
181.47482187089216
181.08119055713132
181.9974610617536
183.31006518180936
183.55592043028128
184.3835442518544
185.04063320998142
184.7649858048911
184.84829162498272
184.663663619246
183.68229869292537
182.08470203708308
181.42626657403756
180.2173500697061
179.3201502959169
179.6753968238386
179.18258352403012
179.31412182933337
177.599301545557
177.93789966122915
177.82418467574942
176.77853683022116
173.66568156177564
171.26850931344302
169.37583075689625
166.18367662039154
164.46201577855376
162.88664007073652
160.57913189179354
158.60510181068707
156.41185875267252
155.03622103513248
154.35484195809784
151.7546620006314
150.92350857733604
147.82620768497043
145.7728386899584
