19
11
d
15.096279108112949
14.564016729547841
15.061580645811514
15.967256747290586
16.61423672062379
15.808786480097138
15.409604980998516
13.902013762625263
13.145393603908465
11.87154691632084
10.51929907151237
7.741985168680784
5.018879669144406
3.5688916639289006
0.6216112769009285
0.0
0.40198671884244414
0.4797273718957558
0.08201322094650816
0.0
4.314560327300647
11.321087908536448
16.554763445676443
21.68924801651314
28.662554440544998
34.54982042946649
42.024414219526264
48.79852752674148
53.89552570731468
54.579425005384024
54.08448572599056
51.76679550495232
44.34218956808456
37.09033457971735
30.75281829590448
20.964941377341564
15.902394610208804
10.099983875376468
3.6184345913079135
0.3873896786105044
0.6335398280613237
0.11674394397909912
0.0
0.0
0.0
0.0
0.15269509355946842
2.1815680213483852
4.590555566864206
4.544758870349801
3.8638540574649447
3.7679635603567068
5.287647214175827
5.854141634745529
5.910745750441708
8.587192832543613
10.13458975420066
17.159111507616718
22.74069668229875
29.01776833440997
32.25170463331901
35.423781863606706
37.31855575931431
40.928412139853016
44.09675480759659
47.19091921943874
50.494669982472054
59.90058404803448
69.76816062263796
87.01326981386701
99.69093531403098
115.40508250418253
133.32015715100658
150.54683345305384
177.67238091459097
197.46483371439598
213.9834103374699
216.4698710959593
218.4171645337589
205.02137258352315
184.32115628797555
156.49198222041687
137.43180359219446
111.8113286029277
94.86853074533529
78.96564181144555
52.6926971028637
33.688776139682886
18.837330496394618
15.820032151079797
15.987708696437936
21.337500056518483
29.96613265898515
41.976560876352586
50.87105973829386
61.99211647132494
66.50510043006908
70.6319006240327
76.94107061486585
81.55918067635504
86.10166878498042
86.01351550139243
85.61082989952442
84.80177133165773
83.86904643288116
82.13053771379442
80.85490950776148
79.54225618854075
78.96617177778924
75.49794838789927
70.63975617970472
65.31809197596438
61.39928550339745
58.30767262553175
58.01004487363231
74.64715073447864
97.9769755064517
134.3121440665022
158.60166962258157
188.40138832591262
224.1675664830165
252.2869332101333
289.41531145944805
306.80374251335724
314.77167239469196
318.5906953263062
320.21522679522667
325.3778097389324
328.0427555809405
330.19684879580007
333.3971097441438
337.16238149724376
347.4165101759829
359.1394050614
376.5436384945814
390.68118707999054
401.2906437760095
402.96716546771984
403.2636049423323
392.5048893383287
374.667109030719
351.24423021379465
334.1032586350229
312.98700181818015
292.56020663399414
277.3317003646186
256.4231656700157
242.70843198294452
236.57054039923918
234.03024274202707
231.66913348545424
227.47643063254242
223.9291620101671
221.56227663138745
217.3924982190331
213.36132887332343
204.94231985982208
198.0903610851535
189.3944116243845
182.26452905460275
176.5933834683467
175.65268947876794
173.0612135191964
170.62441984631894
167.78060112775498
165.01885368523992
162.6724997176023
159.29477102371544
153.2045351595788
146.21073621323328
136.5410007695477
127.56380583240848
120.31596072429093
118.89402327264526
117.95964680843929
128.87642390546864
141.7413345799563
161.45451257985084
175.45743505110613
191.31166416767547
206.56599582828545
222.111708551083
245.60014410147042
265.2981844373691
279.1609278165763
282.57103561136404
282.9763940544071
267.84486295574095
244.68366069758343
211.45564494207306
188.02217390420287
159.2985456899868
136.2772522052687
115.01891832599335
81.70207629706312
57.21602840701763
39.616060052213896
33.76485561712357
33.87529554036646
44.944479263045274
58.90823876121254
78.98493467908949
95.90332215104851
111.72331146375342
121.72212958690191
132.30874787264005
149.1646946562884
161.24124647315028
170.6864851748997
172.93746172095496
172.73768232390492
166.39200897204458
155.9222296399972
142.13578504666745
131.73660739504683
119.76628437052248
109.990583169748
100.38855540931687
82.36212052008113
68.81377690907684
58.17413876176166
54.22484560539031
54.13168716158399
71.42689793215354
97.2691594100876
137.1920995956043
164.25286609550423
195.2829557447139
223.90093082498234
249.36032652878714
291.8261640957202
321.0660558441165
344.6802377578351
350.82662170296254
349.1197173223111
341.3343728374507
325.0540198323426
302.89121168213734
286.4143483947552
268.59647276958987
262.053021596599
256.9546558287174
253.16157298499425
247.36986492644115
241.50348281229824
236.54592951910467
232.20617029838405
218.50944943891278
201.3596645565833
178.19689705105822
157.1879337757771
134.71680364188714
109.53021956522481
85.73521065309457
50.66958389738506
25.651690953981213
6.031473646537575
1.401447906781456
1.6688435583435521
6.182022764540577
12.33995962211862
20.957550038737825
29.126315551181264
36.80736658684971
36.07505769785168
35.37464626043972
36.9573953934138
35.2915147586854
35.043123990163885
35.374428896250286
35.50233930101204
36.08435198623681
36.46589053219074
37.83331566829152
38.22756644625549
39.453836245246826
40.955114669417355
42.25016559210491
44.3250563450785
46.183591463658985
46.48955139896541
47.60832005916115
48.694711994975506
44.62904626522861
41.298440629707194
37.019219987939316
33.482838321427614
29.195707097863966
