24
25
e
224.18665589351326
224.2709892520444
223.98988994783068
223.94108574857782
223.4104698634095
223.79743831921903
223.68762158382353
219.3237101469549
214.73814418602578
206.6717359493701
201.8155825182766
194.9390841106859
186.60988808120737
180.28674644263882
171.4507134229216
166.3986236934183
163.89506011598058
163.18689029937886
162.60679285969218
160.66773525737304
159.7322387140861
159.01095998183538
158.66065495693888
156.42930361837952
154.1296683696077
151.26634332987496
148.95451857401355
146.76814038235057
144.7615347773548
142.23023579191806
141.75727676947454
140.39743304538774
138.91527084155047
136.92524502078192
135.67041481095444
132.58924920974582
130.53181557838866
128.25454282490603
123.89487060010075
120.56210425294482
118.41887733472225
117.6698250594073
117.29263420467348
118.3314710211884
119.71143164039292
121.1348697325815
122.79353879038663
124.57956926435912
125.23828642599663
126.3702059735518
125.15336260744996
126.71717523383569
126.17460064616607
126.9808398013502
128.03605620430136
128.4141137735225
129.77646077036843
130.35463150753154
131.9667070537838
133.97706297909258
134.7604803217946
134.71153146572118
137.02680499039786
136.95153212379898
137.8873315165883
139.70467296957355
139.5570546560115
141.28570276356518
143.305745038617
146.66315828191324
148.33753593558436
150.41606897759945
153.28059201779394
154.74130731040185
156.90640905563345
157.95020016074238
160.91464454802073
162.4809377207918
163.44880150728284
167.08657483764824
170.32956016790962
175.38314413781092
177.7892795309757
183.28200236126037
188.32372882301763
191.57814542599314
194.77631653781978
199.2635311109908
202.9462757740829
205.14217072364613
207.51785406146053
211.85374061304597
214.1742917725057
218.44740451670333
221.38860573096676
226.606010745914
232.42034484119432
236.6964122557846
243.38721374960028
248.6605532352705
252.09298564322143
253.6442764373326
255.27242867344273
257.0712512042846
259.6270803653793
262.06872253983465
264.039363940385
266.3602148249686
272.28580926735367
276.9024271164374
282.279663911229
286.43446349625304
287.052699370541
287.2561071362521
287.81411658327346
288.008648463487
289.0997199780369
289.4566811545951
290.00658794731294
289.96149647415217
291.4225452568846
293.02304620302306
294.7336103922234
296.72229081558197
299.02706014315976
299.1634810934016
298.52023685977434
298.087354966168
296.8401527867593
294.7915068353106
294.5280300247434
292.023292237439
292.49476055349226
291.1235266117637
289.3190568674753
288.0549928160414
287.2506538458917
287.36649761360826
287.6545954137198
289.56125901882825
290.7878765082967
294.3644415194024
296.8474909983045
298.3889401759733
300.77015788945164
302.65170700860057
306.085859541608
308.29608253842895
310.1957103971536
310.1733608461343
311.3675892031975
309.7567580806805
309.645020474809
309.1081516238125
308.0897960852717
307.2714940533579
307.76252215897074
307.2078628824863
307.1151651315637
308.1266284666409
308.0420948757582
307.4651853799557
308.49245767884486
307.67897499513106
307.0075688892996
305.8207956532142
305.06072470912216
304.46248411485954
303.48807404183174
304.064537882714
302.93722168821506
303.2657099623128
302.1006231104737
300.87556346711426
301.67100669340954
300.8060681685935
299.198307191149
297.41665114188595
296.46039515364765
296.4735266585623
294.78007426921835
292.35719488856034
290.818808552041
289.2537110690236
289.2762384310094
288.32259303446983
288.5015055338608
288.3968179771259
287.0690143337006
288.12008910856315
287.69497703203854
287.3947465578348
285.5627198872465
285.82060427541296
284.9451558863681
284.42048086002615
283.2369344816236
284.25692400322475
283.4422233319899
282.19962462313435
283.0106125491263
281.73050672276855
281.5447811906796
281.4376252266114
280.2538767710055
279.5140923831618
278.7755636413599
277.69208956023533
276.54531278363277
276.4416397210778
276.80836572274376
277.4015661247083
278.51586861849376
280.1576347580652
279.93328152823665
281.4387557983188
282.06221568806245
282.80579273602007
283.97943627282484
285.3349451367633
285.2927255662165
284.31540591696614
284.566136362438
285.614504132614
284.98985770198345
285.0803265423229
284.5576960997875
284.39328274344354
284.1278510206688
284.03011364093874
283.4028342920492
281.8411664570449
281.81294873421194
282.2296395965971
282.0460516452273
283.5443242396903
286.6937653474281
289.88693320855594
292.33241351800575
295.9403732028382
300.70951424107284
303.0181581295513
307.5141843685388
308.4777636970119
309.4696098977405
309.76681455040523
309.5862173541604
310.05784820233856
309.82076547208726
309.21038418614444
310.5949875018717
310.3736339701132
311.0267478726297
311.22911785753047
313.6934524624126
313.59591236323155
314.81862585219034
315.1784374427662
314.68432561114764
314.69928746538153
313.2028932633854
310.4086377194116
310.19870744994245
307.6146854585955
306.6334974816976
306.9113742635613
305.52326766657586
305.5323933909875
303.5688674844532
301.7875744928552
301.1134415386531
299.1460789022028
297.75552820512024
291.9571299723326
288.85470110719405
283.240632910852
280.88628529555547
277.445138202502
273.29689851340277
270.22584491669176
267.46428026339913
265.19254207969936
262.892647591915
260.02027448848463
255.8501171007676
252.7920223816141
248.67810757710976
242.81526758810352
