23
13
c
137.52105714871877
137.67869950756221
137.34728798031645
137.27926673759995
137.18405205326056
137.72224197931328
137.4964678150378
132.06821270661428
124.6456656199331
113.89415964254339
106.45849376476318
97.25934117636183
81.28652084947247
68.4105812933231
55.123852757505425
55.42327762395336
54.93190859783584
55.18120593809588
55.10084183403757
54.90138175998457
54.594664022179266
54.89171430247164
54.63530671697106
54.6195527491127
52.55852787087948
52.02977953066263
49.29108686877422
47.89822002730234
47.964607207493245
45.13477837697451
45.63032464058743
46.33491072751706
47.8576867995347
47.116208625216345
47.59767609076526
48.930220530289056
49.19104305516157
49.286379951171625
49.10094171959753
50.69081844271378
51.61731897502638
51.77835694163754
51.08332416767002
49.1836095220241
46.53183146452637
40.18104490438782
37.521031414485776
33.44081342043197
28.53525669217495
25.13348923843055
18.55952276988717
13.964321401499806
10.222124457199769
9.303909609822576
9.214660040326052
12.150169593449771
17.090656606363996
24.532969355115434
30.082922132646576
36.29223700599771
41.00321914215729
45.59875364297625
51.77861295024918
57.858959921957975
61.06473860404777
61.427943248925374
60.97865012582773
59.78397142557538
59.2142974115875
55.57288988408081
52.77405620842168
51.237325223257976
50.47811551304189
49.52662353282052
47.66418107729126
47.26845479326955
46.34961934714427
45.05409583140592
46.32895185298303
46.97651691403973
48.76716854940069
50.910745288749084
52.23361776582556
54.11680436223738
55.69831312767225
56.25492097765816
57.56638238514904
57.88384836549988
59.15272898858507
59.99713399744608
60.67702760374132
62.38587646130666
66.23926287677672
69.10158142388542
71.94853514297154
76.2037574943717
80.04844191525817
83.66630289431329
89.26823537027832
92.95425068169281
96.86262396709256
97.02998087684385
96.80956959045166
95.73510316581154
93.52141226534562
90.4134893694382
87.46930642655016
84.94391103029216
82.67916781166963
82.56782569786448
78.8968455048784
77.73211843096614
76.6186676473701
76.16555390942847
75.8214152435044
75.80149747134767
78.10448052699864
79.96730702671454
80.63034959731709
82.59703943383921
82.69502384306996
81.65406848174466
81.74733168293983
82.12564135147394
81.86581747299712
83.47439680269777
82.9919387488419
84.87107125153747
87.19101628541489
94.1031986447671
101.09171182320543
108.56761695392893
116.46178989002496
120.37481492379568
129.60753199365666
134.0075008985174
137.0115245380178
138.3229531182419
139.58634146479733
140.3001278246244
141.94847367642404
142.02107659045976
144.21797988230944
144.5479352856627
147.01434795021444
147.05096345836938
148.30211297431313
148.52998901546823
151.69482551675395
153.68246364733676
155.29818141725747
161.33819727184692
167.98544382672605
185.566620681121
198.53211906411602
214.54611240288403
230.2353670675583
244.28273758527916
266.91494511076394
283.2941296654052
297.2710591325231
299.2994782124025
299.94955374385705
292.26794565000324
279.5942458737284
263.3205421836411
250.06376914079038
235.48375810061367
217.4880801785996
202.3888070856937
191.27119201274004
193.5877373104477
195.3113636035795
195.42727656065222
196.2438538101089
195.77259488236365
196.8538578211344
196.35137943353604
197.3343237495792
196.09601540395286
195.75023232699158
194.4780514113268
190.97380711704494
190.20761234680992
188.00698051054394
187.4093705394262
185.76971118869182
191.20359070752482
197.86481569496692
208.59899975464336
214.87851378391463
223.56081309325992
230.80369090827963
236.99994885553392
244.6826489215905
250.9351536351866
256.7129842818309
259.0022783725505
261.3036606229327
265.38020149298103
268.7883833490143
273.7602390528858
276.86669447739183
281.1709224799284
288.6974202695917
297.31056910516537
309.5047866434684
318.5516350836362
326.14516139327196
328.43646910170276
328.6665121535102
319.3621425776833
306.0228222146194
287.09167814771996
273.2688954265425
256.93606704703694
242.78086863385673
231.74868432000454
217.37809984164505
205.59588479141578
198.6419207089477
197.0293733187592
193.1485624493816
189.49639378390276
185.69249947030636
180.64095930078375
178.47655516204642
172.98732933134121
164.7779938848058
156.06462059878226
143.81437381445951
135.18297606059897
129.2254829196733
126.88837901856492
126.49928748734267
128.58269779369667
131.6118431207976
135.18763442837533
138.98807881913822
141.8426444065042
142.54244065826268
144.25520373553434
146.15108118524185
147.62235481655435
147.75485835548426
149.550787343459
148.77529685922326
145.71233508249637
143.32068504184767
137.5981266187915
134.660322906026
131.19482499979665
125.73737128436808
122.32756266853373
118.689336629369
114.78787550939614
111.58768472224838
111.63022195531012
111.98593033671929
111.07495825510274
109.58294808776147
107.89077925089798
106.96155601865551
105.00757458814444
103.29350822276265
101.3787509057628
97.25808044223479
93.54801288175933
91.21491894974669
90.56546777938311
90.28356698723958
93.19002215991833
96.66330730927474
102.46961192954791
107.49255892426896
112.00178824889167
117.18973815119169
123.09251377866853
128.39145508933143
129.70385405685056
130.2616010341153
129.32914103207506
130.54062289198856
129.50510181552215
130.4751594653292
130.6984870247683
129.92731299860327
130.56986756174265
