# format: from_node, to_node, traffic_class, traffic - demand values in each iteration
3
10
b
153.08220467964193
141.99195985526782
135.12881617454553
125.27125702892442
116.92263889741855
109.5714781289371
105.76556622589449
102.23217104275255
96.23983478167902
90.46711740974837
83.3639936084239
78.72342242762724
70.58663310217027
60.641861540922505
50.97821192070496
36.739502852752516
25.300177994711024
17.28499535952176
16.183852816756975
16.10356182926826
17.322505698799525
19.91566234597707
23.49066397820726
25.72001956099967
28.8878981387687
29.82295116951597
30.22118693072273
28.241593309617368
28.183024447101992
26.71904039480917
27.882381049388222
26.945551498507275
29.096656415343404
32.04025861350796
35.63700539439715
37.15215656501072
40.45536185616686
43.91301139425331
46.548060641937944
50.09141060454877
54.16761439369841
55.41870040363114
57.55880812402575
56.87924643896467
56.504964546522764
54.0671006909472
52.26787348328826
50.14985789424261
48.82945398523571
47.092937653321734
44.784757941770685
40.756723949744256
37.045426189737285
34.06279655410413
33.38687467374726
32.92396724996443
41.69265345654489
52.79828822769647
70.44165506714906
81.49198630773566
96.31450299379917
116.36765178281183
134.10976336565875
153.50133878437535
155.70249390295317
156.91511111373757
158.00998372123163
157.96478774563266
160.1422148785655
158.94124317663855
159.34283106014323
158.41671412962123
160.1742990627071
162.1642644827138
164.23616481395496
166.07712078873996
166.8091105006433
169.02621264504336
169.5495373606143
171.53263483593756
175.18765192007555
180.32872594682783
187.30830228565839
191.42547087124007
198.0930800993894
204.61060234769877
209.02401618348827
219.72767620002907
226.52141940096973
231.90960891873684
232.72711055554385
231.99612157549
232.1215447597979
229.91556815264207
227.27690863005844
226.44342814475942
222.94706835884205
223.4664937785485
223.66281107176206
221.32166369565456
222.11139984800073
220.61113709743375
221.41635168407316
220.82153846400925
222.7097991538313
226.0418354613645
230.5204325007296
234.4450226670727
238.92081044785394
242.14738168863096
246.3213528667645
251.6468450923383
256.9925321222789
259.91133021120606
261.8405036817864
261.89317259673084
259.41750722003803
254.4551603333815
248.1940110605499
244.02177498019014
238.89214629179105
234.23737954535227
229.90056183094876
223.89548315925947
218.54772891304157
213.9003123419341
213.30605837681162
212.78737202763807
217.17709372920677
223.9887901812867
232.60732761586664
238.64952050910753
246.06972472193686
255.98872752869977
261.6085132194663
270.1394892256577
270.8333244329527
271.4375316297579
271.75329388476723
271.79491430220645
272.8973187592887
271.86248315171355
271.8643559821012
272.0436744720687
271.4553885952745
272.18307789271097
272.70523815709214
272.02128330991576
272.96839228407856
273.58386034854846
273.81747244701717
275.05779449084764
276.4806557490966
279.05468207538155
286.09646566431053
293.2063891898379
301.51936140317576
309.8319462428188
316.20239279653237
324.8716479273283
330.34773321006116
332.1878925431657
331.91466842589756
333.22143247892944
334.48645942727046
335.87129782398637
337.3737445370915
338.5148427920215
338.73782241757795
340.87153525737597
342.8365632251479
343.99373913828754
346.2934329952223
348.25060909688506
349.0198238168646
351.6199139089009
354.61900829306967
359.2261433391201
362.7892511423965
367.0134828969068
372.9924875752282
377.653122560964
383.84595202604686
392.1016584664259
397.63139100306717
403.055401247247
403.15184417938445
403.0115929193468
401.97309220627795
399.7103847240798
396.05015208223836
393.39722413095365
390.79836452159975
390.3385712406423
388.95716471147483
388.3424595328746
387.2453040815909
385.74901258493145
385.8631605588806
385.845486819304
386.838512381288
385.96442129131873
386.4931927388662
387.4241498711981
387.1237138823752
387.8674741646841
387.72891686764495
388.16309860407114
389.63128192435363
389.9679265565928
390.9359378871952
390.6085361774593
388.34954075502327
385.09025641699077
379.8810015729281
377.74349940765865
372.0160453969036
370.7021304324347
368.14172318673894
367.28046270457827
365.494669608452
364.07132458291693
361.6355083072002
358.5323294660957
351.3441621890208
344.83626522419456
329.9267037063743
319.3496721041216
304.4568736252001
287.0845274243694
272.2739193324075
252.0765856310607
248.90828262539426
245.02699429115583
244.26423346875174
242.25781562492006
241.52223227033855
240.30374501608387
239.80300022590347
239.92505143873532
238.44955768979943
234.3431739701155
230.77000555953475
226.14227861349127
221.44097727135784
217.32186053493652
217.85584223660535
216.46968421248138
218.22882091294608
220.49943514764163
224.93478569661792
227.77142709434216
231.3183531296972
233.71213864158747
235.04587143125477
238.7776391728055
241.76667347829465
243.46004996897503
242.9572031648479
244.61277946041906
241.44373876622186
237.7791019209925
232.0732604998215
228.1936110810891
223.9245927434427
218.72703265497896
215.87326908028297
210.60477695493873
208.41904810684642
205.93031483742635
205.82124892342998
205.38066003898695
204.98077634252192
203.99437188006382
202.02105592955604
202.31193320564466
200.96121798108098
200.81733513204804
200.02133962784558
200.04531991382274
199.3115431461499
198.06046214020665
195.85100485498495
194.55348807287766
191.66082874043633
187.14473591223657
175.1500966364239
164.44953681950088
