# format: from_node, to_node, traffic_class, traffic - demand values in each iteration
22
9
a
72.32928869656718
69.50533760943529
64.900978226582
61.07067830634488
56.41207905813127
53.06714261021765
50.25667541712238
49.53415427874129
46.10395344898713
44.286968969560405
40.63685075073875
37.59144189189037
34.55599594654605
29.434202095717435
24.66793310295157
17.563356268268723
12.127168619830188
8.214280660549356
6.834343242313047
7.310279344065313
8.227290727500725
10.064121532381249
11.761317940170517
12.388209201191843
14.252532538465015
13.740678842352112
15.035378670942954
14.36184312951487
14.120413807399613
13.054365566742993
13.840331183799456
13.189793938920525
14.6335223751845
14.296353536596175
17.745526931627534
18.68608681464896
19.008165780633067
21.194529658479677
21.68988731048936
25.131045934461003
24.93782987200969
27.64994181275757
27.667005647540105
27.717149179477495
27.000731875669363
26.05082464916331
24.751664617766888
25.425036579421583
23.974178764053953
23.227153430722595
21.600417391266753
20.016953906520012
18.136309760816655
17.784665580424946
16.677020242460785
16.144454891362805
18.459336499829863
25.74180390900179
34.147823641844646
39.805987133329346
46.116951553045006
56.69691957220313
64.68751047442127
74.30148971000973
75.25436743202098
75.86276272861213
76.36709850481034
76.4436542083049
76.88459020604878
77.77372267725254
77.71638134796879
77.15668917394007
77.74826646514333
78.36190485521286
79.21191103204963
79.98863114036784
80.73531734745393
81.1638295040378
83.23880783954417
82.85122970145711
84.57874844364126
86.72544771048628
90.28552183858778
92.65499208783943
94.90778066643713
98.93238829037934
101.55058990183814
105.59432869009461
110.32879853662268
112.26728184976135
111.69631758131025
112.1561249837574
111.63763130584397
111.60861616604289
109.96845351874518
109.33053548866069
108.39636770933706
108.68133649691814
107.70684250602855
108.10654605888165
107.40780320230749
105.58643194617461
106.34362680018708
106.76212366333105
107.76787808311842
109.10549914351823
112.21926587874046
113.48516986986749
115.40297666910192
117.6967698890469
119.96409155717475
122.40135773879189
123.69128629256078
125.84015060904117
126.27591047148502
125.7969132746965
125.72896250574738
123.19288012140765
119.21456053362024
117.04255740141538
114.4190794071796
113.72829030026377
110.98802238252794
108.49213646837332
106.13759077877819
103.69685841789149
103.23034606656356
103.36354598779104
105.79750532093875
107.9991923245081
112.27822587274098
115.73602182315298
118.18316654293304
123.19520822826456
126.54699710583836
131.5527279375189
132.2074651083148
130.96821079533646
131.80959043077678
131.05486817093427
131.9085758444594
130.83032644334293
131.7579975383817
132.03456185297534
132.08085423401621
131.6785445784937
130.66149925254206
131.6591986053752
131.680824985569
131.45511905918957
132.7450970002316
133.54201686555393
134.33019298327784
134.86537885097562
138.49145230219486
141.419191133337
146.19922038594657
149.7069946606951
152.4008829937999
156.4671217837004
159.07614522362095
159.67023810620495
161.6295984097272
160.84298546201748
161.11186425184613
162.98196793128713
163.28054021880823
163.3392341532229
164.25331877156844
164.69953654822942
166.1177703860973
165.94888935610393
167.83284814552337
169.52736828526332
168.6641316130429
169.49680585473598
171.25577941632463
173.62065236909083
175.61909601501966
177.63664955812544
179.50821927308075
182.54703847255053
186.0246607708818
188.94742859119924
192.52768629844277
195.04490218090447
195.03924126072346
195.38376576577562
194.7317485421125
192.8313947767235
190.76802962035384
190.48842138813333
189.4572685536365
187.30648465945058
187.90422210154688
187.54599456549911
187.07882806694377
186.80447761594317
185.90560863587763
186.3570735675504
186.604674300875
186.42995884686832
186.78315622872012
187.41238161466993
187.30744290088194
187.5256616931657
188.3556204212504
187.37475510877266
187.75226956443066
188.84304917927972
188.89524667653473
188.1132927555089
187.71900986687922
186.4192398383827
184.72708192469554
181.7282778799265
179.76221977000574
178.06782303143137
178.30804099666508
178.28141377476277
176.42631351654356
174.51477682574074
173.67556279918537
173.18190474129028
170.7871352052148
165.724986684181
160.23445683184204
154.41720546699486
147.82059588408106
138.36772452292183
131.21325567977922
123.14429712177633
120.46308546345219
117.81300559648227
117.7582169445969
117.7295798028752
116.31047820530691
116.62930793968978
115.8017282605238
115.73669315815742
116.37820400766756
114.09908411229665
111.01350042167837
108.6741618350214
107.07330345117246
105.02984454669807
103.47382473237869
105.73325906363549
105.73366967060167
106.30558681673224
109.01810985611215
110.22660990641525
112.06287245510705
112.61693382007725
113.27707150935936
115.08819244863135
116.41084212560494
118.16589501756214
117.97234003844126
117.80642397364342
116.67054974374648
115.43343455037073
112.30749513536027
109.86457753137854
107.94723177275999
106.60195663114186
103.88971568336981
102.11307178094737
100.09582422797092
99.70633327682674
98.94654931813017
99.05582141337977
99.44417916102735
97.7668179212998
97.59862996744293
97.70826938977928
97.56618135598785
96.4282552910159
96.55708640500512
96.14363754919464
96.14440399177732
95.06597184008072
94.60077370276568
95.4417800014089
93.22550635077872
90.47642527302885
84.98981676830101
80.56842166630818
