# format: from_node, to_node, traffic_class, traffic - demand values in each iteration
0
24
d
60.586191020890034
56.58469169584558
53.23713645854895
49.49230098047046
46.2600716229767
43.338012520116216
42.43807242321559
40.57392118532005
39.12142907606903
36.35226568369785
33.554222229134474
30.39052061553887
27.669798475289518
24.599921155122395
20.553016294458256
14.00982626286617
9.610999379748895
7.074934720630008
5.8413980511968795
7.1391411144142385
6.938943823307136
7.860286207382259
9.888193800680506
10.853728478233409
11.71817099650259
11.952404447701184
11.460397107097725
11.30405022209749
10.252235200648128
10.624534660669111
10.85657327067014
11.602117130876087
11.572014306506286
12.352935108711614
13.68932780988913
15.440982280973893
16.301946013000872
16.73824954717661
18.89639276284349
18.92533789213648
21.31847108272942
22.049811196592717
22.385239257414433
22.44683865252767
22.20793168204692
21.701875270253023
21.045322525722398
19.006331878674196
19.714232262500584
18.934954276439857
17.496886643576975
15.356377597183112
14.733169714066216
14.401793677302317
13.171754110741835
13.38955457284735
16.310577616142016
20.75928501465167
28.395944531675603
32.979652310003665
38.038825321580994
45.94626274355075
53.29376489583388
61.39206157427744
61.40230280734773
61.908110673432375
61.86463640894082
62.186441132718784
62.21546915660032
62.338360194919964
62.739868340273446
63.301000375768055
64.35768662552276
64.26090209594607
64.780266491189
65.7632673898198
66.08743146614583
67.32110739535915
66.91558076103841
68.6601011477132
69.30042054804314
71.24381463636549
74.86967822691116
75.55842054510583
77.7189952277852
80.07525747736973
83.96036086400436
87.44635513296049
89.40069202373805
91.219634989925
92.00381895854467
92.60308705335736
90.9286853992829
90.8036290244227
89.79764650331154
89.04550850149565
89.06468239229314
88.56161288835854
88.4021932899047
88.17451893942687
86.89620342083788
86.93321169036422
87.40761727959473
87.45678518114218
88.2540764478493
89.15539972093481
90.80016360610213
92.88130604320057
94.51238544608157
96.67253524825733
97.34861626008517
99.62779253173888
101.44450830494873
102.9351285559329
103.80465110194798
104.36454546811757
103.76179795990271
101.02398844627504
98.75450185057763
95.82676857188872
94.44268496562822
92.28059058911316
91.11627809494821
88.91934310140127
86.63334488044806
85.35494498871101
85.67403538860572
84.52650877728036
85.54574543003301
88.9134325794127
91.93273077725306
94.88121830626044
97.167518469662
101.06087084924252
103.54372550393084
108.13609164645408
106.98241098305347
107.24158849848348
106.84837918104606
108.16470969171878
108.24907933707536
107.2307316628904
107.59502261489035
108.27190527737622
108.35820476593749
108.29874005559961
108.16057257614665
108.26784758140865
107.87795080929928
107.94129645237966
108.71331892704757
109.49422549970369
108.92022824131418
110.05865232606318
113.51836878151387
115.79322023390687
119.67465545042039
122.59369881319958
125.15200939251788
128.6065332344924
130.61373337146122
131.5354376709564
132.42538634225758
132.48973651187495
132.53484082894826
132.0234425195872
133.10169454742535
132.59743427238905
134.87186194395377
134.6802292311883
136.02515874179764
135.53314026444258
137.61034559486302
138.0817041193316
139.02388030422608
139.19930599864315
140.06930027465083
141.6400892555006
144.48182798325473
145.89037282310179
147.25557490159466
149.29083733111804
152.44421270583078
155.3723919955102
157.72670819838663
158.99443754823398
159.5774161063984
159.5485813708052
159.29431906769864
158.59436790423428
156.85138148716786
156.37203133102958
154.81894746992154
155.4496776710489
153.32708720932152
153.07806980358757
154.26424795350866
152.4609447287075
152.63381006797505
152.4692648604635
152.89407856935162
153.95546833327666
153.9983208202773
153.11442371407935
153.11943344546162
153.1438953470224
153.22196325557815
153.92959866479688
154.1291784345776
155.0963061668047
154.93558144917566
155.22377845082585
152.65414187288863
151.74690985052848
150.4392450648982
149.01749099461802
147.30231158872442
146.8704351105974
145.6317897139117
145.82994043980224
144.52319159014746
143.1725011291078
142.32576815245721
141.70342383029296
139.55471568312788
136.3622232137616
130.18395117081295
126.67107274750222
121.5201815251755
113.6743298585013
107.15535559192782
100.99501950946743
98.59944651367093
96.26606286971503
96.3525865414634
96.04212280870843
95.81164405330036
94.96907891031783
95.22574478904676
95.30630977215495
94.33282213505449
92.76629267482139
90.51681528218745
89.30092135860123
87.91731449724476
86.1443706143855
85.50294141555561
86.31848356950442
86.87280509986755
88.03375969302138
88.16064117335493
89.71470619241786
91.2087049079828
92.72733994081233
93.7055596957123
94.19280450603844
96.15328585181881
96.27925276692585
96.80061772898388
96.51908759757966
95.87443933130369
94.63543397825661
92.85636030788163
90.10438523810917
88.104302998446
87.45419795855143
85.21048188876667
83.37811612950863
83.07283884674666
82.12034338604258
81.68386019760942
81.43718106594841
80.22552586989734
80.54424835316566
79.293590039253
79.64192153570012
79.9251496614461
79.48329715636574
79.23100202706532
79.26669449144906
78.68019526237876
77.91314847264033
78.08733987914496
77.58925932784855
75.8389669822549
74.60533322560676
68.66965015334102
64.50269365352979
