# format: from_node, to_node, traffic_class, traffic - demand values in each iteration
2
4
c
54.802946791626034
50.6534176762606
48.052597454285596
45.66716320902258
42.18183134706393
39.162147585743995
37.598414878622165
37.4330977505751
33.98537786133886
31.796519501900704
29.709398633066332
26.819474838901417
25.08408841480638
21.30121439114898
18.280570397587248
12.153284512198216
9.254147256227578
5.616633319292674
5.426264327344655
4.180018970946815
5.906293635934686
7.612127456678367
8.182958311708582
9.244287024827507
10.694869127598047
10.396682773436375
10.5455066054308
10.545018717398765
10.100224196737196
9.58453312497322
10.384527348589854
9.635359225754458
10.800957290107302
11.3383234540822
12.3425902046671
13.010667872907705
14.826002706254593
15.971458198417833
17.73269566138616
16.953744015611523
18.633390496697373
20.88023379109551
20.14182531227966
19.315035822671845
19.858796890601376
18.921904469961095
18.329944691363067
17.411006241388503
17.652120574582916
17.25157618320613
15.841454207688583
15.246460762238247
13.578273669335651
11.116124247206981
12.346182553293291
12.007691915295544
15.303957995203508
19.388652709793032
25.385485502188693
30.38629361145771
35.089141813671894
41.42589607934667
47.57700518098605
55.383487326891434
55.853446044465805
55.079628884356275
55.494074477934696
55.98437849717177
56.7782043070938
56.391973103093555
56.149647501367724
57.54140594154176
56.83223770182951
56.884560199693915
58.85623166168037
57.950630468452474
59.53226730107915
59.74807349172296
60.71744352341833
61.67166204418106
62.18162179236991
64.79747599761879
66.80161449431614
68.55426487763644
70.23515882501651
72.13898122609872
74.68200378342088
77.34856185603132
81.11534043154188
81.94755630904464
82.69871053699003
83.09917634516027
82.21075987800516
81.67369281765565
81.28045554849243
80.30549909959822
79.96810680859069
79.26826890393345
79.36715416333047
78.84809300585461
79.278576236668
78.31248732603837
78.95944418786821
77.4706896795673
79.4403526279261
80.41257122692437
82.23753159071855
82.69367600653014
84.95135686269295
86.01976103277889
87.44611213640462
89.16442525115487
91.14987810335731
92.34762395325457
92.60642946641714
92.97362865260236
91.91891298283991
90.95065353837681
88.03925112888047
86.59420855320072
84.33446123838823
83.02906317096776
81.90481730671416
78.88721205542787
78.13500326747884
77.42693522304667
76.93379869613088
76.13725882692043
77.58934625977568
79.1246944268309
82.39222476181187
85.43714804396622
85.48569075651503
90.21512833932893
93.09634973159996
95.91742033637144
96.30873082813385
97.30066393405298
97.24232921833153
96.41003020826048
96.48570740912842
97.03235108502447
97.73196485107171
97.40862018608534
96.8197211219927
97.36992508584817
96.81640376485944
96.72720741159871
97.04482159145454
96.6888242789016
96.94917500317139
97.94976292374027
98.25860176587754
98.799347306223
101.00512399646237
104.99363511100431
107.28700551273268
110.02513557704727
112.53055868855927
114.82478348515608
116.17101953845307
117.50077359476376
118.6364657087002
119.73428753279454
119.57425314659133
119.51045837824151
119.87431566748532
120.07336724632482
121.19340491328686
121.3196177669111
121.41657551213132
121.8415233150852
122.57989199956249
124.06199307156501
124.89157634397235
124.68338253107858
126.29478843509936
127.61221384489815
130.1553807132025
129.49803878743336
132.6175933558715
133.62892603683844
136.18860292616503
139.31125702241982
141.4847485681253
143.16912065297277
142.88412285436166
142.82772793236472
142.4892776843103
141.91622607488418
140.64680368725095
139.71775875249497
138.41590999814787
138.65900636556472
138.76133177353907
138.10488374868555
137.42589509490674
137.30158930344325
137.026096143099
137.15002893536442
137.8706691532725
137.78548182815354
137.93797357300753
137.30021497349028
137.46753246816255
138.42941133570736
138.11918323845438
138.92842321683224
138.67464369185578
139.23929808978212
138.9545407857303
138.51430048584666
138.0505674399205
136.60517441929792
134.882374151754
133.59626164975205
132.8041574239008
132.4768500624905
131.1753110967606
130.1138694578491
129.69366922679652
129.45416051479586
127.81804245393728
127.44677475248612
125.28751960361161
122.04486767060081
117.03847375393234
113.65688786582574
109.44547110090362
102.30962916404712
96.74883992854977
89.68059968459686
87.71599949390419
86.58987575021564
85.79698096763912
86.64693940083889
86.15224171282571
85.53759018392377
84.5213696843679
84.66479423056266
84.82768999992365
83.55482888188261
82.33484485505595
80.22512249544222
77.97867374243411
77.71206641270199
76.79460930346572
76.87893191300049
77.58883736742004
79.716616245153
80.31508675805836
81.3319808547684
82.75522302286652
83.41565392231728
84.35481493844738
85.01141680501286
86.08870642176309
86.444681158213
86.8150914700902
86.66086929858233
85.90744872488123
85.38618558067803
82.86684729605683
80.72646627458101
79.16734721086945
76.88021300076058
76.53306313930278
74.4284190864162
74.81176821760654
74.19758338336875
72.35896965428476
72.43657142355524
72.0299113581195
71.72390552279985
71.71847828725531
71.5535211019274
72.32926089768264
72.24707540885451
70.16629807921971
71.6012487716055
70.546019324529
71.44941379668244
69.44754146000612
68.61009915781557
68.5200891446685
67.14353271288697
62.66818354688778
58.26488594963578
