# format: from_node, to_node, traffic_class, traffic - demand values in each iteration
7
13
e
136.5864649920065
127.21067244202342
120.65691517922964
111.28319276778063
104.74618369746631
97.8909891189332
94.68083879461123
93.03707661040684
86.60620413617403
81.19620716314823
75.18343350412364
69.39191665626164
62.93692540307567
54.88904231784179
45.93415858311336
32.01236738662858
22.508410643797717
16.024433554051154
13.653706376006577
14.91698045735303
15.241012982216391
17.53354485759908
20.954894679104196
24.205633389629334
26.801987670368042
25.78831696216195
25.822447847961833
25.38871452662213
24.832549863857214
25.418689590454353
24.448574282015915
24.494107975701148
25.957240444436575
28.543160218610307
31.603835363023595
33.44856700784841
36.875551695352925
39.28575233421178
41.89565005355911
45.690702133589355
47.27212237974328
51.02107476809871
51.07995939952696
50.87278093607978
49.59045446081402
48.28085979551778
46.12263132861807
45.18577777899092
43.21006797970966
41.96888035841915
39.534494314404775
36.52136898547872
32.964742216459285
30.7415668591687
30.810851976628367
29.389116802344642
36.40130997197126
46.65598910665102
62.64989858171254
73.36995251481227
86.95109437187074
104.93923999608488
119.5307304464824
136.87168540692153
138.8725180916808
139.76471337762553
140.505468028009
141.6401441651902
142.15641364407205
141.25674524166007
142.74608824980555
143.01585564137278
142.91349189821491
144.53639882032863
146.05382883946294
147.44860477730893
149.25016873733267
150.24813155895006
151.43066307484193
153.46493515034777
157.39480722834338
160.90762181065716
166.8678510046286
170.66770697036353
177.0175427685717
181.1581266568773
187.8308886915933
195.22812302732075
201.5975978693206
206.94734941082953
208.4121052790232
207.9267088558296
205.96364500735362
204.578316183323
202.86527564628514
200.96508555410944
199.11660895442134
199.82915636355477
199.15660586901498
197.63000517398768
197.67520725489302
197.6559070634766
196.45891430148018
196.8008437479888
198.6090791417548
202.17298302725087
205.79761467525958
209.14659357589406
212.1474020432038
216.49447797629665
219.6644653962689
225.1922829927975
228.6847407751821
232.92919761438952
234.07141646391634
233.08276251514357
230.33734062964666
226.96643569714468
220.65053919525877
217.7956519408426
213.23783472090514
209.07068432263165
205.12802341584165
198.83593801439105
195.49919317027312
191.74771016599388
190.2388648731305
190.6713676172471
194.7365941549033
199.27161909923782
206.69142483144793
212.54455635866975
219.18684146730652
227.24344563804502
234.65762250093903
243.33270995799225
240.81076195824784
242.2091051705011
242.58938173783838
243.08407997105314
243.32527926041695
241.78134919094626
242.25553636354581
242.80964004325423
242.55601200623178
242.8191036420052
243.6251718577245
243.10561994089838
243.4918084116638
244.75263989074026
244.12369775407444
244.63171118478002
246.96476376800635
248.97198517440194
255.5399012191234
262.35898474075606
269.09330078173383
276.46074304442993
282.089024977273
289.0477419903634
294.8433123547728
295.67057793264723
297.39597986233724
297.973932901102
299.0136180671203
300.98726065958266
300.416204812486
301.1189454146693
302.98492602207693
304.8345557574626
306.40845765315555
307.9392786710786
308.75419572512385
310.9120414579353
312.7688821905692
313.7913219001534
316.6035204072338
320.0996867980377
323.439215755273
327.68519110735605
332.60087923114094
338.3713971902849
343.1814447728799
349.42805548756075
355.8512053290342
359.4193493740091
359.84266307989253
360.2814085765618
359.3532835712019
356.0803865481622
354.21575659257246
351.21048373804655
349.47611310789216
348.21223634100323
346.4321242652037
346.19345023207916
346.3115941387877
345.5056377226821
344.82869110616207
344.83863370726175
344.8513271548325
344.76616998559126
345.08817995460026
345.38583934053315
345.7458167726059
347.4489933577109
346.1933029337657
347.0589036522266
348.53278504713563
347.60255446802626
347.9820668595385
348.25024631374123
346.97574722351186
343.3899217021596
338.383058693721
336.7400512384074
332.97703376251013
330.279284381135
329.1672452359472
327.4306366104258
326.42422332500985
323.2699047466352
322.1989375010565
321.02435776294783
314.3648904997194
308.5154662763516
295.2488155286627
285.1727266460848
272.3455804642244
256.16354243361127
242.9838091203149
224.93824034547933
220.53952287768684
218.632481749701
217.09972885979042
216.76176684094915
215.86140148475536
214.1359083001633
214.53889627378
214.1663424745246
212.5401520993187
208.29970224674702
205.8705804691576
200.24435990015522
197.5282861653514
193.80501212115124
193.7531972007541
193.64674836070793
195.3963389757116
197.85812291195109
200.74634404944308
202.93738701040672
205.99443487209626
208.59754022400313
209.57250343078832
213.31468868022196
215.33035239808592
217.63813600021797
218.42937956344537
218.30872249652924
215.08070776069914
212.4308583470258
206.73242512911884
203.69760913508938
199.8218391557352
195.80870709083496
191.7176793207299
188.8187028170218
185.58164640115132
183.95292631610963
183.5220723379218
183.72952359383314
182.74019384239497
182.32041686005974
181.1075755822393
181.49885639251866
179.59689335282243
178.7499627759641
177.87441659661053
178.57186744073078
177.62001044161357
177.08576268221202
175.474050290519
173.750126822426
170.51909447983658
167.3682101368734
156.02697565020893
147.1719250173066
