# format: from_node, to_node, traffic_class, traffic - demand values in each iteration
18
23
e
117.97407138589709
109.84498434162951
103.76458321190994
96.96993551848684
89.97354849949221
84.32640397530888
81.1187693368766
79.76699295140268
73.80225125177019
70.34937290191965
64.69923510305757
60.2537976334567
55.33495579848754
46.81931096497025
39.252951030295314
27.71835161704277
19.84622752773577
13.434051543074437
11.544751878628352
11.977844145050192
13.037737435800214
15.615706111557792
17.80653190434778
20.44647780119288
23.262152712063944
23.50795061679174
23.145117098934072
22.26091747057592
22.73709428069179
22.030292525000696
20.49358741518394
21.10684915387125
23.1501255211892
24.19746689258827
26.879409539990785
29.50815434826243
31.710395946539986
34.498166978445376
35.93479630649029
38.95304372201376
41.80800200293855
42.94255054584482
43.683480618895
44.05872385119859
43.25988287233039
42.16976989255967
40.45070305889908
38.923142159855594
37.565241997701406
36.76705086783549
35.26640700821393
31.894171805831657
28.10237011230388
26.18931914446214
24.98180571295133
24.395981725071646
31.47445351229715
41.20959322255141
54.32838013237168
63.39181216998859
74.81095019670556
90.30195573870282
101.61159650040571
118.08080053712243
120.51517935867156
121.71323560361701
121.78198265959013
122.268533521106
123.03218101470117
122.33660387421831
122.41796037707002
122.84553624891299
123.06634135609065
126.14811389944023
126.67253929915601
127.46005506366834
128.27061427037822
130.04211681247514
131.8777148464675
132.96076902387313
134.84295643464407
137.99311726564977
144.21704507787894
148.1013745250149
151.7206423974931
157.9571889756421
162.16565854195983
169.40343380646271
174.99927639083566
178.86036147639177
179.2068886506029
179.9060622843715
179.29044349275398
176.83318324040022
174.89740078252296
174.35584330469712
172.27771552477398
172.03852094820215
172.17786256970987
171.5243538015616
171.77162742706636
170.31194484260828
170.65353656256815
170.10791587548906
171.5996286306099
174.2883755177501
178.3916130857603
180.7023609783366
183.49155805587364
186.77659281599787
190.14810417643983
194.55775939943416
198.24759989321004
201.42159662318937
201.88679564646222
202.23009171272946
199.76077407290538
196.43115603196486
191.28988180758043
188.40241996598792
183.7894669803205
180.65209023298166
177.60975687718533
173.74424878004282
169.37583435353653
165.72216839119105
164.67604324457284
165.182097273278
167.87571344946178
172.56278144610894
179.98461767263746
183.93538650794687
189.1724612215752
197.05749736945558
202.98233845049086
209.6053930932742
208.98637201396429
210.373510654263
209.26938763557865
209.23036980204265
209.420800689946
208.34497117640754
209.43027539467872
210.32978378382958
209.2574855401921
210.44301728368413
211.02424264878226
209.71361564642206
210.63225889313063
211.01994233771228
211.2364505345436
211.41314032110574
213.70170748367448
215.67634964823267
221.26014174517005
225.9522926025969
232.96083715368565
238.48608575504852
245.00007271487786
250.29634641701614
254.0672318065157
256.3187429918044
256.8447275672583
258.0066788634877
258.15813155493254
258.94559957717547
261.2367809035298
261.2816984588481
262.23806201666446
262.67710532706565
265.2035878363927
266.66568542926433
267.5510641657296
268.4055281651336
270.4076402470507
271.40744268263785
273.37890412074086
276.16778145782837
280.3976861084148
283.62694234850295
286.475260519498
291.77442875968836
295.78462029704417
303.1560100322824
307.4690687611029
311.1963614499709
311.0065486400499
311.1200088953169
310.7688673968799
309.0029601388081
307.1798115302353
304.2510627339621
301.9391868926589
300.7504455695798
301.0381116276062
299.66910614645195
298.12616146544957
298.69922093242354
298.6404068919688
297.42945093851006
298.17205227515296
298.5793459639947
298.4430304365589
298.1605980136247
299.4079174054995
299.3851648631077
298.759298543644
300.289455268518
299.6889925151474
300.6721056123348
302.0546744364561
300.72162159931935
299.7580102064132
297.19430521759
292.3509698298913
290.5992666339878
288.1618655358007
285.4923773548612
284.9079781749592
281.95798946549337
281.35321332763885
281.26699290185826
278.6878395568821
277.57114747454773
271.4700644638729
265.7083568991771
254.8645648310012
246.48494510536
235.2483425617095
221.44431272868013
210.37672858172925
194.81703312075854
191.15900797030062
188.87917808296143
187.46843416534372
187.1492030615802
186.88520208310806
186.2385118378806
185.1191659924564
184.7192301257528
184.72281369349082
180.84469024082074
177.53904569797083
174.33334199125875
170.3592895148022
168.05617124841166
168.15459513129713
167.3962834533803
168.60693053555218
171.79345815873992
173.59100003257313
176.0441029530424
177.8081807281861
180.59889796751673
182.27937215557887
183.51653015264398
186.31901431497008
187.3599328885645
188.0519431208185
188.51598612517685
186.85361602123973
184.13086330103394
179.2504952146123
177.49297527096402
172.54958754212606
169.4422875671673
166.51015838982462
162.76986725120182
160.20064056369498
159.64568820773752
158.38125657235986
159.07822714779937
157.7214167746933
157.11154835604032
157.11620080807438
156.2262335066746
156.0230436559126
154.77151278759078
154.8259187035023
155.13639707862257
153.40006207702203
152.8464686626198
151.78142490867953
150.05054016821393
148.01821478062004
143.81525785814043
134.61883613085251
127.46929696328303
