# format: from_node, to_node, traffic_class, traffic - demand values in each iteration
25
18
c
147.00919421086388
137.5824272482547
129.33300258213913
120.57834792029372
113.0109200429588
105.56864894617213
100.75897428787283
97.97995071027248
92.62923863990898
87.66036128531957
81.36457940540464
74.70349816400567
68.51993742021797
58.744706512764445
48.73913956166113
35.15488403994223
24.298011505117348
16.137481048358108
15.509859526694846
14.272060554712372
16.391219123144886
19.92001905746943
23.1340916120719
25.693827118104647
28.486751958359527
28.078440156639015
27.68997319006682
27.741531593384835
28.11008617033179
26.937409769823272
26.546821762352593
25.48219728912685
28.657106428801814
31.15953850640843
34.948051900358216
36.58693724541552
39.88637049541124
42.712807801357194
44.86287804542897
48.909468071949945
51.23428418086159
53.20595662141699
54.247517055437704
54.16776383929312
53.58548633352399
51.550002696990525
48.856560848223424
48.45841671424028
46.89086266387338
45.25754664175677
41.91920295399808
38.57198051840786
35.61165207316183
32.45773925010504
31.978260811878297
33.190159746961875
40.10995884057543
50.08209192297951
67.41465542217664
78.94495144187367
92.5395339039113
112.82336100991625
127.76757544129214
147.40914280956926
149.37250021987563
150.90542627606243
151.11723133339217
151.63462239936374
152.3136659564638
153.63203039073258
152.91495981721044
153.05424270389324
153.88588902451485
155.17643676253437
157.32624392663195
158.53492959509632
159.84532203392195
162.2823934699367
162.6053042009166
164.46870569037375
168.55847181801923
172.5416841525978
179.51781776330688
183.79717557802732
189.89915676090874
196.44922682367337
201.46307065136747
210.5120141435679
216.9651045704219
221.3577529100565
223.31417781255897
223.24717308821323
221.57424218207072
221.0821714636302
218.41907527297337
216.37285526458174
214.01376576367127
214.39809528663707
214.45816810742605
213.58033310540557
212.36878422772088
211.62246674608494
211.66284850814154
211.06117553555154
213.5897477575728
217.04819285826514
222.16455812150573
224.81529441036903
229.4696801694877
232.68530250131164
236.19927693223164
242.30154617813884
247.23545649033198
250.78025287111677
251.04105220855735
250.37045870524156
248.53828756901197
243.61136440323165
238.1082694843114
233.9801726530031
228.27205390967097
224.6224610683205
220.33231577584627
215.30393391444252
209.29301914525072
206.52776923854992
205.40258591051074
204.40953062667043
208.97726672546037
214.6636868551266
223.07828692057777
229.33746889783262
236.43392795911933
244.845232722657
252.06665720857788
259.8676146347193
259.7094361933922
260.7150932062634
260.47574034381597
260.31860824044026
261.4117494440475
260.6462868812291
260.4562181930331
260.1804066516755
261.293892748693
261.1727438451532
262.2251275559888
261.6207689542106
260.98032285788275
261.62660558033394
262.8016834488864
263.1068286288554
265.207640787275
267.5879749680156
275.335206938064
280.87043044693354
288.80587812371584
298.193728398465
303.7422531097496
311.69201155480596
317.0702342785268
318.6906162918849
319.71384241553176
320.1613611108153
322.4720333103396
323.5942725892562
322.9769932796022
323.50435359885836
324.6861088065562
328.1254954935356
329.08891445252596
330.6874562154041
331.9151417261459
334.00359234925133
335.2171829688165
336.9531842109901
340.12675943491604
343.7474373480508
348.48360072435065
353.4765125357988
357.3464801096429
362.8759683771455
367.6128604103022
375.8151159832724
381.5108711713949
386.13032701967006
387.0668326614607
386.62513725940005
385.6054060791555
384.54954487440995
380.12158999827744
378.09463400879844
375.5813709519981
374.2630535515779
373.39930028637156
372.27024136182933
371.24304665764805
370.6367322667947
370.21471973134067
370.5496245411243
370.85156422991486
370.89204096750655
371.25638410388956
372.83292550117545
371.37809158845477
371.5930678958419
372.3186162658699
373.3392689139993
374.38432301508993
374.8999496142647
374.84259965813715
375.5454207682913
372.1295255912517
369.8071061500088
364.2704335234993
361.61050560713727
357.10146736431693
356.07815672016017
353.8260604947697
353.3218532505402
350.1848836040912
348.77777979271895
346.1454083208268
343.6948102435568
338.2351619580665
330.71895910071333
316.18932957598014
306.54946885737377
292.6449096465887
275.4413243946437
260.75303907587266
241.64095136891368
237.59001672030922
235.84428128803066
233.4164038748569
232.08874481950443
232.99434170734636
230.00560358907063
229.99783764433542
229.10766716780307
228.61663355393114
224.7895842445998
221.15495300801484
216.43240663795538
211.82130289304644
209.05345156380358
208.3832395787848
206.89450158682044
209.8591361021186
212.13779062878007
216.30239166474246
217.5978673065044
220.99886223102217
223.5565441619287
225.31893625699914
229.66099281640078
231.68866266319338
233.58987045439878
234.3617884189664
233.69742232643122
232.2755453784457
228.48426817136558
222.95027879034595
219.68289831340883
214.92294933631078
210.18109719179094
207.49308775626594
202.4713967219625
199.1791208139687
197.70456007197345
198.00873531888135
196.63286016670097
196.75676078078988
194.61784078907704
194.23131280819925
194.58909902233123
193.20080728954298
192.87308112298567
192.44413756781594
191.37527580857238
190.53520580441023
190.07829502965552
188.8471980708503
187.68771390094167
183.744736845467
179.21872780056623
167.58655608229165
158.87349413077285
