# format: from_node, to_node, traffic_class, traffic - demand values in each iteration
24
16
d
70.35619500260658
66.35810609205811
62.91705072256302
58.52507415243963
55.217680685589485
51.06860504620002
48.62176968940634
46.57662385225512
44.642388758888536
41.88859048225737
39.41583859478186
35.28253754383173
33.42994631929093
28.253695483257683
23.167619349175766
16.703339515007382
11.717109045312498
7.478978958335785
7.454536918384187
7.445489912333425
7.6617995419209
9.547024201339072
11.339256453087554
12.05760963200043
13.874676626296527
14.599416809116276
14.303545482007342
13.92544513445996
13.02499975895457
13.440661205658321
13.064210659098562
13.413336806994234
13.822731891988397
14.373209015147413
16.315560163357297
17.80132927747025
18.66317042825628
20.21235165841535
22.079282859008224
23.338408067977277
24.913029697695187
25.46535085705463
26.08423524804177
27.0949305210226
26.045263685922546
24.87314515509155
23.992495381270494
24.03939139201933
23.310818986663932
20.953711477568532
20.01994586315988
19.147499744458557
17.156805340237874
15.321358213882421
15.636199906665722
16.237693597519158
19.510531773666187
23.789322459870846
32.06191141319973
37.57368686014673
44.52759438594056
54.354012551316856
62.719787173591136
69.79208672507848
72.05375472507731
73.0719262039334
72.8691355848539
73.59005466830078
73.37256403201617
74.0295006837608
73.52175002804982
74.26287905469678
73.91506061117062
75.3137768677362
75.36023564535137
76.68132002882119
76.72868284519292
77.86062842843295
78.54156308837214
80.14599530757668
82.42914268384384
83.38919502650438
86.27475256248542
88.90157753022604
91.14105160748196
94.63043008285472
98.08462356359988
101.63612516480705
105.99396383660773
107.20500975410734
107.56805131704165
107.87936090877777
106.77365770065516
106.72282833183816
105.4559109771991
104.01017057629853
103.84984122081572
104.63673809224534
103.43409981605693
102.3336315571991
102.79282762849871
102.55337919908511
101.47116220282494
101.97896675012478
103.30731642374411
104.70340222778223
106.86550390342575
108.04756394683817
110.49388128708637
113.01308202501045
114.10437924288426
116.5383524302625
117.97807623615802
120.72619612446522
121.72232688965585
121.63047619496871
119.70973417560641
117.60939088398081
115.67590344007658
112.75049619183983
111.03268151993203
108.31677321966352
106.24262480618201
104.00013305512482
100.91335599377545
99.84498573967493
99.02354029402629
98.53375266132679
100.70953200975939
104.29318633277326
107.30994730544846
109.68253960102395
113.88117817144973
119.013482268048
122.39707166790585
124.9913867288781
125.64671786666041
125.30815319501373
125.88152182473577
126.48550798145591
125.54954113018104
125.95263228651929
124.8477473694037
125.01463078314227
124.95280606868535
125.25080274326544
126.86690205449239
127.29433072349781
126.337550794942
126.6045697122471
125.89576251118626
127.57336958720589
128.63451354911
129.59056570717053
132.15153751328322
135.61006203386967
140.71655359871062
142.4712333512901
146.82032750469668
150.97723629634993
152.54243983781865
153.24327345840194
153.90156877967118
154.33134150151534
154.9233258882244
155.48104421875033
155.15227948351156
155.6464842396778
157.36605885936427
157.41225893792583
158.8926494845497
159.28619276880895
159.63516410438007
161.6374688300645
161.6036904654781
163.4562155218999
163.61117207020723
165.97350109298654
168.65159545920147
169.62020288926647
172.5725078711817
174.70836384686626
176.90510540255258
181.03148598461377
183.61912885955212
185.74820489192697
186.7114031658663
186.5643613676926
186.67473544805722
185.3868108615625
183.76697004383223
182.91190278679773
181.84013657473298
180.04779509046628
180.52872443422763
180.76063227373942
178.82903562113475
178.62003846842333
179.65093288033518
179.80929798345738
178.50050529023906
178.60583666922903
179.55159410008767
179.27664943501856
179.35769894473552
178.90561898905568
179.10197147451953
180.7867195433402
181.04883182591402
180.2435365361506
180.094139522973
180.0974427909025
179.60376874455844
178.56329745091276
175.97092291697464
174.2656602449422
172.51952148017054
171.33315105735971
170.39836608711258
169.93404349711375
168.78391432433796
167.8989246222905
167.7912528840392
166.2555225348802
162.97143783361747
160.2081489407482
152.89253772496738
148.8153544703522
141.3679733258211
131.90274910203402
126.14569232223492
116.7325238105901
114.62989821547902
112.93139224078855
113.06266113360154
112.76084210985387
111.70686090286142
112.61760951646218
111.74623247291089
110.8182647966482
110.62586567276918
107.88565357820927
106.70725302652707
104.18320835474925
101.23317524917825
102.14044028677323
99.82652888327343
100.23444445591214
101.57588510251614
102.22158470983615
104.54440625596229
105.30419542168067
106.8652888409206
107.69193440042477
108.44864876427924
111.66407873931753
111.83135897767609
113.3152230982419
113.65106402415108
112.95777060955608
111.31824418839886
109.64610109364352
108.0551348471087
105.36089413104918
103.26666970182688
100.74138844147572
99.51824675313163
97.34023153865712
96.23869214957973
96.84649218584761
96.13194069215209
95.08679770416377
95.45216702766479
93.92289513338415
93.76742178767549
93.70921027299929
93.17259211789087
92.89910369514594
92.54161333637428
93.74350569333201
91.89416573452006
91.72491085336527
90.52057160707574
89.37889716866655
88.16058911800266
86.2257263851125
80.97487768655698
75.28369657590429
