# format: from_node, to_node, traffic_class, traffic - demand values in each iteration
19
14
b
146.19879147126625
136.89424141626455
128.57806875073186
120.09571907620764
112.65717542338001
104.66186496738882
101.29027606268124
98.62423974715975
91.99364757143965
86.5011462059491
80.51510804464951
74.56447879057782
68.31254742420012
57.171653519702836
48.37131514716604
34.46110139444811
23.80808780700605
16.97482117446398
14.397875759582613
15.119557489105368
15.816074280366346
18.64238050856652
22.51254198566032
25.132053003162646
28.336971589081237
28.32772580445021
27.624956945215004
27.107517216635888
27.580141082723376
26.884642078679786
26.02467070181307
25.628782951144363
28.041753198208333
30.623720076882158
34.0504045867737
35.090368409094374
39.62938231100015
41.92155106568953
43.65454286281429
47.99670210205641
50.802320851848634
53.201903870689996
53.745580319636645
54.718151519452825
52.45543646707788
52.471660472489205
50.210523868844746
47.71399726543302
47.243153163948776
44.51591215498849
41.99523855603244
37.95108555934257
35.53392096493268
32.30870453557759
31.859875306632016
31.30117423929111
38.64292267485534
50.466302710949854
66.8086893174946
78.07652088496152
92.56827100135976
112.00094645197031
127.23639209114177
146.20974662995107
148.30726280368117
150.28074002748446
150.6456817508039
149.57811984110586
151.5109129028725
151.48589788515707
151.95490416690203
152.4490792514032
152.82785625873794
154.46476791324685
156.9085198681131
157.65887619915637
159.14664670270008
161.30493891273576
163.28901548208117
163.7677864884683
167.28372804821163
172.1087347474967
177.51716088215386
182.5906096794778
188.34010325996556
194.20023761190308
200.98527605804375
208.94836844159838
215.8846685050667
221.24322752817645
221.0089026626083
221.5494992433026
221.21652976320425
218.3090528009611
217.61491022385817
215.24045633368678
213.59851517449545
213.11087907023906
212.1038418063568
212.02080781921882
210.84875944360195
210.37479800049186
210.95822171008584
210.72826563277684
212.72780358515456
215.6640175152048
220.32689639878822
223.64208322001372
226.73781888630302
230.44433236562378
233.98838352186357
241.02417471177986
244.08739794384948
247.9603810823477
248.81542381666
249.03191430997867
246.30956236974404
242.436883578371
237.17303680247386
231.32665819126558
226.5732705994178
223.7584606854132
218.91782880355234
213.44962050442092
208.92447289139662
204.47247764648554
204.40123513575634
203.41610153373483
207.83472733405142
213.3911879919977
221.61126141537397
227.56462295784928
233.2737727129974
243.8401774757215
250.74758667773548
258.6109169013588
258.3547904506428
259.0269301775981
258.9113296227765
259.5362966932669
259.12970321969374
258.9559552563732
260.07937538733466
259.7348431794648
258.77377820137207
259.743782486576
259.4271257743386
259.94337542046003
259.99236315543664
260.8200553141839
260.4327317169538
261.3329607246245
263.1148645352473
266.39726393882114
272.81024084082014
279.2710867231049
287.15861300341254
294.7073594510894
301.70209647495204
309.74334958785164
314.42964694856875
315.65781726668723
317.1937197352669
318.5429389967712
319.59572969311216
320.9150045857111
321.3194887469982
322.33610632808904
323.502286758879
324.83290673929105
326.26601363230606
328.4809810155707
329.4698261078315
332.09861966918663
333.07319930484596
334.33687199699
338.58929337459335
341.4005623253645
347.37019918319146
349.93716446439674
355.7616130653404
360.8813235107589
365.5233285247974
374.2306761973356
379.52095860718265
383.9254938805935
383.63206697028994
384.2840222857155
384.6917643915177
381.1887289666825
378.1437614991342
375.3326174246624
372.5368728473552
371.66646362442737
371.5730453390421
369.47021795266306
368.1961275797587
367.8872380767341
367.59752389705454
367.6983630708923
368.3632740413996
368.59640177174333
369.33091563897943
369.1560240524181
368.9908359113934
368.96475958513196
369.4969094135584
369.8962520774441
371.41997142573075
371.3019162844643
371.85961389254066
372.15032138052635
370.03798863231026
365.9830736517507
362.3597158388193
359.19000863617754
354.8263198812704
352.6755609997717
351.9095547951473
349.74151490559166
348.4055924353048
346.7654055347922
344.1167511168329
342.2542724332391
336.4534273067494
327.8962475752083
314.09471756970527
304.81475662463254
291.81965997280344
273.28387336122216
258.8551160372595
241.34634100535558
236.28410387380677
233.39229579343686
231.78504957822446
230.51329960195108
230.20122264322904
229.84717625556968
228.32127667767182
227.61758937932905
226.963547490068
223.72288325811616
220.45339916176684
214.11725739366148
211.09997569965273
208.14548506986102
207.11236913734797
206.04147087984705
208.76801101295646
210.89528914479845
213.48495029840998
217.2954614164536
220.2199851126961
222.23951649424134
224.07253714294754
227.46166557537504
230.12932424631865
232.51668627210475
231.36753797536275
232.23705687906786
230.17727042078926
226.30804383173063
221.27228685894724
217.52694821362618
212.28678779734315
209.2194590254589
205.23520076080902
200.56390335423086
198.16670647011347
196.705722486108
196.68214930549618
195.5289689779987
195.75039181794583
193.34231844889712
193.60646189338865
192.4915763679103
192.3650629289507
191.50017030752537
190.19584459840723
190.04488496249718
189.84643465992224
187.93555405355212
187.0388538137933
185.75466113607212
181.28973857436682
178.53346725728218
166.0243551092078
157.46557058816154
