# format: from_node, to_node, traffic_class, traffic - demand values in each iteration
0
9
d
108.58440894696645
101.34599122764543
94.82384687031838
87.78616668075526
82.97019174800543
77.04664632439197
75.23658763224248
72.65168734800304
68.56777056556766
64.16345446102393
59.69336581458579
55.02440733627697
48.671988455419296
42.340637107399914
35.96696646916761
25.4998039440304
17.95406897691603
11.235078474493523
11.322956450254676
10.604194715212069
12.476829450881295
13.94389168626018
16.68550020981537
19.36561376281243
21.12153594825818
20.80407592429281
20.61491764757273
20.08623487853511
20.227152802972327
20.060486020547778
20.00626927245068
19.435689057931704
21.011501011033193
22.137529663045527
24.799309032067274
26.579756557086903
27.747180814162917
31.110356304597907
33.6270618013266
34.931239604743084
38.064385483259976
40.52965448667005
39.6472932545621
41.31985987368391
38.895924881304666
37.740884061561516
36.95917655512399
35.502620404047825
34.13697117863843
32.63514675473995
31.61309658447348
28.42004439617692
26.60449665001959
24.32247684453695
24.41332724355095
23.317896015052202
28.909020573847325
37.00692931199945
49.652485824238056
58.0485339308478
67.60970358256682
82.19760073117658
93.20129218407861
107.98851307189709
110.03888302599867
110.45475934042737
111.81696034278278
111.06219001423358
111.9214696549216
112.88155089086166
113.21367093279419
112.26823952382223
113.81110532434933
113.59877214802961
115.13660091985585
115.815731832034
118.2860144236116
119.86991679064643
120.74252038797728
121.37605357549957
123.319182011293
126.68548961433268
131.52358660869848
135.23474665093184
139.0093871602527
143.18019037323208
148.09156104364715
154.53135145627115
159.09382434807927
162.5032898327084
164.3833401254528
164.14789249317494
163.38673970504038
161.67454307992503
160.0010157333891
159.23472821556757
157.27774415624523
157.24674859530268
157.0392580011899
158.2525273815942
155.31809405930073
156.11687052167355
155.9785600700054
155.52639222952212
156.6869428096757
159.04336071432544
161.97144058078615
164.46846176487207
167.97525631667568
170.73352178398935
173.5280303165043
177.91430501920624
181.13971500039182
183.38883717155304
184.20772261623216
183.58473626313122
182.4407609141274
179.86827979995655
175.89974377588027
171.36652564720117
167.33215268975783
165.24208208652135
161.74975847488773
158.2313160922525
153.6065122703787
151.34533517355362
151.78962573848094
150.61494443238445
153.00031668140414
157.47459654054816
163.47521671041704
167.68858713286787
173.3712881858892
179.85802976634557
185.780460019718
191.26681495049218
191.49110556001833
191.3245636145972
190.87310757613974
191.34403968075512
191.77503682416133
191.51441830311626
191.17110696236617
191.39279966794444
191.43820703494956
191.57090166509022
191.48275711844033
191.7600830319227
191.57701340895935
193.137971690474
193.00012708769495
194.67077136535667
194.74829760616333
196.966848026402
202.47517472441547
207.20431237671235
212.8671393957183
218.0617726356088
223.2392467220851
228.86561560580176
233.25452734510026
234.6922471601714
233.7555957569307
235.65416216430248
235.94847239376404
236.26504914594483
236.43744580022215
237.03646059648847
238.4858661060827
240.13460686128286
240.81347148741668
242.70034197466313
244.36005754739986
245.9319514187333
246.46609211191006
246.82119679544277
250.37453356326773
252.31549380221475
255.83518638432656
258.8039563547768
262.3694355118708
266.2323027923062
270.998512524113
275.87120706569704
280.38928408541705
284.3926001539386
284.3474355900084
284.31043425704337
283.7261485332726
282.12787121659136
278.8973171880277
277.33467763025476
274.9093203066369
275.8028314372924
274.9337307612381
273.9600025866592
274.18323373058763
271.9553489124953
272.3270196799979
272.3080131787522
272.4103307748695
272.29005620485174
273.2735234972182
272.0357856839515
272.9934783959736
273.1115613766666
273.794838202802
274.1786152811448
274.68837783407065
273.68280504766085
275.4088283255792
274.6653756671777
272.96855773320357
270.70004484365785
269.0020170765188
265.7374069556257
262.66676465106
260.2677975349819
259.76314766118435
258.8194682288158
257.9215718237001
254.8265509193989
253.53104831865778
252.36494132365698
247.54320363177706
243.74229117325314
232.30956741683008
224.9925602509921
215.48095204082827
202.05076377077705
192.1825259321421
179.02696092145558
173.85266191619016
172.24964346799925
171.57749305450272
170.86381898808278
170.84116560819376
170.13555577788495
169.7816209115893
168.54094783347534
168.47966908914188
165.52281584907584
162.45034633156493
158.70172328065644
155.3391224166363
153.27786742801854
153.1410081520939
153.43412270438765
153.38084854461326
156.29043664548894
158.10541303459877
160.85390185468725
162.07578849845615
164.5006102938225
166.1765453416918
167.98130044596434
170.01805003241992
171.46578928071247
171.50189425996393
171.56887297594827
170.0065849100528
166.93023042315977
163.23732178324957
161.67482874740261
157.22678089426398
154.29228915364894
151.9015949239809
147.94322530104793
146.80085603201798
145.64681164783423
145.89876525970126
143.90506738359275
144.66396772757156
143.2971732740727
142.2891183782321
142.89638454517038
142.5996704441811
141.23994929139715
140.52041917790396
140.73938048529098
141.19294066950224
139.14345145559884
138.39339280633226
137.49012891245067
133.93416315572804
132.55267506852215
123.71783569123536
116.73629202693418
