# format: from_node, to_node, traffic_class, traffic - demand values in each iteration
10
18
e
70.93856453535088
66.92728647587383
62.17801851257133
58.31114989657943
54.55696820520252
50.816906960311414
49.05158308603819
46.93089731995522
44.6676348705805
41.59138599706204
37.72726527767526
36.626846445904086
33.120480313472356
27.728756539916223
23.543388406627702
17.66117197135531
11.26951864963577
7.48730541397684
6.445277346577556
6.613538401651705
7.608114283794436
8.885490779315477
10.690720549699929
12.089193226648701
13.442677624457817
14.207771688328132
14.055457749089564
13.247214612680615
12.951011412584302
13.06005322223585
12.294141560210777
12.304920233145907
14.345880398096165
14.555292971090415
16.63578987386415
17.570990446701234
18.51876064061152
20.747135975945103
21.14112596158171
24.073692684125064
23.482678673932305
25.95416774937901
25.611362662362517
25.91593603430763
25.611676639391092
24.533477166398765
24.584116063227082
22.379841981152698
22.397236247932327
22.49230242082484
20.66779757106387
18.990250574074288
18.358643349804336
15.07502299835495
15.643109131311528
14.81169908263046
18.936861327989757
24.820941629228145
34.14541202669662
38.936337241339054
44.22540856622176
54.13628276759823
60.65250299587457
70.71079901359289
72.29022984323407
71.32576747284986
72.66127779820881
72.13639496925575
73.69435516748786
73.6124401251594
74.0336828648588
74.31833589680622
75.2125222950668
76.08630067410556
76.55299989398503
77.2922571247728
77.69584850984668
77.76807794209995
79.03387310815697
79.28963086521203
81.35726135523045
83.22395771642455
86.47230154790492
88.80387180407986
91.074834964868
93.44907376986468
97.8098025122463
100.33648137044483
104.57093530073129
107.28907454863426
107.61929784637107
107.03521302780183
107.94802635532943
106.47970099499383
105.48052817437974
105.27277259991763
102.86019278992728
102.97902391384054
102.98924496942762
103.22193935414299
103.38245029076927
101.47742374980716
102.02911926637329
102.2522331426827
101.95320280150602
105.34768546727312
106.84059042944187
107.91303104573083
110.43627609538972
111.21619011579767
113.83597919102762
116.98658676321321
118.93238080366964
120.45295455152728
121.26574205806558
120.52122640905152
120.08452376891715
116.73684606151124
114.92753972177229
112.65078298790101
110.39033690161446
109.09085250385799
106.73105277120892
103.64996708446898
101.33997347164828
99.76611222436317
98.20310263294333
99.5797465415541
101.00673426003733
103.78126070721372
107.35301640507639
110.42237018406298
113.82820409350981
118.15852370514537
121.4570873268528
125.9891552016475
124.58968028438511
126.00960272042384
126.01828628416581
125.36828235625694
125.49603723320595
125.55081383801625
126.01745273010155
126.62626454728668
125.46005306626627
125.92030644624518
125.61306734272127
126.11946277221304
126.83074861429725
127.0618814892979
126.64470834592628
127.81681831283613
128.16080214304455
129.83676518601447
132.82519637940655
136.74140181899807
138.6859060210661
143.52951995747745
146.30575861680074
150.95624026410297
153.20341353094818
153.7927041209205
154.05024701814693
154.40866122157348
156.47505233210214
155.7323195730627
155.50125456971998
156.31174962352864
157.39734755986996
157.9308352684132
159.22668777537402
159.83499478575925
160.45332458852585
161.49138117574205
161.6293831913157
162.5368124363567
164.55978327784635
165.4418130171981
168.42644830337392
170.91393165452345
172.13204830072596
174.82734938590627
177.741934168456
180.9334635986248
183.51538729970434
186.49364209374534
186.51227152098303
187.0045695016967
187.5841435890871
185.58049516807588
183.82796413757956
182.00650230316901
181.2570709813859
180.37863885422385
179.7697107113356
179.48858433165614
178.72286364973635
178.98109056806086
178.82943625459842
179.04013897938182
178.69164357746757
180.30664538975597
179.2207601709459
179.83310701895334
178.69241390601874
179.97674765442468
179.49598429372136
180.2211347112979
180.6873988072207
180.57044323615764
180.4048205499593
180.88146659515235
179.20753426817782
177.2767194703942
175.99000904046036
174.50870930011092
171.89645040507537
171.86445915865625
170.72437440765566
170.10239572771928
170.109610705584
168.01914462313803
166.26329807550124
165.50728081166795
162.97312924477004
159.5783876785312
153.47983586058976
148.17178639919146
141.9648526506134
133.08972779487982
126.76603760838923
116.81572298418445
115.22548717165338
113.9858078890977
113.13225388265892
112.23370531992356
111.72634136658314
111.83205682287704
111.6034086196201
110.32497050932182
111.5563649160025
109.13520866682212
107.29141816317696
103.85732376667437
102.01287941979406
101.79841194339652
100.34076320403824
101.42813553920253
100.88579878112054
102.73274626071067
104.33630519767938
105.08754825691958
106.56306845831995
107.71905740728116
108.84366529620257
111.41750294377755
111.39805493883208
112.6792633545669
112.6299516732824
112.9567398151076
111.20118226419858
110.35562007097643
108.30258109872202
105.03301670484218
103.66619529830906
100.72075176427849
99.80410016009837
97.44965097668877
96.13515223681563
95.9076555006078
95.36469969038386
94.88804091692465
94.33567346053263
93.78459462213812
93.67606011957204
94.35782046113796
92.58000403461833
92.59939494747336
91.93322093350588
91.94621734648406
92.73454319872037
91.05628740146258
90.41163080879323
90.38343365979183
88.84541604351588
86.35642599868774
80.81856977376647
76.18998696345018
