13
12
c
7.74268835053827
7.958719284685853
8.160574124160858
8.443620883659044
7.954379636810206
8.715777439813001
8.451444742703892
8.423857787530991
6.961488826686149
5.636232143486731
4.967886763392437
3.17118651074373
2.517009688678836
1.6619167337168232
0.7102320940594472
0.0
0.0
0.0
0.9166463712574635
0.0
1.9954229344371242
5.241533136913227
8.967675332986973
11.943830280589564
15.381256099020245
18.316637990322953
22.404418152615015
26.02659671781006
28.539405327439063
29.176232010649827
29.437896403198952
26.744817085347496
24.61096162038289
20.302327084851036
16.45411317843966
11.289343470932463
8.799755333396131
5.05270279006009
1.1895938862045372
0.0
0.0
0.4642774435179798
0.0
0.0
0.0
0.0
0.0
1.268912856727159
2.7627826156983977
1.5773510934085735
1.9380307865554063
2.575768666742159
1.5524657582135797
3.221364735616544
2.9141160329195057
3.477672994985816
5.998174630204206
9.60406440315842
13.35439217630438
14.748101720300886
16.676902030494883
18.652186632824435
21.017446578823648
20.814446727712216
23.040046225759145
25.522691181411865
26.624595074565995
31.4462159921908
36.59148219254883
44.88423087424637
53.62100597407566
61.80905029740139
70.39916840897709
80.63367139790283
93.72715630524866
104.78709976891315
114.01263621275457
115.39971094323951
115.5296746933722
108.29847192843204
98.59126678335176
83.51592611137514
72.90471916995514
59.485293458924154
51.30366172834197
40.80286756683105
26.991150801979547
18.088062454593448
9.25575729360783
8.047221771234117
8.45142572309901
11.311655859512838
16.19776812941514
22.793062592718545
26.38203562979734
32.2739905648688
35.49175125556012
37.74524045965646
40.91096675481408
42.528532522605786
45.385928944628425
45.41422054016311
45.993736653928494
46.26354380115593
44.866303869957875
43.37644809839206
43.022707307789496
42.302845409503824
42.038721005537994
40.082031591304265
36.91916697429493
34.23342081225337
32.18671803834542
31.005978025925636
30.542371065302163
39.96646210453915
51.75457189422789
71.26138482230606
84.70532466475262
100.01016836527494
119.31413082305734
134.2628571625449
154.49705923984246
162.60762199817086
167.13418803889067
168.73956534251712
170.4197826420569
172.87282345998014
174.5823163404505
175.21934505338666
176.6302949675957
178.4707093439829
185.0238050942297
190.81105341976405
200.28815840080983
207.9953852740488
212.67243184551458
213.64806193121098
214.1249272506243
208.05350400474984
198.96406870474559
186.3530902238146
176.47537359685703
165.2223701323099
155.27179936290824
147.65242346794201
136.5578638515322
127.74785498375435
125.73440431283684
125.47286938424674
122.96827000528495
121.42752707175443
119.62065509536208
117.44185188400724
115.40529743323575
112.98418271601462
109.51759910255026
104.93527133429969
100.06220811135442
95.68882553719615
93.16128713101402
93.77306796690964
92.82358345568717
91.1030936632787
88.86534918506179
87.75818999857877
85.87134096511416
84.42677577437689
81.68812258288968
77.12308278989758
72.68846604421792
67.16906569078056
64.11516707064516
63.451323121558964
63.785070024001406
67.5446252027067
74.75378662797051
86.20194918517244
93.66830803204414
102.7287562101782
109.38548285343751
117.7674148401749
130.73084328884119
140.66245054373903
148.30215571229976
149.81126356247572
149.88130888495547
141.962045850265
128.96788744505503
112.6327891018365
99.35256475454256
85.06653167927048
72.98798152006174
61.60023142852679
44.07263647904172
30.75359829856097
19.74723473056995
18.401036439647985
18.23534055377562
23.223350299720728
30.970783771817207
41.89611824149579
50.24557304512096
59.36268242480837
64.33341268604283
71.34238116571423
78.98895943959889
85.68391130001751
90.81872682128234
92.55789767539918
91.76023462466992
88.86904862885888
83.36748748542574
76.4562692759902
69.55826339303259
63.541273046407134
58.83201760292527
53.239557046241394
43.88413163956417
36.83844322839176
30.3419362436103
27.786330975012294
28.472938938221255
37.98244017288115
51.965273900493884
72.59342057479593
87.47584468485789
104.26126344551615
118.4870811377293
133.03578134145965
153.88085865013625
170.93073600130307
182.88211942211936
185.08785213190131
185.5178408698014
180.58803640785456
172.22935387040286
160.17078239019222
152.34153274746313
142.20602914080413
140.26231411957704
136.3533497265633
133.8462824601476
132.3301021189846
128.51397380566587
126.04981964027796
122.61140032581952
116.25900520503241
106.8502979400241
93.21405245090504
83.59949560461713
71.91213999875302
58.89703234881289
46.79338412332248
27.7561824521628
13.463343318933807
3.0697001541361124
1.6782992078713987
1.1983971947865133
2.880061940518762
5.9078934741445295
11.10073758030148
15.277625474692726
19.591043860654445
20.09451467583819
19.785310128058544
19.33966150452745
19.318414083369408
19.003606894889852
17.374249915099213
18.075493367788532
19.70198549750141
19.407946002287968
20.920419110772144
21.025380524529474
20.98506616896137
21.723810907376176
22.723266111313432
23.70887169538446
25.236941387934415
24.815109195675056
26.099799362054167
26.465515917045384
23.759555884535313
21.62549499094934
18.804273071153812
18.455421382183708
16.008322304210022
