21
17
e
204.4586938508711
205.23080539436074
205.12974641645712
205.84309854172704
204.6036762512266
205.74786227648528
204.69850801163
198.246519444065
189.72475699186282
175.648828636594
167.719103328981
157.3355157998008
145.3337543877777
135.35698640969892
119.37167242183165
107.31437821069176
99.00284738891881
95.62592682020772
96.68652558992135
98.73992573939353
103.69158639249447
109.48744664955234
114.9294256129212
120.01135480971752
121.86229291319742
122.60733164544472
124.79437466534257
126.02352253902501
127.17998428579708
128.31934795049028
127.78800956734969
129.35512337335248
129.22572671530628
128.10490531942045
129.03801382131667
130.18472133271462
130.99564626691298
131.23601546638483
132.51389268768983
133.80785807605326
134.4674827738191
134.24167097837295
134.25464383926112
133.89100489829679
133.79631238985633
133.46489912000655
133.14581683595802
133.24082350895145
133.31289884502388
133.16116661633745
132.08202899580198
132.86697043978097
133.80911747448948
133.8831113416616
132.43243223529228
133.36140141319078
132.4219364889249
133.3668953474941
133.36942120027058
132.3214815269776
132.66128110030473
131.87174269453286
131.06241531090333
131.04126328167914
129.81549672992642
130.3767374937683
129.82446620721825
132.09524863203197
135.39996601124474
141.11453326114497
146.26898327489798
149.81122725586638
156.5209582742949
161.18597183962416
167.86863321838794
167.86106630660169
168.77689576907764
168.32768326327482
169.09128515652174
169.2989890306438
169.70442418173704
170.31874766086386
169.8792103797491
168.80537024824957
170.0071421388543
168.72912781968236
169.149089093656
169.4122179728238
169.14948225731254
170.42200786982684
170.2568357884579
173.3096068322573
175.85548530688462
185.95525213382868
198.31278939805182
212.9397795454348
222.67881038722027
232.3973174928118
245.7589385588007
257.7561166100408
265.2046762025333
266.67343366755534
267.16712152506733
264.7636157636597
262.5678363332399
258.99903782776073
255.2352145020962
252.13965549246842
253.22320109485563
252.86972283357002
254.8573670430835
254.5336737076209
255.26138752294435
254.74903750453268
255.1444226986096
253.1804454665019
250.45500525850989
246.44157395356225
242.36379747264417
239.5187312221081
235.03560733056295
233.29366986330783
227.43190431438023
225.31163662752388
221.02680539934818
221.77420519878464
221.49629843814017
222.24693670395445
222.9719430878983
223.65599837076516
224.34361714179175
225.99756223980228
225.58130754071163
225.14881405521328
224.71946482072693
223.15115872247566
222.58525508465988
222.49647704923055
222.52409373423498
225.57790436497262
230.22667035986458
236.87080684233888
241.64784957681613
246.24113033057105
250.54758373590292
256.0105323648366
265.2153501507116
270.5505916602613
274.57560144101166
276.63970865319993
276.48874134731074
273.2816551264138
267.1137053735975
260.6445892103021
256.1274131552607
249.07043542326073
244.5184553164562
240.67635095992134
233.94782014053558
227.47685198995873
223.32516292167185
222.44090389101814
223.14464354674573
226.4852487656126
232.5546082120016
239.13344216756417
246.45345995551756
253.1251173398296
258.49468163270126
261.1315215425462
265.7240058443155
269.0699272435811
272.5098730573793
274.58761359811797
277.2779613093398
280.00838688951586
283.55377704202795
287.4540201863539
290.91472192285795
297.02565181905373
301.94788409062454
306.7084241906006
316.64671486529136
322.99090675527367
327.3236498796036
328.2742118847602
328.5228005368179
327.80656447553105
322.82421184166344
320.0917015542915
316.23999784997187
312.4712755722286
310.4790855739051
308.3593320118643
305.20464979242576
302.87418742411165
300.6625948666859
300.4156005722827
300.05900260164674
303.50760827355424
308.202887242156
313.670454518672
317.39981242693585
321.9270318349299
328.13337403813205
330.3415102098097
336.9052856166645
340.85085415863585
345.3122555448524
345.88315206058223
345.37336470138933
345.0562079377429
342.2137878547207
339.98537471987436
337.38845580030716
335.805822206593
335.3252216084806
334.6113466395123
334.53334625493795
335.0298175762782
334.10990677822684
333.2315622362348
333.50889827269884
331.37983775126855
328.5718734494064
323.0908013576219
318.6009157436515
311.9499104376744
305.6454421187747
300.1007376891876
292.7177810281095
289.98803452682785
289.6555789717853
288.3095914666318
287.996196177203
287.3658658337052
286.6114095921647
287.4143741901782
286.6410512701169
286.103631118094
284.56675984692424
282.8174381003504
281.1892357015459
280.9669484838462
278.1009018378679
277.91353059373813
278.1621256088034
276.8513045785337
275.1714512577794
274.5963303648875
273.4583051997859
273.2321101799209
270.6365582174985
269.5677282021976
266.9888578903317
265.18504268874653
264.3471544183578
262.84041856026147
263.3053040464351
264.5926838505689
264.139334241583
264.27448957327965
264.88818288006263
265.74976935290806
265.9207727103403
267.23032629860586
267.9312522177361
269.2741816538442
270.11521227463385
269.6464237399571
270.9326523265276
268.1564975321972
262.5676690082595
255.67294828130326
251.36410577526846
245.33507550684973
239.58399698415772
236.07248401719184
231.15353552365286
227.26172192988946
223.12789878778995
222.06726313766697
220.5457430053425
220.38293404296735
217.80038435533464
216.57370320615905
215.02280474096918
212.75429041880497
