11
14
d
150.82812806282217
150.27757920696106
150.42945899079123
150.7750980290533
149.98198036848524
150.3591625877385
149.94271233802814
148.01899192452942
144.51319995042593
138.7506488759831
135.8330179512339
131.26576482458438
124.6486780174151
120.54192338844952
115.18038364575293
111.39079536783163
110.31232063579328
110.01677383478534
109.8412598407746
109.3773505096177
106.72030742439489
106.33373282915638
106.55976405054312
106.44139662925495
103.90459151048029
101.79371222406417
100.11932225337041
98.91391435609202
97.17805626936796
96.68998653660479
95.0225464004019
94.8263672721765
93.5007429832678
91.78791293686717
91.51904723777258
90.3809141680568
88.70977526402012
85.35675053170948
82.28543891449787
80.6834218623286
80.01358487233537
78.62465837373094
78.54470300986353
78.98393105702023
80.11421584386281
81.77831239483204
83.02469223504663
83.62980234308661
84.34546964248642
83.98311956760494
85.05497078932251
85.44505670929847
85.82790411146698
86.07873461281277
85.5353375834731
86.708845407692
85.91578495258594
89.35270331640125
88.93853722081225
90.28494095976167
90.32110501888818
91.02260714070134
92.26538323919762
91.82649174032753
93.1811287867268
93.65050192417395
93.38697080876469
95.19492685624864
96.6885482456079
98.47300359534836
100.78825173010117
100.78395212975586
103.21757377224927
103.91273949896521
106.08018159550666
105.58980148466532
108.70596918754464
108.98846134484089
109.76690779973559
112.17732208699132
114.48648203095449
116.77798960352793
119.23237737103439
122.43656824699578
125.58422866804888
128.69742448173253
130.76014858275747
133.90001724795889
137.0749639492244
138.1697734204119
139.25625985821566
141.83407822027127
144.1937107164115
146.90963311446785
148.74033564439523
151.50632893968455
156.12808018930286
159.67731890390442
164.05604472968105
166.341311889475
169.95011202621484
170.6409122876239
171.6712932793516
173.6581576450717
174.26031084564136
175.88802028356258
178.10587303965343
180.03077807302546
183.3627232676251
186.65825700552074
191.59997665068903
192.30225026752706
193.61957576925204
193.55713971515075
193.01827241015312
193.5282321444354
193.51412532992327
194.81446758156076
194.89442840750533
194.54513008487694
196.3715083079078
197.15428805582675
199.53106204338252
199.62330634818488
199.88773378260677
200.45501427222106
200.76167496775165
200.44869443284827
199.69529063514418
198.1493187368682
198.05182254349418
197.1048690586793
195.70932984398715
195.56947964222547
194.11763532222432
193.8462940828187
193.79621336688882
193.3038333513895
193.5303884010974
194.29186604431067
195.3694097151342
197.66556213423604
198.70009185430231
201.26840816028013
202.27381276641094
203.98294894049886
205.71994147966157
206.80599867661113
208.32598036583386
209.15521585311402
208.87670125496464
209.09106634688288
208.37746137026852
208.38628150336376
207.50372922122313
206.74110284217707
206.5628361382937
206.99265908919435
207.34299453838707
206.86315441009717
206.5453692540747
207.18907669411922
206.14098159084244
205.98835970164416
205.76261978711366
205.36014256252213
204.5252586327281
204.90102303257947
204.58818749064102
204.84697114484422
203.08461386952763
203.9862499327294
202.24962951389764
202.19625526323637
202.25219588234646
201.88731919917487
200.3801188852761
200.67660258582336
200.72656028829792
199.06834994493082
197.87280218982485
196.55716927698737
195.54506086530856
195.22038398733883
194.36559223695704
194.6212241165331
192.97586385368075
193.73374026465166
193.55158748005414
192.81584697432305
192.94404665640357
193.30388619709154
192.87805688707004
193.68983484660976
191.82261140920858
191.5633219893045
191.38347084289504
190.17632493390036
190.36071153643263
190.0446672728838
190.32842638541203
189.74699498999544
188.5624625010924
189.33090485622563
188.7069532683426
187.93555575317097
187.76888922128154
187.2426094376623
185.83520452871818
187.29664800169576
185.38782645191148
186.83499640511764
187.18378724651166
188.00874479455015
188.72915565429935
189.81124833795977
189.82089890162058
189.26070178529517
190.7010287112724
192.152239518883
192.09786425990947
190.9588058649032
191.92989137407716
192.54661509613564
191.57999507798223
190.70205853500974
191.42112034234438
191.26558936873522
191.8242468721686
191.03000370669483
190.1687462787915
189.9917455409124
189.54363852034567
188.921293624695
188.46019476242478
190.3256558225734
191.96540569762857
194.2493661252067
196.78744364150285
198.8488612724223
201.44381163873513
203.88640666697452
207.61556281600377
207.69341721599133
207.68238653510772
207.88550567781112
208.38687471134332
208.3180395873276
208.88373677027514
208.90424087331905
209.402433688957
208.35937064946833
209.02977308712332
209.97865818867666
209.82943891691392
211.75624612777253
212.88536299475427
211.6818215891133
211.97559034664337
211.72264839504552
211.43363345711933
208.73757630024684
208.13220249228098
206.95736703974757
205.70031161921463
205.56981023892686
205.93272596934818
204.83422188623007
205.48047582824324
203.78516327735335
202.95039492451372
200.88273051060312
199.31240429085193
195.69383791341676
194.70041070000616
191.76454307693135
187.7677379723857
186.8363119986132
183.76487143686649
181.27129148069946
180.5604840195351
179.2593090109842
177.51275999480976
175.06196410113856
171.7957248756631
169.69523461222855
166.692408709397
163.28530173317196
