24
3
e
226.38265564516584
226.01867661484445
226.82175764759677
226.14852378180038
226.88943516816383
227.05623109107947
225.9885891226106
219.55228042358027
209.66908700916
194.91360054945642
185.60722159095033
173.55571193652068
160.72454219010285
148.89970684893694
131.9115380460172
118.52285734884053
108.11923563646017
106.11621493049756
106.93982449631353
109.46806401818958
115.0387167272001
120.75487741540505
127.54083833204811
132.0477689506257
133.94528229404074
135.9356376567971
138.11277718998824
140.81265172092822
140.2735353747639
142.067810946711
140.86215273433467
142.2693496616751
142.5235339044617
142.10129667948797
143.13930797343014
142.40514028351393
144.45612382945734
145.51063650797622
146.2260720618979
147.3323249596017
149.15294690404627
147.43898100826698
148.3748717396024
148.14404331472815
147.9347634153947
146.90099264854626
147.78671040011494
147.08861884576766
147.78347168143543
147.37050111838872
146.60910892462613
146.65494287512777
146.81333753147504
147.23808103435567
147.39895872307744
146.56182419887583
147.22656046595972
145.61516392322474
146.83882044469325
147.0199163679527
146.36251933802578
145.73225187484908
145.1765725702378
144.1466392481431
144.31981821089354
144.19225705297944
143.6211124680336
145.19730939011143
150.5210611053413
155.58514496329582
159.87886877683968
165.99403667907404
172.60888604208165
179.00362967603584
185.74160585238232
186.28061986526464
186.63564484487455
187.12138149966884
187.10061560148193
187.23204759770442
186.78506158454323
187.71750826556016
187.76781312866518
186.94251028711736
187.45616201039385
187.18186221548797
186.75497739895377
187.0461112604309
188.6252738559635
187.80023536931392
188.99792097612948
190.81662294683497
194.32742851780338
206.55877365511176
219.78254772946684
235.8998719718447
246.40065717671644
256.93015393402266
272.9555509133455
284.6970253101324
293.1947426131901
294.30028477810316
295.125243233156
293.00420655704977
290.01040522119894
286.97394678235463
282.7106302305935
279.9499414002339
279.1425126728643
279.81253987248573
280.7497914399354
281.34641696106706
282.3397053355073
282.25127697824746
282.201694228143
280.2930667234126
277.14448600860095
271.56874545074726
269.1723481662091
265.48215901988647
261.34226460673403
257.23310918511396
252.62146035241867
247.98691217038564
245.54456730247395
245.5588730958307
243.99504062989982
246.18947476954375
246.74467564505053
247.5253627413476
248.10492183796512
250.4471089173741
248.73161022193887
248.79737665391073
247.55480908599188
248.01298897137806
246.9636704340491
244.59180924758658
245.1932306186619
248.3843539861729
253.66590382966493
261.1536217247937
265.72199910725766
272.03607809386494
277.82506769736216
284.5646482653233
291.9570433764966
298.96994378444464
304.32718714795305
305.08261209724924
304.08938468821145
301.9381827603864
296.1019836331036
288.59651894366704
282.9295911320518
275.23832799004384
270.31247408443556
265.89480256312527
258.3236497744797
252.37140280057324
247.63361038988788
246.15822309360516
246.90891666956568
250.77977496850994
255.69496431709706
265.0868200316714
272.5307490122237
279.02590005085744
285.2768867739958
289.1119907888466
293.56562532940575
298.01973963089824
302.1679661253633
303.68579918715545
305.5875376501349
310.1119247683064
313.62692287723456
318.22074009075607
321.86060206162597
326.80591435997826
333.72992203181263
341.00833309031293
350.4279207372174
356.8332232160605
361.8993751623497
363.4157870070651
363.1966559481073
361.521699019569
356.90322806836656
352.5628546299239
348.89091474529687
345.5490182996174
343.59339617288566
341.2171404383612
337.6537246711528
334.86998075656754
333.41502439740157
331.59405629751006
331.4857798108159
334.2769526738049
340.10725076893715
346.2827789844726
351.1591483274727
356.4573983005465
360.7406603885938
365.3135582229785
371.4951401411081
377.4058246622516
381.6981341223883
382.4740921034367
381.70870599049397
380.5613846610293
378.69867166308853
375.9796468250565
373.7479056445514
371.84548687350434
370.89841804735244
372.06646522710616
370.6726966040465
371.30668905616346
369.92281427368886
369.06231052714134
368.1409319326914
366.0465524664115
363.9792675414581
358.4751795359729
351.75197887118065
345.32023507489794
337.9443782124773
331.6224521755198
323.9434718520097
321.03229654670645
319.230688019025
319.8592966792004
318.07637619712403
317.4618560387716
317.97983140283765
317.4148735782482
316.1459557831544
315.8507414898808
314.5642330525432
311.4527629064246
311.86267846146967
309.0962920061129
308.4108630576583
307.50630395963145
306.8629079307933
306.94088266522465
304.54263296751157
305.27730052541085
302.23343074881313
301.1833025102728
298.723967757024
297.61829323853004
295.3396454643103
292.1641920966923
292.02343117470394
291.2128626837355
291.3023953428926
290.97185861607755
292.21385216438364
292.70642119973496
293.7443086871132
294.0250882011785
294.907931505069
294.24960019898725
295.7665237142626
296.3650872597477
298.6784509721153
299.0802916233574
297.70176839291827
294.1907784402283
289.57164739571454
283.30647107433214
277.9119281113514
271.54200975564635
266.235464519856
259.9466573036006
255.15073594025793
250.45497583367228
247.43932007172867
246.19297204784334
245.37122917913425
242.35638111522772
240.89274617828792
238.9117632685661
236.95772170540698
235.13127863992443
