10
11
d
205.9238955675124
206.7143487899039
205.3464158530894
206.56498258353645
205.69435407516943
206.74800754031148
205.42187624963194
198.7969012810023
189.44070454523015
174.89082686848337
164.85504012945296
152.72046185177044
139.75640187913285
126.96595290211903
109.96823425687415
97.66373935790914
87.70689473447719
85.83074580315503
85.65107233413958
88.21758659860117
92.32532987645558
97.75186568259002
102.09020771617246
106.81076050381984
107.72886659902937
108.39048739753102
109.2173808483669
108.88030192082394
109.68168951697858
110.45470716874827
110.528397135844
110.87299328018685
113.42494067192655
114.31911282886611
115.71857267576257
117.48948239867804
119.17186642441972
121.0373236084903
123.74516736807007
125.42455070312143
126.69455215613485
127.02378836255151
126.86344279276695
126.462930885043
124.54697061548539
122.86530483432458
121.35391878389736
120.15862509448168
119.59798498833716
118.4316331284938
118.60225368072697
117.84435409163812
116.95516051235747
116.47721818210526
116.41375116372566
115.57585155722437
115.75163580669698
115.21212742455083
114.87372796934227
114.05744847745115
113.38088925190436
110.19949643531986
107.73474230240545
104.92115888328759
104.53412546228296
102.8046480470332
102.58119357021516
107.31879926283139
115.2507110726775
127.98608138891265
135.48463816722662
144.99880823154584
153.06101086257922
158.12466964468592
165.2951234614478
170.59763054358814
178.24267349508008
181.38166446294207
185.41892226136113
192.9606585855376
200.55602680839266
210.57903857568184
217.15458971900492
227.41338427604214
240.09759054763904
250.72725423888505
268.31314268998347
281.5253514507235
291.4376097947447
293.7205852990508
293.31751133211446
290.93088133279286
286.2893667556684
281.0792937040962
276.42122329599357
271.69307387469706
272.6829355448855
271.46327551370484
273.3147597894371
272.38538970283395
272.4008857549977
270.99309635002584
271.9494933022739
269.43286104290104
265.957240763827
254.7836769658966
245.0708223177022
231.331912684692
221.50350861341792
212.89147578294313
197.90123569599177
187.68889735782028
180.32144301485235
178.12973761417507
178.9698371230439
180.48734438294065
185.23002875233863
190.61396735470134
195.51176675730397
199.9866093450661
202.1800172901034
203.4904258846095
204.8102303720863
207.61477106554494
207.5621920556274
208.38409171382747
208.66127603208173
209.01127247578722
209.11600854505937
209.87490688221158
210.1378325738223
211.06071933273947
210.94638802127432
211.31275905747393
210.34502254063977
211.38554532878337
211.3803104503245
212.80074500450505
213.0170898037972
215.4373776274415
217.2362035800214
223.15253431086703
228.53359732476122
234.80668182283634
239.33135080307983
244.39621397178476
251.86615637003874
257.95882487626295
262.68911952265125
262.7381872982242
263.4315023129469
261.78631107644014
259.86547977600907
259.56681058989847
257.45364339215655
255.19544280817823
254.9562966526177
253.43049018424043
252.4935639332791
250.66658785158532
249.4192656853023
248.9553958864004
249.1160591983424
253.68480025240265
260.9121094922721
270.7862518465574
277.10331348077307
287.48154596658947
293.7639409984572
301.59861070135537
312.5776912344436
321.8129597157437
327.171589312423
329.25704031623894
329.5449577040793
326.5335695957397
324.0329813873675
320.840166381921
317.7455473367155
313.86600163637536
313.4673827327995
313.63255005186477
312.2810336069595
312.13982879955273
311.0835615590964
310.4527840886211
310.72212723169923
309.500109000288
307.81846352423736
306.9628553985444
305.67321014662986
303.0656503573496
302.59441457868365
301.9533851063961
300.0945003306492
298.76761585629913
297.6421769965862
297.6430871163078
297.0834071367533
294.1067788548866
291.0364639622634
287.21977564922696
284.44227339291564
280.5469795584779
275.15257009315155
269.4154135792295
261.45157001881944
256.2505877761518
250.9846741705728
249.725936398067
249.81987789794468
255.4365371171888
263.5341058229641
275.4943582742222
284.51136129305905
292.98502215527066
300.9914550603467
309.1675407574591
320.8782287928753
330.63582333561675
337.6557836665577
339.30062969438575
338.9767366100251
334.53215069221704
328.28359609618144
318.46828495523357
310.91539828197983
303.6691058408645
298.60391516299046
293.497783818499
288.4667726388926
284.77733849063776
280.481253026582
279.74698419460975
277.89323633308356
274.8901210569014
274.08680407253735
271.27731002952066
268.4635338697717
265.01228158304997
261.0360813492962
256.7328557540892
251.63480817387142
248.3107811277848
246.64028691127146
244.79639873468602
244.35287149260918
243.22406710601956
241.8936319077953
241.41417458635578
239.75779660158076
237.73429317803465
234.39232435374814
232.03855927228332
226.8756351188614
224.01701941000812
221.98641367333641
219.51460509567164
219.3578166402961
223.98433738370642
228.7120263449356
236.53085294962483
241.51812735333354
248.97298802922666
253.7124146233672
259.7387950439928
268.5399876265554
274.8026227930569
279.7165424794101
281.49899688051386
281.50398849160877
277.047998429269
269.47305782297695
259.63118900230313
250.83858109454624
241.90318155916913
231.08634174626036
223.43430935370284
212.54549518959374
211.24283004273664
210.54025870001715
208.80264287031653
209.42231748336687
208.27245416294286
207.75550899385868
208.38376135026448
208.00483089937626
206.98671077495726
