10
26
a
263.7515455928132
264.14581452742624
264.12950710208594
264.7565503989356
264.5813602543378
264.53021072140734
263.4777089923895
260.0982255026514
253.84840326378924
243.5554063777725
237.60236370435717
229.84579381095145
219.44042501058888
212.26588641332106
202.08821769257446
195.9915756817303
193.76743647182533
194.0710090933217
191.6706422573092
190.89177504833964
188.57879662763088
187.03275674194052
186.24019970261816
184.59795496031646
180.85121470171035
178.54393651224706
175.04442556642258
172.51736791055
170.37494602299145
168.95354060324397
167.75744283792093
166.3318329783202
163.86752147339797
162.2993764902452
160.20048138349287
157.08706587547096
154.50878587441272
151.0843207662609
145.68042520566613
141.08714736455914
139.76216267896874
139.8896638959871
138.6842596681932
139.41830041783106
141.51047104188552
143.71558975459135
144.6862179379943
147.69309462996384
148.83699312744133
148.61705009994424
149.48803739811322
149.35681273386288
151.16883026826918
149.84369611427888
149.43692254568995
152.408528864455
152.86538316927636
154.87621542275855
156.0105966933768
157.76749456675248
159.51594329523337
160.11181289803
161.89591357026995
161.45619644150113
163.94452119575035
163.9666499952642
165.4164414438527
167.3181129410754
170.2253665154433
172.12850364924864
175.40342638218763
177.35857450899786
180.629604141914
182.48053586754142
183.5670320813919
187.99896686853126
189.20101919017242
192.15151181455406
192.77235665201619
197.23062231283737
201.7204273210989
205.66382912508286
209.97715613111407
214.88128155630082
221.78439048528858
226.47959333400533
230.3097159653198
235.27060941609426
239.744601576921
242.10416350654864
245.16735539117218
248.38631832092764
253.79507725490424
259.0070212880764
262.1783431857447
266.62394237336963
274.836266744829
280.3747977840567
288.49881854679757
292.4817634514398
297.98728628630175
299.7570196335566
300.0385277942255
303.2969323120971
306.5781906181483
308.98674861538086
311.26905039243525
315.3972527731664
321.62777313701696
328.0464437558908
334.926114200345
337.7115107326535
339.0744227243909
339.0518783078398
340.1227317996493
340.2075164124645
340.7293266320304
341.89176727697935
340.95207487073384
342.3871540378829
344.28796880691345
346.07967144566163
347.9960049849173
350.0612983843237
352.5688466540253
352.55971732716296
352.1799378376069
351.72133596793327
350.7281658055516
348.4152561644965
346.60028426716934
345.84037369081824
345.4607847110689
344.7842650956962
342.0335590749791
340.86753331728994
340.1157509805383
340.2491845267215
339.3878417251397
341.4970458584349
343.5388795096108
346.8024177775004
350.7243853231439
351.91803326360946
354.4342724933326
357.5390136209293
362.0018723557001
364.18167157839963
366.65953368902
367.01888827056905
366.9134351399423
366.54471607729226
365.76009514814626
365.02468956060477
363.94030619877225
362.39063078664776
363.52834266439146
362.0714866199912
362.8402842349814
363.4123041737421
363.5365951810948
364.9258277563775
363.5068822890777
363.43747760380234
362.4976440933586
361.68526329723863
360.7438228510212
359.1248831306076
358.53361736330504
358.1521148559754
357.24119924641855
356.9738248763055
357.7411946778252
356.46771750437216
356.7273790418003
353.85400933869073
353.30401456617267
351.34802488106453
350.1648079282073
349.7345409076132
346.5407434384583
345.88999593950626
344.1177087674688
341.81118729868143
341.16413211590896
341.89766201024435
340.588664222684
340.06490499124243
340.257408481408
340.19319432255844
339.42548290310145
338.92489681667627
338.7884733484438
337.9428721186635
336.1538888763106
336.0055802594737
335.96877171871034
334.3629553350294
334.65269837969265
334.2911114687474
333.1289753471843
333.82837020320414
332.23005449536646
331.9824449071256
331.0164034354468
330.4633338118146
328.86837355644326
328.37153121169615
327.3214179035515
326.3593129525066
327.2569920248069
328.10395817602773
328.7480537842453
329.83971833112145
330.84198890120086
331.9610040022949
332.81415346980583
333.8007397660007
335.0021714950777
335.7307568013843
336.61048133953767
337.28907237751577
337.3861684436648
336.2046236837511
336.3934236203407
335.53798904580555
335.84891598008244
335.54275965102306
335.99502424605254
335.5600455706202
334.9432366999992
334.04289013179346
333.7631471799319
332.1526879815626
332.1013010209457
335.1293652842423
337.69527830862563
342.2271227214835
346.58831840884716
348.6792315935782
353.7044074893239
358.09214252842236
363.7616075350522
364.3657577244882
365.0502789562904
365.3138892248917
365.639496271826
366.01712495147495
366.71934845035275
367.0535732768095
365.49081033889763
366.1617344658801
367.75587415819234
367.99543131220247
369.1605169584778
371.74509410125114
372.28967805061313
372.87709614158484
371.86277659955863
371.1602162674874
369.16797454766476
367.7170829242831
364.7232357426763
363.6783969088085
361.39461579284875
360.8171759310476
360.70786964795826
360.52183823418346
358.54803851146266
357.6434766935995
356.7694501223063
354.2219620167471
350.9476396780115
345.27281201387837
341.3514333837417
335.8873416571429
331.03345037864756
327.7629481418872
322.86594333906464
319.8768784445536
315.82946176012655
313.720787589259
312.5724568187709
306.72768304931327
302.3084376312205
297.11288461573173
292.9330724201369
287.3984230629527
