18
21
e
29.526072188953346
29.282379874014357
28.94325890194671
30.019595133912624
29.75924888269478
29.886637343571866
29.136518103692527
30.148274528642776
27.878641593291167
28.754752682408746
27.443619179304232
27.036594362628176
27.02127415760345
27.008775656603753
25.50366824144955
26.0661718552513
25.38970027105253
24.504003047738358
24.679193431355305
24.847037131936524
26.080314685067382
26.14800631849099
26.762810323973977
28.113049650913684
28.053251337837068
29.23208986654216
30.13410409384617
30.762974216056232
30.320198894450908
30.667285455627493
31.450146656208872
29.60041039324391
27.872032467795844
24.960801343190813
22.91390988759727
21.617208307647036
18.649111510916125
16.36103713914389
13.660244505258301
12.691599369957638
10.75380306932901
9.942333392861515
8.745386112506099
10.243938074704086
11.547897383501002
12.57346305377291
15.027494954878618
16.25056799546252
16.53645375073704
16.29219017904392
16.47735371412927
17.01830474108607
17.573916909584977
18.379485326912086
18.89583539470542
20.580991594812136
23.051924931975822
27.924473742313417
34.066253940273285
39.06568089706834
44.21876002537781
49.278787197300886
55.690870494216924
59.41154929838232
64.403613077848
66.10012170737306
65.5185558827986
64.2497431194052
63.54760240032465
61.96799469443258
60.28695883020737
57.96164677407956
58.17517625495283
59.107847330295414
56.506674825830714
55.814086850756674
57.06880334518482
56.02702389608228
56.51717128802678
56.94846861721734
60.61938069030219
64.68142249479672
68.30556175916811
71.21213641863373
74.91691968333268
76.99501759033463
80.1860471502565
82.22763091585816
84.86828515441961
86.92674019566608
88.09440259613686
89.49955223124606
90.59722260968235
92.4649421666445
93.40291567520022
94.89314718539804
99.28498036813089
101.98461173779859
106.86359231810333
110.83095082177248
113.24237636084425
114.38916264062772
113.57275786922065
111.39697205138059
106.45293773230364
100.64425125093668
96.00357616231034
91.2910046101911
87.12535549331724
82.85184366262322
76.24260842737247
71.48660220076312
67.03180647622453
66.12511239673384
65.98415256082278
68.89284936718693
72.8575163818912
78.92634879054285
84.369811827465
89.52849801946911
93.36032467190833
96.85073735688027
101.80596464947457
106.37873818025041
109.2401802858126
109.12410683247121
109.49531448332266
108.52391483148871
107.17416432610713
107.64341154091878
106.1507105412131
104.84217298040565
104.99416715047936
104.19576189567736
104.63379054094565
104.66080012955769
103.90370597704629
104.01025969166756
105.4140343680124
105.10219250093635
103.25546027938343
102.42156172150462
101.26242119318151
101.05374939228955
99.61655651647277
99.15364824799654
95.87105897780127
94.72539797213915
92.65512910807733
92.46609043143835
92.04873099082597
94.42045375909476
99.08902629848937
106.65843817490821
111.79688633910563
116.84186054926748
121.31855113368592
127.42427017468925
134.9077303451508
141.95433427874258
146.25557469648749
147.31642106177503
147.64824935692636
142.8821783423259
137.38274868445652
129.35725712801386
122.46646750573147
115.47901558306327
109.6929733422435
104.49633922985221
96.98423785076969
91.41996290198597
86.64708539998982
86.40481188846725
86.24967758681983
86.66137241316719
89.51842667398307
94.74063115672814
96.72227112953722
99.6514519950801
100.56088211259214
102.79851955969943
104.60544108337885
106.3242861112021
106.02667867608172
106.8484244066574
107.02209637391887
106.69898145902687
104.252262465416
102.74601849660544
99.80866006420537
98.25948889453136
97.45635341373736
96.03679317891601
91.92089913723406
88.22900531904995
86.8564763161863
85.48203143135092
86.36105384053977
90.95069876644297
98.23472446133884
112.0586546058784
119.68307331886842
130.4124733560181
139.24154372812262
148.91064950639512
163.24956523795746
174.9030009657074
183.22245312943053
185.83391708744952
185.53996471025104
177.80949262163395
167.36008315240758
153.1801327670372
141.56035540988444
129.07455380798615
118.68558771076921
108.68686161339097
93.91636504745652
81.78121925040844
73.71164989288145
71.45372212761028
71.89084174208121
78.06639521203523
87.1406183644066
102.64633693422549
113.37918900690869
124.94615579612821
134.64253165703863
143.1379693746569
156.3769393371531
165.9572206944038
174.61385500857114
176.26282719475037
177.0235986761964
171.59851208053033
162.78760628161734
151.0562196312507
141.97460722934557
131.4386284467696
124.501746708347
118.55721788710132
110.9479561910679
105.62173685052767
99.908076239141
99.2455910560687
97.82591998230284
93.72424994613704
92.64444539616134
88.93791746735577
87.69020395886945
84.74061450749228
79.31882112028146
74.07809969975618
67.28854350491433
61.64744688425923
57.18023739078564
56.070197761626176
55.62571978104201
59.13548795630773
63.12832778874847
67.1115262290546
71.25955289819989
76.41735630449656
79.86913184754005
82.87547398045922
87.37615574540226
89.84377213647556
93.53603390071173
93.51175240728445
93.11000818917464
91.83088717279487
88.81988568096205
84.49484214070733
81.3672163624488
77.86268778335415
75.65552760589814
74.93180349880994
73.4356746688308
72.53756935322738
69.17962503957337
68.44440495712715
67.67472104803632
64.67675165863052
61.50539765749068
57.324634667038005
52.608792812792736
49.91871311714555
