14
20
d
76.83863008885407
76.23914298979729
77.14116998782333
76.41510147712754
77.42881881487992
77.58411233646657
76.68610888698167
73.33315409406826
68.78732697479359
62.709262739394
58.41311973680698
51.884872890641994
42.80705640824218
36.22258438937974
27.594894165042643
27.378171230611766
26.54849428020753
25.935663960664847
25.101229820656044
24.61851307762225
25.40006763183484
26.52156921716214
24.744897406373827
24.60716884659905
23.89480529700786
23.47129134231741
20.286185825740155
17.766757122006197
18.668406611336135
17.796032804362017
17.516753588546017
18.114668707021064
17.93419584748452
20.963812766408328
20.75003694646717
21.440412419061506
22.473787806089405
23.274778358680162
22.568835102544156
23.448737027384936
23.057698001037544
23.78531051461832
24.57201944153269
26.055997745590638
27.018630171613296
28.76340172253183
30.750215867565615
31.408535728872323
33.36540932736128
35.12993093057013
35.50039656225768
36.4406426635892
37.120957129837
38.19213162129669
40.90499218607946
42.2998471523356
45.52658002806622
51.337275642016444
54.83398720651292
59.843634434383254
65.54618387934251
69.79912890771209
78.36335951869708
80.87466849731892
82.25704331227793
83.17665161803006
84.23093845225709
84.5766389173267
85.12292053690885
85.05127212811577
87.04238385285012
86.36197209484072
87.75541756716838
88.14052291258581
89.87718228262106
90.54522996818893
92.45575795103227
92.72012513406462
93.65068050933232
96.96912867959043
99.7765525964404
105.3977140473239
109.22701847633367
113.44685736008368
123.65067236525739
129.54722038791652
136.7999109814857
137.85354735780587
136.16011979202312
136.3718346466065
135.83899878391452
136.09139219060125
135.59484655236315
136.49861472229114
136.83948373795317
136.08961674888917
137.85315557529432
137.2853793886515
137.51936545030895
136.10237159350186
138.08934660370073
137.44948636323377
138.6594688311162
139.32711391211564
139.54969228963847
142.53496136809443
146.3328446235202
148.58476298663174
151.1018322343213
152.74327119711546
157.0800810634222
158.80712375833053
161.14078450426783
162.05950122437494
163.15110453441628
161.80892617391913
159.50010222261938
158.93568452081968
156.6269039549329
155.50574937430343
155.70174740888655
155.24387036878153
155.15678022654694
153.98479958727634
153.73888634339752
152.6390540830197
153.27128563169637
152.63305906767758
151.51725505865153
150.1750373409107
149.95465351378425
147.83171533327643
148.18067606687833
144.99646638565355
142.24088800615962
140.5813765722482
140.2101860793238
139.10417475221573
139.17183968989838
141.03580085415362
144.82500612066335
149.00410442748878
150.99193870038118
156.1876980151921
158.51410811148688
160.90148097420186
161.92332706988796
164.68000780443012
166.75012327828964
167.53745624994667
169.96363872065416
173.18182634596974
177.0889418066213
181.38994121274894
186.15398356827382
190.7454202050607
195.71528904594322
201.48372461240783
209.93046313141528
216.20509163785155
219.80786062935206
220.24011709402936
221.76816145097825
220.429272172258
218.14739199664538
214.908397853293
213.13664823968756
210.26823514889333
210.08968992049074
209.39456451391086
208.24343328799264
207.80886527723092
205.9624995691418
205.80307280364667
206.43912406246537
206.66245793107004
208.0338954206998
209.51480444812097
209.77498554559338
210.01289162501038
210.9613402836018
211.99794151536187
212.92476936430134
214.16980255081907
214.14625008847142
214.06268071910912
214.2212659845385
213.36106039622723
212.9624303506544
211.83552175264458
212.18737527540446
209.56770832177108
209.27427605673824
208.3761088667504
205.6411135974008
204.9167033016024
203.87741494620923
204.199597531694
203.38288167717417
205.49115303087203
210.96673541333107
217.72166023291885
222.66598347479362
227.03085204093077
233.52900777375925
239.22739952417965
249.06221446418843
256.26362552368744
260.93716818266404
263.31019071950976
263.2176092951029
255.53876931116503
244.39768410612456
228.4016875275133
216.88578179934203
202.943560315809
178.75756562222466
161.71698846552414
147.69172642816534
150.28893244330726
153.84714014513435
154.42459277318292
154.0854053003465
155.27381783385826
155.17981268070812
155.19806312100565
154.83839412072538
154.75853907352632
155.93581691973262
155.27950367281568
155.48214342346074
154.8252192360247
154.30075793467503
154.64619932585586
153.50342491837154
152.68562871562997
151.8112670913861
149.05823812441886
146.60530658330947
143.21642107326798
140.9482150712203
136.51816121350197
133.1074265286215
132.8907906232738
131.7447057858849
132.11618790907002
132.36946339632726
131.67090244154247
131.58082917472404
131.9635629281123
131.6364721070109
131.07227791170084
131.14706502013374
130.65173419324066
129.8581073225998
130.1242310355845
129.80074122034364
128.84928763127633
127.9775000589789
127.126175539704
127.14227357758783
123.61606426330019
120.87256223721258
119.34982816165027
116.28555700240948
114.83061504866077
111.91689784389604
110.0323567457667
108.26222057682881
107.55753530526053
107.03067697047516
106.00526454642952
104.16390056375236
102.00754681874191
100.62709545694823
99.66886545597241
95.92818448495672
94.25510452667687
91.74432934166322
90.22995132340334
88.13900517924517
86.78496176243728
86.88759739712785
85.8500654175016
84.62622539733655
83.12246667430433
82.68747112516736
81.24689217410301
