19
5
e
160.09510530586238
160.9096134733275
161.087760350876
160.64607938390913
161.64363645765263
161.63790702167205
161.27036551367303
155.5849521522329
148.15437481360027
136.08126651103618
129.3441491348254
119.5655914917374
108.63144794770957
100.59386710099483
85.68410202536808
75.86164232797304
68.71062398994007
66.19709116544581
67.32637319800878
68.76083330323993
72.2196370326474
76.35566187269629
80.34658547298704
83.38131618754485
84.14561483034537
84.74344595519437
84.2742598017704
85.64176050536479
85.96218279586007
86.11541197387707
86.14927842140622
88.11616276359102
88.87834023377177
90.53270579744786
89.71773967895804
91.65861496802225
93.21953534357134
94.40031248696191
96.08837461106341
98.08713242162061
100.1451377666769
98.76449571016566
99.76741286478882
99.62724266530176
98.18227387549986
96.48532304023294
95.47952497789746
94.52589277295833
93.45903206324925
93.45915700982778
92.56902344012707
90.9807455475962
91.4055692403897
91.5023007071984
91.75553805111576
90.32729373434596
90.45086480769534
90.04590415048939
89.5033966913577
90.01386256080175
88.28587797151727
86.21955808265538
83.88170486699029
82.21400749798863
81.62048971406982
80.58817400662751
81.24968477841685
83.82459517661513
89.65256626038253
99.91505013876504
105.8873058037199
113.37937181944118
120.46627385420301
123.8919134621083
129.88278523834893
133.9490703864613
139.15796073006445
141.9251217535363
145.56238777450352
152.19376898283966
156.6499424370691
163.94019017088604
170.22579149084174
177.51108866146632
187.7129413098794
197.35137179911092
210.76943799892123
222.0846236482226
228.08040541295668
228.9262882090261
230.1787055067416
228.950050808786
224.94321653177053
219.85701720892988
217.50943753050694
213.48939246561167
213.693304060401
214.02944016668013
213.0881777358819
212.9001676065637
213.0864041327238
212.29921660593314
212.2047601703187
211.05662302654008
208.46176442952694
200.21363822432977
191.00682796273276
180.83791050826122
173.55263800783823
166.32047245885482
155.3116073809526
146.7064564408102
140.46721615088538
140.37914967404367
138.49126758441136
142.14691716616355
145.8137484370057
150.12345265202237
153.05067945865676
155.87051755765245
158.56386933671183
159.47421179815626
161.7468396234344
161.92348224781125
162.58668871146008
162.61360516327443
162.88486773235846
163.25400794166777
163.75587758157482
164.19045852140977
163.96644961947018
164.81024414346155
165.30936318207455
164.8659723233295
165.06564545265508
165.56563042606538
166.0709421887345
167.01234683942474
167.1335536369386
168.05508470424465
169.43395012279208
173.62221845128985
178.24964056380077
183.79722646120425
187.47888031517888
191.6094641223742
197.712486020868
201.61199719291542
204.25577721969336
204.97074173799177
205.14198457783692
204.60057654619368
203.87353092749075
202.30642162465733
201.45101865412457
199.95112128423926
199.39620758375756
199.2984779827076
197.60040754805888
196.79184399954167
196.03586581689007
196.2097848269966
195.0906090394981
199.45518056506933
203.99700169390184
211.77405640074875
217.24374620759747
223.52446071476783
229.83868771020778
236.0094941640335
246.40278030743866
251.13207483643345
255.73753131265607
257.4078862087185
257.85220678979266
256.13835974256705
253.45212564915641
250.37432615272292
248.35871387969536
245.5187908132706
245.69589648360227
244.43925938334564
244.75027797153498
244.2651948486175
243.2331176707999
243.1831137326981
242.05912995836965
241.84619579741485
240.01001046526534
239.42561165295967
239.2984118936389
237.45805076003776
236.49224969310163
235.57770364177875
235.7937930280483
235.55370086480573
233.86110905834784
233.27481457704792
231.6311719548797
230.17907098488965
228.20948010634592
225.42173463710796
221.41658942420568
218.1146882468307
215.3632661049047
211.37010142685898
204.9942180879746
200.25353752031336
195.8910057023581
195.22007776617735
196.0717580098226
199.54396158552026
205.64264950030957
215.16612269392556
221.76765810294958
229.6139766673937
236.2288627970489
242.22674027030774
251.52758170680443
258.86233977424496
264.2687945387566
265.3635061139281
265.65717781081946
261.9289798310364
257.473333024996
249.67412000352243
244.21168760302044
237.43859666715673
233.65144833968083
230.53617738331656
225.1892678395447
223.4379835904956
220.18069025573976
219.2293155377932
217.85026346046723
214.87982543455954
214.4821712648899
211.9027008661673
210.55892479521182
209.08893901320948
203.51768202582983
201.69779205839507
197.1438782071905
194.26360784173318
192.8032745116974
191.93978113355297
191.40113042074373
190.59706484601526
190.11171197208486
188.06873765903487
188.25632950940656
186.03256708138017
183.4894363675216
182.60429906552935
177.48451537109298
173.69692739788485
173.30021232956912
172.45054637889203
172.39306446641012
175.00518906734175
178.81608974263122
185.60496439114436
188.24312178176237
194.36891856168657
198.35997567049597
203.38148191953087
210.49374073726594
215.18051442200465
221.1281500481553
220.17775928121137
221.36661336175027
216.27039015859737
210.74186519029666
202.37546287135228
195.9863249036458
188.37336400346177
180.98328584074105
174.4656196351439
166.67208859100248
164.97328018860975
164.07949168854142
163.38421195197287
162.4413296118557
162.55340384263005
163.3269850878504
163.0925908684613
162.56854566107958
162.4564467515218
