16
15
d
96.95879124739342
95.91355242820522
96.79202490856525
96.70981826126247
96.31350924543796
96.0974974903358
95.75871578505598
94.38878001082924
91.59644029409318
89.1885328867665
86.91293572994876
85.11716308056714
80.2328514365936
77.5387100886657
73.6696166176042
71.90878227049288
70.97050114204932
70.16992107480604
70.18426619208941
69.0956913787986
70.17815772347338
68.62061149205967
68.4445572864107
68.21657968578108
67.21798347372705
64.79016903992445
63.53662668858665
63.00379182528918
61.60428919153393
61.13689100830518
61.45760714605398
60.85349042273624
59.66227490476499
59.14966915845164
58.287262143058776
57.51076773989096
56.34763897974083
54.89882701664806
53.15035870689241
52.221322319088436
51.1462083723781
50.78636175560438
49.808725882154285
51.390177751748716
51.98662339874094
52.093022466004314
52.65908700318975
53.44890978877779
53.730733892913605
53.25141137147603
54.929563439227834
54.53123964190373
54.53725963699996
53.87162815169323
55.3804114575896
54.85686896181552
55.3508476319001
56.770952157972815
56.29182556492518
57.58281943133453
58.064993494878365
57.77717135404565
58.79267322263783
58.765565053253916
58.84095979386072
60.59114057949266
60.91759842496207
61.0560650802619
62.12190915061911
62.283022889793216
63.94144367781814
64.20757989983674
66.31880101947321
66.37146005650163
66.29316672083357
68.52965766210183
69.65801183720188
69.11714248576077
71.47666733564502
71.56299214340436
73.75203708634473
75.71654155424369
76.29697316638205
78.62292180642244
80.52872697120878
81.85216764857222
83.8748274041296
86.99444374016534
87.11090293329727
88.04315947928598
89.89774744488282
90.68202483663717
92.60879426910029
94.57805618012057
95.59149293091085
98.21939776792895
100.74014945995387
102.36428203799585
105.09422227052204
106.81449754769686
107.66862516290608
108.842347117235
109.46484330567756
110.4216068209205
110.98870469599993
114.10654540703818
113.8493822608773
113.74342973689701
118.22468647497482
119.3367003574323
122.26572613123285
123.55725167272935
124.12294484675596
124.38602043033575
124.19586723127881
124.465745654706
124.22823538871081
124.46798641916044
124.79788772073616
124.69820928558403
124.9870681671733
126.78631182817936
127.14535983073552
128.18840208226916
128.5716534732594
129.56527948176844
128.23061384490842
127.99364021299581
128.01347199690824
128.22843845574997
127.49243717974228
126.29665997529884
126.51687815160584
125.91286522999768
124.40662687211253
124.66545983421773
123.45641266463144
123.45044992166966
123.13584942115762
125.15378687909259
125.45200720834221
125.68423083894936
127.28159951560312
128.72225567610772
129.09926316653872
130.00015336050748
131.63504350715573
132.90286980656816
133.81536462032258
132.92029614375755
133.569969418175
133.39551332786607
132.55221535078059
133.80209138106272
132.38227475072358
132.97410930720426
132.818692817347
131.93918293435468
132.25661504963105
132.66387248517415
132.49691209714072
132.62358108542887
132.32390854284805
132.55651387052814
132.71299212944157
131.84443711895102
131.80836001574264
130.8186190982897
130.76393082762073
130.0185470460463
130.4880466866211
131.0563605318142
129.83394256800602
129.74826717022682
130.70848010148455
128.9449896734096
129.10922804289262
129.29547384936564
126.76468744787611
127.29523476839078
126.37645762281431
125.6821361618578
124.32664602517015
125.17742595335068
124.88241135297598
124.20477770874855
123.95232792679181
124.50333608955607
124.50636613638899
124.60738399051058
124.3167864583878
123.2763070646401
123.33813515246256
123.51336187164176
122.13068416951928
123.89904745156105
122.18700764696044
122.67354033934024
122.09551905942767
121.73599689180506
121.65112392069132
120.95070865178802
121.12986450582225
120.85321440973217
120.6504593794534
120.30441825072243
119.78171541145983
120.04412470158749
119.41530880909106
119.48365403874729
117.89913474202727
119.83511373391866
120.02629343178022
119.9680188273492
121.31331090610787
120.90654492678186
121.1504563383573
122.04214743265408
122.3652205550057
122.34605759995856
122.53779337993326
123.40476287392676
123.09859292227692
123.56906481292555
122.03565444482128
122.60056048907528
122.7890939406489
122.43371622423221
121.97341189200867
122.52780843047582
122.51870633017182
122.33153026192583
122.3167963223949
121.67650528312413
122.23690399695003
121.56017367299172
124.48870190465558
125.93815205401795
126.18821373614787
127.72286405286164
129.61095758719603
131.11537924514977
132.60086675342123
133.871350609665
133.85733857971377
133.33570115461214
133.32773688282302
133.43055788583587
133.96130493384354
133.7200831601446
133.6215262976433
133.13357016380291
133.9130008025264
135.10306341114853
134.4607926551478
135.27689298494542
135.82863942593585
134.93379312987645
136.7073529239765
135.39629241102875
135.26384482220382
133.80361625510724
133.1706739263853
132.6852064651983
131.12735006217093
132.84924598749936
131.13449158522943
130.4858465439924
130.805137039918
131.12559615829588
130.58627223587573
128.77521801837523
127.67822463388407
126.34865316308499
124.39226887334671
121.63891832654453
120.55280456571862
119.10642344032426
118.09942006580754
116.79867433789249
115.95319872214547
114.5968014484979
113.70155012304045
112.75068257109696
110.56355709942123
109.13124448990669
105.72506500741167
105.91060996954408
