5
23
a
78.99983144309867
80.95981126591666
78.38035697102654
78.74016025012779
78.96093482223328
78.94331936609987
78.19539107669051
76.73178783088117
72.34359129167268
66.95051270980741
63.31680993132707
58.06610605274989
53.80964174795658
49.274896915859905
42.153645702227344
37.31605144257927
33.29289268884397
32.514208690574605
32.792433143561844
33.134784120840294
35.509253814467876
37.48882487318908
39.242665719766336
41.28966656795171
40.51980790942194
41.69933869221845
41.665966664640024
42.03205952323435
41.83889643245281
42.83808469058127
42.35157018532647
43.590283705498926
43.285463033029714
43.78659625779084
44.92815325897761
44.54341700623162
45.05821471088142
46.640711535421126
46.720325256962994
47.89450236689229
48.6432889621048
48.61078013161236
48.924510039333725
49.07645844836599
47.178819168004985
47.22780963558699
46.7941324238724
45.80080540028756
45.61328474122593
45.1534376606041
45.11169219160226
45.10929468320616
46.47053487619212
44.47360430542721
43.994394640401616
44.7780162417055
43.99163311112994
43.46453649967944
44.49792075736036
44.83964188456422
42.25874355521984
42.09465372619973
41.87590223648923
40.31551395828672
39.10296525301527
39.605765588175494
38.47331073118069
41.9155050288484
45.161046247676936
48.164557555400854
52.0358990776197
55.9703465051476
59.186075701840146
60.63024508028479
63.8991638201453
65.37901754799432
69.43309696153919
69.35763240195425
70.62269458787428
74.37397541446732
77.45602222148388
81.23747816580331
83.01824269327524
86.88034456360806
92.31772452086248
97.13612840843066
103.62485273268506
108.38844695241697
111.21148695322235
113.31948231334171
112.58979552723336
111.47610298018894
110.51818704967603
108.5133042522439
106.66009718196116
104.29522949487834
103.97079941769005
104.50637565760896
104.97821121048787
104.24204621999667
104.05820886836989
104.01188392900507
103.22437737295972
102.58410543706387
102.61066047273354
98.98141202957666
93.96896778656584
89.03351965648632
84.53904977792294
82.44032118743424
76.29989043955425
71.64634540416367
68.96862237890774
69.6931526963705
69.0532237656705
69.58673038112322
70.97745581900388
74.15748463848871
75.13175921369368
76.86542317498323
77.27818216063571
78.5167663240509
78.45462890954907
79.54071608342612
79.79659958926084
79.45342091742017
80.46957772018186
80.2474963614812
80.34749464915502
81.31127784965801
80.29884992933829
79.58461759888822
81.54082725600796
80.81364951941276
80.91076222311143
80.74090167181181
82.6214401499943
82.31191745762607
82.4156113383316
81.895193567349
83.47970851880368
85.20800672584377
88.46608076084806
90.37536756165997
91.81276639042261
94.56741759335047
97.73693911507846
99.38474799003039
100.48049587797408
100.28902255733223
100.753650259951
100.14440317015631
99.93193955693232
98.95997532750366
98.86839307348208
96.7944514941242
98.10185666014335
97.2561068196526
96.70478969258134
96.8135945331266
95.88266841426427
95.66996553350944
95.52115706872176
97.44267077219645
100.74267691863731
103.59928167698219
107.07303692915065
110.72444330387182
113.70667233561778
116.12017206299517
119.14227406596721
122.90830846666549
126.31735569356654
125.73498925567917
125.59557629742119
125.56949485979445
124.66467309905663
122.6338532211477
122.32016351060577
121.26147249067168
120.89487070262138
120.35728851818115
119.87098968242844
120.25651136122643
120.15424219876718
119.06575804943886
119.11381371362287
118.31746315849729
119.01473660731516
118.04998049127218
117.47705634591638
116.2554875670454
115.96989302877732
115.91897925016671
115.43887483551349
115.45583417014278
113.47603711111147
114.4343113872706
113.7706564851525
112.5251214582545
111.70255643741143
110.2474699587706
108.93932880219913
107.14881127623813
105.23677481490182
102.3899862492395
100.45257971522898
98.76380967888613
96.42935272330986
96.31217300579111
96.21102126178978
97.97319669620285
101.38622438150837
105.92557111103159
108.7206741837517
112.49457562130593
115.91792555634882
119.32139826713973
123.37803028053695
126.63529305846949
129.62607284285684
130.48887066406428
130.70798387660793
129.220063692482
125.76504975840868
121.33645718413945
119.6211448630002
116.89980352072824
114.54274734718122
112.90573153184458
110.96012259082741
109.41367465209491
107.73855855995865
107.28528009668958
105.72261958530751
105.86004112460928
104.84882688164957
104.13207772712758
102.84316751002184
101.10764416480617
100.75350928353946
98.63005119830088
96.87617685192616
95.98110586324128
94.22406902626658
94.35253838381074
93.16315686531789
92.71114016048725
92.71127700213252
91.98578894780347
91.95986507217641
92.16502961897984
89.74533119833525
88.57060473179219
87.82561990857823
85.33600980671685
84.41311098420049
84.17746478341887
83.5400415352938
85.08617640189088
87.707127782807
90.1181144878821
92.99541956910153
95.15389113411169
97.48440772916368
99.40601563432381
103.73764978696931
106.00502969226999
106.95910958652885
108.32686786430534
107.27682128105155
106.45594394067629
103.16720935394994
98.95640478497712
96.25040963581107
92.5179659905525
89.04702835315514
85.47183456205391
82.14896728868068
81.02240258167795
80.74272759144387
80.54244231953331
79.91034593212096
80.76698861752298
79.72163704201738
79.90028738314797
80.33355164063934
80.16297951453335
