2
4
b
162.44133996891009
162.42122758189444
162.9812762995823
162.25981752493774
162.73313203197725
162.61011026598774
162.22528025049783
157.48775726801867
149.7223139400334
138.04735149972177
129.710522925662
121.15005090761011
110.0266689065787
101.45963207043712
86.68621663739175
76.99312789132844
69.44256842501775
68.57621225093361
68.75793955036724
69.71567538861636
72.63631543536677
76.84693817031544
79.5072135315671
84.19895618139162
85.34185727255945
84.80291940968378
85.58643509868813
86.37764473315096
85.68399863288248
87.44178022120813
87.3031941107424
88.71648063236917
89.20894834220725
89.84317436042438
92.08141245051324
93.3873918803597
93.99678334900416
95.48366282251718
97.32464179720287
99.09393891228339
99.61412218861051
100.4111260340295
101.18008760446224
100.11439541577646
98.23891545990527
97.03390209484795
96.4958521406034
95.14095309233349
95.00321597810012
95.07888009294201
93.74796683285425
93.43649889954746
92.38561832439196
92.49030779351493
91.43657282597326
91.9167406667597
91.05804824551187
90.78804785844594
90.44122625567226
89.74371816266108
89.00538177955316
88.22076586032993
85.44116447337412
82.23890661693207
82.01675634944091
81.51727801826453
80.98590304998595
85.8906781036881
91.49784413605454
100.18051054610923
106.6064746749484
114.38365472510992
120.04388948125049
124.8453754338114
130.3574795527496
134.5376235692755
140.46512466217263
144.2583354020792
146.019341162654
152.84630055517127
159.18315303817477
166.09489423097287
172.78338091911775
179.34940503292015
189.3034532294944
198.08318701610537
212.66604434007164
221.92378888692983
229.54173913112956
232.62048455135124
232.27903663498722
230.2181994414693
226.31941954324284
223.10502852274868
219.62948864017307
215.71563887271952
214.5890840518168
215.24887386970573
215.59537155378612
214.81111797496422
214.44163086408912
213.57420876115413
213.4091140637749
212.07849449507404
210.7507879178029
202.21514579539715
193.31435016178133
182.09965840527403
174.50646996233795
166.92660247987035
156.78329737087043
147.24743204298983
142.8291214223224
141.75528942255977
141.67207247571307
142.28421738681217
147.25480226431702
150.27624167530854
154.516756483651
158.73055856243386
159.25392116736796
160.49284775630485
162.77605570544554
164.58882603026754
165.39743497592744
164.55358908659227
164.88189245519783
163.80049133533026
166.13676200704495
165.55826923322996
165.24820715305376
166.259078061544
166.93109596724724
166.0220706579129
166.1716885160557
167.77761439701732
167.68632558224456
167.58226752708669
168.0019811565848
169.87726466983997
170.98094697770767
175.81974889153685
180.08424604311782
184.81184986437108
189.88829617017325
192.94097491156992
199.04397414273546
203.45144322884266
206.50232944475957
207.49550201785846
207.63121728438213
206.78871288722786
205.40686980325313
204.09966955006448
202.39701198911166
201.90992895306206
201.449143386878
201.07987457835694
199.86071943784756
197.7901385504131
197.02687704542234
197.3875804063568
196.54526279330207
200.4968045180139
205.4247570777749
214.26387740120185
219.68870555481533
226.60762483298856
232.38197152444536
238.03484249849402
247.65331642848844
252.95214591862444
257.8663275352242
259.92124962874794
260.2113146482239
259.4926241698815
255.59321197135267
253.39071353522547
251.03323365864438
247.6062279336381
247.23321768491442
246.70116175312467
246.39065362711332
245.85157987606036
245.8835729751389
245.47379966013074
245.06124700802076
243.96773359998417
243.672568821818
242.67106895878385
240.97696745215464
239.7492451812093
238.05718267927796
238.63078842425313
238.01841107585363
236.88620790157196
235.88751803882846
235.0294176842165
234.07022045009748
232.11558429933638
229.43199208047756
226.3386324614641
224.36772776182426
220.8011136598448
217.04315227381926
213.23395653709832
207.26248212640292
203.07127676521137
199.24563416842184
198.1726014589355
197.5818305866946
201.786833403561
207.67322353351688
217.13151292422833
224.02265500487735
231.97617477148557
238.28141277466548
244.8382948768127
254.0349733254118
261.5861157258068
266.56437293393236
268.1884894118717
268.0800669492184
264.5039739304423
258.60531012235435
251.66074222800358
246.4321432904663
239.62235928061642
235.90040526853193
232.65163306826148
228.1329012325269
224.42218347507333
220.76632068285662
221.64445918385354
220.1484833059305
217.04263334851936
216.36778071026518
214.37821987082725
211.63200883624168
209.50333311601764
205.93000784972497
202.3346560588305
200.28380458049304
195.57891959502905
194.2643894104799
193.71056748154473
193.52047108253745
192.43670458735224
190.6188914730268
189.42442071676373
188.91763780863405
188.61984685153737
186.1552569847526
183.17604617725735
179.3659406971779
176.36120922691202
175.01710653104843
174.29582060219562
173.5780855658225
176.23908724421523
181.82293504001316
186.10266803582866
191.40262839590986
196.64282405081747
200.37075406882798
204.19512715684476
212.16147270046196
216.4628414950477
220.56082981435088
221.76837045940974
223.21013384239154
218.62189870457104
212.85430949196189
203.8365361033689
197.75371909386624
190.67309994953618
182.75809831255637
175.82551657788073
168.16158620682305
165.88452672238296
165.93255695423082
165.0836366931673
164.39811219807956
164.0133445325288
163.94783109636725
164.22781286314185
163.90892315639294
164.7507825854954
