5
14
a
47.32114982386825
48.273073974236596
47.316413865106696
47.84218957585201
47.624362489505316
47.155594153446046
48.03554888461114
46.55793771424471
46.477120044365414
46.31920361575642
44.90899017805464
44.31786789890448
44.23690526775335
44.06657683221378
41.64056780397376
42.00569558773696
41.49536703170539
40.593639372595526
40.78627736863926
40.35553912293813
41.302716271570034
43.09625618805915
43.28009389861505
44.11144045608916
45.67850028879323
46.632335663002145
48.752901654476034
49.686384889147064
50.480991370052344
50.61589024826334
50.491253466420154
49.24692061774845
45.34828711538995
41.00818130286255
36.99853337335439
34.76675796752076
30.564168060366317
27.985239008963415
22.67003176254162
18.420443177899372
16.01905221074716
15.342843832377904
15.081911544959281
16.547276430044477
19.34837539624249
20.483822067588687
23.981350514034432
26.568800766672826
26.245302524622154
26.773024736114337
26.649517362254883
27.44155213884764
27.832486638575027
29.921014933339762
30.742462345987633
33.261373111903495
36.57575855751417
45.34195843367608
52.6468212384243
63.24635063803027
70.98704357526664
78.54981814987991
89.85824844608865
97.87198424116536
104.58949411340055
105.54675256755854
105.61796303250846
104.30819520659297
102.21739954392254
99.10134487007217
96.9031246484723
93.79607357753055
94.17363463972612
93.75458934664078
92.05579939885702
91.87753619484685
91.09209156192516
90.27219210089461
90.38950691605281
93.43341413918706
98.24593218409285
104.93212355275269
110.11709348061324
115.795875437251
121.73331967771114
125.45289090184973
129.1094688247772
134.3676754449273
138.59649639432357
139.37390280114178
140.71614374971915
143.3970075984227
146.45538726246073
149.95801116686658
151.85971486503576
154.62464336257185
159.6126531868837
165.24515950906394
172.94096833181578
178.5031278357637
183.75684172643773
185.19848010123656
186.21541369784967
180.53434472542557
173.2529098789557
162.6758805836327
154.8335068949202
146.95193594230275
139.67201397596673
133.04626666845266
122.27326382721988
114.31293046584247
108.6150577584312
106.8933022168967
107.00493769040402
110.73780279145505
118.52129831748115
128.82884609154019
135.44331241003383
144.85848054308988
149.95502926691245
156.75698939906158
164.4381283910567
171.00228914395663
175.52775140637505
176.018928982015
176.401593889793
174.9994704005747
174.24236804313912
172.71857132694703
169.20878269164905
168.5387245939331
168.55400965114555
168.07277204453592
168.53280836370797
168.879408228523
168.19492062452514
168.94514060041385
168.89441975364755
167.94762985794887
166.5867229075416
165.02043265214738
163.93380996902047
162.1680227915896
160.61385918481145
158.78353495413475
155.81180525975495
152.91250974631694
150.5318847077836
149.1495491970025
148.34517329885662
153.4685420554423
162.11696986621723
172.9016812734686
180.27821089659395
189.81150166986075
198.24792997723713
204.95162848460492
219.08090657753755
229.20361459771192
235.13318874992362
237.37003235108816
239.08514414396507
232.42246424405315
222.22577773656937
208.5197917998483
198.36393686515692
185.72283928551468
177.6459427479127
168.15924409352908
156.7277317518794
148.658329853489
141.21892664708628
138.14274367285097
137.41842718640305
140.98177508840004
145.77157560307316
150.14535319292375
155.17702991751852
159.37824031357357
161.99782508621428
164.03565820643058
167.09487861701675
169.74860575203274
171.38677490167652
172.59711211305887
172.46178267946144
171.2301176211352
168.60803565369946
165.55407655726555
163.13714272626203
160.77516585770692
157.32324210954002
154.99995312232988
148.86016792277962
142.66140972593
139.52699413998013
138.15280688983253
138.0425410749205
147.66416075586187
160.33134205103468
179.2765333690758
193.77721205211833
210.14494861350917
224.54135285005935
241.18832480070066
264.2752271422294
283.3514289594328
296.48372760545533
299.67352119637775
299.9209048172167
288.896465562394
272.004068781245
247.18009924495746
228.79807455147395
206.9750368611916
192.18325874662702
175.99308311878028
150.82899726651405
132.48985521628168
118.28637367510653
114.35251367883568
114.4052291740439
125.72318953644539
142.035997078347
164.93359846906017
181.75314399701995
201.76190893243339
216.89364813905127
230.73293354588327
252.99253581540268
269.0086774302883
283.1401769921923
285.4016648049499
285.330925381993
276.91129580615274
262.812688165771
243.56972239343347
229.4078100318517
213.14915789059125
200.53355857073166
190.79917792069907
179.1131765372037
169.19554667227914
162.07974140629648
158.56398999365092
158.30023272915705
152.97545694057933
149.2732376536857
145.787453993486
141.73139365482635
136.51940561348175
127.7714773715986
120.41587222173116
108.45163968644277
98.73323309104002
91.50590992774302
90.02466347618837
90.05225684793503
94.55158947084675
101.79014213712114
108.33507002998009
116.31980875078901
123.56592971347351
127.73253486555306
132.45463155217388
140.25916935026967
146.69072830832042
149.6902149667244
151.59080230827072
151.8829914222021
148.01552839479848
143.49670773688476
136.48955956696366
132.99300271750403
125.77036332462593
122.3595924337055
120.32048422468834
118.2313210163575
115.01301669104059
112.65277593341922
109.9734863273162
110.09370082472775
103.26668747155814
98.81059405851678
90.49796952248677
85.3739544018176
78.87960431915248
