3
22
e
135.86005860805741
136.21809900823976
136.8474606488414
137.14814534638174
136.0008134753124
137.17480302037615
136.2370711650838
129.89862959937213
123.05448969947899
112.1832387063884
105.02681273321711
96.4364162734345
80.77043363093505
67.94464488662712
55.18427941908372
54.831986868116786
54.70567705745301
53.86326437146102
53.82507091783017
53.76979208849041
53.575041572918614
54.48832262806636
54.087718317075755
54.31873229498337
52.282515813763574
51.25861047227275
48.61960992350745
47.239818159205065
45.74415509589134
46.42439839159867
45.23840453088329
46.48011270280709
47.30071989104319
47.37042888806633
46.3340972287687
48.17626763345542
47.83868223672012
48.528224366816296
49.67390792339493
49.461353562054875
50.651854383120714
50.3207731819479
51.31444514020561
47.67088374431405
45.4491641631983
40.20676671108092
37.45809430361721
32.27392842185194
28.544117218506347
24.899911920001745
19.06185233748212
14.082919386902125
9.51313053214812
8.894036407471885
9.235615801194028
12.349691575944984
17.286282981568412
24.623197436868253
30.851167595240277
36.283986868547466
40.75627676865405
45.28250114712612
52.08376036630498
56.57859359835935
60.56398474458796
59.73786213379504
61.052892850815816
59.527976994709704
58.16282437260022
54.645516724379696
53.75835746549561
50.38308227441272
50.180199232600266
48.89736597977163
48.295221805814876
46.311217462791625
45.71678403550105
46.17095026118826
46.68676998087771
46.657038928133815
48.08438681145165
50.80354108700543
51.980296137582314
53.8263694010136
55.41559320805286
55.945483407052144
56.64102847390836
56.77639014194079
58.01298445610984
59.77638596987698
59.99092788831383
61.65171979800773
64.58901403036468
68.6212522773795
72.29146060583157
75.07955357227189
78.79701504137294
82.47368292987565
88.68691915401877
92.93143535619036
95.16147763975923
95.77587383851274
96.70790809069547
95.30423727986955
92.59134922595938
89.37237061088996
87.16209140896302
84.62125183514327
82.50744856150409
80.59324873886413
78.74431366071525
77.75419402602945
76.1819595715485
75.19746287533553
74.97443024219868
75.70848497755094
77.02452640654968
79.56287420055772
79.55073610355794
81.37931923236506
81.41907622592132
82.98344966680305
81.61441785092279
82.13965544710273
82.22881868729418
81.89230206030892
82.84818228200446
84.05937069010504
86.12582467955276
93.73935054250555
100.12077622149059
108.10590329057062
115.5693444186731
120.96902638602188
128.58023446799308
133.0878305783511
135.22170600629545
135.74533713842024
138.59032604427358
139.0845648944772
140.3933651654228
141.75567307410515
142.13368748011402
143.78583957537649
145.8965824017237
146.72184532734605
147.33065930970648
147.91748622103006
150.5776100464302
152.0127597906987
153.79448971306576
159.92577702154404
166.61855613342615
183.41212257169542
195.80165169526856
213.2085723992521
227.58442204589528
240.83986991975775
264.38873328931504
280.59763708474287
293.6841527309277
297.2560880252369
297.6635763300589
289.86933970877766
278.18056363818823
260.5213827117588
248.3297150196576
234.10153954100002
215.86468262178914
201.1843041818636
189.60385846556835
191.77000933010117
193.14075682052976
195.26694848148273
193.7016371801145
194.51643178464857
195.15322169935192
194.8288969014398
194.75430614208787
195.19370172420935
194.51916120796517
192.35053937772403
189.9307567218484
187.23206991391902
186.24012384192213
184.35846853840522
184.9327021565387
189.54247828822957
197.05293883781368
206.55669958778668
213.41744636869063
222.13382173631797
229.662900758923
235.1278296293552
242.2789167440035
249.1047740022403
255.60851859280496
257.1623348436593
258.7886681740309
262.2499067094892
266.7071599737974
270.54864042814734
275.19391790957246
279.3937583343775
286.7155645395706
294.8431709366555
306.7083478050555
315.86996851390677
323.7472008393571
326.06859146242726
326.344170949795
317.1966715579727
303.09680019707463
283.4533782901261
270.9718920717607
254.9605625212297
240.42261704554093
230.02204913396034
215.77607791874382
204.2195845461856
198.00791176508375
194.28624273613448
192.10154851009878
186.79704402063237
184.06227136507644
180.00390382215616
176.2812421572724
171.19887572762693
162.78549973422795
155.03037213782682
143.22484459284175
134.37833556096732
126.53552498400302
125.60243730277557
126.31097125928325
127.35456905893227
131.35944962452828
134.2868791996026
137.06774109246373
140.53475094879676
142.46565464655225
143.2203107538661
144.09450760103164
145.87907831847917
147.50179742594858
148.49369331707695
148.535258847169
146.0259658743064
142.740746357787
136.69213727346477
132.71571957877666
128.700275047163
125.78930065519391
122.03738656749289
117.48229785915726
113.539897460738
112.00413173794307
110.65197001765667
110.42995478228669
109.53414058765959
108.77028476014793
107.62426559008782
105.84464890048346
104.95712882374598
102.39742464182747
100.03121342893468
95.52659642224803
92.66130728249148
90.53277081788144
89.60764693568088
89.6869210877349
91.51603207006438
95.99185667328236
102.63550089081231
106.89513861458055
111.29236068410417
116.40238798977482
122.14251909944107
127.183704032578
127.90833380692673
128.55994100633401
127.42370025504525
128.91140017578545
129.2938471830772
129.5195763420671
129.09478461275
128.22273841153262
129.76247380182085
