11
2
e
174.76909339691002
175.42535216340545
174.3540115309712
174.69798780388814
174.9568393731146
174.5965008047443
174.4251994197911
168.25265722937317
160.30249043184722
148.49666261474968
139.62584396281915
128.66555180527368
118.70063419057172
108.40599625890242
93.88018195642904
82.96045251802543
73.69900415742731
72.02758156717069
73.30329256521159
75.21625987865801
79.09534362120492
82.3449785374275
86.14959810119795
90.57932570237541
91.92849561024568
91.01397652706152
92.45955806091956
92.6970642130906
92.97768209687207
93.96444260045438
93.88473003007307
95.18996136482605
94.65785434126451
97.49138343870517
98.07492197169819
98.8395846022355
99.8802939936158
102.5529124428032
103.2629773761046
107.09259522025697
107.83891725164412
107.72531840259649
109.10263717684286
107.15143031488553
106.2940555587746
104.63810553283993
104.54521983779081
101.50234316784649
102.21310546643704
101.29142648354724
100.35185784220606
99.88120884502473
99.01696934541164
99.33648841563287
99.00284824743908
98.38020415392342
97.73676308558434
96.83111591233813
96.96619803028265
96.99392736412298
95.44437473883316
94.44724122756246
90.41690779144696
89.4453175113592
87.76686386260012
87.08280743817771
87.16521624856405
91.72171166160864
98.19472626860093
107.42007941661461
114.96628591906844
123.53887794725289
129.93368737952076
134.1583975708876
140.05785848517013
144.6258481785065
150.60188667376204
153.78599519078242
156.9341387471345
163.70909625355014
170.62031577511752
177.75482334265305
185.13313800560417
193.68889106754838
203.27752844270432
213.62176306783826
227.70558875860928
239.33591472907523
247.3177938379306
249.47198163381478
247.44079851702716
247.33723527400952
242.75896502355272
238.2520008854121
235.4756673502737
231.27226731693693
231.02859545080383
229.96197265064026
231.34751862547574
230.11888602538156
230.83126218091232
230.6269380335454
228.99427214194353
227.95315908256106
226.4254899165218
216.32430158831252
208.77746326882897
196.20921395888882
188.35722664773132
180.26728568375518
168.87782569646572
159.80205282899203
152.77510181359136
151.73153680809662
151.42992740636404
153.3663040322385
156.56849923727637
160.86870977206038
165.8439875793729
168.82445559269382
171.4578609937727
173.44174786793474
175.11831634310857
176.03800991835178
177.1768603283205
176.60790315740516
176.1128220105648
177.01744138786395
177.1698679221891
178.35620076431096
178.0871792293145
178.2780517915387
178.59378589334375
179.2928364863911
179.46089216049637
179.16223475966234
178.75780214806872
179.8956299213025
181.01618363653384
181.27536169289993
183.74372316894406
189.4826866625689
193.96802324015982
198.1594853037924
203.68497696033228
208.29471978715893
212.96679984434425
218.98277805103703
221.90854325186834
222.74207168012668
221.50412433317825
222.3279365568131
220.99412220119825
219.28219869252337
217.9911504897907
216.62132499778807
216.4128375826725
215.39968298043215
213.671425230133
213.5600366657632
211.0414896375433
210.93898010500308
211.79549204502501
215.50489668353643
221.1807468648002
229.75905246827776
236.2404737257528
242.69026984319785
249.9912920995421
254.46349013750088
264.68533193110494
271.80878678365553
278.0944364666909
278.2133016930622
279.49447822126285
276.37610306495327
274.5721279127085
271.4648046606693
268.7602906773701
265.62486385555826
266.0987984708378
265.2708600891025
264.89208653689093
263.92018140470157
263.25279651581945
263.77656176568513
262.1922277198703
261.8229079042311
262.0117887261589
260.0200982825982
258.6155883142058
258.29924294764953
256.7437021449127
256.98223001665
254.53359139110654
254.43913107302652
252.9521082390995
252.55543739188192
250.380491021037
248.9352034720407
247.546195013833
243.16277927237093
239.38386283924723
235.83019237797103
232.32098131560184
228.70756449832814
221.43903158121003
216.75870742505384
212.85156767904277
212.1943775529906
212.21846904190215
216.13150098704642
224.1115029194461
234.41310499117236
239.94956419604384
247.9133079951193
255.99226504664668
261.9861094950644
272.8906144030657
280.4690352811465
286.47588116789876
287.4571328316311
286.755525457042
283.9749639345158
278.98565819168556
270.77196449969784
264.3606428050619
257.0163776448406
251.99360598946654
248.83332941650752
244.740252908937
241.62043732865772
239.0364492890713
238.05859309303654
236.19190593405528
233.60847122450994
231.54514696660834
228.95923988907515
227.03599982229775
224.49887559344157
221.52233076747825
217.9133037041183
213.7850348874375
210.60985712619166
208.17029599161495
207.3796522816167
207.1159914600613
205.81314529176302
203.86657552406112
203.97227893517228
203.08457532889497
202.26789065798877
199.68100523270476
196.927390353682
192.58788006573928
189.93636923111399
187.58824100541005
186.85996469114232
186.60657481625464
188.8896092084172
193.647998160858
200.52474860094463
205.6447474448726
210.6850632302347
214.78038982572195
220.1939085641723
227.65946401654648
233.31196131896945
238.107981289493
239.1024812493113
239.1074045997326
234.48922328057512
228.6867909605743
219.49375191991192
212.49770511231227
204.7405113474995
194.98838571256027
189.6307159389296
179.6216122706972
178.5075710091688
178.16902094786983
177.82906825117672
177.4497938652548
176.36357694620247
175.66690968186222
174.9230978538613
175.76733903708626
175.55835609512985
