18
1
d
186.55972089033133
187.10799553303795
186.3232379087977
186.20216329245662
186.415512940383
186.75525077103822
185.62140225828634
179.12662701423602
171.4635743116345
157.63986450914146
149.48255594430273
138.2608637798323
126.4336790876203
115.6219569713854
100.48620304402189
89.1577714155069
80.15958452358848
77.04165491593876
78.27385980704973
79.57935969011159
83.64495369999679
88.57705943431344
92.94915524499602
96.74819559064441
98.22883535437344
97.92876857303763
98.18238218706294
99.15955937266254
99.26385019664653
100.41498050992227
100.16996426107058
100.01841874331846
102.47625240642694
103.5784821519777
104.68047223505909
106.27047268046014
107.75802510572403
108.942278061246
111.49854376446224
114.19561187379271
114.69914508470823
115.233071557956
115.06424957737251
114.78773584917761
113.35308166937162
112.07440746396958
111.83750651542933
109.60642201204844
109.67056832402618
108.61116653164908
107.96052352075117
106.85585613359696
105.39121458212625
105.2319814575988
104.1095512018622
105.93046042390775
104.6624946161878
103.76577311670732
103.33395787847151
102.83799525642712
101.76514754153878
100.07040300740394
97.58812701222914
95.92460186484011
94.10301124873165
92.43213325946392
93.04577505568575
97.3350100984779
104.79033601241522
115.93566578043517
123.05397190220485
131.5684459107255
137.85653433289556
143.67195540220354
149.54327385626553
154.2103961741776
161.92756767781256
164.71538324368947
167.78954117103214
173.80995618827015
181.6319044163995
190.73835347161813
197.31766032418162
206.15192497962494
218.0902771985238
227.37452581955193
244.09875206639893
255.63497299992147
264.04508111257917
265.9669029658607
265.79491110116254
263.124742839486
259.9327917470811
254.76194390483087
251.0393289094948
247.06080305094562
246.15177432481715
246.15922371876445
247.39644884883026
246.07272135361407
246.50865544086273
245.6877643284004
245.49521407319233
243.98847636077548
241.87646150910882
230.03029713342406
221.94031202133243
209.6560796360138
200.76772786813237
192.34336546534354
178.63939149387605
170.78427562173303
163.35830881103576
161.29964030481952
161.50648258776206
164.2314799118741
168.6701761385875
172.15195491556057
176.64656638280846
181.1676663821069
183.03648139103916
185.30146394926862
185.97603102025445
188.06354104469045
188.48317355702005
188.13860423023385
188.8945896996804
188.07414932098524
189.88968624630493
189.908678645171
189.4106066844684
190.68092248549206
191.08850418894508
190.91681991010753
191.78870824891172
190.92223096783906
192.11454382735016
192.58813126764284
193.73373140929326
194.91646406201605
196.80754225181235
202.13583817373453
205.93775933930314
212.12811531788728
217.06538691311698
221.07486734525423
228.7302230394182
234.08640461595226
237.07440223974513
237.98098737604482
238.00013022032266
237.00891306887408
236.16593984430142
233.86972714042543
231.72811144299078
230.71424660048206
230.91399039041244
230.15458139514865
228.8170899683089
226.9054588890525
226.09476384152788
224.47617147073024
225.7353741530671
230.31136118287048
236.1375449075135
245.5676104562791
252.38202062012678
259.10923506172827
267.3731779645389
272.978209318319
284.5665255803304
290.7116754456732
296.3246596525913
297.5990814812093
298.5354763183104
296.2985068637906
293.91622701381584
290.1784739968291
287.26272240556114
284.97355863411804
283.456132087852
283.2089555886603
282.3884212655402
282.044347127361
280.7552122614453
281.85716503421236
282.49782607657556
279.6684713314872
279.6019689279969
277.90932464887385
275.3073314493211
275.2012490963151
274.6927832947164
273.06950445119986
272.9823990942246
271.82465827813746
269.9249119264644
268.75008490918367
268.07381828807024
265.52651609289137
264.1819086547579
259.7483134059297
256.53603183832934
252.8338799145796
248.41401698144986
244.46972649563773
238.11070825057348
231.68819009875114
227.37135806687238
226.37831806916242
225.61427688620068
231.11570752195757
238.69111490017056
249.49889592150916
257.15747336699974
265.61672755549984
272.58312341770335
280.8704871494806
291.8829443871752
299.1672918527892
306.0715664298002
307.488455936305
307.80878721439655
303.6268467455769
298.0056789460708
289.23939881923053
281.5030747032509
275.41963343482445
270.2723735585986
265.64823183152606
261.56716481875617
257.05872624554036
254.36568962183912
253.5267990771634
251.1704540331918
249.63935963117618
247.95264961358737
244.57926615727328
243.97937512518257
240.7798389512401
236.65317568463348
231.90082004732355
227.86024412759636
225.53712515954294
222.51617669301407
222.88300216518965
222.2178956911008
220.78580447665118
219.19535991820183
217.5033930802213
216.15601809630505
215.67323333860026
213.10316824228536
209.9133155848477
206.4271939315571
202.54709652425532
200.80129618606264
199.99889999673206
199.27204074408152
201.9875930088935
207.20179030773215
213.4106453291269
218.9772330200072
224.78939458921562
229.54090237149035
235.6734029233642
243.71156893371733
249.58541715617415
254.10117756104236
255.9209545984736
254.48647222942563
250.97991616406074
243.81180969942318
235.0194959480846
227.07164150140548
219.01668615307815
210.2097314328246
201.816573656224
192.02948780877455
191.33393263906274
189.95513328859806
189.89237238259335
188.9716142106102
188.65533068832764
189.44866416419208
187.61163849457094
187.8039699191145
187.7270620950096
