15
8
c
223.72807959920488
222.91055030341417
224.01617057895385
223.2039764076638
222.98120491970553
222.95602721830838
222.47583837335205
216.32215341052782
207.0248366480852
192.70204782648307
183.6223325251408
171.42424281203955
158.8267618046419
146.8612249231568
129.73253295802556
117.02923033572779
106.62488068016765
106.3773968495933
106.0261693977478
108.3956184855966
113.25227662859113
119.74290132817742
124.76452788004019
130.24509398224956
133.33836971521853
134.8327224967617
135.82117915642974
138.715551861607
138.17111799931232
139.04010411014323
139.85528295302075
140.063309607532
139.56305696674897
140.56684744119556
140.88177470648253
141.5341982812697
142.034081633126
142.91603751319576
143.95845568180096
145.68571227856526
146.361706958239
146.2032336806347
146.45261083618215
145.95058085804152
145.72580380748266
145.03917711780184
145.39185209701802
145.29102474685223
145.04973775259768
144.5978674956219
145.0466627127476
145.10809699400298
144.93464912876195
145.40081513988406
145.11633060257947
145.54462523223322
145.00201887563804
144.66624886598828
145.3406078154989
145.31721411633615
144.9757991270038
144.19694224544017
142.70372462305124
142.3743517909765
141.02081129494536
141.85118790225326
141.60065096075343
144.3956870526903
147.64344180368695
155.19702130793047
158.25620692142647
163.14419361459534
170.49618643754212
176.08353956435744
182.28396441910667
182.96921977070474
184.53099495895592
184.60266567413169
184.02889144135798
184.7240631722624
184.90097612442202
184.40608328171754
185.40283607525433
185.3157647818784
184.32201869990223
185.30920477342775
183.92893213212625
185.21014145273537
185.52825480442354
185.3979991804313
187.01216429898062
188.7908572413356
192.24657966177097
203.65205678527045
216.18756912683307
232.33310581916172
241.83903003612517
253.02597333849116
268.34682003165693
279.5872500729268
288.95288002430595
290.84133660567596
289.86606875109214
288.4364898070347
286.0671313539645
282.220600020704
278.8161543993808
275.03475830765456
275.3962494845068
276.5024416173848
276.82315084083797
277.193277543139
278.683424973301
277.9712695125838
278.8792148846157
276.34179996590234
273.47214838696794
268.61458732850923
264.1289290673504
261.20511490372365
256.6837977020895
253.96872554745303
249.14854297691127
244.82691728283135
243.05838152305884
240.8634416694141
241.70434448646725
242.85472570753
242.27973576601528
244.55289262264586
245.94387322981132
246.9412860709066
246.5270109590904
244.93950110935663
243.31609315713948
242.7884804867672
242.21241394901
241.8202475701189
242.43918062595642
245.71034822529847
250.1123712250238
255.93051714984972
261.89013051297593
267.94953821454646
273.55491835224046
280.1271330588585
288.42101312732086
295.22043718013725
300.2296864516017
301.559102820054
301.34249917460045
297.57942315526014
292.2949602187003
283.90630895222006
278.06567860947854
271.81273299790996
267.0990252113838
261.51132938926344
254.77246990913898
248.75941537561704
244.05228193929491
242.34592361690278
243.46739957032372
247.22853936925424
253.45807702808926
262.1213918735431
267.1851654778127
275.8359720342162
280.9257029925307
284.16914073967365
288.41909469111823
293.4681690429743
296.6463581187754
299.82103726741957
302.1935194351617
305.1811894013815
309.07473745091977
315.07452327039255
318.01654642186634
322.0989962062906
328.90233975323065
335.66308186363125
344.88694158392957
352.0536690993724
356.6609854427242
357.5424431377369
358.9900223839861
356.2203654173452
352.9853899895022
347.95794220063146
344.3213691671621
340.68635805422724
339.0630962450615
336.9735692560234
333.60061757979344
330.03237680983415
328.59929796866516
326.83238153663297
326.15303315608116
330.599575349293
334.1856241056359
341.98718460228974
344.77981109609846
352.09597807321956
355.87620818545054
359.9755919324134
367.6115223782132
371.57338193432145
375.60350475149687
376.28744634027703
376.34269306375893
374.90487181582114
373.4653337196518
370.88179793080525
368.14900868042037
367.0755537188581
365.42489733614156
365.7185143284259
365.72116850722097
365.23538228478805
364.1237339766403
364.4351879860539
362.6028502122801
361.01169878003515
359.26703579023905
353.0099274811018
346.87432147148735
341.5214283819787
333.7849547964631
326.9687222619092
319.6624535753246
316.6228135135654
315.5136112204965
314.6967993454762
314.7602468640161
313.9792110704685
312.42388970627314
312.7809464525718
312.4466637426891
312.1556049340014
310.3587361395273
309.7007358176494
307.11583307735043
305.9487058179649
303.0711006403471
303.7776626490173
302.99117955590907
302.3498818138044
300.26470832627683
299.8208243128162
298.24145767845994
296.9434297329609
295.43350172887006
293.711497791884
290.37393582276445
288.8712587129359
288.07092052187744
287.6371689056464
287.92130185332763
287.3941870333595
288.9406469799501
289.2551316558227
288.4838436227873
290.1004906563325
289.774071270987
291.33416341812875
291.3818816177633
292.683391830417
294.0435269634801
293.8265628513892
294.7519758228518
291.17971508967906
286.57554553063426
279.1869058093023
274.1294085821786
268.48449782852026
262.24777357537806
258.0185752094086
251.8899070285228
247.50155977278467
243.2734747267657
243.590504288369
241.03768115124757
239.0969045429481
237.65456670412757
235.0982716569061
233.9630006438736
232.82233229324768
