21
16
b
14.068681807008344
14.107619723015743
13.316773785891527
14.130487194724678
13.591082237880942
14.321528708618985
13.728779148538223
12.678424262641075
11.925052131062856
10.224296562487993
9.438115920654997
7.091470372124496
5.786677453832312
3.8803432573669023
0.5736627754704542
0.0
0.02189670331700885
0.0
0.47919939991776916
0.0867741676207641
2.786519892682376
9.29737175999782
14.410734269255157
20.164786742708795
25.16083608430722
31.376038068448505
38.47145347292397
43.40029949500013
48.561700847824724
50.615162841327944
49.76885948996516
46.26596955991411
41.575484912808264
33.38251472341758
28.51316045735792
18.70482503470589
13.456523847062684
9.100628838218222
2.0825251526100863
0.0
0.5129677273490121
0.5808623782062755
0.4003718959302248
0.0
0.507579729267922
0.0
0.0
2.0548799070658528
2.419400469965055
4.585089443714356
4.057664393481425
4.1590856970789805
5.199223555701356
5.6890709617279756
4.927841749629355
7.348293888132318
9.957182493558467
16.762303286129583
19.565611748064864
26.087001655225514
28.82715273488857
31.872655146455042
34.77774708930193
36.96879412938004
40.884056714590926
43.184073346366986
44.46846817037528
52.96979668313953
63.26775835652102
78.61313322542907
90.5243295087967
105.59245835710642
120.87652947935979
137.58187511347495
161.0860002259088
179.18964776596317
194.55492519983335
199.12624194324317
197.64856426418928
186.82408587629985
168.88080101574576
142.3701415323897
123.7466976733236
102.51284915071183
85.7165155689761
70.89784660877247
47.67818498909257
30.200693341586675
17.90284966960939
13.830033453241219
15.405110765576968
19.376454023784767
26.91203329473979
38.314979653366805
46.72237964512256
55.89886846240235
60.045239500766755
64.00313970750885
70.0567582950175
74.08590437507631
77.79107046283482
78.46347448103214
78.68243987536093
77.12238112726308
75.64008368249702
74.79017756745932
73.0864995838352
72.61637190479057
71.70252096818308
68.30051547209902
64.0882111706378
59.54904659270182
54.266859160020424
51.86968752945027
53.300642622280506
68.75486197883602
88.48716874261854
121.75381851835616
144.45488713734122
171.51501708828224
204.38107027842125
230.35171324223847
263.9378219801133
279.6516100386742
287.02979491560035
289.47676906843884
291.1550391603123
295.9632305288244
298.910752600375
301.7399750572945
303.0596832851918
306.12515975516044
316.94385936108193
327.26146996143547
342.9604897791313
355.4155698554069
364.99008483703426
368.18757882984664
367.79749887051025
357.4356790311313
341.763051086505
318.9392652890947
303.2558969272824
283.87543862559795
266.2921429592211
251.15184136476307
234.01180888131805
221.28785184439505
216.74331017085723
212.35785410611717
211.7280342826692
207.67431221198441
203.21116245841398
201.2834122374848
199.01996008426661
194.8185726708066
187.45652268010952
180.0725609890777
172.44542704505685
165.69004412870865
160.70188915739158
158.97390502524442
157.5699180357927
155.15747527643558
152.32976929824437
150.891081281862
148.759693914362
146.01140646912097
139.5944991236295
133.4700014306709
124.52396532088642
116.68512823636516
110.0756595677299
109.36796632796968
109.15011974092552
116.74126046287039
128.8769750153887
146.84747678988631
159.82001481595685
175.1507677086631
188.49470987745747
202.13847298647042
223.97284407849622
241.25525078789826
253.93616317773146
257.7355072711413
257.0313933872027
243.8112868884468
223.47046049606115
191.53028962325405
170.12298726306244
144.693753047549
125.07705850862318
104.96769445421354
75.13270016337587
51.6752774564739
34.89856506201615
31.024636389798047
31.185443280571995
39.39925922741863
52.913681399888524
72.56757733646343
86.48694214516239
102.6650022716986
112.09954803040524
121.3694559252613
135.81882714296057
146.81366166482573
155.4042887456785
156.9326988590824
157.37501948305754
151.39578092241234
142.941296961216
128.84598291273957
120.12481704327645
108.49082002222188
100.48165482190136
89.81465264933759
74.29198586479703
61.80074330230305
53.13247515950697
48.38074137604996
48.968526511878125
64.85510268589799
89.42079853862407
124.23162898527328
148.8444201991493
178.94528109903547
203.71099435858525
228.3852711046727
264.77359750854555
292.4103091419552
313.22470509830646
319.0502940500586
318.43625148320575
310.61485274351713
294.9749793673487
276.2108470555046
260.9921807369958
244.32592138546053
238.73785261255452
233.5658210431593
230.25945255529442
226.12373929911882
219.202260642606
214.52892110434917
210.58637527933618
199.13751078848765
183.61453651208964
161.83261076733973
143.32485951236214
121.68042112403488
99.29311266343431
78.50827872260004
46.39244100646485
22.830411376620823
4.447679546286599
1.2042356068918545
0.776732911177753
4.908465368989941
11.146661986705546
19.446896884708423
25.91256207954901
33.606269442461546
32.649932333621614
32.96084497643531
31.73377909658416
32.99126092543399
32.66803511815223
32.80331985942919
32.76058389443904
33.263585106611636
32.863443508693095
35.25912159406527
35.900302622817925
36.87083701785201
36.28889161923144
38.97048025410084
39.599780129759765
41.62713215927046
43.160576164776415
42.785285224601246
42.15317485575993
41.57934518729876
38.58785602457209
34.17251258461975
31.01881726893994
27.2033580566073
