27
12
d
134.09820902752688
134.27019431179332
133.5986037275127
134.20537417632588
133.67223752462618
134.0850353581841
134.3142535576876
130.4676747228594
124.22198911746976
115.06583089197755
109.90730684724564
103.03455141251993
95.50973458809604
88.10175586500509
77.20191438906761
70.92799958326796
64.39803327181968
62.870006367184665
62.74113116966441
65.0658650769792
68.423319802543
70.96669744844849
75.06008143185214
77.16242751171023
80.20144299357418
80.75665640374734
82.37871116970624
82.50470154524186
82.9095714086097
84.1942607172931
82.79592290523883
83.48637358521583
84.82212100124589
84.03136694157358
85.06417461473033
84.4150577549781
85.07008846272159
85.47121393697768
87.18571774121718
87.69246731523639
87.5948828478626
87.62657811819936
87.03571072146691
87.40390112936886
87.4593794859268
87.3584419566076
86.18095720100615
87.44791092383679
87.38018724152118
87.44138056627993
87.86283142633538
87.14506699082311
87.29033048763377
85.92694153861228
86.36988184916324
87.59420248657248
87.19799975435818
87.3829791983867
86.66510127135103
87.57174842585464
86.87479345831939
86.50098428355906
85.3637925949701
86.25063517049023
84.83974073508563
84.59626758519877
84.41244217528647
86.83321461609482
88.8341838199432
92.36328543485217
94.16364750088948
97.43277586859791
102.42297088672686
105.5096625028364
109.53040719378541
110.25013298848708
110.61012990228193
111.12623123869099
111.00691145000657
110.67760467158001
110.31779435253031
111.45509441812982
111.79922348578349
111.01653307320868
110.1969486818617
110.97464728510056
110.83961607037433
110.60174717878883
111.82732860413802
111.66660934464015
111.83636410276915
113.7548638835054
114.74415960164555
122.63878406926591
129.0973931167802
139.36170730987672
146.32925692238894
152.76360301864034
161.84141464522935
167.7102913079212
172.69148815567843
174.70535647095548
174.3445516772261
173.00715177821635
172.23243436258332
168.38235569769992
167.38929337322807
165.75243493418355
165.31113013156747
165.8436488858438
165.36524194495462
166.58718750371384
167.08605674224586
167.04470377261052
166.95127241527427
166.26228707893804
163.91804591994497
160.7594242113858
158.22855506219787
156.0473733808262
154.55568502148205
152.46902224572304
148.90678264336728
146.55989094246632
144.4180342839445
144.46768119545598
144.86896188104174
146.09902714130905
146.6961909474507
146.89811674509497
147.1511278586935
147.40684608395225
147.82994366942273
147.13631995546905
146.63770319914767
146.20797258451057
146.09997676868156
145.44660606998744
146.26339180094698
146.87294847865297
150.00300862616828
154.28782657308307
157.37758507443996
160.66777363697835
164.69222704504713
167.7638018086766
173.2042870962924
177.02406835802648
180.01309810613552
180.84733415680543
181.30661015855742
178.52132921807245
175.86508110430339
170.09310304430383
167.40593462043677
163.0019569203492
159.42165401034205
157.09689753433818
152.4892247329473
148.82585941693355
146.8429203378219
145.20497926317051
145.59389425136234
146.79944934900448
151.99838937011864
157.14000143244368
160.84015035497438
165.73288241433994
168.02651567436902
170.35070929420834
173.27079585757616
175.54580384836513
178.27907462889195
179.70976026181128
181.40931947125662
183.36708467910216
185.42966208654155
188.53929346500783
189.99584768073322
193.85369824234598
197.96925316237582
201.94214646266244
206.69075419274188
211.3515845818909
213.7683422003778
214.43112027825384
215.1980705811625
215.49687792067073
211.6680842301354
209.47430535738582
206.9033049303951
204.14749345663236
203.45199800277535
202.57900887646136
200.32088070825043
197.2436759903378
196.3307737440627
196.56982271589902
196.02758322848413
198.59851845709144
200.78838002388372
204.77409618543186
207.76753061545213
210.9922907312758
214.30391098220656
215.85836499710456
220.27781976322768
223.14045508603246
225.58762173849317
226.3064528417364
226.01888901010244
225.16964848152296
224.03648856394048
222.28472804937618
221.66777110712812
220.0520859060633
219.90088179185278
219.72019390126113
219.20607398719193
219.4722703873077
218.75688486366917
218.23395902886617
218.7779904095061
216.7603032489566
214.91463635372926
210.82691416949893
208.24542572293672
203.97114110356694
199.60062465935948
196.27401153795677
192.00306332781705
189.7801250464074
189.53219862456837
189.7886318980124
188.8225311158402
188.0793177797869
187.36385582718313
187.99265785504173
186.96232703429445
186.62270997541646
186.2454870581493
185.07380749789752
184.14893510033139
183.43932467383198
181.43073972997192
183.3999253574973
182.27771411682227
180.4252649258991
180.9154491150075
178.93803009802556
180.23174667089478
178.97972940065645
177.02255651566128
176.24729943587448
174.32448622508602
173.85009743231402
172.51283611646673
172.5261312918639
172.11365815536163
172.20669990376456
172.4955927736335
173.37226131574062
173.03285634114079
173.5834976848521
173.93315193910504
174.7799746586114
175.28021133326635
175.3217655182975
176.75743563088088
176.35630189644635
176.76553910818984
174.6143878162546
172.08779378797237
166.7756381352863
164.5635747140774
160.9480414895106
158.31709466801203
154.8434811052774
151.3127898171625
147.86141804172863
146.36604180745542
145.60353386768463
145.368090899231
143.82417592010816
143.5388242225107
140.90285374136522
140.26757837822586
139.38423750230004
