24
12
a
194.72778710509564
194.31888520666263
193.3856140833869
193.86744953149875
194.5847231506489
194.47692291872792
193.25911981014056
187.2910442404412
179.28256105754937
167.07725791855623
158.94674411449975
149.77507336087461
136.93438840950392
127.94117223519478
112.98091489264505
101.57176390816149
93.07930512882405
92.0064749962058
91.27177654720174
94.17455704449702
97.83971671996979
103.4890452253339
108.43416710416754
113.90030086834737
115.02997137340898
117.52257214707416
118.87514396528947
120.1870683492331
120.31871967503885
120.16048757476857
121.55845251162965
121.94018746468103
121.3182014344008
123.00240131283547
122.23816685939602
123.15215313403611
123.4155250095418
124.12526340315995
125.59595349224816
126.51855900782522
127.89274021907376
127.16803460150655
126.63732899217025
127.34447710193861
126.10820269210738
126.45072046838035
126.34842424530562
126.93670057870077
125.94099925968878
125.4695049537875
126.48971159358167
125.88679675266825
125.78084044510317
125.45637122924086
125.93968956522552
127.00640230980963
125.42435898753918
126.05584441205771
126.79074856059243
125.46820891538114
125.59736550658285
125.65231907259682
124.81984122092841
123.94202722227524
123.45148230898438
122.51400268122396
123.05670299265724
124.9526930497142
128.2043637218373
134.19056835849997
138.42455147507562
142.18131365173693
148.1596614697348
153.05408711433665
158.61764605149645
160.61808229208566
160.14184105180772
160.3241515237644
158.80251781316525
161.62839476738213
160.56866804134515
160.45012480019864
159.54216510322394
159.75863125092545
161.08603444162918
159.61960726215446
160.453205567101
159.70219637025934
160.86934683242154
161.34778204751842
162.5577309999541
164.16840230122284
165.67404065256196
176.54450279852392
187.30652451081272
201.0124928311111
210.24769568872833
220.1435405089863
234.47902742359923
244.15565199617285
251.0884259236157
252.62508628219078
252.95074475924298
251.64906222782625
248.54609061581996
245.51036338356974
242.31484698949907
239.36960218524743
240.1105207228526
240.6233031793034
241.3347131356758
240.74524750846462
241.7693481298408
242.13793032064635
241.69769065357673
240.39559762880617
237.70653241187162
233.31553992587334
229.33194233451692
226.3558892440986
224.5892626172722
220.95824024858214
216.1004646548071
212.43255759968395
210.32767256494608
209.0839912230186
208.82811458389628
210.20752102455083
211.14490086057282
212.25687944464522
213.92574606032767
214.12844611760846
214.31057491717067
213.29352623606565
212.3163524332909
211.22299040119458
211.76874934035132
211.3503176117414
210.21049718205336
213.63907082570915
217.96489457683413
223.98072456035203
228.3881470580656
233.80487227748915
238.50704112064324
242.38421271495866
250.65740757480955
256.4239704186895
259.5692067265759
260.8243173025129
262.50865894461765
258.37061670553754
254.54824844856574
247.26788500731863
242.86236915307433
236.2472868669016
231.5424592868513
227.88220708389045
221.62968197931272
215.1997723435703
212.2853850464522
211.45568331537933
211.48309488966228
215.26902810911582
219.738196525772
227.22311948458872
234.21042580502473
239.6381120966198
244.59053240092072
247.3155315070546
251.6312135699902
254.6338019128409
258.2983598725199
260.1509429600459
262.44560042259354
264.88555793127495
269.0967514959335
272.8960601060326
276.7470561220256
280.2200047620878
285.30866221694026
292.4577953474568
299.9946560302098
305.29861119490994
310.7825468255602
310.8292420326373
311.1853661811588
308.9671370596786
307.04928228244734
301.89084273816695
300.27194960760215
295.7504460447541
294.0216322123348
292.6184332857867
289.3142004702381
287.92207325118363
285.3808456174888
284.3089717876109
284.78326412835014
287.2844076388108
290.39975932457884
297.38787663874615
301.2129394813125
305.5590986488955
309.3713627225581
313.89543607962884
318.9582959077484
323.6803514185945
327.2290553858427
327.180209401211
327.558841675744
326.52577777819573
324.67789049100116
322.6526328288844
320.4074190071972
318.97022439587033
317.0504711191248
318.08085335346897
317.54515531696626
317.28785975033924
317.30074252656067
316.4168076478849
315.9122985475807
314.8218396858909
312.1924881253371
306.62182569360425
301.7271470625747
296.3724090136928
289.24690355657606
284.1798839379304
277.0564029717643
275.50054341268884
274.6462967294933
273.0842037871532
273.9085406456764
273.01785278865367
270.99838142332646
271.78701626361334
271.47989082561025
271.25227976494483
268.21218335538737
267.8786515242931
266.94511097528175
265.20082963872323
262.9120889322748
263.70967875436514
263.3854019885888
262.7207753903542
261.00353845549574
260.5639818666062
259.72619718194846
257.9628525084263
256.11947745571206
255.84763461308856
252.3914299555662
251.826394885146
249.4446433208575
250.05510522622615
249.36094652763552
249.01104044272435
250.8126635166068
251.00390055342518
251.70110323840868
251.8697817350017
251.866225073248
252.33547518969488
253.9294283638367
254.68483560701364
255.03827969349362
255.1251962355464
255.42385428526268
253.2788082301114
247.3198629951337
242.905367486482
238.56913114045466
233.00611925404795
228.2879548900253
224.35006484580583
219.10392616811177
214.23867426405843
212.25064772094908
210.0774031089194
209.74120574994518
207.99515331724038
206.5973698068627
203.85717516085532
203.45934543890343
201.99255071572318
