14
12
b
110.71146272810121
110.48050057993373
110.27215393376956
110.56001336321644
111.75749077759112
110.34058100791222
110.02067558328316
104.66473487593318
95.79672214304857
85.24280792878137
77.47325281329437
67.63184263796097
58.20700771992379
47.93330838305944
34.44385643996484
23.563833611524515
15.65807308824844
14.669576945188528
14.052451047832935
15.040892126052197
20.233448702654
21.846598061762183
25.155444809197775
27.696208220975944
28.013360712583165
27.197931028765133
27.03042508376137
26.674773312564238
26.499750449117332
25.8647926892711
27.015984930321576
28.117147974100327
30.230259687531024
34.03923997549124
35.66023061442788
37.82705972287297
40.95377017589173
44.45368686458221
47.558074763776006
51.0818764089314
52.61624207710979
53.84486494510054
54.47923448117873
52.95828521128
51.14466218273523
49.10437626442053
46.71749725472047
45.868058636414965
43.72384119587561
41.94651244915778
37.716159086194786
34.81915267237659
32.58882575934122
30.966152546814754
30.766957046806997
38.55425755352599
50.178538513874706
67.22587262695976
78.81504495197125
91.47861588017697
111.05714295658908
126.5854930933221
146.07394543160905
146.6036793246713
148.5242258426463
150.06060298953685
149.88554572939333
150.89945156011802
149.97671103258494
151.31055639948573
150.43283692012795
152.21563872817484
153.58734353953346
154.73261897714391
155.5916999190667
158.2689639692504
159.92192659339221
161.96934148025375
162.3951879511827
166.61246226941793
170.0695361799276
176.26610079788648
181.58366132039075
186.6170893728389
193.19042390125816
198.10442199014216
207.9511349667604
214.2296830964174
219.92228334458537
220.50461987161557
220.18101158407862
219.43915563748098
218.0803751960658
215.37444533202068
214.53735027548802
212.05035502906293
211.03334701077452
211.27421686048368
210.16413276648285
209.66262699522076
209.12145175781328
208.91801757515972
208.36799719401643
209.98673602113996
214.34433167880167
218.78934242561954
221.68676292033152
225.68145805872302
228.61174877588803
233.49603570273436
239.0209048223605
242.22964317762109
246.1548789632708
247.31796047697227
247.55837196607763
244.50512821343835
239.98905285707542
234.73658812795514
230.4114241031534
225.58057022761488
220.06183316671274
218.10422511267802
210.82668811086992
207.72431592332296
203.42632149934005
202.862107434849
203.41357358838084
206.59896980254615
211.55661096491488
219.23034256640335
225.66660402941724
232.02687302493678
242.06636779233142
247.54521892335973
257.02713720157925
257.3355628504533
257.23857749015195
257.2108951007802
256.96844215184586
256.9407264892145
257.9971634329048
257.4209272988308
257.702196934093
257.86192635326154
258.33092735332866
258.724609105984
257.8665979856589
257.55410782436763
259.35749733702295
259.92615393237344
259.77781750931285
261.28967757557655
264.20842011365323
271.29131897317933
277.5567792800487
284.80349661113155
293.76603444556633
299.60391287626015
307.2044667142545
312.2018181975048
314.37714539032066
315.2711967082051
314.95348573585113
317.64790303216785
317.6972430444045
318.2501884102091
319.7478184396597
320.11170804315395
321.84675196248014
324.4238775186918
326.074893241815
327.7255972301256
329.39511911097037
332.2185901384102
332.1203236258847
334.94657648568483
339.4866751326857
343.8228326073805
348.3532199511902
352.70137722293214
358.1846647932358
362.35466020667707
371.23426734794276
376.4347274292707
380.7214980579721
382.3364366250537
381.74090289893894
379.52515280791744
378.5561094761857
374.99511970551083
373.3483654844973
369.89958381880996
369.64457604112596
368.0314877792742
367.76908491241613
366.51609477562556
365.40985857218504
365.7906505596536
365.6072221761116
365.57201827764874
365.26899783460635
366.38685995766457
366.3865060920011
366.6599573459579
366.58278184801907
367.5018333275812
367.9146513139475
368.2337743913248
369.19916121173037
369.14419183792796
369.44562680450116
368.5388896753076
364.0402578751351
360.6367280343606
355.6762098926497
351.8576986449657
350.59941716430666
348.32744044664105
346.9668327084954
347.142660203681
342.592265485722
341.8440692064573
339.225834556623
333.18695534015563
326.556528754106
312.79140203986765
302.73622535976006
289.0598035420022
272.01693460694094
258.02177609681036
238.87826897317376
235.11173411835185
231.7608179965194
231.70336478917787
230.13528810686154
228.73104513848565
227.81049619633907
227.5467386927135
226.99438007335957
225.43575169474133
222.28887092589028
218.84930441950522
213.31166041167853
208.46647385274184
206.3580951500696
205.3279083350434
205.5513489084774
207.29559028109952
208.89875514112035
213.19992440720566
214.67070160118269
218.71510878505006
220.24900195149985
223.2796813940298
226.02694401770978
228.46960731063749
230.01308228731665
231.13305954107966
230.99067118883755
228.28717625579446
225.11377592842987
219.44449994178285
216.63495942692856
211.98794152662558
207.03006297450636
203.8802601554976
200.1166865011528
196.47679116474654
195.71070763803306
194.32733344301647
194.9921527515969
193.4104764265152
192.55866693422854
192.2921909038812
192.1418973182955
190.8801179913793
189.82450893052763
188.6926781070637
189.47720443157036
188.40540070634302
187.52239825222014
186.07223679078277
184.83771191194938
182.0733179416198
177.16213964301832
165.58788418135092
156.23078535279478
144.20531357034142
