10
25
d
123.39619203836389
123.6451499888785
124.3271146998216
122.59104259411536
123.95293471003438
123.63353467637317
122.50705358362994
119.15815803734341
114.61054761379128
106.33790968573132
99.71697029609165
93.82645488623194
87.55927229557157
81.02594207344863
72.25705794159839
64.69213625589832
59.1484772189455
57.57998296937909
57.65715783983757
60.63340375754026
62.791488687338095
66.03985984273028
69.35926734718494
72.38131987222377
72.7415004514512
73.45514798506686
75.6183486061864
76.21538289368596
76.37501852092721
76.65595624303121
76.32301645091466
77.60532469702173
76.63135080026578
77.82805561674688
78.03455320631605
78.23091407553645
78.32112664079806
79.14618125630174
79.15057526369246
80.3991430355211
80.96697033120356
80.65455476386488
80.86892636626479
80.62615908428738
80.72279111951492
79.79365310216585
80.38145407748537
80.34630008311947
80.02443863457255
80.36950317275297
80.82331144819659
79.41003683279206
79.81272745595855
80.58673060152397
79.8927869329012
80.32506487052603
80.50972812991971
79.84603621961232
79.17181641998359
80.59716428778337
80.02360872534715
80.1725269929622
78.92617543196603
78.61410001338403
78.02929962142888
77.66142581511369
78.26350283387075
79.42528379346523
81.759780496934
85.53623238009001
86.66641160590514
89.31410282131037
93.56132708964905
96.19733089165531
100.55536797117531
101.73821810600118
101.31390187882093
101.65847631916196
101.54023490073229
102.76361248045221
102.02555046109353
102.67784731545275
102.7526965069033
102.58290770913325
101.30292006200031
102.30859961464421
102.37396127381915
102.06483774150053
102.24279929865327
102.18590041122137
102.96531128963929
104.37307638894721
104.55988890402409
112.69550132398342
118.74872652707928
128.17629563779786
134.50288364691107
139.45450913216314
147.28149437005735
154.4641309118808
159.11408967300903
159.97488592248155
160.24688981301227
159.68123626288445
157.62457143703426
155.90776705918154
154.99618762910606
152.940136980803
152.27153646165036
151.8245532500761
152.6497714610392
153.32892250637641
153.43402732359328
153.41371464573538
153.51465427525375
152.48139145616375
149.6305833431484
148.0674373941953
146.504649115841
144.53681858328864
142.02563265776158
139.97081201938153
137.60820617671394
134.6477704659721
133.5414620838979
133.98558736296732
133.90586553137703
133.59473641872762
135.02037755840925
135.3208831693431
134.5843191649784
135.8276321064724
135.25959531519925
134.39815090643108
135.8403264831992
134.11437030785277
133.94989293238336
133.53699489376638
133.11572363831084
134.80896924845132
138.08486860395612
141.74341157440324
145.21233020687313
148.3717553999507
150.8504752882271
155.17309524267608
158.38638786451278
163.7078228380927
165.84265657823647
166.14149843580225
165.7111191828961
164.42538091752124
160.71646949003517
156.9271545051783
153.4259791425813
150.002249632499
146.55088444426647
144.6473208827867
140.55232688550575
136.13612949317042
135.05708155336876
133.85701002079415
133.96179776135764
136.20901700400822
139.46590325882488
144.13320806892565
147.89376490163895
151.62934671154707
155.1773300207062
157.03410302148055
160.20328206318197
162.59210216212145
165.09155277712003
165.4949294526207
167.4368848378238
168.447478427215
171.20127858482354
173.1944452716572
175.70148918152327
178.07664135371851
180.88104724442405
184.1938942745603
189.94436285554454
193.98554077012244
197.3828378268636
198.53169993742316
198.49098497083597
196.23275193450678
195.08989397253924
191.05267562041664
190.00336288426024
187.61887007457472
187.39156071101172
184.85325787667708
183.18343372368935
181.77428366769365
181.68143420321925
179.81418110307777
180.36412921090485
182.5383463650115
185.26220636866367
188.35344292246253
190.67891858034866
194.49328621312404
196.9772190558503
198.50543418413193
201.83066656469836
204.63873144937065
207.3946334644542
207.93437736870771
208.13324199356202
207.12258756353413
207.01125755796565
204.54330884633455
203.95273965686093
202.26893713138955
202.61867258957997
201.59338771577896
201.0633113584127
201.91068172391357
201.16184232633464
200.6903323179317
200.85210425683871
200.02135972355194
198.0231452926087
193.62893627384463
192.23349552439575
188.77801302378992
183.3034630771166
181.41998773575995
177.24507403728288
174.04353601325522
174.30059484893857
173.57377551536655
173.3355558156886
173.1650506597126
173.47015233410843
172.97034717183345
172.3514803432031
173.13197226580502
170.90248622241953
170.37344586811406
168.71891336446464
167.99738863611748
167.93954363727119
166.34533664728713
167.34138493907466
166.6060460672761
166.30399200265688
164.81494092490883
164.65966680627452
163.83261092513732
162.41990671611728
162.0242454958599
159.95707189581876
159.99811747156352
158.7109269312528
157.8940403788244
158.82967497406864
159.1529371047848
159.73925793934492
159.7758590546981
159.48910061626077
158.89921134777472
160.02008213659997
161.76005950119853
161.11767940464938
162.1727331891148
161.50154887392355
162.02639317499748
162.33829103637075
160.25355682330786
157.97261504294528
154.2636053861657
151.85859205025443
149.24309734073944
145.3543891134808
143.0023242871863
138.176945200664
137.11731676003882
134.36703044141515
132.86079778062697
133.16873953028562
132.3881495452364
131.22319560564077
129.40437856191474
129.87864844492094
127.85328027925343
