3
16
b
181.0292016201614
180.35274073137487
180.36496171131574
181.68822213862026
180.47257293746935
180.1759861289009
179.92883961532306
174.6549411589268
167.30087786739446
156.02774502397824
147.49369187961892
138.64774920452
127.31394284337533
118.3320514466201
104.35777656017414
94.43148282952794
87.11563140550815
84.29530260476974
84.35909344095519
86.73025267310493
90.83858712542079
96.51599850984343
101.01092625554324
105.1260069139946
106.43732984822846
108.11196196206006
110.7742537593156
110.67609793308232
111.76542257886003
113.10189858153777
112.47654246157681
112.05077391832502
112.73438622522012
113.00773368481465
114.21288512189487
114.1133428024877
114.99244762071062
115.80554754004018
116.21976935622337
117.33107935057026
117.90413872144435
117.68191363647678
118.32087858112077
117.23150398439743
116.83430019531174
117.66668554303325
117.37078603545544
116.1797698007097
117.09527652151624
116.58865941939176
117.37939717739279
116.39923956584626
117.42756050628351
115.8742837659255
117.41581526690452
116.37428198633664
116.62605429820213
117.40129413857655
117.69462537556137
116.49549780792124
116.87484310970625
116.92329668468189
116.35488342173443
115.31730249916173
114.69752846242997
114.90566416821235
113.78185037722054
115.7036636413308
119.00631143153537
124.16459187624666
128.30621767208876
131.95130189297285
136.7412920884978
141.7541107615348
147.82812389196982
148.46416482969406
148.30716032884794
147.9223725119483
148.45764972882554
148.42751169848344
149.16332113291688
149.50276176554502
149.82578670385072
148.68156913686616
150.3190057163739
149.26040165653035
149.0668603012041
148.99937793740798
148.94785935867003
149.69210627937034
149.4534825852064
151.67932548793635
154.88439292844274
164.31836365286742
174.51883369745607
186.98251231174606
196.7209237746395
203.83547739747277
217.68890941919844
226.95518508097575
232.99773493590843
234.62772616768865
234.88010430835212
233.0973278973637
230.75866742093987
227.86017644933258
225.15737738329761
221.78007329277136
222.28878740799703
222.9676038275152
223.57336486096872
224.05531838415897
224.57988473654993
224.57078843493503
225.236832593632
223.00177593425738
219.62844921078664
217.19366384933934
214.06720505029327
211.29753143663885
207.61481640561303
205.08506204625814
200.78773554860643
198.38760890970414
194.83465508627978
194.58798169419404
195.18445748931032
194.83739854554287
196.39726863226383
197.66493137144585
198.6566589836261
199.02091375626958
199.06443614890486
198.5417583383947
197.06873180450512
195.9573645080095
196.07660557168796
194.93997946124966
195.0432040531999
197.44483989907926
201.37214815304225
207.77254320478147
212.41347691549606
216.34315510619564
220.75349185243707
226.0586476438436
232.59218301081987
237.3669999471948
241.97828034670977
243.89355000790485
242.797287242052
240.36198674927377
236.4300549456986
229.4438626681398
224.11590852663286
218.87021227659557
214.99602653468153
210.96686594054535
206.25568537468044
200.33615440913493
197.2140110881029
195.9813143475095
196.16838526570308
199.9528503126072
203.29535190911497
210.89532550379602
215.92225881044956
222.32464061725318
226.94015261768325
229.26278018215802
232.85232515121004
236.51606928808857
240.16872914518504
241.11721793209884
242.9622496366061
246.45135893522763
249.22798098611798
252.90706705990615
255.76570508758093
260.2834543682411
264.95623466539064
270.5076811309874
278.5378664917298
283.37811262816615
287.24225676310834
288.6836264628594
289.17179890962683
287.6526137536624
284.6915829177888
280.98851409869496
279.21511033762806
275.4090413834924
273.62475914819834
271.2368261244987
269.01024043270905
266.18769737757526
264.28007571438536
264.1784658053019
263.88240997576753
266.5221478404422
270.2425671128153
276.25035658807434
279.1232768649326
284.01962819879486
287.5381568280888
291.360657544986
295.6394914402646
299.76714127130634
303.5180101507901
304.6665157444127
303.98076507595346
303.2578745302926
300.7713995225013
298.92162218632456
297.8695975693647
295.45926707136886
295.5847788083989
295.55231888633637
294.8788105594511
294.44125727981844
294.59566193601995
294.3809095389928
293.4906280386221
291.5645738139002
289.17463168030883
284.8376421425479
279.455377668591
274.26556316658827
269.41455527837115
264.2585363033414
258.7383368946276
256.4920726350189
254.78350823001193
254.86541293528333
254.00687834360463
253.03542808817608
252.05501442615883
252.4878382662515
251.75735006101166
251.92724338549698
249.90587218440592
248.9403498011831
247.0443347616256
247.27198794881934
245.62596725958335
245.51408548330156
244.6576161205401
243.41161603904794
243.5211414933315
241.5923044326988
241.3760843580195
239.6719888756651
237.92336097108918
236.82307302784326
234.7823777481881
233.08273636874077
231.5121221436783
232.66611166044765
232.5605518299643
231.70418769095312
232.75195101472332
233.24713226990323
233.8846950032494
233.3074261028534
233.8188763464184
234.4843865303784
235.12185047720592
236.34502403600706
236.6516198695236
237.7501942847509
236.36442864902097
235.06013458767288
230.99286166034716
225.38875713231945
221.34569222537948
216.08405509797288
211.22056710180587
208.00053405985508
203.1460270363727
199.03592326774137
196.40158810412035
196.15478679140122
195.22768396061713
193.12020831260838
191.84445891665217
190.50177189569192
188.79707273788583
187.46694979427582
