1
7
b
36.745558932817644
36.21273478306961
36.84812867783745
35.70302230842828
36.429031088619006
36.01565094785435
35.81971099488437
37.199918009742845
35.50356511023274
33.990838797339066
34.63415605957086
34.33270655406609
33.008417052931925
33.11125338314923
33.07547039768737
31.382530564569933
31.401698604538026
31.26034442028664
31.50078850880261
32.25477244542881
32.10715568520666
32.87051223692951
32.26505440402793
34.527205899179464
34.09717173915405
35.22502127892047
36.60471970407422
37.92318857996457
38.604951066470285
37.67094987390339
39.17633448315459
36.61872437583857
34.08051274020183
31.504344755301943
29.774764677361606
25.27960734285125
22.53792774331347
19.975933565723707
17.059505587451167
14.325887324986207
12.543926875165702
12.53091705514375
11.616631932569488
12.562461522504792
13.200118034569748
15.54901259816203
17.445771561489124
19.037972053133547
20.336754359324225
20.11002257709893
20.775758755251772
21.07827505446811
21.35216046996474
22.45863815163439
23.062523307166458
26.387026894387912
27.288070932997357
34.50388078114857
40.744118446340345
48.4133561257856
53.02451335116537
59.455272973098964
67.9086013870981
74.36248375465549
79.80920182088553
80.29274230657386
80.37959756476523
79.19337283918244
77.66183066102144
76.65275638426323
74.37443159530972
72.00325515431992
71.82674933075845
71.07355241865007
70.92889264932406
69.79164893193435
69.70391290991172
68.65020387831711
68.73682661045557
70.718060776185
74.56620170009076
80.72709944252051
84.01363026009867
87.32523942118553
92.16662961848438
95.68797085736259
99.07395194850251
101.93611477424396
106.3248977146033
106.5450689618877
108.10084537030295
109.4566256597108
111.56157765006827
114.32906627676573
116.73653650403111
117.73264547056013
122.82132286046836
125.88959470985252
131.93746254907825
135.51058971921202
139.88817856427096
140.86740920968526
140.91930001636956
137.2972539291771
131.95325550882373
124.05574103781665
118.79062746924376
112.3711363247596
106.48062710794335
101.05574300641283
93.50220273431438
87.02752760958388
82.15325139630465
82.022036321492
80.90726967427746
85.35595538039148
90.4851810918523
97.99319608594743
103.55936458546982
110.06329744409702
115.08250598863907
119.286867887163
125.68211361408903
130.44072092222808
133.9837657460755
134.37824753762808
135.06366130942928
134.18948134818888
132.82464067213232
130.80499965321792
129.91639981517156
128.25202083107905
127.63408599965413
128.57843863564767
128.12690590678014
128.41080615125313
128.66077774470088
128.9052409328874
128.82801759350613
127.99813780482826
126.67065365198243
125.35261184900853
124.97534009119266
123.27834002717286
123.9874805230645
120.42996014007211
118.22835680075521
116.39815806103918
115.08800718718217
114.30060343879566
114.22741721962683
118.58272435556665
122.78328356419507
131.78502483586428
136.75198581836304
143.42277267304158
150.98355729118578
156.30754546800833
166.91256737131778
174.17874924640256
179.92899836172958
181.82700953864625
180.88162036094428
176.4820775895736
168.60941376179775
158.0728110430137
150.71262267658406
142.8956282865871
136.2228170142388
129.5074426683498
119.21318947942147
111.61966628636065
106.54940615501054
105.88857490229708
105.23477644481788
107.15693954579494
110.32808282382102
115.11359453308707
118.18958846411637
121.92305779982104
123.84937593563428
125.94507572609189
128.2157835976314
129.31491386315108
131.40353185966944
131.34272817690754
131.57130605757445
129.13662273653483
127.9500245907071
126.41953542370634
122.75398263040113
122.56903940960366
119.47409150575876
116.59336834556392
113.24891503558838
109.02935891786245
106.54133383365024
103.91537236673135
105.2643248328839
111.37486984325211
121.3840937574933
137.5647389132402
147.64420397931366
159.62626763129947
171.74385367687526
182.78183023718304
201.94156206576187
214.46522276891477
225.96940445005708
228.99398374736083
228.0904723854757
219.25721515309473
207.09330653370398
187.53417521169945
173.83953670156873
157.81948612589534
146.54778110626106
133.3500795878744
115.10343008874027
101.21341393018021
90.67491983126257
87.95286903668514
87.74213745071296
95.44595866673932
107.89904781558643
125.6283545162468
138.32644941121615
153.4245119141762
165.01374020434722
176.0674179131666
193.0567428987131
205.51352507151097
214.54998947202623
218.3940179579952
217.59045244512453
210.24296053927412
200.61725591140186
185.33665075864798
175.55149601910315
161.31642013116476
153.14516666687155
145.67011631852918
137.793820917882
128.78770336153542
123.92865159938859
121.72485934767715
119.88928376102713
116.67219149716647
113.82731890636178
110.61124099935219
107.4556534918847
103.96690082011953
97.37507946976386
92.19571957495607
82.25008175203787
75.57506917634913
70.59215114908494
68.90348072972344
68.3454321715745
71.81583287798608
77.32747135600927
83.71934324895328
88.2456481594662
94.45770682694487
98.94613617527591
101.89227203306125
107.28819587127887
110.60625581849305
114.44748658354092
114.89151865965896
114.86018433039948
112.35574281313554
108.58669447646116
104.16072581354146
101.38401180591285
95.40249801984041
92.96796690780103
92.34828203497628
89.31605156609253
88.77465375808369
86.16232517863003
84.76310776537028
82.75060934964559
78.70152563085601
75.17836989274197
69.94608629949634
65.29327262943876
60.234163006146254
