17
13
b
128.6591838825703
129.17252890842335
127.76153275438247
128.51134312564676
128.59672232635765
129.0721256182792
128.38231322655878
124.41476048650694
117.14601503807351
108.18984347572604
103.01130368401178
94.00229605107138
87.11045444051483
79.86109946878163
68.87939434275029
60.55808237570113
55.036497123621785
53.40783030515373
53.64464921447197
54.9278868437817
56.813905689937535
60.805639768244504
64.09195487883723
65.93200786958283
67.08650161527518
67.07735563207727
67.20063886379468
68.2498934012782
68.65571790976198
68.01081147477942
68.63684583690234
71.05425309662404
70.54404959520132
71.51524227884829
72.79748240293331
73.22734131744338
75.1077516314116
74.53038660615113
76.7656181617413
78.54954493313097
79.78679723473672
79.91571237887241
79.55419082819716
78.7783960914674
77.96501830443162
76.3841329523485
75.66428945826745
74.77572122655805
74.69328460869728
74.89338431852049
73.9945573395386
73.33391574945747
72.39318719212758
72.85025209175967
72.47131171129097
71.9126923653659
71.70694870931565
71.80617755951054
71.53870410313469
71.67303048160574
70.85105660835056
68.6594915442365
67.00346877295031
66.02186666985811
63.400067991632355
63.118686138645415
63.133032867591666
67.23848954630596
71.64715825963683
78.93895906174626
83.91151556752932
91.13342498983448
95.74563861135996
99.16278356148533
102.64739862096859
106.78955838266344
110.54089525455073
113.08148730265798
115.96251621818132
119.31762752620153
125.25679625002495
131.2709852885526
135.03930700295788
141.50041976881894
149.62975764430112
157.52720745959903
168.02068194999907
175.74557151191377
182.16294667865913
182.45556981970137
183.00847812388704
181.39292621048583
178.90742044207926
176.90652290057133
172.30193858446088
169.75702204261165
170.1058926832894
170.55175480689542
170.32985798835253
169.7353167115178
169.29870480054134
169.16195768222244
168.43125555252533
168.65345622713224
166.12754560133914
159.16972683009163
152.6771618215286
144.12951292070417
138.83482636504007
132.95541410883496
122.7206776675846
117.15941704567655
112.35431419239796
111.07197425478968
111.62662054876516
113.63329384068447
114.98571047183887
118.50997024382939
121.67556406672605
124.84673599177158
126.07319120060214
126.56321397336191
127.8688263375531
129.76909841579973
130.45957780276305
129.24304147284053
128.3932482583175
130.01102279855812
130.2823162466609
131.35232323006423
131.58075611010915
131.0147596242124
131.13858295928063
130.864610130701
130.80349688287717
130.77706286730938
131.97108898998687
131.99399473667606
132.71817852371655
133.7850336612832
136.4085412150624
138.2776407486111
141.74209695836038
146.56857637846082
150.36896107531925
151.97857962804426
156.56540999407247
160.8335007434724
163.04561015120487
163.72983077866542
164.04664515212016
163.39017645552877
163.02673096075173
162.00162947021508
159.90273509725094
159.64873656974135
159.28043847772
158.0645089835467
156.60992471830946
156.39431965453093
156.54068658337863
155.27716640866467
154.6450257129806
158.95400707544235
162.09409518488405
167.99468527184658
173.33835159025386
179.11503824003125
183.3314411811904
187.71048397368196
194.8945199075171
199.24043221438768
204.48945128312764
205.1880776612568
204.9727269217233
203.37659174499004
202.39834795245554
200.42531879683443
197.81252829710974
196.16819666544697
195.52608618314468
194.44177028518905
194.5760287137341
194.12873921072912
194.63531156833017
193.2883047662254
193.37237004576835
192.75362302215885
192.0962708423327
191.17178929707305
189.5684133052185
189.61505396198376
187.1789649380255
187.51680823527377
188.2205126648144
186.68190758190286
185.92682499292602
185.1761793483359
185.50428708546775
182.71997185844043
182.0016569180618
178.54909216720864
176.31459457215675
174.3671748689506
171.71342746879404
167.53542262471007
163.6058833775577
159.3941926623646
156.63902511369528
155.70851127307043
155.14054311196506
159.1174497614674
164.20516094903803
172.2866862949563
176.63214198708422
182.79284966599397
188.15405506642415
192.23929223776403
200.2355507291915
205.30586308427877
211.14500354032228
211.65488040346224
211.5335789601711
208.71378793718418
204.41918030692713
199.72206280090722
193.51301902331764
188.86732244479654
185.58563100042792
183.01531687402462
180.52965351551677
178.36870134791732
175.72079677815526
174.28367941040034
174.14210246784955
171.7539131588152
169.41145955026866
168.13009430994538
166.9917640173943
165.71768666121648
163.53445707778747
160.54344821998438
156.23247193825443
154.68535313362122
153.12709363277017
152.79886910125296
152.349900389995
152.07388219169968
151.51976787691572
149.61477021138157
149.4869055675874
148.8155680971577
144.93315800824462
144.78129117362406
141.55883262711916
139.04150541394662
137.5526393997188
137.0281457352491
136.98245080270758
138.5418677403859
142.80825698804318
147.59538143634953
149.75005462794928
154.22886648690587
157.91856836348427
161.1612556491417
167.1275744709104
171.46416734788542
174.40910329055924
175.7740888483281
176.1301177066646
172.30156699860535
167.77186769518815
161.3369102398136
155.92012299908768
150.87497740571382
143.79836351935938
138.5447053912402
132.51389980514872
130.4365354665003
129.68906360385563
131.6642336287753
130.40199306540615
129.63127641172042
129.81731260699266
129.16228242130094
129.25887878575293
129.11427245586938
