10
7
d
120.09547703354815
121.53143946232927
120.59571453130307
121.59270376784242
121.50338001513504
121.64785748025218
120.92760451109153
116.20630095370977
111.01573784436917
102.30975527555216
96.23786945609596
89.39442089473691
82.09896809134773
74.97485057734718
64.88614839684008
57.75963687989933
52.177574155605726
50.09442999687082
49.35364232005302
51.7853958263124
54.530897049127695
57.44904755683808
59.05801701382622
61.98600644135481
62.683846252429895
63.00272452474441
64.94332640724706
63.04714646201076
64.58036613680262
65.38492724450366
65.13645222039214
65.46777454711547
66.39052999594685
67.63678617783779
67.5837177896141
68.24023917799545
69.89729197423604
71.56300014878136
72.09652215179088
73.19776779176064
74.31922665411483
74.79782293269642
74.739551342788
74.33998192137645
73.51438524283057
72.70679347244965
72.4180837800339
70.49823960243826
69.18665051490112
70.13441971309855
70.15213842749357
69.12893370553317
68.97687789885968
68.74294572346017
68.52790716623147
68.26990215148226
67.74386658550965
67.5125792677674
67.0678528010862
66.56343529422104
65.22492652024177
65.2818615383822
64.08988115379202
60.75646414978016
60.40472848089424
60.206691986201626
60.26297732320454
62.4053723163576
68.53395558272973
74.86226628065525
79.24418190189736
84.63323643168575
88.25187010653858
93.28085399257004
96.90460088930878
100.80183986461378
105.19275236743896
106.99602140917946
108.20135949310396
113.60145433533569
117.75543156565108
124.55694864381289
127.81108430961493
134.37824515582977
140.67406301664374
147.16664883303733
157.84518429651777
165.81559739671795
171.51677022456147
172.2391853068867
173.27822736437383
170.66314281018333
168.9017896970615
165.38013094752716
163.45190416549383
160.3071462014337
160.22801477753603
159.92291148091508
160.44863144424073
160.546179110771
159.9991931704795
159.34461931624352
159.164373323438
157.9751761633173
157.58989617374624
150.72056270819004
143.9558289770409
135.58058871883287
130.55699475234178
124.57632162851175
115.03798584504432
109.8385929802464
105.1669191189487
105.81141952177987
104.83964657796649
106.3220769410422
109.29342625899933
111.84044245447404
114.6953555278265
118.11741534351948
118.6477805834409
119.55972481208178
120.2578103385178
122.24655976761045
122.67905041432222
122.69671307298455
122.86240938580144
122.13367212561282
122.23988659767109
122.9591826299095
124.26148721997149
123.43516675578424
123.14152974850201
123.49280356206047
123.75003741507768
124.40820109778504
125.36476859290859
124.4287703799147
125.54940461355604
126.42334249259908
127.882268000996
130.37783387821776
134.0777827066841
138.5017216539082
140.88558412034627
144.33453508348228
147.53141572996103
151.8130308146373
153.00985600968642
154.27593673863967
153.22903904622208
153.76188057548575
152.86973584310556
151.33491809307907
151.0870035717782
149.62146673592773
149.73263952404074
149.46923817359394
149.06089506089685
147.38713679990997
146.56350872632527
146.00489579939176
146.36180270004922
147.9535596064515
153.58582073528794
159.20296447581384
162.90983218665428
168.29925848568817
173.2778159697948
176.91252145271386
183.47441570688312
188.94090613042133
192.5463839534572
192.6407253980594
193.8071786913629
192.09131961859904
189.78625571848215
187.70999022346848
185.46535773701126
184.43249252369685
184.3791807412542
183.26306193257574
183.3289944951645
183.49456033181627
182.6313177945801
181.59328802571696
182.054235846945
180.76826129051503
181.11037968992488
179.78283611861954
179.38784842122337
178.50198188006215
177.1672374521255
176.5475728970645
176.58674246727597
175.29274664497788
174.26902778793797
174.55406852991769
173.3175345999752
172.29566623880459
171.04861488510608
167.9818717795435
166.22193522877
163.46731506489812
161.25830205309154
157.8896913692444
153.42892554325834
150.4680256097976
147.33208709386844
146.4948821452079
146.89432349663753
149.79822150705206
154.849467259534
161.1684827596225
166.49053043630101
173.087875708569
177.16335189958042
181.13932220688645
188.92933797927301
194.65803033579857
197.8511178346559
198.4016018564073
198.4516344571354
195.99839912471384
192.4296074631148
186.60003438518055
183.8074585718525
178.72265976126005
174.79040191561458
172.9035590795118
170.22471811743875
167.02136817639592
164.38656347895795
164.57898103870022
163.37836111961897
161.64453702352642
161.38875685471342
159.82148667092292
157.405289670519
155.83546451809733
153.49209568445525
151.43988157301368
148.3156283464386
145.64854566890045
144.17627972356308
143.46944497074387
144.33091479439022
142.43984285617069
142.04690869428413
140.953009719346
140.39315525238007
139.68396322596922
138.0996966947773
135.38066971646487
133.81141453110482
130.9318735518801
130.66455342927017
129.62949248920862
129.2821530611141
132.13244008836517
133.84868456519317
137.80064477415291
141.79506304807288
145.38966401346758
148.8307124279377
152.43024537832883
158.5094078468551
161.60575310596838
164.9788275035391
166.0812266334124
166.22833123057302
163.10414219365586
157.51203186388094
152.02656049354542
146.34917671594033
141.5328694547664
136.42173161520168
130.22137276412064
124.70605099923355
124.42805262572278
122.81657070512473
123.05616560172662
123.08594931012344
122.76279969931177
122.91183626040178
121.5736649459534
121.44203406955597
121.08383406422132
