24
1
b
47.94086891656675
48.88260750023957
48.09918473454429
48.95894763920113
48.711147068743415
48.76510045297439
48.704738153043124
46.935851764632915
43.43716068070745
40.29698769678658
37.19163689351839
32.80787732975859
26.604827973097574
22.964410953039284
16.909721453226805
16.393596937178668
16.707191845041702
16.28993399062122
15.372088080710148
16.331845580675804
16.228487433062522
15.685547630423999
15.712899979191548
15.425919186084329
15.457258891610774
13.874284208924296
11.251767265123245
12.114550973798949
11.69694130871907
10.507207875873394
10.731302450580875
10.744310852153689
12.340745933969849
11.41087471261582
13.169998721924381
13.351174429623203
14.156236902508928
14.460088194357143
14.391781893624056
14.900969039885744
15.765699858331832
16.29622861665227
15.758118186487584
15.434934622153044
17.006887090823817
17.915511303222974
19.166725071989298
20.79333896393073
19.91439804931731
20.44095003729177
21.978737990933276
22.45455630582867
23.388916458473766
24.246975854738128
25.40098257589857
26.819165203174094
28.112707767203688
32.49289900768462
33.80843480580849
36.27778994910789
40.383333780882154
44.596129247829545
48.94585754851983
50.97688030424168
51.53812847217234
52.66391019462552
52.52981842490668
52.575304031000194
53.37759725957468
53.35098403607731
54.196854155723976
54.35336537948997
55.63301205206036
55.49417086146758
57.00505073823057
56.33955408086051
58.531099206308596
57.553081652072166
59.79386595841632
60.822097208948534
62.235098153661696
66.48832641884304
68.12559269910864
70.2517331116448
77.14851980394641
82.09715662060617
86.19790457014588
85.70749859691108
86.52355718656528
85.90753239817072
86.24170476677945
85.05549582058627
86.04042128877812
86.20144085991703
85.68605380870333
85.95207034307082
85.73821180714
85.45413831889933
85.49834657298828
85.76124502951535
85.99373009159791
86.38267191407388
86.22333942631045
87.64583517450879
88.02969009987831
90.15495760911448
92.59406726716227
93.11579510468796
93.1926559853058
96.81385908609805
98.6464751103861
98.84915077131657
100.8511956632495
102.26681397093694
101.88891125562992
100.94930681298172
100.20838176123965
99.42797968966595
98.28293193046194
98.06484436976012
97.71520557686749
96.95308203684
96.12508111574854
97.21097553507518
96.0686711288796
96.13143387335808
96.62709679336979
95.31065098224276
94.73343320443767
94.31655611051012
93.30090970855329
93.76084422948563
92.06927903399564
91.62836092022779
90.25314775635101
88.36056381146702
88.31808112997201
86.66062253957786
86.28943117910465
88.00866694413139
89.64725601852884
93.04426852286427
95.91974321813174
97.82832352697096
99.62260449572159
100.20349650829833
102.39068490408476
103.09430441526841
105.16346285687769
106.52977834945065
106.7578506720441
107.88964094449068
110.86762930442048
114.58220659730603
116.70443326236844
119.13165255828177
122.19904112257528
126.511247083631
130.65675833740585
135.170014006913
138.32936878684035
138.49356585804023
138.28952620739332
138.46311140613284
137.22818666720434
135.22933901621232
133.2342988901067
131.91159405760163
131.03818196970417
130.9863291520072
129.79459856811457
129.1156519121045
130.42205302933246
129.22117436504115
128.46187123316165
129.70165424353934
130.31907161541645
129.7650036886553
130.62002353128895
131.79112784416014
132.6761849240623
132.890826531669
132.5949706509993
134.5560931880433
133.84451112142094
132.68677292732775
134.30222172491668
133.9161751033102
132.915241959794
132.01485589919204
132.1042064438005
131.01583922604277
130.760941097308
131.44691259410322
130.04513448771579
128.82565631626656
127.9768728326719
126.78835152631584
127.16330504597747
128.63845280190515
131.6474832353418
135.63180974081885
139.13611203207785
142.82979874749273
145.5304138021377
149.87231278221654
155.70219812300385
160.71593169741595
164.43899610154156
164.4820017453613
164.76055903955347
160.4115421399066
152.9816760190896
143.06536646965878
135.4889473802488
128.1155986228882
112.718583055183
100.60846028968724
92.76438694867174
93.7509633524764
95.02631650523634
96.36160135799192
96.86238249123129
97.46201576306235
96.42633582612066
96.25044132739507
96.30053749845352
98.25843719440365
98.24391255857033
96.34735835765314
96.64350320078745
96.03519914354347
96.79872531582218
96.61927191620416
96.02339059764886
95.4080306627123
94.7058971057125
92.71713636625627
90.58939102572432
90.85752260045318
87.64033856021545
86.36501967480393
83.12231413256808
82.13220102596911
83.5574527484553
82.16849390738665
82.91132738527021
82.10392323416028
81.4357809857404
82.53437188263155
82.47928428517596
81.36724653930766
81.71485612080707
81.2838192582628
80.89157398315767
81.69248399681581
81.58742446327685
81.39907732320789
80.42005129308122
79.31335146466147
79.31830172108236
77.79133125420324
76.03197936797304
74.30066939294865
74.2359909063852
71.46559570486949
70.4201532657042
68.52417021755855
66.90872545412142
67.42089737886339
66.80079284773248
65.68071643062314
64.85762141217816
63.61752916858871
63.56680651240562
61.73952185479049
60.60088077625119
58.85569059675238
57.3344521122534
55.93468137043346
54.888515369158974
54.683806342729206
53.971237461831535
53.776533144814984
53.20035945428172
52.500591813614434
51.823593399593506
52.150581998377085
