9
10
a
11.145262746509045
9.086427170569928
7.459551191085495
5.229040622544279
3.869337785786439
4.744912648445367
3.6121431202730694
4.0382812356658775
3.8252819763835055
3.832512609834801
4.2234016588531444
3.037922024909201
3.47818972775209
2.4316165616115
1.267804541657498
0.5850161838847437
0.036136722407660735
0.0
0.0
0.4348470652114044
0.0
1.296205160736625
3.738263716551516
5.4348641257774535
8.131672196125567
11.184825528677433
12.602581416904183
16.54074451314964
19.29220450588422
20.685256941216824
21.113548636943833
20.13729055696335
19.703147062896008
17.34802945766672
14.267895596258136
11.847856631428936
7.755372953538955
5.374659798407369
4.190099468915374
1.2106806666874437
0.08896816530247793
0.5293980600550726
0.12506424183874865
0.0
0.0
0.0
0.0
0.0
1.540942241857881
1.4171665815766339
1.7445699870901767
1.09212742825191
1.8525259261746536
2.4598481840064523
1.7094366644574845
2.1984329964866753
4.024544903183267
3.4488850781627933
6.687033973287644
8.151114402045831
11.441418434121603
12.082929652759141
12.750111251699034
14.55659263058355
15.247792607068943
17.119348572915168
17.874377560145565
19.614477497893738
21.740064625737375
26.9101493678095
32.703186795242445
37.785011866672114
44.676439558910076
50.7358181919505
58.47179640361567
67.86315709672654
75.58079084501524
80.99205955961706
82.37860242119238
82.1721527081513
77.635225319541
69.29775243869517
59.26701343695558
51.63691842499616
42.615136903043144
36.127708448423924
30.10417780437976
19.954922149307635
12.644600759553047
6.9962833349281865
4.751899141908929
5.450067001271361
6.36380297416431
11.077705531384343
16.2878726403723
18.983869219076052
23.365766020630055
24.91980761778379
27.118765992132346
29.256236302681106
31.146707806537314
32.19312665043595
33.22855539212227
33.26048763992599
32.6508871161464
31.857881771442653
31.46933829267866
32.259761714782115
30.39503907005978
30.843586257546573
28.41733360529843
26.500330022943317
24.422145098036506
22.63875558104633
22.113592218083078
22.545916791271566
28.568528404457027
37.4520224798633
51.100689039389025
60.079563363950605
71.62048795473028
84.6511616440581
96.00630565672664
109.29028602710427
116.55023089489706
119.80516526882829
121.44682980367114
121.6617417294717
124.05130376946234
124.86380368866858
125.61500877922073
126.63376561869207
128.52667613940832
131.82366803930162
136.6819115600441
141.8101619418959
148.16949685116853
151.78101247956602
152.18789460865793
153.27252749814488
149.1845810235009
142.32607591683984
131.95124999005475
125.73562796157559
117.76318899257328
110.67577426897368
105.00477994768092
97.26365660321278
92.39124094316918
89.76604852883415
88.74208432759417
88.03780715017099
86.65127978463032
85.29084088704728
84.2239288695919
82.84476549446423
80.88230473434788
77.69458482872191
74.47606353457189
71.9562813610655
69.10616986671913
66.62408663144723
66.10186895851234
66.18428726234211
64.6298414382617
63.357993504562856
62.47560560127286
61.97640539008268
60.44653756365372
58.53491233539926
55.61344974923558
52.28087764320146
48.19576764495677
45.94908060497946
44.675212406669175
44.837100115187454
49.42704069653048
53.33018314547501
61.249755394028384
66.4440432903673
73.3563813249965
77.87868620052522
83.53395566976529
94.37345781899177
99.77965604592085
104.9718505165934
107.47548768221677
108.1595194676322
101.39373292448641
93.08150032477893
80.70555022227937
71.26144136046325
60.994480763635885
51.99375071064983
44.01130188611828
30.948801387985423
21.615615451490118
14.664846002528034
13.190344485762722
13.65182036700569
16.463495800749016
21.943589769970803
29.90167080152546
35.91887062697006
42.33993023198459
47.25341662212443
51.14443307954242
56.48585026562709
60.66094392861459
63.714759430052695
65.99799745603414
64.99297660056986
63.27007069045537
59.3168863134085
53.86799694647001
49.99410878188013
44.93728591717197
41.327845218822134
38.35713095184872
31.908582722013527
26.557272157238167
21.922754974466525
19.841100591190223
20.242111340318083
27.82458414487009
36.49977318386289
52.16130408290292
62.025251192025664
74.23631427915123
85.07915987337914
93.56427678818345
110.18616522278509
121.07877948124514
130.87083707794702
132.41748976716084
133.20020356572192
129.77212591237702
123.09173925704302
114.65716676754685
108.12419130857667
102.13727748565769
99.32831967095247
98.4148723987902
95.3829892211059
94.80214742406147
91.51124355176346
88.81159756711911
87.63178399582647
82.13339963157489
77.06719956097355
68.13803742828622
59.81419732418714
50.89297510632677
41.75381280232184
32.27270910447878
19.96511354328676
9.134881234809312
1.8944545711553524
0.05600161738759768
0.41001476841330065
1.7565021273176837
4.3329159160231505
6.763717727742103
10.904566941988097
13.201451535634764
14.36397916446772
12.665684492399789
13.998141712916633
13.54128938532658
13.840196101518481
14.030789275256152
14.191439937685077
13.545146073135097
14.414242554675
15.053050447616831
14.402024432240697
15.189727522307242
16.152500767911384
15.727413055795394
15.686685394497843
16.9240269310914
18.454464136366223
18.4249183379415
17.775605518899265
17.95057441134736
16.303877222715823
14.451226249023525
12.360172789381933
