2
21
e
124.28993376041309
126.20283022636339
126.93271787465889
130.22514798168996
132.7757643581436
134.16074639603488
134.89576430014102
134.85592002070106
129.89808567308305
122.703175953374
110.87351012356503
103.0699540055039
93.3621324435729
77.55531048882854
66.662132967592
53.42101132894572
53.167033453895705
52.9538297299822
52.64286356681378
52.56669661582983
51.225661959069996
52.55838756585301
52.30462820847561
52.74029665201499
53.408371214157995
50.96047860060278
48.474560001472554
46.900676340364825
46.0441983914105
44.035426253701566
44.48450993899592
44.27711858978467
43.483879598176415
44.968322606416805
45.6562026469835
45.93292690185088
46.17486404011515
46.34763334739835
48.17168216779354
48.31047512991481
48.84256940491544
49.284476814625876
48.87407629176202
48.893375703852485
46.65070775571969
44.093015567627724
39.142043157092004
36.33820714450693
31.774806642494127
28.246062632180777
23.713192007125414
17.771143444741814
14.970131797144976
9.70802250723932
8.02134770139936
8.426843543016409
11.829697413497351
16.335509734931488
23.38870046675329
29.401994722219428
35.084844840960955
39.29711227580542
43.375881936560525
49.259274524631785
55.88585167653799
58.55136087925945
58.14646042590332
59.262855268949345
58.6787053535074
55.90052789004009
53.24487928527045
51.62102007691216
49.72178630966019
48.01550384133942
47.65666069638851
46.0751546915012
45.972288239404755
44.75784084029158
44.95981380935249
44.25078538321505
45.743549749237424
46.78734016403589
48.150816961480295
50.04042199703447
52.51779641603944
53.52111209373077
53.60208058789059
54.57446158994916
55.28033897864584
56.58612567808304
56.68838576006243
58.10369109573195
60.300896739820274
62.924498732239314
66.28200359984602
68.33883581752326
72.15719745665349
76.70017538434057
80.76408945018463
85.30839945591883
88.89597679506842
92.79410213278408
92.98033791188429
92.62528261741672
91.56628267952243
89.83087947169449
86.49503798033435
84.01502034401939
81.54566729538207
78.72003164831503
78.89106835347877
75.81639607378068
74.45775240531607
73.02710229513549
72.92759302896373
72.59095693490003
72.98710944266833
75.34614522457544
76.41223026633266
76.64644556203831
78.36967729487176
79.654089831945
77.65333539274882
78.6228212549769
78.96389639411865
78.80582294928236
79.69703811190193
80.09226664529652
81.8687190423735
83.8984949916573
90.2346825320549
96.38307877597124
103.97940274972395
110.31412714844782
116.85156489549915
123.2730236206733
128.96486369371496
130.7713234811339
131.7007898137487
132.00457152053934
134.0013819899147
134.98383188031207
137.00231960704934
136.91292022398457
140.47337469826732
140.41859601857877
141.673764096699
142.392460466913
142.37971401091824
145.78450357490075
147.1028816051028
148.38781532536547
154.65656539740573
161.43452807899894
177.56005229926157
189.41752652334867
205.66030700830197
221.151940658149
234.76886423635085
255.7959019377869
272.66129813088617
283.91054633147434
287.67422217552206
286.9861649882445
279.018659729853
267.9138437957078
252.48332782727337
239.8585792455714
226.35741051094962
208.36063355342463
195.2614473357326
183.23609078575225
184.1863690928361
186.5188084983903
187.46884803286196
188.5460110901727
188.20951793082153
188.7783417006454
189.0822958631095
188.5145082117659
188.94678279892315
188.2463856611808
186.22642828223593
184.382384041689
181.09363175776357
180.24957560856816
178.45916579547946
179.2217489898257
183.08841088363172
189.75266564705018
199.26806380391344
207.19892829456572
214.35963159693185
221.9707162289521
226.81451962285698
233.9992351828553
240.93759903598615
246.00618761333627
247.59863874587145
250.34767339752403
254.21562799452514
256.92297064082874
261.3199420521987
264.63523340482124
270.03185042161135
277.1400400547034
284.97623862625437
296.86575153815403
305.12073719886354
312.679398904661
314.24777039648876
314.6218520744356
305.29506667350046
293.44430552098976
275.1123194200502
262.0324928301746
245.4453295890821
233.0857442971132
222.1006486284131
209.183266909981
198.38552746129693
191.14435780904736
187.9376774396066
186.18529123597935
181.36652388658527
178.51183747291918
173.87291010239284
170.50679658946763
165.19446876273364
157.10991269884434
150.02577692321051
137.58782927062686
129.14657222061518
122.70235341733756
121.34923418324944
121.2129654414313
123.23174784228999
126.32103848002795
129.47298985305196
133.64150385593717
136.12100555244052
136.9130470919587
138.81564128963586
140.12827969326278
141.06115249044043
142.20353850816974
143.3752098301667
143.25324610619685
141.43687028216746
136.56911093065693
132.3568613152291
130.14754380883377
123.85976308135723
120.60470715134615
117.91361487306811
113.3278582366704
110.3794874391271
107.86719605569897
107.44462074513818
107.43303472445317
106.91949136994114
104.59366963676689
104.08088538471952
102.43311327122717
101.82985764667679
99.16867152049784
96.18315483471748
92.88245826955814
90.70423019494285
87.3355110799346
86.94275269651702
87.73429654325793
90.08564314594913
93.78808708863883
98.7645219710008
103.30404152705201
107.48510806811278
112.64812518825923
117.73175276117253
124.38062946582801
124.05022868329708
123.5941785694112
123.88717641507418
124.30211096092577
124.80193612178961
123.95584645176021
124.21344226538507
124.67640938842332
