16
22
a
115.5763199216832
113.04574042192978
112.53970010361029
111.2313974946789
109.27735200042652
108.42487458259053
107.82251108745152
105.72394869512084
102.3314612975859
96.12384953755841
87.62691686050206
80.73424511431604
73.73832075156275
61.49993606454127
51.56991564919115
39.63119870500998
38.408110597850225
36.754024558256624
36.87679675725395
35.79986522921526
35.98801776199391
35.39973421098271
35.92118879633315
34.41079684167604
34.97869435835075
33.48982827644931
31.762716494055923
28.495626782003736
26.78359036345676
24.54380874351709
25.042286104443036
24.855786131479583
25.819889581573186
27.17638935173321
28.991453564397215
29.402942401098734
30.985525802505954
32.75965449802651
32.61235583598359
32.62699898753667
33.575570067134436
34.01406109994261
34.380981626323596
35.249068632637005
36.4634349455385
37.92354118362199
40.35180449572121
43.577564350134544
45.85125819168798
47.00087177906225
48.29969952997236
50.48361955614776
52.37880755945905
53.29492201272556
55.08948816344938
56.74151781893627
60.71347973296529
64.26920268197229
71.7020784633019
76.52758875718128
83.99019122295593
92.82246007850108
100.59840048884192
109.66965394622025
114.64537771717616
116.65205086628549
116.97469973925938
118.5064424446957
120.0980298833889
120.07224812462614
120.85183737201929
122.17657960009036
122.21757623718781
124.40865789666475
125.51341068138818
126.85085189325288
129.41087779137624
130.6548148323558
132.19408282107662
134.05862911297106
137.33530116321745
141.29809823637268
149.06589430169132
154.15593028362346
161.03275946364857
173.8374664431835
183.33995860083328
193.8013336510047
193.1459796375944
193.55870488125308
193.59547246389965
192.6957174632733
192.3000136627501
192.9490907031611
192.6781894616057
192.76994615063822
192.97475467846957
193.295057151566
192.93142043939167
193.78464034963184
194.0600034551212
194.17341531051608
194.7332679332406
195.5808027764656
198.0234633766389
199.09376619862027
203.29485696579005
206.1521629033815
209.43747795985445
214.0138319109308
218.04904036183964
222.4476688139046
226.64097707649603
227.6986476783606
229.3646172194463
230.48352727217727
228.98746957158772
226.74890778000736
224.6942034166424
221.8529612579631
220.13288812825078
219.75025068367606
218.80884583652016
219.63429294271972
217.45569403564318
216.8804825312561
216.09104078114493
217.2736046417599
215.52382763009078
214.46281151491152
212.6998116988401
211.84725562645778
209.81994616410543
207.52520897229704
205.252222454635
201.7758846365349
199.8267096005783
198.28316721436283
196.76999833538648
195.87934162771379
200.66066683471487
204.94442087269695
209.83868147625353
214.0595675441459
220.7176078644554
223.32576384089438
226.53358355821842
229.80582220091298
232.75730269475986
235.64107886034068
238.06852311502277
240.49240855625484
245.7441115273752
249.8155182063121
257.490991425927
262.9481314637049
269.1666269112171
277.18694563668737
284.558908977897
297.29988371414396
304.7884113526099
312.1624327475941
312.57421037960705
313.4620594358227
310.92675825749336
309.0120988964706
304.26503693702574
302.1209632920314
297.452776924023
296.9090562060991
296.1848968467722
294.02864829222125
293.62924097947723
292.0204376562714
291.8893166950192
292.3817579638511
292.8638491135138
294.15853971803017
294.84283133952675
296.5503790294747
298.2031176060437
298.9967539964263
299.0346349708237
300.5701195651102
301.08231545135385
302.17896879006804
303.45254812248385
302.9281411235917
302.98351655502626
302.21418205038225
299.6434735630365
298.61920973157527
297.5790890380439
296.1285450002068
294.840684750704
291.86598482326946
290.57221912645275
289.3437976812471
287.39490027091506
287.17157565119123
291.8123699842347
298.0193986936462
307.4623592926856
314.5798778761809
322.728555029984
330.1906513214307
337.8371001632173
351.7734112568873
361.3776783456911
370.05340617719753
373.1399603227949
371.7549338363358
361.7317123594093
346.4467621017946
322.32149832129454
306.82706609699557
286.84550504602635
254.3881013871661
229.08684732787933
209.78079488078413
212.2367255870649
216.29237107818878
217.44702090318637
218.19466437827077
218.10506455473205
219.21579152832302
218.32493065847828
218.65646166476012
218.22951042699626
219.86808504926697
219.53675269286703
219.5859503095074
218.8738775585888
218.08167290601563
218.7326861303404
217.79900316408242
216.04569327873446
214.867030511556
209.78887211133272
207.6398358096621
202.9189076195641
198.39936842273747
193.53727472113772
187.37007684336982
187.12771385117406
186.05323762312372
186.19122507137797
186.75131579639742
186.34044179645502
184.84513268706135
186.47231024204265
186.3833514138222
184.74608574146683
185.02168102080785
184.22221808239857
183.83994223455346
184.4918694328174
183.99324951120454
183.66842964517423
182.6094108014499
181.69592185280476
180.13090576300567
174.05942835519966
171.62500239186153
167.58584132101052
164.56535240851102
161.97720253420366
159.23491435690707
156.47245398501377
152.73250495485905
151.5019851582502
150.98170755229086
149.38026705686264
146.6471891625954
145.04564537589388
142.70227193187475
140.32450112709867
136.95104082210676
134.44049099368604
129.39214375048596
126.11371373271926
124.2413328586599
123.11810265684903
122.46552540134307
121.22754325036908
120.70658505683113
118.11008979750189
116.85231713074765
