20
17
e
194.02815821434697
193.67288669814653
194.77405780449433
193.93210486316903
194.14913005257554
194.57785292423083
194.31126257965207
187.8395152569465
178.07683959707796
164.3575827825696
154.2311902414704
143.44508134127216
131.7583712429211
120.19072899451129
103.73853132853762
91.61299070714558
82.90611857853736
80.98940984497129
81.44608753774804
82.75383134126163
87.09286920062162
91.0896149209061
96.63261009939382
100.50868807619112
101.39636130925899
102.33405891796544
101.42587954836942
102.8687075977029
103.67443706084761
103.95202168001563
104.55531879799649
105.33036144094967
106.71763238978926
108.65752620429552
108.9791276594971
110.87367500871191
112.18337385235269
114.99329536769399
116.29030754119994
118.28248492626706
119.78202112584188
120.14289784156816
120.0573439146927
118.58474391556041
118.14840346927146
116.77351283400058
114.63361303881928
114.71326621251718
113.75500888854586
112.29887141425365
112.12853315173665
110.68326916033054
110.25875847302146
109.52155821668005
109.57559009671145
108.86214621965821
108.9453569747475
108.2631581522004
107.37812618797176
107.97143206101552
106.10121816043342
103.92467386626873
101.19350008832458
98.86371736556178
97.27982140583818
96.44346655630756
96.55817266233828
101.28537261041751
108.50229905446987
119.5275906653245
126.75958271480222
137.53932005827983
143.3294181874289
149.79626817810333
156.5053636176707
161.13106738930836
167.04914173633946
172.30653265877694
175.67865892473515
182.05424989341557
188.68528212415524
198.35497047536407
204.5887028265645
215.1111517685136
225.59238976305193
237.1490877678326
253.19934835019495
265.3182560954238
274.29015315071933
277.1849597567038
276.66963239635953
273.5747113353917
270.30633023860565
265.7468980338539
260.99978173589494
256.6971759006905
256.60212940052713
256.77560686579193
255.4191024135997
256.3494714662165
256.5801968150207
255.165913212926
255.1616548704732
253.72892182379852
252.09759277450684
241.5726642001976
231.51945242398415
217.5573756711044
208.45027316308983
200.75351419237035
186.39582746578142
176.86283072811256
169.52167247064764
167.81728755052475
167.3623406695069
170.74961398674816
175.30965746474743
179.84518534975717
184.4130238295891
187.82759269171754
190.34631827265795
192.0591699366196
193.5603353063954
194.84545953040302
196.60989723875667
195.65779643174122
196.78132361224704
196.4235220368584
196.89677943270328
197.10047369983675
198.1299051026806
199.0404900913735
197.95769991738766
198.8442403141933
197.44554324034473
199.3818382482066
199.38156080248356
200.31424789763597
200.40029545737912
202.17141777461416
204.03895612469978
209.46406100246787
214.54213021831853
220.41502966256013
225.84789723253124
230.22036560419926
238.32138159364172
242.6929546560209
245.8073880427737
247.38808711580828
247.37322110498917
246.75091294896419
245.41078899052772
243.3940892121006
243.17788770021303
240.0131202679373
239.68925442781574
238.97297142757097
237.6874749576157
235.7984110092257
235.39964189760036
235.72098959274408
233.9991615065728
239.63677323057354
245.3039417163642
254.82281302665064
261.53627222348143
269.83808396917334
277.1494337509592
284.5406784876791
294.3402197958309
302.7438633206545
309.562793818844
308.4214555854587
309.5182021861788
309.0292137712816
305.10630552463726
302.5152430300523
298.8692738298071
295.05210432425537
295.0524280079208
294.28313021966824
293.3921821647044
293.1613403278036
292.63359438391797
293.52624973650705
293.0877844935604
291.63680727884105
289.727966263259
288.58527980807264
287.63665646263314
286.06790298100617
284.52399252500294
283.3950039765324
283.5736914426495
282.24359577048375
281.4562283802267
280.5718660873048
278.63326103461856
277.2292650427362
274.19165412736027
269.8913445644724
266.7706363618776
263.4343303731937
258.18585022302335
254.75145070997115
247.58202161512065
241.2433426044619
236.8421205945509
234.63739865766328
235.25335646383522
239.81848051990886
248.21925564404305
259.08819148849915
267.5014462270775
276.74714178830146
284.14115289175777
292.0133242342811
302.8255703127115
311.17175432607877
317.4323328167083
319.6666881041617
320.59282731459746
315.5088338636912
309.3722732885856
299.29943716902284
293.05459905152975
286.6993230429102
281.805885373789
276.9648176734808
272.35120135355675
269.2365267829536
264.41789488619776
262.7948841064635
261.7121916657611
260.06026789162763
257.8331344915964
255.01666973700478
253.290362221016
249.9546727134374
245.30427668180326
241.61054579725138
237.03195096057448
233.8332212791006
230.8560042705737
231.0312747693634
230.8690228160588
228.76329242487586
228.0736338498531
226.98308483826702
225.83257438037398
224.9170026162228
221.6807200011618
218.60102653092966
214.6624781607867
210.78763601719703
207.47558537743438
208.10326500461994
208.1208473460581
210.08303235993873
215.75218751341708
222.2366041566784
227.62380977022718
234.55724522470655
239.55435676856104
244.65732285518553
253.54210039105698
259.9550035546572
264.40417694137716
265.1549049459536
265.3729623091411
260.3012490504212
254.17204235041584
243.48605530107508
236.42661525184155
228.18334849154422
217.85180056195534
210.10567090289467
199.92100082784805
199.0260587342867
196.98809967307784
196.93597076488768
196.57342472667176
196.23275633336016
195.05027721625953
194.68050361095405
195.46435447287223
194.70064965193762
