3
5
b
148.5451127483931
149.27186397878384
148.16358357279574
149.25106875081258
148.01363662486162
149.02776770208126
148.2158799332021
145.26130303670428
143.05333834259918
137.40890015413856
133.9471127641222
128.94771221374
123.105875641805
119.846559722327
113.55482539737044
110.06605268735235
109.89614186364308
108.25507301287706
108.42842842364306
107.21126992937307
105.92458532677766
104.45430645123376
103.76062127466645
103.89652364530306
102.43221621253355
101.24334398069773
99.03173211067315
97.72691108218942
94.48002874910179
94.34893365564082
94.60712659764977
93.42062890713169
92.27094079804408
90.23874384518521
90.84122321687023
88.39243927935011
86.4656902986794
84.63701715748007
81.79681568479715
79.7285594556072
77.46051588504496
77.56969781340266
77.04045060286715
79.04982435418363
80.03585693047367
80.02043884425079
82.47269325038795
82.98171159306473
82.83795988860385
83.63483431313374
83.3949479579838
83.88705663300003
83.98926821973639
83.91861366990466
84.74299277035782
86.66377896339985
86.4993861911455
87.10682948153692
86.57858408146967
88.49452925680342
88.93437121860863
89.80534084066237
91.10649900600698
90.44749955439853
91.38318711757904
91.5043025587144
92.83605357346036
93.51227522622584
94.84322902976797
97.07429002894355
97.66444797155552
100.39281126337912
101.94137274398798
102.44405223895235
104.18520490743639
105.09545156386959
108.01553182692743
108.48364981497443
109.0950227735584
111.43330638102051
113.18259947091235
116.11612542677219
118.67865464434315
121.91528651105163
124.66829899812018
126.59084725430881
129.70798402182044
132.04663812037128
134.39874442988352
137.09805238299475
137.584098621075
139.8360648176378
141.92372844809898
144.79159893168628
147.66617560073286
150.4689338249364
154.47975487180256
156.9477793875871
160.9053517958559
163.8897188227323
168.19084631048935
168.45382030859236
169.68509885411964
170.39341094071253
172.1494267095331
173.85643152959375
175.91452509070342
176.70321205196544
179.57460007106508
183.57560776788563
187.7118698227435
190.32718198255495
189.79717325833292
191.37801598313004
190.8573236858686
192.2504869408305
192.40531037034117
191.9170324511955
191.36333937206516
192.4885644173838
193.5850073341038
194.12402973871554
195.62063627835732
196.66910364196337
197.0550063066926
197.87954246949454
197.7332906499925
197.80727594737823
197.2341451441529
196.34845007990913
194.9811891173264
194.82520259230506
193.70360954533047
193.51652218732698
191.66149542908752
191.76410732733657
190.17715393766196
190.54197461569674
190.12673562445522
192.58182140347807
192.8066272228324
194.76883535348188
196.6369289019807
197.91213915125482
199.18067883977272
200.6351031872303
202.5628155591809
204.5825888900658
205.79068114386297
205.61657942919945
206.61907708092215
205.20827581155922
205.5691945105441
204.107498369317
204.6768499055961
204.45202457689524
204.04026348164646
204.3012160420606
204.94773491065715
204.03574403491865
204.654066615771
204.6084217791224
204.42605266363168
203.80010220702428
204.25580928987569
203.00413370475096
202.5776303386545
201.2067027483842
202.07473607393462
201.4808282402194
200.62774314339123
200.7937863361967
200.69898659823065
200.19789577949095
199.56377404306656
198.7258941873573
199.4906641802025
198.34454851558232
196.99575553587837
196.16285874232076
195.19657053760702
194.16558654781747
192.40324085855667
191.9200080983982
191.71094949096366
192.02496856812667
191.90995096369156
190.8244547512573
190.47632520050817
192.16335525641085
190.7039115682354
190.22654936087667
190.70183513407991
190.64668779033698
188.34834441877697
189.0225088933432
188.87573520861824
188.76384644704723
188.09213907352367
187.59710295904927
187.53746120430156
188.12025870809535
187.14999883442218
186.89217739108767
185.04614330177967
185.96952610506165
186.08875468723377
183.94124292276234
184.7499066947511
184.0062238839681
183.3293156082759
183.41550449846056
185.19943275304033
185.67821016404704
186.44816614625066
186.54832538905063
186.75754038861214
187.01129941612623
189.04684285347827
189.26101587053782
189.32187948429538
189.45692852339732
189.73617273179195
189.23851076321554
189.69553299367664
188.1450726707236
188.81178732424578
187.92417310806096
188.70018861787457
187.64431768836488
187.28321331684296
187.34696659204138
187.84021182999632
186.51882842155808
185.58527362596186
188.11991992068548
189.58513892362774
193.16280078462904
194.73789521999126
197.05328962775343
199.64956908226512
201.18141848135622
204.44537860547635
203.69422607436294
205.85461956681976
205.61617940878995
205.27884334542478
205.9385983672776
205.5594099223347
205.84264815050474
205.3889351227871
205.99029265771648
206.75387784759872
206.96187113056243
207.77196306184132
208.8583851357516
209.56824136311266
209.17820951388003
209.7876878504549
208.6351757513287
207.26059470409098
205.7352605921955
205.00822522105784
204.0817472914206
203.74152779480386
203.4468142105523
203.01270179218972
202.4121632404137
201.37073743147
200.99824097328377
200.80899147631482
197.68351536476314
196.54188906581416
194.19072667507493
191.97330570020284
188.86995607523573
186.10259433736022
184.58817171049188
181.36398382230453
179.51260776909
177.5442730779005
175.78140401643617
174.52541493370637
172.75269968690972
170.3720343344023
167.39304043763073
164.35326820873914
161.64220432381177
