8
0
b
247.5568665062097
247.03519659180927
245.4093128525965
247.1647561138931
246.15621411004244
246.92902014250646
247.20150397228977
242.42554695521184
236.36791352293494
227.80664706486183
222.62451280734504
214.36366981589407
205.78811865802217
198.4085689981933
189.15045612830517
183.94340556473182
181.40527874543116
179.36124791326512
178.48688692291208
178.1261887882061
176.10592921616018
175.87681920466153
174.2891613825053
171.7173653989826
169.7819704597264
166.78801144323666
164.809213707797
161.61630222684687
159.219702409676
157.3172793374977
156.21242100998253
155.34221122734246
153.22211979552597
151.1566185020261
149.25935731931526
147.26832412092517
144.07005226414543
140.8262709008101
135.5737659823817
133.0794754325356
129.91804059981575
128.5859884208687
128.90130315793124
129.8507818854524
133.04909742631133
134.95698811999276
135.97386922023296
137.7053447168528
137.51507300718055
138.8986908750666
139.22690029760477
139.50215594302546
139.82925693773765
140.06818944237943
140.4260776393377
141.56546753207348
142.739346503962
145.56471236025942
145.59397429098303
147.12293399351486
148.77285347093252
149.64315406840734
150.25503785833624
151.74883790282252
151.4684106924936
153.92741549902982
154.42675699435404
156.30815737184568
158.80107987941338
161.31528984825695
163.31070056622002
167.1222537974411
169.4695646664512
171.07172118532023
173.2734863463085
175.09328495894084
177.7555418283016
179.50634117487726
179.99471230254056
184.5409504431904
187.74129030967538
193.4537462916942
197.12697478310596
201.73256911720404
207.59240766410235
210.78043732779216
215.91036931591188
220.27987003487064
224.8395429458715
227.39928369944883
228.3649706452195
232.27251775089036
236.54417501527422
241.39040965483085
245.2742261285055
250.8130676042785
256.82499301813135
260.9053878843125
267.9434979843558
273.6968699860497
278.480252185856
279.4248118389887
281.5995127636231
283.6809109479114
287.3912411924057
289.1472655890261
290.84077220362633
293.7605200782608
300.8731714393526
305.27293826453314
312.47383500456857
314.53141861543196
315.99267702764666
317.4218036134168
317.4151751521724
319.04035959049156
318.3433560986683
318.7140743267958
318.860550604554
320.2342707066792
322.2990157677283
324.0539113310457
325.59024682521647
327.8673254185721
328.9592525845249
327.8622772598497
328.6494210706961
328.50958739838563
328.03862557098665
326.06819935495406
324.1271310089737
322.9947195652455
321.8891864963041
320.8613033360129
319.1838689543607
318.1280763591635
317.18931780976584
316.89205992795723
317.0419271101368
318.88442232673526
320.8352052590599
325.3316730538505
327.17082881362984
328.9946579010774
332.327984867775
334.08312001905887
337.39777416616965
340.19194835360156
342.57257838236904
342.24095901282897
342.85099050301784
341.2177865941991
341.7157784742959
340.9387922840635
340.1018329541364
339.30997760899714
337.7587752351088
339.026190217741
339.2749846175892
339.4617612655914
339.129946582901
340.0999817362891
339.04035683716273
338.8338396380039
338.3125962598121
337.1048031161336
336.83575726564004
336.38045636357225
335.81209413895226
335.41705017327934
335.10132231873126
334.30840692345777
333.7336377913441
332.5366086800196
332.89819193385955
330.45112568060665
330.22685482194527
328.9339489566133
327.57472385153034
325.8717479691747
323.5604284135191
322.9389580669582
321.76583782262423
319.67076063864516
319.3775742026772
318.65220723010754
318.28823772275337
318.27570332075265
317.07836161148674
317.84156139382117
317.0060779160932
316.4791401431318
316.0545181516758
315.6980298357712
314.2090694239196
314.3234671716694
313.7998171056072
313.28198984495475
313.5650490677443
312.68869371207614
311.57849822922475
311.42625339096463
310.7986439217005
310.87815483610177
309.7449378363241
308.5790283218795
307.6995951179494
306.60440846736975
305.8884864289338
304.68247626221375
305.6167320918304
305.3989131690046
306.7015752760654
308.8148018430628
310.00550102288
309.9796801077637
311.8085436096392
311.71383176987405
312.63134231586207
314.4686266199623
314.36798722009655
314.48434960934816
314.44863282665125
313.8237824785027
314.14323250632174
314.7448115081944
314.4118982193273
313.4561584919686
314.0938534512224
313.68348444502897
312.3677121888513
311.4508381753946
311.61389684367026
310.99068079379015
310.86605383534106
312.8230603743934
315.73085344037804
320.19603263107183
322.77864921163984
325.88945882092986
330.6273314019788
335.5849346322917
339.85895175735845
341.26669572977744
341.85954382645457
340.68296791022607
341.51664748704724
341.9231571503409
342.9838555760383
342.07861679040775
342.5736228846563
342.04675701278603
343.5922860887809
343.4160390047406
346.6300433227227
346.6608334405407
347.75125065099144
347.2804789364768
347.74346102680306
346.299304988423
345.3198484016868
342.7928882321335
340.33258249545946
338.4970989794155
338.5922079398919
336.4994381483556
336.3766997274463
336.2966247958349
335.16408162611833
333.6604107436812
332.92379082977396
329.80237566765084
327.7929765757779
322.36320211585036
317.95226347355265
313.74215789065033
308.28266056214943
305.4868975584381
302.262071814102
298.7974262599613
294.1777691688098
292.12848602006534
290.0671904862573
286.52709539795705
283.27541925976044
277.4816249794512
273.1578326265583
268.5154622462446
