22
15
a
135.19800090675253
136.16405657448624
136.34021480861674
136.3315200949446
135.7679773234757
136.57671018161668
135.1858271989506
132.09015848106282
124.61239511368139
116.20437347578256
108.69909768545598
101.3680428643281
91.66825018292865
84.453553554772
72.0736414588604
64.58327498057646
59.09636157879993
56.63922196843069
56.85895861176658
58.02664631593165
60.7659908303791
64.10829850046936
68.17391680335659
70.55777144478478
70.56778858951132
71.35094098107082
72.22827937050681
72.57678507454992
72.9322506415163
72.62977754047195
72.55427196424246
73.32511047558226
74.77624952403652
75.53334171520088
75.78639004741669
77.23148288299758
78.79728487554146
80.087761751071
80.5598670532322
82.80119932845201
84.54163252362311
84.12860667524403
83.34383432879824
84.27877327771655
81.88165178656813
81.62130079997011
80.17302410556974
79.25306974786241
78.65078880815982
78.57108162326324
78.22627125434573
77.68558802478832
76.83201553860759
77.40761079345785
76.13032574971467
77.27050707830351
77.14884615251555
75.43047951088269
76.17778089187041
74.81560202894092
73.95781822637922
72.1462835709041
70.53078555550509
69.21171606306108
67.7072256796854
68.22799263180382
67.57895868195169
71.2042327504904
76.83223724366158
83.989279367403
88.66437833001662
95.97761841981028
99.7965039035733
103.92445164675524
108.4920344217796
112.99845173370811
117.2164489081614
120.15635505487411
122.79854203331932
127.32351893980187
132.61757197159926
138.70519395545404
143.45573906820934
150.29536542659056
157.56714642181845
165.80998198455853
177.42788950557122
186.04175793957177
192.48998029565917
192.9058332563508
193.7166301253371
191.6879247269693
189.28488516800869
186.55121619651572
182.59535514477966
179.5239547255273
179.16374123068164
179.97837924876183
179.53552650664938
180.37688704712582
179.18759872587702
178.99347440308875
178.8759000267683
176.86634246295628
175.26572378880064
167.78460230849376
161.56936963598844
152.70188348390963
145.1686875710579
139.77259652931536
131.77437744853017
122.95278028017073
119.20390476104899
116.68164885706844
117.50911744877267
119.32344032867158
122.26909663121756
126.40267321268801
129.00633480663768
132.0016013730343
133.45030309542813
134.68516077971893
136.99199305617688
137.37745630494868
136.39955132697355
137.21637992655982
138.39563250740588
138.04585419606218
138.3223896150739
137.86077288522642
138.91476058660055
138.22624277664718
139.1001767718172
139.1632014780101
139.37727267348603
139.36186826869837
139.4571682427039
140.75892977037677
140.32234956093302
142.09946278799782
143.0422936845699
146.9590243568362
150.47240624127278
155.3647258054776
157.47994584875124
161.96170459178592
166.36695182322018
170.28137493945917
172.83279056339904
172.88633990940846
173.51834066204339
173.79066939455456
172.41532164821706
170.2559749501231
169.53483587604012
167.9696294367153
168.44570696167622
167.06693087968657
167.0579560167941
165.06728237657413
165.11204149972522
164.74714979796633
163.8124131503388
166.75770612510058
171.15526396177324
178.39702076420957
182.92873056206616
189.49488050985454
194.93523277292044
199.19935756667127
206.60590938887862
211.26370880306226
216.6161424952587
216.89472788741512
217.08095121022185
216.0646212411384
213.5512059278217
211.14191114314715
209.01037744966015
207.07048829333388
207.14324958186876
206.5631411657342
205.86020840709946
205.25640784415842
206.07448259611564
204.89085277093287
204.3261746214478
203.65787826171828
202.8833540773907
202.12357324721555
201.11355740770796
199.917194851457
200.0438701711125
200.4698534912968
197.9620821178936
197.70768141438265
196.59214590164507
196.3410100192185
195.1269307080229
194.01010321416754
191.79096482065924
188.4463242066647
186.83181612563948
184.74178174779092
180.59184352794293
177.4099659832975
172.6880797563365
168.13317996316215
165.7154492063984
164.78889661226816
165.5660453017499
168.3054521102503
172.92700791670438
181.16004139354266
186.78669618010755
193.80357861211516
197.1661061966601
204.8263546926067
211.47042008538523
218.29185815636518
222.16366488252643
223.53157412903872
222.98022103131487
220.94660616815918
216.2742711586797
211.28188323693672
205.52228983524145
199.75213429448254
195.98336679444745
193.72007088922192
191.02096911468297
187.49279555739048
185.00411697160632
183.8302465190289
183.51297709258105
181.76811269343352
180.5605289741769
178.99696889343812
177.1593329676619
176.28422913775256
172.07038903460804
169.05503394751688
166.42784235504766
162.90047902048127
161.95436298448342
161.75424747370357
161.04176324795273
159.71796485209524
159.51199671861826
159.33002269313792
158.10159536128168
157.33313240780012
155.27338955112384
152.9295987332865
149.58206420693054
147.86517792745082
145.77633786972598
145.03658168177327
145.57281234516506
147.45247538067053
150.9404892807799
156.79640090634012
160.36563723972878
163.7999970030275
167.0876928589781
170.8860910706478
176.76640906697799
180.90676998355295
184.36670757445683
186.3668357599366
186.51988632500135
182.0735594550265
176.89279395941892
170.43425664670508
165.1303643942039
158.76642950572574
152.94137188028944
146.63160076288162
140.33838661386764
138.5334894402482
139.0592244505076
137.95445789583286
137.92871864816408
137.31076915052088
137.42993225735881
136.4510965159579
136.6559894483012
136.73656978392603
