# format: from_node, to_node, traffic_class, traffic - demand values in each iteration
18
17
c
118.27900569163508
117.24397811565504
115.52986950743956
114.5674223263853
113.30449698605472
111.97033863080024
109.94531472778343
108.62769185741779
104.57486488010865
99.1327183243721
90.32122226384955
83.90644767830733
75.54225509465668
63.6803819047114
54.2051191741366
40.00636745560062
39.13977322781861
38.156292129082686
37.65308158945591
37.09174595800402
37.088439744270644
36.55229509993269
37.34044107650024
35.88541507516735
36.08173375756667
34.31904326976757
33.11756753575863
29.190758778907476
27.621356555198656
25.708170476140324
25.156983330761342
25.315447025944927
25.778943677131906
28.158189776684516
29.270659763393514
31.01803722297558
32.98687178868745
33.106831689817085
34.686902808597786
33.031146705660355
35.381460967913256
34.363512736539406
35.04074602308123
35.982691607219266
37.32913452497579
39.09402938892401
42.31641405330771
44.241953145251124
47.12937262242825
48.81005186251389
50.47901819420921
50.35830028866979
53.28891747378331
55.076406656194116
56.599679954614466
57.834182161327284
61.78601407996416
66.72885469136003
73.81290786024039
80.34510911762494
86.58626838781917
96.41665188082087
102.774691992031
112.96876327038383
117.60277383093806
119.45026928693167
121.07852721730374
120.96864482763026
123.29568259215631
123.3313479338007
124.47601177570921
124.86070672440424
126.05329833842646
127.71492126379573
129.97624459441343
130.9615131857327
131.31734955354116
134.37342886995532
134.29560803672075
137.30877761914238
140.6295320776765
145.8308275395304
153.24660580511588
158.14651590547479
165.27058222956722
177.82483193394341
189.8631597512955
199.46079848054433
199.03381404938736
198.61311476370062
198.40985052747308
197.7035572788485
197.6607862421047
198.2122179169086
199.04722234059292
198.49925424702417
198.21657355819553
198.7039665478954
199.43661910550662
199.26738917299957
199.29808339481193
200.4104676108019
200.46041071267905
201.33463478664456
203.07728386551318
204.7201302221886
210.17484263679805
212.27846378596365
215.8768757643614
219.07133366060927
222.92634188010632
228.24246908121188
231.77568957048462
235.13694531911526
236.2770857483036
235.78515498848543
235.5994021148
233.3376385124259
231.4947844527092
229.601342523077
226.33225816029105
226.2888681667028
225.28430832192512
224.9606347675042
224.7574862428189
224.03749537704755
223.05919559706052
223.97576219036716
221.60844229968458
219.82795624260277
218.1054466374533
216.88447066977824
215.64055374937217
213.62908519785418
211.94896670349297
208.68584717375956
205.45331430547736
201.92920090753114
203.29875069939078
202.5502306046172
205.50856750671608
210.01512352415483
216.19301720804225
221.3808003990612
227.02138398620355
230.21026646867642
233.81242526817084
236.21600410475023
238.59597272681077
242.51921046703524
244.66066177507983
246.38699277244245
251.93189196145775
257.4338103258894
264.199957895333
271.10205139581336
276.8195864789756
285.88458881927846
293.11163314373965
305.3182193937927
313.100133930974
320.56681383429685
321.6187476940549
321.10154250249303
320.2471487107124
316.224477511067
313.76482878116076
309.1119821571584
306.3324621495782
305.2369683392974
304.1212299747323
303.67026946516563
300.5203982892365
301.05361314531274
300.5608190953797
300.84447905736886
301.71655580634217
302.8790645824335
304.09936928489475
304.19857313706916
306.12530649828136
307.65908485603643
306.7087149260734
309.4154842342575
309.9078420880357
311.0405645065199
312.359011983103
311.25283685777106
310.5911554879644
310.11511829691693
308.47598690734856
307.1162946842361
305.81797782826237
305.17810943462484
302.6992268474931
299.8702370485899
297.6637182540314
296.0113626275227
295.5557688521594
294.80100064627845
300.0262372158392
306.7183299588286
316.1703124494899
323.78565420667337
330.86283760128947
338.7371531937572
348.2157077668173
361.23558050798994
372.51639362787324
380.36592475775495
383.87118946664907
382.7848605013225
372.5868112898199
355.8862567468782
332.14824204335247
315.83437136300057
295.4001131830526
261.7078787995543
235.25748844310283
214.42810298048025
220.092957750614
223.08614445615288
223.31180608827577
225.65723266215667
225.95787213304632
225.48617413337058
224.5093398341233
223.84544232937645
224.72829662771824
225.85433367900632
226.24959516357094
224.85267062052878
224.55002132241478
223.65881511229006
224.57040272497548
223.00948161091745
221.30220510470454
219.86330870853382
216.07632975102987
212.22442335789796
208.66241522142437
202.70294600545182
198.98718043259538
193.10491135210052
192.698952082498
193.04509772373032
192.0425851993983
191.56833389766763
191.3053606825487
190.66644438952451
191.75351094732963
192.02581203435608
190.43272938533525
189.6646450866298
190.19534381564162
190.4132494676249
189.40715766075655
189.1251887276382
187.96488380458095
186.83764606964505
186.37146754230938
184.20313357022414
180.0700909115117
176.6350935485646
173.60148741751755
169.51966381578154
165.6921122111344
162.48688423418076
160.65380256440963
156.87155447647845
156.6902637997266
155.0709890797247
152.66103185668345
151.43221368977004
149.04874148042654
146.32351987496853
142.90518989180083
140.2235085747198
137.7475311921752
133.04709547850197
129.90741645427286
127.70872534170316
126.88374843611471
126.91950912391069
124.63411334039276
124.71326886745712
121.93607626828478
120.62194841148718
