# format: from_node, to_node, traffic_class, traffic - demand values in each iteration
24
13
e
56.93547852726447
55.80062876940549
55.61371207555271
54.56468312112877
54.79355808322276
52.609445594518476
52.595989540212685
52.52798408679781
49.761618108008626
47.56747692584363
43.443251585409705
39.91525327595376
35.953119494853986
30.892223292407163
24.985776004742156
19.84507062648982
18.182106421019245
17.298774511452283
18.132768379852312
17.703543054578052
17.28902909908765
17.15499900960226
17.053157400397836
17.10994313902846
17.932859566799472
16.4396900326288
14.825410402965659
14.137952659572612
13.159016569920729
12.483451535656409
12.293075176043954
11.854541786751481
12.49221337220949
13.15101293204737
13.556577071542987
14.761910368188099
15.612473192300701
15.47557041429587
15.981038909940239
16.768007337931632
16.25693807450577
16.077316241184764
16.89924279845667
16.367396676093033
17.027770944494726
18.920155904815196
20.307210771211604
20.83266598673764
23.16045186169523
23.54719215137691
24.619563798043906
24.213276752292998
25.38953470139123
27.01899492125104
27.309196014105517
27.382107711830113
29.710102065787083
32.06311201767326
35.07697571442818
37.356954767513564
41.2633644674035
44.628890736929826
49.215852387999604
54.72947486152762
56.29032272106148
57.706646997565315
56.84477221787238
58.59559246247327
59.17708264264747
59.491607235822244
60.04791342869694
58.89596240237648
60.7512909899812
61.155075420433704
63.185026655766556
62.62814263384728
63.08646401888443
64.45565643253528
64.89838462575729
65.88854754108341
67.73370825816583
70.59907764418764
72.99380370082426
75.7254013275778
79.70850370576446
85.48753526814018
91.01595859150584
96.52447590128413
95.19811991856082
94.79256942584217
95.0933275290278
95.24830181678244
94.3056500916251
94.65722526499792
94.77677055761349
94.98294638575787
94.04416429295664
95.67462954261933
95.6336444929148
96.18134936740006
95.59426347321833
95.10030457422653
96.1028953062208
96.02405738783258
96.8261458307943
98.61339835221494
100.10920661949018
102.57053773675936
102.84558132770256
105.90402603862306
107.13213934544007
109.00669309525765
111.8390632029924
112.72586297957501
113.79404532647364
113.35341071153422
113.37226221809692
111.1815587174402
110.51247913816646
109.71085762559
109.08129033809618
107.30399606139486
108.3752392335129
107.86050879336422
106.99520707659649
106.82698539590287
107.0739595898309
107.37477214452815
106.39110876886244
105.92666608939267
104.2204075852572
104.54994349425888
103.54275230219254
103.32708082226783
102.29470371223576
100.12406591009722
98.18833516811098
98.07322005911543
97.19765961178948
96.40151227884448
99.40531138724276
100.95484114391206
103.32883878355057
105.7335906567875
109.10449268460607
109.8120931466194
111.21643851881271
113.10285961367937
115.05078262015194
116.45768106039264
117.18408928361934
118.38388954660732
120.36837454677331
123.01579940171663
127.25937847454095
128.95421604438076
131.83976643929452
136.75627671338322
139.90406579114543
146.04965447727514
150.0757473438737
153.45375311603055
153.9183575644803
154.01946642886438
153.10867591560117
151.91167702754925
150.08702490443733
148.05809510830693
145.81085504802112
145.43290866093432
146.27481751986414
144.75620712576375
144.2188034166892
144.45862025974188
143.6569203220357
144.62156785341577
143.8193444248957
145.03732644587387
145.5461889333126
146.230018131759
147.27267034322654
146.93144384566693
147.0596370470405
148.1488565416984
148.16708295270965
148.56293168309145
149.24897291385895
149.91487669658838
149.2560001414047
149.0020638933344
149.18532090975262
147.19567329953134
146.55509102084702
145.6938254277393
145.25167720165857
144.35630613423479
142.08886336702707
141.81843624636792
141.93619145506497
141.06937033306465
143.74865873302295
147.50303348111404
152.12780817720272
155.16718189726151
158.31972030375638
162.4598547676446
167.0973218375858
173.8261579643512
178.08958172718687
182.820126056941
183.5384811867285
183.80691617643555
177.78772023836427
170.48571818299763
159.06706537454252
151.8012009438872
141.83994748227485
125.78104008168846
112.21644905124374
102.8504412096466
104.91151563382418
106.43459482310574
107.0081774396255
107.34631713579618
107.85535739522717
107.72963551413335
107.7113521720066
107.23107058525444
106.93605319591998
109.00356636106899
108.07576886667047
107.6173850492496
107.50288614617973
107.26604523703199
106.79815349600135
107.09092259780176
106.6396894141802
105.02170092128951
103.11802031077782
101.81992264672581
100.12994547640676
97.33057154444516
94.88802734834799
92.56260430218722
92.62368235448574
90.91606789261027
92.17546576454102
92.00562450507539
90.9324032494408
92.74069921857277
91.69413985036203
90.9815104093168
91.28927281490915
91.55472308967741
91.70164930272557
90.81490890685073
90.32697214580833
90.35379112065874
90.3382154400123
90.06432136119933
89.05631220317288
88.41092999350839
86.41650352149155
85.58469050862018
82.59573637326493
81.64613752871597
79.78111292832901
77.9507389239147
76.58890776036465
75.53294887959025
75.78725816662092
74.55923572299236
73.41960270053028
72.00088726089513
71.27899476026981
70.5755693807929
69.49535945432244
67.0260269437299
65.80482717714185
64.28589423845563
61.60462318435229
60.72415127732812
60.96776674535134
60.7489870123127
60.02458371076438
58.803611010815594
58.601409493132515
57.38552331414689
