# format: from_node, to_node, traffic_class, traffic - demand values in each iteration
23
4
d
117.02297356186453
115.30849743188247
113.45518377248753
112.60771467115133
110.08206732144302
108.9352895368691
106.73252312455668
105.4225431457888
101.85650991633236
96.61994417346669
87.01939246765828
82.63226519635683
74.30158246089191
62.32904381972827
51.46576561137505
39.23026434395641
38.95806494529718
36.767410327811476
36.91741406196557
36.23772942856994
36.213927637328375
36.5918097404263
36.23283752289347
35.46790552095506
34.93038047158539
33.00098992366778
31.542764651107312
28.890829467818783
26.702017392689545
24.834592850129397
24.185474327523746
24.923810601516838
26.060226848339997
26.917438108281935
29.332566145174397
29.611241728829288
30.66861912058911
32.51476184767239
32.72579189153466
34.25312040640029
33.35627800790438
34.916336847345605
35.464004218747334
35.640631116786246
36.427348171354794
38.05354388096405
41.72609593082775
43.41957059561562
45.4284766621955
47.10744441211932
49.08784793470493
51.3060037130183
51.43659826437549
53.547708086549896
56.139726877872356
56.71283294338295
60.693087688591305
64.7957356462901
72.85456548180335
77.9430814786139
84.09864047220144
94.36297590161377
100.95263719553871
110.63061077126846
115.71990068749594
117.21695326764326
118.0483504076199
119.50157836437208
119.57240377549678
121.07432440014323
122.21329727900758
122.40869840986069
123.83458574062159
124.90960861029438
126.26704025924018
127.30246528697293
129.52110008425748
130.37217359435385
133.73081392369448
134.080872663417
138.2040656384083
142.82269214806675
149.63764914165387
155.35547113676415
161.8739184272541
175.52464686236635
185.5166481803487
194.73352845075556
195.05034153582963
193.86705544865166
194.16018639059303
194.02691411151218
193.96757561055824
194.54012225863744
193.45410615797724
194.35208442778028
193.6543818023567
193.13021610761768
194.6066081535001
195.14632794672414
196.1232895459027
196.0202880318397
196.58936599183005
197.48189583822926
199.3857769264423
200.83581575994015
204.48381031859273
207.41080656014293
210.90613675510573
214.99869472841155
218.0923023861689
223.9745768177133
227.02798010212967
231.82355542313516
231.47455985403016
231.57464523145478
231.30966152909164
228.30536919219622
226.49848680599152
224.63967356998955
222.32366009786972
221.56845512269885
221.17348954714973
220.70875011566426
219.91163887433996
217.7899799416678
219.24710804232146
217.63444375132894
217.80597531660686
216.8473098454906
214.31445970340397
213.03490599631505
211.25655649785705
208.99987416948477
207.267599047936
203.90374633569772
200.98346469588404
199.72102224859825
198.3511636954697
198.93978904176538
202.57880069401023
205.93826550364193
212.81652177244726
216.71049463216315
221.8923214536796
225.69798253399955
228.5575887823388
231.48134773443329
234.11157775949624
237.59479141303305
240.4839293168517
241.58765001207829
246.44404920766877
252.07631830704074
259.16896640931907
265.07699578764607
270.79599660946155
278.15800169218414
287.50711462437715
298.8646180394468
306.20265454063656
314.2141784332031
314.61363709221627
315.4313033839423
313.1594023025843
310.34887904786933
306.8365711969892
303.2823887626535
298.8238915669139
298.91042900224875
296.9351534211073
296.73608586411694
294.55399937948204
293.0460271360815
293.6091518887597
293.7232023790601
294.6942186108195
295.7683541137456
297.04379520590567
298.2597317384931
299.49331874035846
300.79690370038225
301.66877751097945
303.34911134113105
304.03842727904185
304.5658039708372
305.80200305253936
304.44466700601686
304.41115189885704
303.7822706354688
301.58248281205573
301.27242207442225
299.4132773775094
298.7553457951201
296.893288169227
294.5750433058451
291.60679081990935
289.5027548080692
288.84526123244785
290.18627514113024
292.7683340806078
300.3030117579652
309.3323788183323
316.2981902002463
324.53560403548454
332.47562481794114
340.6361882233469
353.9419763801641
364.6452497324361
372.51916763092873
375.3128358376181
375.1839733234459
364.91698422623347
348.7016363713386
325.47948810124217
309.1492715537039
289.4355239973985
255.417432815931
230.59673972363467
210.39453798186096
214.1112526284577
218.87041683228037
219.15208276723223
219.37677284466216
220.98074525746927
219.37958876123687
219.90799050609573
219.56778668121396
220.31886512438427
221.7222407079248
221.14088612480958
220.57011269459213
220.8467208698506
219.8930893379229
219.38756319183665
219.15837596812676
217.51940520377482
215.77604969125372
211.6413156748481
208.77302479358022
205.6598899230539
198.51472666183503
195.98522008593093
189.4195928337115
188.85252884019263
188.3750000285229
187.94649059800528
186.94099040696642
187.09923058738462
187.07117394576517
186.27166500830498
187.69281416002156
186.90859097582734
186.00203873262208
186.72606788614317
185.5175930923449
184.76015524019107
184.7232823131443
184.85878738987722
183.36851897226236
182.96938621000146
180.28180332642984
176.41244649978594
172.6828908475865
169.06683870826626
166.15805789647413
162.5073028838012
158.9833488704329
157.1475882046009
154.55057176141375
152.91562006859223
152.12420328523598
149.7466751490756
147.95764235212854
145.54264542470648
143.5565680017246
140.84991681078236
137.26715173398262
134.98663146872175
129.6570167273093
127.72603450046996
124.72015481630135
123.77195012591993
123.60925992342892
122.56776693749772
121.48297841278594
119.29164428926885
117.62971251099037
