# format: from_node, to_node, traffic_class, traffic - demand values in each iteration
25
12
d
68.22797698210107
66.33055336872553
66.45549743469238
66.36812365293684
65.50753023772906
64.1104006058611
62.95872020194294
62.54403728256738
61.201469466030275
56.764336572725526
52.16958665667061
47.900491375195834
43.5001439317585
36.67429904857545
30.52419738340776
22.26827424603282
22.910030745453188
22.53844400213715
22.116999970897304
20.89122780811448
20.817961708388296
21.354348260893886
20.924871002170416
20.870548893274215
21.04140933467116
20.042839816184625
18.5812558970825
17.077169225537315
15.536167993747018
15.296381430549326
15.431582422223176
14.915155212587953
15.89984372278313
16.42145692620999
17.481820381589472
18.26281423634679
18.23822047548341
19.177295856741047
20.253068682788147
19.769564878863363
19.698962990518524
20.094385234659466
20.13638132509969
20.781166937161846
21.85591378990256
23.098103559782334
24.57538661175123
25.509716485236495
26.814764266090005
28.67612067932733
28.970578287361306
29.602059401210816
30.080954006519
31.141323658220312
32.115843030386955
33.70054571200306
36.365018581402644
39.11247527694087
42.45266138918047
46.085893808187876
50.015350172619165
55.050732388890125
59.17613054811218
65.1641863971672
68.92697952566404
68.03864807555483
69.66327535213529
69.7929426441674
71.28011444952529
71.3060183286162
71.62812809744145
71.7747127948545
71.60074352579248
74.83018603084922
75.07806687200826
74.66239499480442
76.33229905744267
77.55603897511477
78.9791141066273
77.59008394125054
81.41072589235756
84.15178118213782
88.08196678806857
92.12523730033975
95.85400481049508
103.27668271232183
109.0296952853949
115.37207614558359
114.264664972595
114.4938887978831
113.71115810673255
113.35880240448292
114.07694010603723
114.19430067689424
113.63465292974172
114.67189050059535
114.27805267989311
114.0742917135548
114.96337589180841
114.61296061720857
115.98003516859973
114.80217212634409
115.77785910965919
115.50051125177349
117.31351627298827
118.64985712182252
120.20660400467364
122.07865758899676
123.9538635677239
126.21271078928271
128.84285894874438
131.69125327403876
134.18005762965197
135.09021510355825
135.1983914191931
136.4912932309308
135.01307447341904
135.0218107251527
132.93040301788187
131.37297866081758
130.33898287181393
129.9019809000298
128.80359091932152
128.82383859461456
129.40976617454217
129.40656452245312
129.24276244737354
128.1524323555829
128.3942364720525
127.22118607434746
126.15410693378935
125.91200458266793
125.10056331866896
122.89766642141636
122.4931806166381
120.75881410069319
118.09395864868519
116.36167940599316
116.65141313047614
116.8987073397662
118.1556487760853
120.47485892135572
124.72360198465209
126.2394514640644
130.50379114862895
132.75792482945243
135.5777779261305
135.8430817381132
138.35722266088572
139.54636701780177
140.97867520708724
142.41841581418424
144.7012873605959
148.64576728803328
152.06289723758186
155.9510387445284
159.40816515217554
164.78708634898035
168.56640538333446
175.7156017473358
180.78585653724016
184.81849461226832
185.5484879291683
185.75650799654304
184.18326472471907
182.1298780973648
180.85340540099892
177.53842318359347
176.8367354242676
176.28658471008404
174.29316756602518
175.35089018826395
174.2814924486954
173.2965150902817
173.16729222285616
172.96846432290837
173.20261786720684
174.8535104094194
175.2221637583412
176.27669400421493
176.23463045249918
177.27561870185318
177.84713965936737
177.98591823843282
180.03860181235737
179.16151602237076
179.85058843740595
179.1494151454858
179.21807801636473
178.54540963910085
177.22567192164897
176.74375278005616
176.54312182503338
175.90045013002617
173.99507481131127
173.82497595718493
171.82388710234233
171.39374811209294
170.05064185610132
169.68671303804499
172.16569755143152
177.09427787709453
181.75235491746693
185.58581405163685
190.2212855024346
196.37692317538765
200.47486747555723
207.5692945746845
213.5524596119811
219.0711035687592
220.88546616985906
220.77076072185147
214.72962835247017
204.79315926755766
192.07098520836874
181.94935913294356
170.00988489923716
151.32315974772413
136.31517352802416
124.2443422465171
126.39256884393907
128.569723588938
128.6594358151059
130.2225035915069
130.36832611402346
130.21188104497074
129.38994454094927
129.5207363461816
129.70203343134412
129.25037813798355
130.7069180065639
129.17340431980713
129.3732950876763
129.09318192598533
129.336163321915
129.44697652512866
127.95671225354137
126.59433734940855
124.32909589454208
122.99644826325299
119.96692838139755
117.32831718463724
114.97570232144106
112.00537712183916
110.70638685994965
110.64968927483208
110.23601695686203
110.38907594525601
110.01225186339931
110.5646271311797
110.15327086611954
111.23681691076965
110.5132057135987
109.01101773417214
110.07703357883952
110.32184069412415
108.50610613822278
109.06677346567041
108.30325909216158
107.46771825773938
107.4408136772145
105.46062099862777
103.5219375180493
101.9526651713509
100.1547800098912
97.82293681322602
96.89882944877459
93.99452134399314
93.3256344627777
90.82824191055586
90.46120320161785
88.5616695933463
87.58408218351273
87.80037624911469
85.30639243071204
84.28462831575663
83.42457231110104
80.82912432984811
79.21028939945077
76.04420201959395
75.6470940639051
75.24343827568244
73.14643460226122
72.79661671487045
72.71058668380189
71.09372474566904
69.53857906485717
70.25315895267208
