# format: from_node, to_node, traffic_class, traffic - demand values in each iteration
0
10
a
87.6513350865574
82.51758672953328
78.27111675361958
72.94866168281735
67.93382873171197
63.69850199088176
60.45266926929409
59.24645711846645
55.168316926954965
52.11686482690356
47.75917141995142
44.6364887069875
40.47734345753598
35.50371081153859
30.06380797717977
21.35678810625554
14.435955597974369
10.087188790361028
10.188715809360666
9.529550414855615
9.873505222360308
11.863906852059054
13.577207071345223
16.026472926173035
16.597182380549327
17.108375114566876
16.162602760845
16.597751702611145
15.416502531817606
16.765782799914742
15.623836745034469
16.252516366876684
16.650722221282624
19.330006828196506
20.608122997278482
21.824432222731033
23.960376601862848
24.94621523410981
27.088654906979553
28.817738645129634
31.280016311579452
32.6474381712152
32.95744309780067
33.555090571376724
33.279609509437776
31.96807858049004
30.394118160264675
29.296810302384888
28.304579057868327
26.193563432644332
25.59068814086802
23.32599249096967
21.021045425087696
19.856184464522222
18.318136099903022
19.33776098325632
23.723054167215412
30.890796647643025
41.070204788312104
47.635311699347206
55.78947772452035
67.21861835361543
77.5241930711916
87.82179232059538
89.18014507843165
90.71699371511599
91.21222401600866
91.63779741622186
91.44442940255712
91.6972065004824
92.52767477779379
92.72964142668845
92.8455003667681
93.6209926364421
94.30726017634059
95.54832532805972
96.33369396680425
97.26613466130834
97.82312292631349
99.58623590081899
101.59623118646694
103.96909769882026
107.75381598972368
110.79895078601646
115.22475182160444
118.15563459736826
120.7928148853377
125.68369049344429
130.77657729769675
133.84904647065562
134.26014693057016
134.43576497452756
133.79622205902803
132.86953379230997
131.82299521973187
130.06565931177963
129.0786295770146
129.29852013542072
128.8214250443821
128.12708480491705
128.34169762683342
127.49264230202942
127.51194673926538
126.9258367434774
128.84278429532614
131.50895242248714
133.56417670369925
135.32934100898328
137.1617571292183
138.45734623394915
142.0009974140681
145.01362696913606
148.85501574047186
150.5043733682021
151.61221568379096
150.9314026997337
148.6302686553535
147.42224328478403
142.86855188800854
140.69163438684774
137.602163170947
134.32438416963757
132.95143992746688
129.66386758968116
126.55464655623643
124.06143284234345
122.99574748079495
123.41194557241009
125.8694904398364
128.55185104129237
133.0606038191384
136.74995584514525
141.4602284461229
147.97077740109853
151.43942134729926
156.67691224508658
155.9294926126239
156.3665878924453
156.44088719831447
156.44317889863484
157.1180834973041
156.44175628393577
157.74447755829328
156.07627822272045
156.73663214871794
157.30440193032197
157.5030936891511
157.3762880197616
157.86823617451554
158.05224270845764
158.18731625698564
158.15540283408157
159.09342585100524
161.0130340613179
165.4677417717566
169.00813105504193
173.41313046493465
178.59396786072776
182.8590553671449
187.89305325315675
189.72873471909716
191.62804696587182
192.2428496986685
191.72376682104522
193.36146331519632
194.35359364545093
194.71339109993295
194.4479633818426
195.78007594575718
196.85795568005815
197.82848193962326
199.14101053974858
200.07907984971618
201.2951364054019
202.6096164214323
202.70264887088632
205.3421209453413
206.60308714344598
209.9480680743597
211.8757074367863
214.72020955697116
218.99314720819257
221.11848229377782
225.59286309061417
229.6427224436463
232.14974017219265
233.3479061459815
233.26731674714412
233.18246446450485
231.07997365480705
229.1491651349039
226.90509866983817
225.4076988523937
225.3735572422597
224.89314872500688
223.78728275196596
223.7533492958753
222.63212703944544
222.69900457324576
223.57788551430525
224.1089536007835
224.05783943334237
223.6965741839897
222.1685048578823
224.15203328013394
223.417368727086
224.07295664340435
224.95873160341398
224.7147655159241
226.7936691672873
225.44024565279238
224.8255192644606
223.9229844521296
221.7185736208959
218.29886139605955
216.63631320681162
214.69309910827704
213.57878764489402
213.1272156929056
212.24276342492942
210.95956587518558
209.6099031114198
207.85161429426216
206.17487275826542
203.01465162522862
199.39052602776565
190.4395309813721
184.75982447774848
177.00403244694198
165.1691802579863
156.71193400924193
145.80840352877075
142.7424378405295
142.01711228556994
140.1550360709716
140.81179642909953
140.21208012080263
139.52838597200747
139.87991679512194
138.36390645554792
137.66909936542487
135.61671168167172
132.41111546164328
130.24623702282068
128.3210660339233
124.92643052048047
124.8963213011023
125.01208871569297
126.00338812171744
128.69843392588152
129.6553131265035
132.09641977608666
132.57336525115667
135.1138331627621
134.99872851037512
137.7587299127277
138.57702877853208
141.277307251277
140.54354968198058
140.08717848438698
138.81715909211835
138.20005239712413
134.26488103306622
131.54022620608183
129.0635541608115
125.70559044914668
125.76057034090162
122.25345804483837
120.65532125907771
119.66637163702346
119.16726571627376
118.98709385569204
118.43123131315366
118.25264417643238
116.42145443535688
116.35680829734343
115.96218513987526
115.58957880077024
115.41831669413412
115.78081813405129
115.84731300203647
113.69621768890029
114.12579279400406
112.45642541048771
110.41581204196912
108.5013158801134
100.49932588181028
95.01480121664699
