# format: from_node, to_node, traffic_class, traffic - demand values in each iteration
23
4
d
128.21954816748544
119.78861819780342
113.0640822208487
105.81322213015062
98.41044244003709
91.76365526832373
88.38407910629311
85.93724287707775
81.32105562277312
77.00778688057824
70.53382585963318
66.15107527978182
59.556538085262666
51.07696889913161
43.467694583446146
30.5250523700267
20.58926844263986
13.91583836729352
13.757925407443205
13.528796590863815
14.352715899982183
16.69331185895356
19.302533399139136
22.209863910683648
25.371314960963204
24.776059572513667
24.642004967275227
24.04009418124589
24.390343465818162
23.608846840665947
22.608799084358274
23.945691628220096
25.139740133141178
26.523858105590136
30.007012442855633
31.88966907578715
33.94335570216637
36.59083938187496
39.59514881299471
42.15573594837888
45.454958519870104
47.213549210557936
47.43565206723406
47.868641181850826
47.38479460134742
45.94673795170469
44.12484303149027
42.28790608949148
39.79673679698932
39.56698757061424
37.57082014428517
33.79715891235504
31.968657870374752
29.08290345803035
27.020352691274258
27.9714355427286
34.265077873384904
43.89420002064686
59.26359521154045
68.81283061168025
82.224970015582
98.48087500887361
111.42563617767618
128.39201751891903
130.68972569994102
132.47503246240697
133.54991731729942
131.78060888594743
133.444724674434
132.61039437929057
134.57843175546984
134.35951102877598
134.44695802577155
135.0196737649902
137.725409191341
138.2986317682787
140.42892913942086
141.9838700458933
143.03320391186287
143.2380756476176
146.3707207649048
151.4728624385768
156.20980371610335
160.19449094399803
164.80293917823553
171.76364685564877
176.94519183303424
184.32612397933735
190.08146126773397
194.09030776033285
195.06158328049554
194.87412489740402
193.46028056393885
193.8525861922411
191.01923569366596
189.083040044244
187.34888815963106
187.45092303601643
187.50697564836216
186.84196556704467
186.28258321120802
184.55352452117137
184.53827242178622
184.9881544216061
187.4707848889804
189.2917389488425
193.50996904086517
196.62561136029444
199.61663136330816
202.5971274961923
207.27265328993158
212.1002780963181
216.67165969584764
218.4139989227019
219.33995287635048
219.5376930344054
217.9043165626593
212.13668159668
209.52017797491763
204.06581518799348
199.89711611605705
196.15653207116856
192.77495595281687
188.06321519518107
182.9079139388225
180.6436609230981
179.5634527715252
179.58893022919838
182.84143400973036
187.95165940156815
194.2918600227879
200.0414205123881
206.30928054385134
214.50827352988506
219.62825390251962
226.2065302460988
228.6422347222138
227.63512291982872
227.8550783315839
227.59989576596183
227.71121110346016
228.4615729543874
228.46489196859724
228.5613200198543
227.68848791389672
228.55840231624114
228.54046634432504
229.47467160447763
228.16323169415966
229.38074655209059
230.07572571166617
230.8528493685687
231.7340573354039
234.39830976254504
240.61481130698334
245.99126550757907
253.69631810236848
259.2033141607698
265.86106634996133
273.1967691603528
276.13991432619036
279.04215084756635
278.2882282352589
280.5131557551892
281.15069703556657
282.1712430229157
283.5166718977796
284.09300772351463
283.44147051263906
286.52510513662367
288.4555125335821
288.8734870633604
291.2717803655166
291.99627036399596
293.47108240051676
294.0769856564369
297.31040329694844
300.9934843230171
304.72590152101526
307.2237257947382
312.7620584518224
318.3875398498233
320.4381249033591
328.7376183266815
334.29956806053895
337.8789143969608
338.3060007710598
339.31738962597177
337.3178519110539
335.31809050235273
332.9127846197519
329.69196203167314
328.49160233689634
327.82290487840424
326.58742178405646
325.4005671833795
325.06049745540037
323.28061257036734
323.79505082829075
324.61374535773103
323.4929925460422
324.844687189612
324.7086457835349
324.7104741050347
325.4710391664451
324.7290808367538
325.55789528649865
326.27947048380855
326.25012008116516
326.50026104781534
327.8365032229924
327.62785997219436
325.57209784325823
322.5229271799598
318.4915816747151
316.11780570851414
312.0696573928472
310.0787142221357
309.33225541829665
309.53843206041773
306.7115339122667
304.19497302186585
302.9299767916295
300.8525053610971
294.8044127229521
289.58748805685457
276.83504414411124
266.8811038372705
256.09516522264636
240.17553798071722
229.59717613745212
211.86857189776117
207.839301044615
205.28700822555174
203.87824984740757
203.05183871033694
202.69572285474024
201.6088922905607
201.35932382256945
201.6484743188518
199.94493521860238
197.74741398431223
194.25057675061404
189.15963421113338
185.44999346167486
182.16191193762694
181.90927549568866
181.46131711986084
182.9462353266494
185.82206271105736
188.2505247033245
191.88844798879543
194.24878764848958
195.5269609121256
197.91692161596436
199.7603423676512
202.51095015528534
203.52826849899765
204.15774227728792
204.87482445212245
202.8917511917814
199.61142846055242
194.60802757207938
191.69985239402564
186.799728665005
184.3109273857198
180.58452557401299
176.96776756382675
173.88069243710657
172.63417930728292
173.3034876402395
172.37769112853644
171.64807173106217
170.28061048713437
170.59822753044426
169.06249013499735
168.91512318954625
167.70284953803994
166.96018104889737
167.07915369607306
167.39107519227565
165.72488913161752
164.37397230669384
163.59251200998497
161.41363371762876
157.0866524135482
146.6959801991781
138.02170812288472
