# format: from_node, to_node, traffic_class, traffic - demand values in each iteration
10
2
d
127.30359009471738
127.5970454304198
130.00836352104372
131.96847495973347
135.49483460445296
136.793439451295
137.93595508799794
137.75825223304753
132.9915426879752
123.9942068061171
112.86775281180279
104.61692318338541
94.77748375649962
79.36918410220373
68.25790588730668
52.91328924990147
53.91884612462552
53.417127490293765
53.64213114562531
54.41643011265943
53.04919950602997
52.88426304577945
53.543384801617066
53.29813447174419
51.753575909077014
52.24301547428161
50.12754808667235
47.85670661551743
46.95514577953176
45.37948671693112
45.13371690944619
45.32724599282845
45.14206996718373
45.2294099093361
46.26773111541306
47.133071844243034
47.660093360026735
47.53966309749632
47.61427072170076
48.273875575889925
48.6852986587775
48.73500630466571
49.798732836566614
49.86644829855765
48.00903668022165
45.69515292861262
39.955746910836965
36.82621613032962
32.92588286428135
28.25107876817337
24.771155403297712
18.11233404352647
13.461734421102106
8.653654232834935
9.211651929800965
8.350711169600913
12.267192307145228
16.46558170413784
24.422358001854622
29.72888461639387
35.47710117275148
39.67279943649407
44.430179593145425
51.09567609825478
55.76548744220881
58.12880430240042
60.29365206481547
59.393901601896
58.51811357290562
57.46907597704826
54.41166353732151
52.32937802642792
50.22524699980282
49.102448360957844
48.27858121761859
46.83412306789843
46.242947736109855
45.90265920288376
44.47668523201481
43.79895985568408
45.29739940990292
48.11735018297337
49.60957274863345
51.10082898336583
53.53946814729427
54.57374075709113
54.5924511762881
55.7209914226413
56.729098474425626
57.23965867673132
57.44280310971975
58.7930257416917
60.74832333505758
63.912051524415624
67.1147434152387
70.42128180612791
73.53791265409676
77.50182460410386
81.68654956877539
86.26297633409219
91.37558052979948
94.1028436177677
95.61724250706735
94.92209003110527
93.41960592273759
90.95751377655365
88.20271916913829
86.11069467507474
82.01521149748235
80.82618503454464
79.62476041486651
77.8023883504302
75.1360473458943
73.92603564584095
73.05737080466653
73.80484337776096
75.38721460278725
76.46113024207418
77.37981085072529
77.17730737100213
79.47090433453414
80.24580520723212
80.13375720812147
80.16853786168268
79.25556098167364
79.93929229098275
81.55738191954342
81.89980489739034
84.04721392967758
85.56907256855975
91.67583469298722
98.74945722924403
105.87608902201065
112.89697648571742
118.0708637275416
125.62337643836678
130.7154131093213
132.72575078206833
134.35599167908603
135.16223182135266
136.4135013550499
138.58748156755962
138.9436439748141
141.1509623974803
141.3967272955641
142.89764524725436
143.7628184271873
144.65589009998325
144.75140978356612
147.46514677860827
149.1942488587967
151.7037509002847
157.53301450382443
163.86868386896984
180.91183488505362
193.6973079198459
209.56567615181626
223.24499199773896
239.28795463621017
260.32724316953573
276.4159563459936
289.0467264440138
291.9904655511383
292.1094479610799
284.4096514245559
272.98557206892576
256.03463625611914
243.62177421126702
230.76097923745465
212.3736370534225
197.7005415546371
185.79510452720586
188.39274479560032
190.04654341533782
190.17099337431637
190.60466033266025
191.402333835444
191.52746985712653
190.4170762790515
191.08420867949232
191.40634274769874
190.761321509321
189.4781125583162
186.44824479268505
184.207222611968
183.0512809414697
182.1657183875205
181.71862323417778
186.1904329581471
192.91683429307665
202.86389325226168
209.30260163886246
218.406746396515
225.79067431788377
231.32870793721088
239.181047566443
244.38021416144036
250.06403068473918
252.5274473607889
253.35957703433667
258.3353841701134
262.1474555352495
266.0827376012075
268.6757467891875
274.59466050084785
281.7847029420781
289.27434711034084
300.7747714753717
310.89258995588233
318.8068010358077
320.52490443228396
320.8590163480167
311.4941700168814
299.3495937633468
279.53272156602213
266.4727885503045
250.947188845808
237.53742386140587
225.99481919543325
212.3277389095346
201.31956762435976
194.00725969602283
191.51168270067961
188.8748057708475
184.17389880364522
180.44518088839246
176.61308287569253
173.38550183032373
167.68396848940645
160.54291534541025
152.3824220535547
139.90314001592185
132.13849932525176
125.20264981796201
123.70597720912494
124.01406333608885
125.29901768264199
128.70563454213186
131.9666932584738
136.02997951610752
139.05325339430826
139.23743504752588
139.95920297438246
142.9074261003971
143.20147333131365
144.79397264161742
145.25663359501866
145.19360574044046
142.82538888147016
139.53536046518363
135.00660805439026
131.5594900928725
125.9913813870421
121.73985828901415
120.47175237599832
115.67204874762655
111.34979461328619
110.69289034022366
109.34544267398662
108.88379217738014
107.69677684674325
106.26868312769733
105.45031212588236
105.03963906709363
104.13674713200317
100.40358692404442
97.62391914983267
93.88004101788344
91.10034461449303
88.79520880317334
88.87679353991793
88.16908494136786
92.33438224683864
94.28207599721928
100.90842824968274
104.78092282386093
108.93135467493859
115.4539176004526
119.46156169979139
126.09110811329563
125.78984302255843
126.64120287365495
126.82223611499538
126.70663957017145
127.1504737428379
127.05866415679807
127.30910570346849
125.83920500483984
