# format: from_node, to_node, traffic_class, traffic - demand values in each iteration
22
20
b
129.85088803104225
128.33032268886174
127.4888859984647
127.95753099461231
126.73939301987264
123.94345884897739
122.6887413967246
122.16583236932038
118.7662754646086
114.94610472390319
106.91563090737321
102.53685684022824
95.15489059135847
89.00156585391409
82.70384611988544
72.8884386849345
65.92956332306345
59.958943390957145
57.6641976316823
58.89049576182614
60.43959426958706
63.152233781786805
66.8364232818956
69.08049876969503
72.09287391940306
74.65259830305911
75.54543356982464
77.32956819344157
77.06340729720426
77.9624654085471
77.18825537977126
77.98045822870478
78.1070690631001
78.1014439927661
77.57031185714938
77.87141977012375
79.34118232436072
79.61604180872979
80.2338901386912
81.31652031845327
81.09198821374352
82.08527363051516
81.83658818305955
82.62087177512322
81.60519859327974
80.56267796846579
81.33869358223014
80.87051670436152
81.63083820373787
81.3269559621789
80.50912978673041
81.12083742285657
81.46219788739974
81.00630128265233
80.45147957945373
81.09952400694134
80.23486277470369
81.14548758465395
80.73435734141749
81.21435274388355
80.08896569531643
80.43988891661508
80.05883357735705
79.76825419727157
79.84606186245304
79.61163938608499
78.302413630103
79.32500459032316
80.50960219092616
83.44686889186679
86.29221063425899
89.3082264085481
91.16288601504243
95.61750185582959
98.15594353650481
102.50581758087485
102.85619600387312
103.08949075869369
102.87648870100669
102.66990234196821
102.4161352723733
102.9206350826132
102.85705464225764
103.25273264567171
102.51092185654618
104.01386904113406
104.29096785131567
103.0302385220288
104.19484133657805
103.14774488118641
103.71798162518775
104.88410883559169
105.93271679305812
107.05059663024514
114.09749233877262
120.38754865870148
129.89598862304044
135.11676882915668
141.4749718341991
149.21655209310185
156.6318280622421
162.00080916134596
162.59670491181862
162.42362233931942
161.97951545403882
160.1834281225179
157.32005203905865
156.86893649190324
153.4734931454923
153.70473738238465
153.56683778142252
154.9765541563361
155.18278675548535
154.8977124220169
156.25105310848326
156.07042004880796
154.26611856591046
152.21109066308256
150.28428140015146
148.4701859645907
145.9331501945544
143.40905448253426
141.5768812077448
138.9575747484932
136.0655604657776
136.28894973435084
135.05177122076648
135.84490952982074
135.36044575978426
135.32001666437955
136.50834130574918
135.8751542145745
138.42880060130608
137.45412705300433
137.69369507550923
136.6343679212163
134.87856711571112
135.72355650974916
135.33786892427463
135.44287542375667
137.5902926712947
138.84933147253037
143.93696759617322
146.7774898507422
150.16061921693188
153.48148323553244
156.4353587438932
160.80214063617345
165.00282358655005
167.95469371066733
168.64224384151527
168.28781432935747
166.16576524471003
163.4954402851695
158.76074568604903
155.6355339370356
152.64081438825986
148.8054323577149
146.29636118766203
142.35429482965668
138.71921071588008
136.45977415397658
135.7314983429328
135.43786897064285
139.05242333742748
141.6296136335672
145.38482756284486
150.20664651932165
153.81317892096166
156.43856587773232
159.07133581111518
161.55648016988
163.91007086716158
166.4345852240985
167.31467712036653
168.83458446343468
171.41287605405233
171.63783448756678
176.4629204676411
176.95319904502713
179.2771649177459
183.86150500012212
187.03428532363912
192.91441573839532
195.97712636252692
200.2392416591901
199.712436755471
200.20312455473194
198.63733574889383
198.06715579765927
194.16831658071158
192.5026841952232
190.944178807726
188.8877196055239
187.48536709840795
185.83531344927002
184.53853213948867
182.8677863223697
182.83153690518452
182.57199279324576
184.80713609904205
187.17220559630752
190.7110400844782
193.36174650208432
196.43076962580528
198.77769892909586
201.6582387860655
204.97261429625178
208.1154194754354
210.431317017854
211.36818770275704
210.28194225255828
209.2032532508733
208.51704498707343
206.35377721493109
205.80091322471387
204.8322187328813
204.94677469429985
204.19090117450034
203.60398725273402
203.22195503577234
203.73462788857753
203.59584804459323
202.60320748130576
201.1780055459378
200.8697138491251
197.087119964831
194.08250950859363
190.31580948730004
185.9532742297114
183.55431869274162
179.1238579367884
177.21255749993037
176.7953922281419
175.09400669820505
175.66469151847988
175.40187119058788
175.1765585468575
174.71991238469283
174.60205905990202
174.41667920930675
173.24108926310942
172.88725316362513
170.87627146367976
170.53078617364363
170.0268987615549
169.89320929292896
169.09848490830322
167.73675080287637
168.60645635892806
168.03552127966623
166.42416901499263
165.49663881106179
164.28296056078605
163.9003670078301
163.17664977498828
162.2667217455657
160.83930363874887
160.19704638600263
160.20332222971848
161.18730080023377
160.6334354206965
161.23427263705958
161.8342623750397
162.33874927960377
162.70849766626333
162.0148483589076
163.14416444938226
163.23559784529593
164.13008279750602
164.67391739037362
164.35103974059163
162.70797021664612
159.61861477460826
156.13553563433658
153.0597441226619
149.78475009223948
146.58907964864886
143.74591694405885
140.9716455188301
138.0643227383572
136.61853882923248
135.25489787827837
135.26586487321833
133.89301284976406
131.21530933632525
131.70424987245377
131.2299690337516
