# format: from_node, to_node, traffic_class, traffic - demand values in each iteration
21
11
a
184.40474606479202
182.32599084934282
180.5369901385822
180.30081759342863
178.11903284679323
176.20404670752447
174.57131886312203
172.76492063247144
168.93176005299532
162.4607764572033
153.0105953552452
145.10300883828702
134.39343137660245
125.41471980790479
115.99616671994721
102.08211638184193
91.83734222581788
84.4404019136302
83.62544347852368
83.56870934670793
86.40882540059938
89.17240578237751
95.06202346745896
99.30586163422281
103.24007130479927
104.68001226098939
107.34962102479182
109.45054457329421
109.64730180913743
109.97001677287446
111.19088711478727
110.09234946859826
111.34996031244643
111.99044630537743
112.3767047037224
112.36237383075637
112.41896613485382
112.87839777931387
113.15122154996149
114.26955257391931
115.325326543917
115.1066832242484
116.34889535647669
115.592043073145
115.74300379183826
116.36918317235953
115.1201189561267
115.26934408541578
114.6529312677357
115.08778237699352
115.74796644526101
115.42969803828555
114.89080591370346
114.71408280920723
115.765418467978
114.87654094069879
115.75051630235885
115.34961767065975
114.14357668882123
115.90093432115587
114.36665957994627
115.07009824692386
113.32948779044138
113.80108597294537
112.8712339673857
112.47159107163465
112.71434274649111
111.66450569107019
115.36390530373725
117.16055450404984
122.29691088330881
125.09966298898541
129.59911019781507
135.69161173928885
140.03265640463658
144.65025380233627
145.16954949824725
145.2139346834493
146.75520790460925
146.85822899012268
146.81911751710535
146.52611917988236
146.24602747414968
146.98015875429002
146.56098686316142
146.36714044881705
146.84230471838012
146.7879874793108
147.40322497494714
147.1755181836597
146.9401112466593
148.23991158238107
150.90027389666403
151.7843852400424
161.29249495553927
171.30820964801828
184.17181017793726
192.81408247845135
200.9674639152405
212.81833295616764
222.03726839295106
229.39585653916183
231.01806037196818
230.55785432480155
230.05024672331888
226.41561784555677
223.8419242320361
221.15982361185988
218.45188489437328
218.50886933266347
219.51866422493916
219.63015324750043
219.60274959659054
220.86513430131632
221.03744072773645
221.09252985489763
219.94808993096572
216.05720285620745
212.8300155476155
209.42963716526725
206.79917208748617
204.5604836465774
201.47689070576348
197.37561250932538
194.73832573489588
192.9031239655672
191.56720617148508
191.63733814038847
191.47443895665575
192.84002051468312
194.13936411911746
195.0381237125453
195.56334211959145
195.43966352129996
194.92031896362792
194.4801133976239
193.37891079509416
191.6506547658822
191.4246129971899
191.92113806407858
194.3073727278663
197.8424237453698
203.95822837488424
208.30034446048117
212.03420434472417
217.25678266156845
220.9894287902289
229.45497308477175
233.75142639628473
238.71800851450075
238.78809762658545
239.53394063648778
235.70498350966201
231.5653883902214
225.00859364488406
221.03423164060567
216.02603895127652
211.63416625703823
207.2477583130041
201.65792493816636
197.12570616641335
193.85161700179535
192.9885308422885
192.45316227301603
195.80022256744576
200.46446222432292
206.76995766211814
212.55315852562674
217.84663362495814
222.49181560776375
225.4464923089311
229.57108592174873
232.38228930893737
236.4192440919521
237.61273896185057
239.61386903432748
242.0270917453542
245.82614913062105
249.2066709687722
252.03540481048785
256.31121080689513
261.06081112761944
265.509758564188
274.27822762877065
280.08828214196615
283.4545402786378
284.18467796435215
284.1292327431956
282.303225360669
279.84711758704213
276.203908534286
272.695164610351
270.5662430851715
267.3102489966517
267.6521404256993
264.2287433874686
261.160670056641
260.30466573725334
259.6897300433243
259.3459005869232
262.20309454267266
266.1359877905066
271.1700742465006
274.67796364398623
279.08038533222515
282.67846037718135
286.45047818747776
290.75164968031714
295.8006011152956
297.45277163343223
298.8839027280005
299.4959697165211
297.71832135739123
296.7196127614126
294.4706663682274
292.17921895086863
290.4161481350793
290.4824622652286
288.38365746849024
289.24070732934274
290.2618840222119
290.1382671943729
288.6759966416775
288.4965296485192
286.248834864582
284.0843734458319
279.35233267919546
276.0104151041748
269.88789116718937
265.58217110836904
258.86747537012104
253.93725007590572
251.1695071565083
251.04217991418486
248.82351286087865
249.4216842530145
248.5838297101366
247.91812607205182
248.58341329747324
247.50172760428413
247.3334580570095
245.938131198924
244.66555759811448
242.99264488126948
242.40576254404093
240.6923723575631
240.5643291669759
240.55210100562454
238.83249567320763
238.96498689377617
237.7440973609108
237.26717475808255
235.50706022180813
234.4342850659814
232.7516342631748
230.25806510596522
229.13059143094088
228.16371761042237
227.60977605545668
227.47964076967438
229.0258761311751
228.11178029797213
229.26219357774525
229.36418129003533
229.6619018792611
230.32833441283225
230.33989016459327
232.17121932756538
232.42400787993057
232.43508955284292
233.50122900685378
233.14906608668434
230.59251857172075
226.29872062620913
221.10898472039344
216.94742044007705
212.91192440898297
208.12226362120504
204.42557016954854
199.9503024426627
195.77475088260823
193.22372349686347
191.92895723899406
190.81685714620198
189.95569121910356
188.43764038258658
187.40345458482506
185.97861472785144
