# format: from_node, to_node, traffic_class, traffic - demand values in each iteration
4
21
c
17.431358306200302
14.463242844892218
12.709166121395187
9.950402047892815
8.437414978981703
6.941799400382244
7.920218333333354
7.717864550343649
5.55113691907864
6.452693993833533
6.2213294939084305
5.885834004451947
4.96220495105981
2.9649610511678466
3.1726324198404545
0.47468005629387494
0.0
0.9661733386720112
0.5157454593622885
0.05867922639612703
0.6955038073476414
2.9894230331032787
6.516942893506788
10.288454367448013
12.516497905294479
18.083250438404352
20.86290495653249
26.482261526441306
29.35785453941622
32.5641697339456
33.15401806551943
32.64343197729349
30.621808081607057
27.230542301962686
22.50559010222949
18.392091478966922
12.369557396702126
9.768588439600151
6.120361463050023
2.2680065987934177
0.0
0.0
0.2641455822234729
0.777697010181088
0.302645206859797
0.0
0.0
0.0
1.136097321490331
2.4130450665773746
1.9168864265189849
2.3577186715984486
2.946062096716321
3.4383983688640862
3.862021938391911
4.009391145180302
4.435491513868182
5.933032813072101
11.37166501599462
14.20244721755899
17.77164183048373
20.507465503525086
21.62419661806843
21.50007881878582
24.73633382919657
26.495498604812443
28.23563874860613
30.46921309117087
35.3706699418687
41.200556759277966
52.85294894194289
60.31973124953249
69.8505538568758
81.32408109445564
92.15942395278688
107.50666521237696
120.10016686052889
130.64870240562877
131.6311177014932
132.3143335200658
124.67897579610309
112.09409834744747
94.61011875393612
82.34928521009344
68.67732523495779
56.77182272991975
47.96862491592122
31.994066450825272
20.119005612247186
11.125708815853901
9.45615454555759
9.317043374256132
13.567874484586293
18.583583630541753
26.110785616343048
30.89048176264237
37.20590767078295
40.22962210217237
43.30976741081642
46.9589603609703
49.65494428197572
51.445592266979794
52.448127590232154
52.57463045277794
52.745923185684596
50.436615208555246
49.60188121033888
49.633711208581374
47.691778368838506
47.119315906129906
45.37292788244829
42.45899354808499
38.446698587703885
35.992441295806756
35.06486562325637
35.3317995208574
44.78246251671299
59.877771077692245
81.21295393300831
96.5795324448774
113.94007682533802
136.39263536728052
152.6365662669467
175.21456067033535
186.32032299805422
190.63819480194545
193.21034938815563
194.95901465112712
196.418317698044
199.2388911425311
200.71073189778798
202.49071579260107
204.86881816378616
210.97586410829354
218.49540147270918
228.62784289763823
236.9823309119876
243.22727629639715
245.43831249779157
245.58175298285423
238.16469215192555
226.5139043335921
212.954791715256
202.40067942611964
190.06016829114628
176.64008189499927
168.0229541927346
156.36312547924513
147.08251444253014
143.87953560421434
142.79628260363364
139.98636072240257
138.42852578009825
136.48505632199098
134.12549500945812
132.30544164428514
130.70779555446154
123.83235081201666
120.83625478000332
114.37149699513772
110.2572729987047
108.06825590965084
105.94297795879737
105.29149669233864
103.2356670935938
102.57114149686151
100.11715464009859
97.93054883704421
97.54971076534667
93.00943180245031
89.15577208945432
82.30575534901182
77.04067121170048
73.42674125106011
72.20736761793252
72.69404290258836
78.33691010649254
86.34121231705649
97.51721794262122
107.014176281233
116.89895207805385
125.7302301682681
134.59932723327216
149.1408152685243
160.67817034042403
168.1665331638374
171.60752111875772
172.552291099002
162.40406003525905
148.4609469547307
127.66914557036806
113.85560163913993
97.76963107839707
83.79180808062677
70.86592873932784
49.96299021069101
33.844979272306425
22.62028582606179
20.954134831079784
20.976560882144305
25.600592591968702
35.347932729390344
46.995279593020314
57.099749326996985
68.93315510914448
74.25953666437313
79.99231538835309
90.26062335292693
98.17931114170771
103.72402861461485
104.6991972528916
105.46073337195386
101.69323522781147
94.55577303725808
86.87934176262038
80.00278607498805
72.59467656311286
66.83129580452756
60.88957428136188
49.808958444757984
41.159834927366546
36.00619419379041
32.55196943454417
32.464489314679454
42.888044550328146
60.497939410378684
82.21858252239502
99.24021198087442
118.94211169349279
136.12301482212155
152.12981537377033
176.81936266479514
195.32502900006062
209.5001331421086
212.7951566463872
211.56708549561
205.9575828079633
196.00869520700363
184.3148190487328
173.4541023638971
162.71645497934514
158.24709380847747
156.75874146193564
153.41267268056754
150.63301780456706
147.0191381059618
142.97266600311823
140.61968911624325
133.06595683838245
122.83563549226183
107.10659966091508
96.36417927132753
81.53338983262738
66.67601397991764
51.809787495985226
31.146594857887305
15.435029811216182
3.3473629514915353
0.42212009905488534
0.818404303754428
3.012977733340365
8.639421626350083
12.861508415428982
17.25995793349879
21.885321991644233
22.489571875672187
21.47388628026537
21.25212648442438
21.769549164843827
21.4131714281676
22.681583434831047
22.80960633871659
22.461005552608707
22.65927608640977
23.031363961792664
24.313355172761057
24.40378006278277
24.1018882832392
26.351485843362894
26.80332727379884
28.068142405996877
28.627871688894974
28.733872718844957
28.96542850275961
28.073323711435965
25.704205163782987
22.829689310936185
19.905362088666067
