# format: from_node, to_node, traffic_class, traffic - demand values in each iteration
16
6
d
195.1800464636188
192.89489668091105
192.26989899154438
191.27832097036813
189.0773163463066
187.25197687167528
185.48951282724013
183.91520291292116
177.9491994807575
172.3517171337562
161.75529231086674
153.4003382985328
143.34368983858644
133.7260868598561
123.82288725903683
109.74421726023125
98.66772466320631
90.24028990295562
89.30358852421351
88.17071055579996
90.70799536669928
95.52106290695961
101.37615211488932
105.66959672262104
109.4297199286493
111.44026276807458
112.98167987517348
113.96838353569223
117.03737238480504
117.64961102604204
117.02956054998911
117.15454692212411
117.00350620754341
118.15507760884745
118.15422609968338
118.8615655264347
118.87098446060004
119.32659425847035
121.1810078670801
121.41406360311763
122.72625849883958
123.13755551353198
123.05442470106914
123.39893387493058
122.28363665119768
122.34205940812852
121.44633365580076
122.69757692119065
121.96675043997213
120.94649424032802
121.92094285876834
122.06609824478736
122.87924550422318
121.51778006772327
121.86976550202321
122.20412737753051
122.77596148267575
122.44527031840576
122.19242931769409
122.51946746195188
122.5013340255679
121.75200018888529
121.7923644073748
120.70866305118322
119.26155007096942
119.64278978338878
119.5235881181468
119.55595521768333
121.0373398186579
125.15484769281473
128.6812864852244
132.78649937302248
136.51901124338434
143.7368457707164
147.8777892875332
153.5378220287947
154.88205764443987
154.46682519913006
154.71186703134236
154.8869557879695
155.19979426350847
154.85465641274502
155.81167732323934
155.07594222854544
156.32754234791602
155.2374483724119
155.06358378904827
155.39580119095896
155.22881840153477
156.2509543157108
156.38543351420262
157.48902150829
159.31219488795077
160.74197173691695
171.23677332781023
182.03834977936788
194.98712134306527
204.0045645880818
213.1521604421238
225.80397536205834
237.21931646455795
242.63785181103503
244.399098370068
245.362140071171
242.5242029125011
240.80869976619815
237.57855239868306
234.2738579185534
232.55604125475824
232.3536128072513
232.47211877785207
233.25137499180542
233.42862720302017
234.52798604974106
234.44712975773595
234.64082896905967
233.14819887494392
230.77911936352638
226.0048763852956
223.14350385242676
220.12778683366417
215.80320577395582
213.66413443206423
209.41803919581884
206.74191980106355
203.76689205851886
203.19314819062
203.3323933373452
203.4562624498227
204.9579346075602
205.49005996355478
206.92605215250845
207.55424124773663
206.72328143783994
206.2551758071802
205.75314133102384
205.46280518475493
204.8403550947729
204.10854994403664
203.39252320955904
205.56250489650418
210.45290916797782
215.8788705413915
221.49617867401204
226.05106887266737
231.24195288515438
235.06178075276648
242.95767126116706
248.85359845584705
251.96442811467452
253.60401785391903
254.05605965386863
251.09101777777462
245.7990521940428
239.0826229370796
234.61910692538788
228.2844169822654
224.2081746161409
220.58814040900907
214.87467825356958
208.60892880958048
204.4320314727091
204.4286377575391
203.96800564536585
207.14161532955242
212.51911928936903
219.24331514914041
226.38778500619878
231.1238656340136
236.55916279763207
238.47532611251248
243.01884776206805
245.5674331301494
250.8049458114567
251.53849490305254
253.38166955754758
257.21462624256895
260.3308755771504
264.6086995969277
267.9229219422298
272.1088447616229
276.7738339304731
282.42001568501183
290.20223916237205
295.8132861545361
299.9009595387092
301.2162212667805
301.55177322463686
299.494269674016
296.1322121538302
292.19063891994017
290.25678162571734
287.1125918440278
285.5036892584512
281.98928230477884
280.56698604441794
277.62702957730016
275.92799278962383
276.9831504134714
275.0426847290874
277.73364623879996
282.3648502161654
287.7755763305818
292.37237899379846
296.43990798503904
299.3284164155151
303.18958412478537
309.5562213045814
314.0372536786671
315.7605281349345
317.1560729604709
317.1473867319549
316.04594741386876
313.95082091663926
312.663633941432
309.93576678865287
308.46945139847514
307.6615963227459
307.70274103879484
308.1175280999362
307.989595761073
306.7075564960475
305.98516838735037
305.49047129422905
304.0446857756893
301.82598958932283
296.42097961902454
292.51726156192393
286.4111438171104
279.9633726894276
275.2009962838103
269.3590828526992
266.69003360621946
264.85360895410156
265.7751070440493
264.7952602056799
264.2603818525775
264.06352384154746
262.4069069779598
262.7228024951474
262.1036030668345
260.6884611098008
259.5610407897536
258.9175880869296
257.54328463616724
255.71292011479053
255.42811448304073
254.9866124718484
253.90850681737547
253.0450790615213
251.95434533634273
251.3106156632539
250.4733059735022
248.65887801836024
247.0615537355154
244.33267032128379
243.64356945297106
240.90267424498458
242.10014788838123
242.0514604182339
242.63098610965778
243.27275075706353
242.60751253927515
243.15871696302983
243.8476979805045
243.29859950250625
245.0773747854174
245.8053506275835
247.53362632217247
247.7553196045602
247.28802472271747
247.61107436460125
244.54447782811124
241.11685179928085
235.0599847885408
230.14924981601402
225.28561947777666
221.25400630915667
216.8473122555461
211.41013713446233
207.525244209748
205.13265449810893
203.92158451877748
203.30899086751165
201.47583003146678
200.09504003539033
197.714950522657
196.48491969889662
