8
16
e
99.47792293845164
99.09437792332703
99.53481090329198
99.44117034137686
98.39006229540459
99.64045398264165
98.95449958284547
94.10480253142633
85.58054502168821
76.16300811668326
68.34307757581944
60.63574637385275
51.624842274344054
43.139814192651905
30.10412299554297
20.887426143210163
14.021344107847714
13.348384323617768
13.117075217248729
14.956182841229852
17.14327187458726
19.418151435767523
22.95375067398722
25.570080099391266
25.34699203716014
24.60558697551052
23.981766799310627
22.78118498516192
23.249988485507412
23.23102955805896
22.92831699850043
25.15988117576227
26.298363398272155
29.732607032205806
31.566469623017614
35.37931106702599
37.53187329463152
39.25984265063107
42.38100914012617
46.24332237351128
48.06788797958601
47.89282799230273
47.744808235528374
46.96823286276176
45.36440423576394
44.32079752907362
41.61500930136264
41.99850339997755
39.88643859299702
37.62870962071228
34.396087895446406
31.83622530845565
29.08817737303619
27.30835795858058
27.147970797357882
34.66068078989182
44.083111031178746
59.35108147022675
69.850153810743
81.80919953163388
98.74692740242801
112.74838936305568
129.25578967135854
132.41077565994132
132.73567248342948
134.19732762423635
132.86940238150558
134.22109362262063
135.03519675417246
134.44777568991336
135.1876094046165
135.52146442397716
137.0775681352131
138.6765582098102
139.70730481055446
140.45094265698788
142.88956405901018
143.9999325131172
145.3812329705279
148.32147431414666
152.84241361704306
157.8073158084068
162.45595475412162
167.03010009779533
172.7061854083028
177.51299264761622
184.7396781018299
191.37743877056425
195.80562158788769
196.77524566814262
196.2408273277287
196.07721892932346
193.91508123850903
193.19373221706365
190.50060766209958
189.25602918485583
188.8311430995351
188.57074702960108
189.23307165489246
187.17501261978637
186.96381606317473
185.68885011793773
185.6385991013884
188.66090756518867
191.25719638671612
195.23135056469317
197.83959108010754
201.24023070446665
205.32468645360225
208.0743568595807
213.28729622176633
217.37669289770162
220.14183181726295
221.00825459771005
222.01914365180627
218.3962424976122
215.20365210803428
209.26280591113994
206.83683596405962
202.1839269529284
198.08627338729121
194.89864023361443
190.19158805255384
185.81746180103275
181.2824415161702
180.0249665241074
180.5689361197342
183.5360682789937
188.48134535766798
196.78149814272493
202.1039380625833
206.94959406810239
215.4197834974052
222.42312700807128
229.05513166950374
229.09827312614368
230.08549984838646
230.38006926658576
230.6322167777645
230.1769856770658
230.48475900420542
230.34381576006933
229.85535266940298
229.7011133916716
230.20523940751565
230.38576317646306
229.8879275411561
231.10024257911152
230.47659506583074
231.92627138979364
231.22525113005736
233.83830269521502
236.5280651750062
242.23470686664157
247.9697511093046
255.92533647373
261.49460318561665
267.67934340417
274.64380170069285
278.90177780658433
280.4953292026486
280.7629902586869
282.57814025235945
283.57325969226866
283.687869285814
284.7737942058448
285.69199411725793
286.23736230461844
288.73885881717524
289.61251186889484
291.12215892866465
294.3129209101517
294.1271016436736
295.5541036296969
297.5114907030439
299.7555066150254
303.33080856839274
308.1375553189033
310.79533470710885
315.909778209192
320.26567047176195
324.56481568852917
331.39277897117483
337.63188782545114
339.59734781300943
341.5035466257308
341.0416925045785
341.45232493168265
338.4560625689133
334.6193757806617
332.49569370000796
331.3026766163191
329.95075625018654
329.3626893366603
327.54594486733794
327.7545111667375
326.9355306234249
326.76773353280726
326.6985166439208
326.0076111353537
326.6386035407101
326.8724392285107
327.3687691364845
327.12779893196335
328.0925266410063
328.7030218936898
328.0813029787771
329.38711029668724
329.94037627176806
329.2759805773405
329.94941193591876
327.7433275985236
326.1736416897337
320.86747134543265
318.58183333147696
314.30125954173474
312.7514893650884
311.33389731637556
310.3338454790102
309.71851464790245
306.74830488016767
305.6069625826315
303.1196614308466
298.1670868310068
291.7312074893851
279.3184711454521
269.441525309706
257.2579586611094
242.33477865978455
230.6568644550233
213.74974982681454
209.2140836970667
206.81765257169
205.6070312863703
205.92228246514455
204.63174305991961
203.53724146800874
202.41968744106933
202.67587113343777
201.7347242038675
198.547070913811
194.08813479796638
190.49546446425984
187.42135361243487
185.51917832373243
183.49164721515666
183.66182207542406
183.70208000011823
186.15621337908883
189.70952222187776
193.45613184502977
194.73422297227847
197.3786820010217
199.11937284213062
201.1730355022801
203.96506864256585
206.12068039974042
205.63199337811116
206.99660889955712
204.01879457097473
200.50440798041228
196.4290130116973
193.00606667439163
189.14906882846384
185.66797894555862
181.87310853838238
178.09048973145644
176.08661133341303
174.8113202163661
173.91108096409593
173.4442478420282
173.16636607993138
172.44883260595827
170.92624518080652
171.0550815610137
169.7527210874363
169.70073053764304
168.68922764580407
168.9302353347856
168.33943656976766
167.89192802501674
166.5864704191827
164.416056666997
162.4608062457678
158.00610577079254
148.39265157916503
138.95158512874977
129.07970806867607
