6
16
b
213.65356182295756
214.06015478338088
214.92886217262458
214.23623248770707
213.59358724294347
214.16374042825387
213.44313740057325
208.23795423628252
197.72023551777767
184.0629611862579
176.37636814340738
165.4944398484039
151.0880464041844
141.16850119144272
124.80132924492689
111.99802903674738
102.03401734095212
99.6951978362699
101.72435192511638
104.0484929119388
108.03869104690402
114.441618640957
120.04089486984026
125.15306690158876
128.0234195885507
129.95989446524388
131.48284667460666
132.22766692969736
131.8956563694656
132.6814936941838
133.724853031236
134.19670085975366
134.50565572312127
134.78936813151876
134.66602384788035
135.9067556651869
136.99865836448052
137.1934253006651
138.3869191931267
138.8646080297502
139.34551300399846
140.55818613427945
140.04008891489596
139.776143258585
140.88334779587896
139.67902090670034
139.36302200157618
139.11405857199478
138.8224669695802
139.0445008390404
139.5042628998104
138.10133656155915
138.48807822620475
139.04156228637686
139.11909095729516
138.7947877796124
139.4536512053721
138.89339824981545
139.56507272911787
139.4785333254998
138.5429388122047
138.55844317148504
136.4843871671884
136.03261945099104
136.37038873361706
135.80066899891074
135.33340729629518
137.29234703865026
142.22044941426887
147.93201442813717
151.58344416053006
156.46269248918537
163.4200794335436
168.51641093804614
175.69936500087226
175.55887711238293
177.53097733254393
176.8172756589029
177.0212726786787
176.42784412640617
175.92959129674378
177.17985391445126
177.19708968557072
177.46778531031802
177.43919048597482
176.09883106305278
177.0745522067993
176.28104568128208
178.29965663809156
177.46986594134145
178.0918570955545
180.96243003503812
182.7524325651791
196.1109406287445
206.69902814886024
222.38635375249672
232.47832320540851
243.13912784037245
257.143760300647
268.5168776047135
277.2796854408198
278.4598248902424
279.1905996487497
277.32591490898176
274.4457687547409
270.7592986281393
266.6515883022031
263.9534760531516
263.6594959307597
265.6006960565728
265.6918744868637
266.4638614867588
267.0543940704792
266.31449945280167
267.9111599873669
264.65320361096445
262.1104372389342
257.74765486457096
254.4500458840752
250.20168361646807
247.56919431498022
242.94468386149103
238.4232434567338
234.98773142707108
231.99921729624
231.2042738543165
232.27595897607787
231.72009679096482
233.786745597478
234.3961187547328
235.63118758867944
236.53674493165872
236.008590342098
235.3300543577106
234.21987645805962
233.20958590715037
233.01140307498807
231.94779569730437
231.85713776013492
234.50665965760234
239.93526867037204
247.18473916036137
251.20506995678815
256.71014979577876
262.9220884759832
268.1897824275349
276.68814853454785
282.4125844030078
286.8402327754442
288.49800592383014
287.9796987841377
285.99938506362173
279.4875986329271
272.81276077573045
267.47145875000956
260.3019705387347
257.038183560965
250.2677814437717
244.2969729607936
238.80171298651325
234.1228089370358
232.43778970907755
234.03336217114634
237.04287097595758
242.94069881161005
251.24357819037985
256.8823612724025
264.196419828151
268.36967490787407
272.01059427676483
276.7742568220357
280.66013255193064
285.213067606586
287.2080784888714
289.56150440278645
292.8994373713084
295.94419962343636
300.71627713499856
305.0278603681539
308.92938685570704
315.5072350547482
321.3837406254088
331.27370282029625
335.9519609289453
343.8875457720286
343.39712504211764
344.5571060539536
340.7292482183054
338.7379629445076
333.95980887744713
330.0292741287168
326.35742515112
325.4366483790886
321.7232460981404
318.71012736066155
317.4680950472811
314.0950580053145
313.13893066233334
314.2216923875612
317.04183548861903
321.8711000668251
327.2413459651226
332.15307271416674
337.46162790534135
342.1825683390384
346.18188484286605
352.45293289905624
357.0192024272414
360.9205071024787
360.70193975624414
361.23478246711164
360.2414297958356
358.26488379851503
354.92091112484695
352.22912035340903
350.001539874204
351.1397110095846
349.39910412345586
350.00512994638984
349.5173432730301
350.1595335830444
348.6718483774487
347.5961392455482
347.2978037739311
344.28875829213627
337.98400647420567
334.30612727670905
325.7316933333921
319.0651045509867
314.1021815982815
305.4133273361648
302.6705568695278
303.33410621034017
302.3908921680661
301.5644715037041
300.7557650544855
300.3437949843294
301.07842066972734
299.70324298366324
299.0671993080976
297.0858590106848
296.2011326421668
294.10245766479795
292.9532337531863
291.69485216972134
290.50977968316795
290.64017759339333
288.95238549943156
288.527795757784
287.35102433563725
286.588359139441
284.6036278955174
283.11730544215993
282.9382201475965
278.956070746817
277.399610831088
276.28309383971055
276.16971374684965
275.52904056134327
276.45624650172846
276.5130772002382
277.09001607711787
277.69537689002885
278.0822224299902
278.1934253130274
279.23350951514897
279.2045583846994
281.20104134444705
281.2823719796954
282.01951836414173
282.3723428565869
279.1088422468376
273.54179296183634
267.66223616359224
262.6467651745393
257.03600563032313
251.0435238708429
246.90300980726192
240.46994037119802
236.50036420576518
233.62125947450573
231.88337817450838
231.90697338845285
229.33412512876
227.4627629930426
225.34101497796345
224.1182921195453
222.2752123254443
