20
25
b
189.52928384652878
189.30499555949447
188.75170866623617
189.30518868620027
190.079350177621
189.2511495208015
189.38723820083965
182.50302299924496
175.8525373135927
163.62214461884957
154.8596001617493
145.01041589522396
134.22735514870723
124.59932508990263
109.99689182951217
99.68333265820358
91.2696152202974
89.11126423158566
89.65707013374359
91.50736001332247
96.06105403455086
101.7858889679144
106.19511031926861
109.65364640768962
112.65527085735737
114.54100172627348
115.56435238292866
116.44212309440724
117.53767168623811
117.74762755253863
118.11897348291494
118.68371801396492
119.54686042074056
119.13836317875685
119.44003909626824
119.9268127139302
121.83920913825615
121.5759954731721
122.38219749247884
123.47893518272639
124.44436057011916
124.39840965325223
123.57696638730498
123.74023068060873
124.21200883096557
123.51599875269059
123.61829152489851
123.57919120061321
122.59234247472672
122.89735277899081
122.98421961469225
123.51426303004767
122.70475495167858
123.82495108382588
122.48770732898383
122.8074561603337
123.34880528233566
122.63272187659594
123.08479656697538
123.38336348005816
122.98095028229793
121.83270772880061
121.95296481209061
120.15647700060688
119.84939472774673
120.0181520822374
120.20903261231372
122.67174144705798
125.70466073523596
130.1465387390583
134.31830579292816
137.673542473124
144.34512577710717
148.75150078009602
155.39138647189878
155.18343463681018
156.3189415727938
156.55168015958918
155.95430358787547
156.5224400700552
156.42552129877944
156.84453344828515
156.10073987476557
157.3870149807967
156.14064652438566
157.0351715220041
157.01071632598433
157.25170796165656
156.97805609380518
157.01503450572662
158.83573816150954
160.45094166072934
161.98149945371185
172.60527647549017
182.95570912763785
196.30636961772967
206.02268327534924
214.84428114238278
227.44909600566126
237.4477258056116
245.24493647975453
246.55355561497808
247.4652860921365
244.78688845482355
242.89518989895882
238.8843054470179
235.77641019355156
233.49463947175755
234.01545705671967
233.76611029952633
234.83274727182788
234.74448546478513
235.4116108678581
236.98216683590613
235.40448650060804
234.76897999371425
230.92528912805162
228.1064250690989
225.1780165559442
221.96063037004052
218.16413174260634
215.6137208529335
211.01061352620383
208.2466316687815
205.47191392917713
205.4125418535396
205.06196741000545
205.81379671623566
206.70446610821443
207.66278005810463
208.52830731496968
208.74306158080643
209.08588981255377
208.6627771606195
207.0474139315665
206.6322265561475
206.29937212395922
205.54711366264405
205.2520156157999
207.60533908339667
211.88288348940614
218.24425995779544
222.90949527952776
227.69835505512967
233.16645636705996
237.01050046533268
245.28842281743255
249.85195694004213
253.6088901434254
255.84707248798802
255.25188200417972
251.6444654641126
248.39317962820212
241.58520105030996
236.83276811926183
230.47457824294327
226.61070032718902
222.45314077984827
216.05368836110964
210.37818302566254
206.92107781366596
205.11165050302145
205.33406481172054
209.84214775312293
214.96417723840767
221.82768482106889
227.72871550452334
234.02525979233386
237.87602775532932
240.3282264509722
245.9621950123086
248.73054783886923
252.62710132928422
253.83123336103168
256.00372658894946
259.74468159197124
261.9660245331443
266.3764352023426
269.70341128791875
273.1601885161885
279.0063887538536
284.30801416624087
292.2545848000855
298.6824053563797
302.6114208580409
303.87926337892037
303.8686900878484
302.502537973892
299.62923319797613
295.33248001709734
291.6358940585218
288.7842154588149
287.49568357667573
285.61777833808264
282.0185014596268
279.8812786583154
278.19031010993456
278.39956586472766
277.9003848435343
281.02389516615455
284.9800279006252
288.9523957385114
293.44241801717953
298.4935897828594
303.03339764068085
305.98181624960625
312.16810764918125
316.66110277011285
319.0251656957909
321.1517520686213
319.3139148896497
318.67053553741084
316.4178345069278
313.66291340497423
312.8316864743565
310.670583456094
310.4807058725618
309.19849773893816
310.40792455050826
310.3505077506668
308.7005141021535
309.5389049261398
308.8765231250422
306.7000015113778
304.46460928675776
298.9446812135504
295.2593295773511
288.49414762773705
283.32435980796953
278.35520923389856
271.01306433533506
268.6835950672183
268.45660345638635
267.0643682414377
266.1718478447418
266.00427003919435
266.3499887204646
265.7290382956799
265.0395557795951
265.11720537483177
262.8637680837216
261.30094682046274
260.5759833605336
259.69394433926595
258.82286745641215
257.64675858190935
256.2482525041284
256.64209760460346
254.53133033926042
253.9935955656102
253.61735309205403
252.36372283353995
250.5243966200437
249.48395945652155
247.05179895248693
246.274782496344
242.97130242439
244.31889083241578
243.44465641526247
243.78188835277894
244.18186219065424
244.45243373095266
245.879296563919
246.2550538993187
245.52092649702345
246.79177644819637
247.90471319997337
248.69515391185044
249.7453516526438
249.4452792830448
249.9176360442592
247.01139569396315
242.71339421018675
237.1032020848524
232.15200168055463
227.22763477574648
222.51844856374368
218.29371009766712
212.81519928546362
210.33734081779704
206.5910703473641
205.32272594634688
204.65870905107832
203.03060986918595
202.35902861886015
200.13664280807865
199.17149114660822
195.92395169300255
