9
7
e
62.70834599946915
61.65041997164485
62.751701461408665
62.80519217068001
62.0361540840773
62.5433415085708
62.684518137168375
58.7811427552506
54.89346857851105
49.887486485305566
46.31675292736787
42.5227694564802
35.49444518287049
29.28430920760979
21.821600369059865
22.02607273012748
21.360043862138205
20.613449304741867
21.1916276998908
20.972727595211634
20.906544129153282
20.427083035475
19.830298997820982
20.265884788087167
18.04595127438991
17.37918071912037
16.192090969695332
15.51796430939614
13.572345412525756
14.186676609389517
14.499163248318844
13.773133907873516
15.39851117470549
16.347057110716296
16.992317895398596
18.046828406561364
18.10843159876853
18.626945982707674
18.409070032721573
19.47807542921754
20.230493559230958
19.706625926642534
20.46542639521998
20.713088512624356
22.19362550028673
23.03596327436091
23.92465862538188
25.535782160632056
26.70099321305108
27.634985452383358
27.815760016520162
29.3974548622191
30.973552017066808
31.935183367656496
32.49571740527648
34.66789388500292
36.846899639230855
40.44004661655198
43.5922652238742
47.91050095917675
53.69767015491648
56.88735036464717
63.05120673412361
65.31113232827339
66.29130178098154
66.23394529923705
67.48615445949957
68.28085581372586
68.07274272787659
69.64645795268379
69.75274069097648
70.34520258694187
71.01796961556045
70.90910755644833
72.23232912198156
72.7486882563132
74.3988235198023
74.90397188213457
76.765167908522
78.62825167701506
81.10126143697798
84.88510500082998
88.19591714191671
91.91315266942433
98.91125205323118
105.24416849906979
110.72924596449107
110.49671521171773
110.23765214431549
111.46228144677877
110.0522404442832
110.07911223706867
109.53089688895098
110.00785864122479
109.27754593666944
109.5510987602152
110.59454478357277
110.90834785164796
111.02552217716261
111.23794516425247
109.9997908853521
111.59322231327153
112.4742925406136
113.59370154260417
114.07150587217401
114.79903842086459
117.76074948628698
119.82331781905913
122.14718856718551
124.44949336185125
126.14424931711356
129.12750415836769
131.0633641064046
131.5417274715464
132.2352283672935
130.49119844359527
129.87085710923324
128.54333083447315
127.76307409872318
125.4981622965652
126.30741334585488
124.66195500804923
124.62517289331268
124.49806591634375
124.99278759618987
123.63274900459002
123.83599300064066
123.36500449812287
121.23652542822077
122.00651112314121
120.68694157557812
120.58703833901444
118.76047047622622
117.62435182175875
117.20448441275437
113.23750764589745
113.10625440475854
112.26629113528858
112.486930419729
115.19966603423048
116.93460609022002
119.70833999445348
122.77218211722275
126.86901629613175
127.68555597310375
129.64953878575997
131.99234873279994
132.47407984226987
135.34698210273342
136.2063572742259
136.5634173238154
140.65160202227995
143.09361050609732
146.72942078056786
149.9731477428848
154.26930887518486
157.7355568047871
163.71784832100974
170.45530445120275
174.81596453144692
178.27047290878176
178.94607344609776
178.65173043413066
177.40316937619716
175.32265146699103
173.92810790336327
171.4172044341904
170.41687117339234
170.2686815551664
169.2548778869332
167.96887841375982
168.38604833503143
165.95819687477075
167.34945052348357
166.58574067778272
167.41472595410744
167.55949321565035
169.14155845805362
169.3677297803003
169.18767975262404
170.54060784042463
170.9704992202924
171.7123236931448
172.45515057288438
173.2047815486416
173.6190860612256
172.4992787953645
172.56550696162216
172.3067324544013
171.12566440888637
171.14502778207898
169.87882694234514
168.87735948287613
168.31675183356236
166.87736194877183
164.8279790580164
164.8970032249371
164.13036195763345
164.14980094957278
165.98099004465413
169.99165173075463
175.9466587023223
179.2976680825699
183.30305922403403
188.01232617860654
193.77396441851818
200.94255248852437
207.22348957534095
211.67175802780096
213.17191962571383
212.25700990016097
205.59124704476076
197.92043988205296
185.12418621985825
175.89678578526986
164.7052298936165
144.78138750262224
131.4051004206375
120.53127831177859
121.93753754391771
123.59596537724896
123.79396002641997
124.68364029011366
126.1982537123431
125.90575235488103
125.5963179036747
125.06888828438197
124.31929830111649
125.79105108856704
124.99020339384664
125.99749242419057
125.6880459603862
124.46068500127788
124.39356052124614
124.577009161242
122.99463729301688
122.84584744175764
120.86026231011473
117.82652761086851
116.18888862128182
112.10348197166782
110.40998813265657
107.67456434816549
107.11464613640881
106.54735886126896
105.85264662493653
106.24271115849582
107.0430774222124
106.2475438010406
105.77357920676104
106.66874265730266
105.67121631476468
105.3501415261636
104.21280270055071
106.0404000890804
104.81724445682673
104.31933250016176
104.54831854286537
104.3755877642054
103.00276060762613
102.544238530939
100.79672480844604
98.87057428336867
95.91220771591114
94.28340582702639
92.84778500462454
90.67295974358916
88.71209778172087
87.36896700516081
85.94874370556774
86.84313059039133
86.01266908189864
84.41764421222274
82.18450384758795
81.28175251419982
80.0880287922994
77.83331761291218
76.4815991109781
73.86680662598245
72.43123978673148
72.35881624592673
70.55249453754872
69.7826128202652
69.41750883388829
68.68491428260494
67.25697759104891
66.24746754414065
67.19959797538306
