11
16
c
11.745619963619975
11.743773131770281
12.380047113234212
10.751437935328374
11.185066238645348
12.136708635061316
11.680585451433297
11.508100358825894
10.134325988514604
7.987411478368385
7.1102872211948025
4.283639864229489
4.586039050478016
2.200681897545707
1.07718063725723
0.25292321947210555
0.0072553787042876254
0.0
0.0
0.0
3.0344306058144515
8.514005343271322
12.592513516763947
16.07516849192159
20.897296737381165
24.44505838368929
31.47031601041824
36.31500727710923
39.71845074200765
39.53648909722704
40.89580200096712
37.499856525332476
33.11092935976689
27.504978199237133
22.460156765469936
15.050189213513866
11.241107665213557
8.037530556972209
2.0364171037557726
0.12701217563440856
0.0
0.6291062299241833
0.0
0.0
0.0
0.0
0.0
1.9713978513649377
3.742241828947888
3.9717492805877437
2.727544546349636
2.8845273931501114
4.397753070184125
3.9622547273222066
4.184016942191411
6.018893068551848
8.463433295075442
12.846273570633016
15.953146182000088
20.960187416748074
24.253466298639335
25.973754698806758
28.50207304996405
30.034256288378725
32.2336164827688
34.87390817955732
37.193179896619775
43.17715680260755
52.42046327620024
63.09963225636368
73.39771799972625
85.09937991842371
98.76975457755246
111.33599259206619
131.31078719063376
145.96092843590822
157.5434543342059
161.2358487360106
160.10136510737502
151.0140265206364
137.0293585430686
115.7276328079349
99.25368120971507
82.93664426478666
69.95201392088217
58.28705363439743
39.89885069601789
24.05057133327609
14.512062551698552
11.653705465355474
11.647245098715619
16.00399190192238
22.26238538651036
30.78047957736873
38.30373541131784
45.29576007651269
48.414950122803766
52.7623706422456
57.03564586554058
60.91519042879274
63.08155344632162
64.08137630919286
63.530089565799926
63.452513149650486
62.24305423778427
62.21386456160423
59.59457823418737
59.01988166655138
58.46736568368339
55.361542887831135
51.19184391883883
47.461929219956815
45.08914111078836
43.36741834870989
42.11228102682357
54.54428258989951
72.33340066442483
99.06341532189487
116.88328778581834
139.22221131205498
165.69787195861994
185.96056268187877
215.27457240568617
225.95910393396863
231.8469119574421
234.83815560348916
236.1449281331802
240.49961048921907
241.7860439085411
244.11326011904464
245.85635219559524
249.06523066857804
256.8995941518907
264.6773027954177
277.9104485101651
287.800819654498
296.8012857266787
298.0317282304335
297.6631367770511
289.30856413108745
276.6162341500011
258.8736039543244
245.79604882120074
230.25771077260706
215.77846881172334
204.06041707840953
189.9422602945011
179.2620194960393
174.27355190996374
173.2994705475203
170.6056916655585
168.28294575476312
165.3967700134294
163.69118662099365
160.9194245494642
158.30192954538467
151.3530206034766
145.8903362485593
140.09913699572695
134.20660725192533
130.16262672497066
129.8499729322755
128.4858372075276
126.44384330806483
124.13766077439188
121.45756371195078
119.77086871156344
117.11931814984037
113.80564766889654
107.86605244519403
101.18589792806111
93.92485532912573
89.28493359126887
87.69794405721775
88.18904809795785
94.90641100691599
104.48185930901231
119.67099160628833
130.2606286201967
141.68259235350519
153.29925587431322
164.39931325275649
180.78146567811945
195.2778174606744
206.07749909483653
208.02493127853415
208.81908340033937
197.14891200053114
180.34406406963714
155.70613562753732
138.3262765486082
118.12059995572285
100.88785783446895
84.75267896541453
59.969089174739715
42.162811174781034
28.465746558251034
25.318215343151852
25.038301055571637
32.13793637626618
43.23702916406078
57.66582121107181
69.87407490567487
82.94193486250647
90.94032459196639
99.2179611880531
110.25949184116446
119.14372369709591
125.20671832152358
127.0386560771659
127.4412552735242
122.34279749918576
116.338636160313
105.38329874348024
97.0396097894584
88.23326557172686
82.28053760083563
73.2516864712685
60.187150779433395
50.567063669596074
42.75582380446974
40.43313592310987
40.082154874097114
53.773582382854926
72.21529435526982
100.41498313369193
120.15711332323355
143.62515546835976
164.61929147476582
184.7364339870399
214.99204071129415
236.63828083386775
254.740285423536
258.19823106430584
257.56036539583516
251.30511193150988
239.46524030567113
224.83861576418664
212.37606183490576
198.94157826643712
193.1748759910846
190.23112236247184
186.29274638566224
183.6689756894754
178.1033341726003
175.0111379824802
170.34343995156408
161.74511510081064
148.76686435591955
130.14924642022314
117.07776804469586
99.73037915086636
79.90290806843147
62.848941050820855
38.132386183804755
18.304758396093376
3.9815539766136085
1.032713516075333
1.3605578147292623
4.098470005986364
9.619533174549284
15.800735423480715
21.131311719486003
26.792134676934953
26.76106474952753
26.586977880448977
25.910046386832274
26.357079797824408
26.495208013051492
25.845533524724203
25.814256624634176
26.873418133411423
27.28366431649602
27.780610053608626
28.945417628621104
29.70497430495898
29.547155772909335
31.753763926757784
32.227689196091305
33.69789626046761
34.24870962461814
34.4297095758526
35.3825185454752
33.332871254940166
30.7267451137507
27.19509751040918
25.296630342623466
20.98101138048925
