25
0
d
193.4078154591214
193.79456786534095
193.65470681201856
194.63536112434087
193.93855285130857
195.1714128890278
194.21302556737191
186.89041570521613
178.20950177156467
164.33357091847307
155.18566993146374
143.38042291106788
132.01351054553726
120.67874441322371
104.19915247518836
91.74619994629518
82.46506341428518
80.341927877271
79.52330474816549
82.8968533311869
86.62108688391052
91.72566962617142
96.71977818219744
100.75754299571209
101.37799702483343
101.17749031931035
102.18791370745309
102.83549613641759
103.34509081802791
104.00912943197106
104.50659398694533
104.67715501887399
106.3766542507795
107.70712671198825
109.33310578814074
110.42994321054641
112.14652581211553
114.2653213685224
116.5758347862416
117.91302201617144
119.88454037758692
119.44946733199467
119.50032471675993
119.21478835421333
118.49597413108994
116.31534039635866
115.52370989377295
113.36365881816955
112.70176989095846
111.98689741099327
111.5583969757412
111.64559877257236
110.51411687857701
109.84946750411022
109.71211909067021
109.54093806850183
108.50148430654123
108.1848328082745
108.7481983989632
106.99026147248307
106.39166349457462
104.4182136057262
100.82534111593586
99.53721316467923
97.21267731095087
96.46126106847217
96.38522745349748
100.40870809668223
108.71113946186483
120.04766221860558
126.79820717016848
136.36317002150338
143.20789552093055
149.34305563937957
155.96671951333812
162.01901969149037
167.23003530023104
170.56291398014525
173.57256745361587
181.609774673131
189.52755509579342
198.05253866426727
205.54996379727842
214.49298502482242
226.96863517857975
236.89929106839904
253.19821740769993
264.44543042092266
273.9319126095869
276.4254871731306
276.98711531603794
273.2201818247378
270.82692024149844
266.17967115216675
261.13407446571466
257.1020877886458
256.8528440624667
256.5273548776924
256.12097040460236
256.69682719825613
256.55573647462785
256.4674347297801
255.92914885814332
253.79005721217501
250.59117801884713
241.19038507847122
230.9213474187686
217.6886393699466
208.71322979911747
199.64921107942055
186.71999071650018
176.93845414162703
169.72032752908356
167.96712011290316
167.68288104069325
171.85009928917714
175.49494982501153
179.68932994481594
184.1599025655575
188.56740077100386
189.39268673657278
191.30904749997308
194.70959994879226
195.1889684217923
195.86693568336065
195.46255570619695
196.52852222191152
196.09099776726586
196.90493042077324
197.4396485142798
197.95155158794088
199.0841724227556
199.1779594638921
199.47381539209752
199.54451721129394
198.603301755714
199.17237238329307
200.12484134776338
200.76112742074474
202.53958917955336
204.42189319805865
210.19570091075246
215.07106899128416
220.31865817253103
225.54909820499898
230.16870647035185
238.00473928911563
242.30008212873256
246.45974642848674
247.6306710343069
246.41989397055147
246.32749192456063
246.0134900607602
242.76567974682388
242.04194947525642
240.43501854465993
240.3262383635237
239.2072394701944
237.57085817507732
236.5311613423665
235.39472994055075
235.14655843903952
234.76845692324378
239.35167002211725
245.51317509168192
255.35967376899413
262.1107389356394
269.69241408181273
276.4278669655009
284.38748265357566
295.0029772078692
303.6245833765601
308.1880880154391
310.18392993357713
310.32711807099815
308.78884136260285
306.02315232762567
302.1477712071411
299.0169785941777
295.45249430723135
294.4883948333927
294.97870368126485
294.1969305487651
293.5005219471957
292.6641932496036
292.666244621449
292.4608548435851
291.1666095492318
289.0274034892154
289.1583875191986
287.4279878554401
286.0716654165438
284.9517234577411
283.98023097904576
282.59659765928234
282.8088150055296
280.38692636188654
279.79775708933414
279.08272497616855
276.45298675774455
274.79321910524425
270.40061846226786
266.6225235311198
263.50697084790585
259.4278474484401
253.86720880889703
246.4693082770144
241.23073475731806
237.56583832698263
234.9477590827638
234.2907601155019
239.90098887464106
248.40332526524006
260.03855095093775
267.53569651293026
275.494582870267
284.118066854119
290.5959086480326
302.9456083040937
311.63970017589946
318.9651897408237
320.1259480708872
319.2712027179764
315.18461899488335
309.3691285704548
299.8661703022059
293.4570912463634
286.9068877337722
282.0929253926192
277.46523186402663
272.1173105145871
268.19536940994493
264.80740999527825
262.87420640113726
262.24691418763405
259.1665206522269
257.58592563926493
254.68835389357724
253.06569073430973
250.4907674804186
245.12371498895348
242.12510392997478
237.866085689251
234.34819743126303
230.532325337763
231.19350886634757
230.26082973250146
228.8310407372503
227.8685359001311
227.21370353760636
225.44751494743122
224.24536544422716
221.42557524602384
218.7217603487036
214.81629980157962
210.57037931176248
208.08092186554012
208.22557951789435
207.74220699029348
210.44837494986945
215.38810397962132
222.59577798683694
228.95783832756152
234.0019007746781
239.35734275083246
244.70973587785502
253.3408451917731
260.3402894750346
264.27394519747685
264.80953968764936
265.5542101695127
260.0441699424108
253.9162930180638
243.93290586439193
236.1463801103427
227.8228673171088
217.47042980949306
211.01225551119163
199.75194966964634
198.3772978407187
197.31752657571644
197.08838900265584
196.16626060378798
196.50347063811228
195.99159716928796
195.4539685824421
194.87370331401684
194.78519740398835
