0
20
c
225.7716984201593
225.99114869919688
225.71468705209477
226.1709824515586
225.7902616889529
226.31986876978684
225.0181699087467
221.31097452263688
216.79693197329775
208.0431126756122
203.0764634854627
196.3457082111596
187.89116456016762
182.06959844686918
172.35422384850517
167.74259357632155
164.97721353722957
164.9210322419022
163.36351940664923
162.64575876729955
160.94383132367685
159.33766562208316
159.8832019868638
157.77191548782488
155.30300847266918
152.68427195883126
150.35962288987537
148.47475959450298
145.06720004884951
143.95947604862346
143.4780552463103
141.96122961684807
140.35943643361773
138.43691261881372
136.26558576775213
133.3705809408499
131.327255176457
129.22011194132318
124.82735132472489
122.13792473555628
119.17383997281074
118.07887716126335
119.39036224095018
119.65092925167214
120.67821938096732
122.002458746401
123.95795913309034
125.51987965139612
125.76233444794566
126.38332812942093
126.40429173121146
128.05921010297178
128.40131084725763
128.18812917418765
129.8813534589551
129.70225658579855
130.78543805121544
132.21918830591005
133.02761803206104
134.9443854976927
135.02556605489636
136.372511858309
137.9997301090416
138.36525937759066
139.11008071195016
139.71439030462943
140.75024592384415
143.34402981549658
144.84795316196767
147.4387961989342
149.56513952614222
151.99788162294465
155.28153080082316
156.89556034192293
158.09926750682243
160.20439971162062
162.08818060379002
164.67898066594665
165.81752971030707
168.535363019363
171.01225757127133
176.45431732702838
179.67207620717346
183.53475008401557
189.62402746183557
191.79309699469763
197.04024996834548
201.0548599803559
206.38531964816823
207.32465518680047
208.53623023935413
212.60339284415699
217.4031681222371
219.97325964034326
222.46694084373416
227.010888408339
234.88965206531034
239.47337292468194
244.7869161549761
250.070271328694
254.4777863385629
255.3122485373725
256.655107057207
259.75113017985797
262.0708564494255
264.3963245762233
266.6514679984431
269.2395891690732
274.93658662737533
279.44340783850765
285.47478883658306
288.46104420654933
289.35619369973756
290.1780346704494
291.69831214038913
291.7148717778132
291.33697887905987
292.2068416860574
291.9053356602102
292.1343309750109
294.64498234880114
295.6135251845454
297.0188288347095
299.6175480221467
300.92468667193504
301.9047317567934
300.84798542205
300.57549592903536
299.1083792882197
297.65238230631155
296.59694401568214
296.269265480993
294.9577575060416
293.25554478484463
291.83264075035845
290.45664727550405
290.3524519878795
290.01103916066126
290.217357497054
291.2553667276573
293.0314022898307
297.1294903788311
298.25204048626557
301.0306616649505
303.48118683783747
305.60177630131733
308.01342039555266
310.47548609900383
312.04745834056337
312.7084522161458
312.8361931101427
313.27806709308453
312.1610024489231
310.9750611388823
311.09696642602756
310.097213182397
310.44577312399394
310.03244762456325
310.7897597012205
310.0501439463953
310.3701096731311
310.65481788368004
310.9892955453342
310.11885199926616
309.4242381123139
308.1195861673233
307.6332670727308
307.80571770354777
306.3497637571376
306.7095293398775
305.96858221449344
304.88331236631814
304.478215161846
304.9051805029717
304.5517831680604
301.88131678279785
302.81503517079784
301.2141449389035
299.3910372663129
299.12083037816336
296.9069703542395
294.94891157673663
294.5114077798235
292.4270394763828
291.4349088645338
291.15874629827783
291.422204532687
290.37532393733255
290.33201641268994
290.9960485945312
288.5247424731899
289.3699891354499
289.0287320251012
288.0991013428142
288.051260106321
287.4996248003806
286.03931567833126
286.7494124453307
285.52695853355067
286.09898396743847
284.49386408196995
284.7224214800747
283.59144642972205
283.75718538358336
282.7737094044537
282.75481940435503
281.8770210051344
279.9449941563075
278.67437169810546
278.647045864633
279.0501225408525
280.3311412498769
281.9731552251786
282.25070258227515
282.6544367530057
283.76070285657426
283.93670083545646
285.26411572458153
285.8217528596464
286.61545117626395
288.2783561758195
287.8851875408018
288.1840858691279
287.19999435807745
287.1566917905758
286.50781679409477
286.69618080156084
287.2343722394213
286.44392054675853
285.592501417763
285.24653899385265
285.22586350518725
284.40388006173504
285.1375595070761
284.785429524711
286.06001989075895
288.9220110767944
292.86015565024303
294.5767216324579
297.6004622425579
302.251322252807
306.4142459646711
311.223118441597
311.132557995421
311.6241417258767
311.07369316031674
312.52992075485105
311.37772778640664
311.9989562814656
312.1488879085441
312.3004246952368
312.9109738252842
314.0846168557653
314.6253921023488
316.28099760887943
317.6449733414517
318.49701001348666
318.00385173596413
318.1482690849749
317.77843388523803
315.8962416005368
314.61684904161274
311.79645092203623
310.78363429988406
309.556429817264
308.69915826944066
307.72073377548423
307.6538218925194
305.9318980802514
304.6254180929733
304.5374011642331
302.4328511523315
299.33114762901783
294.7369251610861
291.80362665429726
286.48952571761845
282.8564661718854
279.5218932979922
275.11218977259375
273.2246081265488
268.94780518600317
267.45528501046675
265.51744300009443
262.4171165601774
259.02061235064906
254.4065502728182
250.78152741107473
245.37322578860272
