12
6
b
13.19303115223442
13.789104692243859
12.853723278729793
12.701049862542382
13.267458759791756
13.011999770726394
13.269999975740532
11.861928624477727
11.21554478132941
9.955328856912603
9.038862744154626
6.190296650649027
4.748376328492804
3.449710348094117
0.936700816576034
0.11516130158347142
0.0
0.0
0.39658203977717593
0.6331782974713174
2.4511747403405986
9.152517815694836
13.106746920830316
18.823633936933987
24.46840510129026
29.899983851798915
36.88482417372653
41.44366855900371
46.32400469923907
46.50111146226804
46.26246453041517
43.64592275653141
39.043733877595145
31.01281025485622
25.819075723712757
16.88711347812449
12.541873562091858
8.288290107631418
2.2540989646228686
0.1563068641128525
0.0
0.0
0.11093630662060089
0.05764269631018437
0.0
0.0
0.7030628377391257
2.211315203046559
2.98220814709531
3.4107783606588846
2.6841025811477306
3.366504738817786
4.416066530823183
4.8039207059846225
5.490001634579981
7.026009688186849
10.439530027392694
15.536601404063427
19.69237108007634
24.81393256331842
27.496907298420588
29.597375173167244
33.30864495341294
34.503636859631314
37.37798525599768
40.371808904279625
43.79947518079054
50.91762335693692
60.4460186200821
74.81881300069249
85.48585869918885
100.0046532413575
114.26455266119149
130.62172505167388
153.80614990989866
171.61372471053392
184.50456465978
187.58557255853282
188.05720761520044
176.2042015773951
160.44429210455343
136.99249078110202
117.55514809752246
97.56801861330311
81.72276647951263
67.56244485803695
44.76584898687509
29.065860245421337
16.985307124026516
12.808053847095263
13.319155773378238
17.706178392645786
25.64895497284209
36.226103262457656
43.701753977186065
53.55898015860893
56.859612459102784
60.53854036445522
67.0151210597947
69.61973066652277
73.60110683963856
74.61033419309238
73.52888491220484
74.15850602230962
72.51867347418928
71.62962168861027
70.3817073453789
69.27960783019113
67.08916414926833
64.0324990763877
60.31658743888387
56.35944960956787
52.353292283865294
50.25678272996801
51.14582977108117
64.73571699067237
85.7871962497555
115.56454407580074
137.27611143280237
162.28299605709438
193.5016232174178
217.39461290720735
248.9278688398422
264.57804347916954
271.4768251443339
273.7761693431021
276.6551251125794
279.4515576820315
282.51064257946604
284.7872171199976
287.3344129604294
290.41369234489673
299.6386412135917
308.97149697620773
324.6054998065552
337.04465658538766
345.79285398616975
348.5016327004838
347.9699537448714
338.427103035366
323.094929241919
301.48230295413606
287.80657400579383
268.76468705814
251.82466982868291
238.78962597495033
221.98447820745326
210.00520439981506
203.40251155854097
202.07293472666103
200.0793399940111
196.90238886586832
194.15568911980867
190.13458535426156
187.64020620369385
183.98449463463515
176.70699178016383
170.76221763063003
162.5644294977966
157.62707377746392
152.23357786627105
150.94443295754235
149.30037179093748
146.71226823894858
145.76195362222242
141.51460103001278
139.93418501269568
138.30965804051027
131.93394072202136
125.82217747366094
117.55638049519581
109.18238610364085
104.45137812908438
102.52820995149818
102.78241152517062
110.40373164023688
122.34256354046154
138.7487546869817
150.4866115699789
165.2882440458533
178.14590929419185
191.60109715221802
211.43040446809675
227.62511405046826
240.38143752767158
244.344106576288
243.48503195542952
231.13822960610923
211.30899220121717
182.27363375876664
161.6694276653692
137.36812400038005
118.02775633391326
99.37362705262113
70.66998471439936
49.79564271591695
34.03419211089674
29.008386027005894
29.772991275198553
37.663919641623316
50.992701894380154
68.28124976437063
81.97914679653812
96.65443250449891
107.15970831751017
115.83555255704218
128.30644967559806
140.1945082029076
146.88798973055356
149.32415119485023
149.04591183987128
144.20448687192643
134.4508624976974
122.13204116660643
112.41381002306748
103.19851641275181
95.44871772913433
85.59853942351127
70.54381155623985
59.34229405806932
50.15109827166267
46.78968976172182
46.36959818451407
61.4893255207616
84.90914136119135
118.32253307990658
140.73290748442736
168.9966661677711
193.28864136697354
215.80341646722727
251.96163481408618
277.2799339524249
296.7440772811904
301.7362147008635
301.65978616320456
293.49075304776255
279.1972675939532
261.2611746018366
246.59880822622276
230.83893456779973
225.9168218097101
222.05114594858776
218.79990123682956
213.79643645995625
208.325774564647
203.3749014638876
200.82742770054367
188.47937017742123
174.39555844718873
152.53707979275418
136.71134664558716
115.70114176620177
95.03098999972755
74.336212940047
43.785083811889436
22.007708034248967
4.545616601261129
1.053701851581503
2.153170883963696
5.042776412069537
11.171993414735926
17.546884923053
25.410958287602995
31.429599693814485
31.243094700431232
30.791488815976365
30.815325559983485
31.06416980595032
30.585373567250137
30.001098263831526
30.947008889183387
30.81472246088374
31.571531277287274
33.199150927877355
32.860769802820776
33.966643646490944
35.63802220476185
36.45658266231934
38.42504990312409
39.9567520785505
39.98162962446481
41.591205276985335
41.09413848318096
38.611173735413004
35.63682347244282
31.14149676924047
28.67321045852571
25.324816358425267
