24
4
d
11.638328372854184
11.623448283863006
10.663779072937672
11.291794903914393
10.834101513942267
12.51488102104953
11.714316865083944
10.047719894125336
9.129008278700498
8.148015790109023
7.921966212148283
4.9080235187386805
3.5626877752177553
2.749158122693686
0.1360703272967645
0.04632629924523112
0.12804573253872356
0.0
0.18567514794842327
0.2033966663739427
2.699466979553129
9.168848160250212
11.341962868702375
17.14836052832423
21.395686090495495
25.529483217115175
32.85613840885696
36.4196076472092
40.78802003995935
40.851459493867175
40.52367607430737
38.2791654961338
34.04567666239097
26.931646710109973
22.578851894810622
14.7788226658254
11.612949163081344
7.707466281485098
1.9921909127187503
0.0
0.0
0.0
0.0
0.16852295964499417
0.0
0.0565109777569065
0.4076920384562663
1.9192139208946861
4.20879252675691
4.422661230279932
3.649006031483172
2.742056318015136
3.6865934649487166
3.6406781135282293
4.548084997765038
6.643465812131783
8.434460874859415
13.244340795675084
16.83584320147046
22.039603862481297
24.402253163816887
26.31230587072713
27.277916593961894
29.574801609490102
33.74732278382182
34.852321081795736
37.66755083446077
44.10172862501968
52.03314267304586
64.52123095493539
75.69242806713805
87.46078190541147
100.29869307620686
114.11818046334339
133.1077035241768
149.18821449293654
160.64330792536728
163.56385185436937
163.9450899026261
154.31993057611035
139.0754693752352
117.77255764089728
102.55448821580538
83.59652064271773
71.34128173565425
58.84678179292852
39.253571091482726
25.324545667331094
14.972444501930157
12.024373115073537
10.7874814149448
16.6053355242941
21.801547625767824
31.31007380633985
38.362298292103944
45.98131303345497
49.27244439712369
52.0479433582471
58.060185007203586
61.343488895550635
63.59772556096109
64.74579481582039
65.36472426840531
63.64225147820362
62.691231993583685
62.70126181810253
60.00049608026481
59.69496315951572
58.39198093108578
55.77942207951436
52.25367148212041
49.265763001013845
45.691319429478646
42.57390085325591
43.61396517561974
56.18331654761147
73.81395237179302
100.99316092669436
118.66936687492351
141.27669543369188
168.50972076979437
189.61773736612105
217.78677934109788
231.2359164024098
236.1847345748793
238.9071188725398
241.33622910794736
244.11919249275243
246.5821473746954
249.4600969723552
250.58239388910778
252.25847195377844
261.8364293091393
270.35628578617025
283.052266753742
293.86696196497917
302.54531371953937
304.88155372151147
303.6358797034448
296.0155323595279
282.43578772306955
263.0565272547854
249.79324274770954
234.55773615003517
220.28824104137084
206.8957989547158
193.05448086868105
182.99418112275993
177.83027275570515
176.90593620742968
173.35622893696384
170.74567453509403
168.26662367327768
166.63603500215893
164.29092150656427
160.26199240384682
153.65079572545216
149.0133574012257
141.9138126397185
135.303752432995
133.1588745045093
132.1080729285489
130.6480327966689
128.4599136494757
126.74606434181813
124.18050811050685
121.7571817220989
119.66361657396436
115.46571215707324
109.20171822909303
102.59383768363782
95.68118501132314
91.20035031134985
89.82858240005685
89.78448305031498
96.50866177194965
106.09871412448891
121.63430873507643
131.98328371896685
145.0501862312149
155.9831601322336
166.78757266574894
184.68364249599554
199.04378367665387
208.5852920261513
211.8509342585444
212.29266743827432
201.27941743360827
183.66790685941584
158.0673073437124
141.48039801862805
120.63256560362875
102.74753760222933
87.19663645906466
62.050678259725
43.06811317258287
28.6098750356824
26.196169520558296
25.175768536762057
33.295935520220446
43.18793028791979
59.02531998556385
71.49118559194682
84.92254662516041
91.97265564493381
100.19378359613546
111.85584919782033
120.0990900777012
127.95131915873716
129.6543370441905
129.69278103953854
124.89638792239417
118.24102622960888
107.72993752567551
98.25298895835877
89.74669748503189
82.55449325117618
74.12272917988285
62.932349542518374
51.80718710835242
44.50026954843049
41.486699054688984
40.25635240386231
53.46983470096976
73.5789920012995
102.33937099404008
123.38981879977507
146.55721618338953
168.0584996875688
188.17754270837852
218.4669367975629
241.69068638665155
259.7057047791481
263.21587682539
262.14994826915137
255.24981392686885
243.73819754546528
227.80383200407115
216.21118394695083
201.76930566972084
197.2721662961696
193.2129306532704
191.05360274750515
186.51982769025219
181.77447306623452
178.73037137862156
174.80014490108505
164.22607106602703
151.76370916578156
131.9106523857146
118.52948672141083
101.12906850544486
82.98581631477109
64.93558369242237
38.084216070313914
18.805587576059015
5.174502917086916
0.8688374240124581
1.1052670368716064
4.194992564208962
9.929287669982884
15.607356829678835
20.656109984517958
27.5146337730617
27.21009882964372
27.741942944301847
26.60852134699744
27.552231763348182
27.094777524073635
25.774549963245853
26.775706831623868
27.16445542442303
28.323182936858313
28.600796041966138
28.16451296818789
29.937040477656684
31.1964285911959
33.02248897031886
32.94685531005594
34.313144734512974
35.857881979940785
36.02090721930735
35.916803974346365
33.48796387221467
29.75970344962346
27.832157898222793
24.49894481546173
21.62634038896285
