8
4
d
11.9318524520793
11.78420241379307
11.777657786423456
12.331970207908679
11.643272727445456
11.463237732121122
12.022210761105018
11.74984400103159
10.827902447231219
8.43615072968869
8.622526937071056
5.776167114497631
4.895968926993134
3.6164406132225992
0.34328022555004084
0.0
0.0
0.0
0.031582657908026876
0.5062553524277443
2.8706752611132345
9.046094065471705
13.383485960371178
17.324797320463837
21.927859231997793
26.565441822112266
32.80313026049929
37.80498854031412
42.36748502256713
43.09255507347871
43.05628301444426
40.720890856964
34.80888939625144
28.366613839921744
24.324392124575702
15.681348326087923
11.57315764222708
8.254713875551927
2.2490461213888078
0.5604300426678613
1.0415446329530929
0.0
0.03279439104181479
0.2568353961111779
0.0
0.06695674070946184
0.390752524862071
2.2242727733221215
3.0217955109659593
3.611588119807461
3.3500212259977435
2.663569655413087
3.7028329668201123
4.17261870711699
5.01851591661058
6.747771984591673
9.023362539702184
13.69071959999452
17.248797548209275
23.301493289636834
25.543525526972157
27.602327870952113
29.964246253306936
32.377019267268736
34.67832995308752
37.78316013121911
40.12352711676546
46.50659739395432
53.937199310403905
68.56654385891396
78.14178554426236
91.36647720610723
105.00168799425722
119.5889319627491
141.3359294561032
156.59363465524888
169.26786353741346
172.6987211809127
173.5858936158856
162.63260860737205
147.6429077813372
124.94633011243194
108.27147143841223
89.13237516608592
75.80739926382232
61.7603828510455
42.23665607638268
25.924029718408956
14.677383267858303
12.63000449981494
11.915342172495679
16.707818435451653
23.65869347353851
33.56853881371668
41.34750370985936
48.829371614063184
51.941158346604595
56.01927194045063
61.029967193317056
65.16462486861161
67.38575715893515
68.13717397730329
68.45518190585345
68.26161086356817
67.0821184774852
65.48443239591248
63.9716255351332
63.47354514301566
62.899231289228965
59.1809628460189
55.4103178276682
51.34427717515676
47.88113414066312
45.240305581790864
46.623132504182486
59.07718276142808
77.15878082772647
105.89585114088175
125.66455404238813
149.79097125347639
178.02206053202286
199.55791119079174
230.19865057697766
243.80817856573975
249.43901292708242
251.7753102870544
254.3855769872222
257.4796808584125
260.4121253314042
262.3121422029094
265.0104132155231
267.93774372808394
275.960231492436
285.10160645240774
298.8331002909079
309.5403574578723
318.0160630980214
319.7452802241086
320.9074204039717
310.48968602077633
297.3374830634154
278.2896726489477
263.19684569999805
247.47753538098948
232.6060415819825
220.65635142521796
203.73943826120816
192.25595722013773
188.06865820829864
185.95678253053245
184.35003387605477
180.30324438358028
178.56378139249682
175.11071106000983
172.75120870015377
170.25479670437232
162.45361724650394
157.02044032293986
149.17110423370463
143.84329140032656
140.44085543682135
138.57343003058247
137.32328841874
134.81025224710055
134.10848847830863
131.2164710012188
129.23662826393073
126.69257955978789
120.57941963288299
116.94517873980129
108.31827865195645
101.76404080515361
96.2194964717289
94.70852341318985
94.45554480744454
102.49375384552742
111.52355144297532
127.75325696810835
140.03933602445304
153.34233888566783
163.92678077421314
176.5099248985143
195.3076278876814
209.8598724769629
222.56885771836713
224.34509042656398
224.38394264125023
211.58840607751335
194.6164322800117
168.2804787418511
148.28515489369704
126.22884211846593
109.25808593736191
91.51372695046663
64.55135722886999
45.181624712137854
29.968211848475377
26.136152069957454
25.968712790827915
34.941859530471376
47.04303517426177
63.38644547815379
75.6314257670727
88.87115830357808
97.51192098349682
105.66120539965286
118.37091834387984
128.4180515787614
135.2444117636883
137.79719811711746
136.9837071915687
132.3078398975453
123.33120851870834
112.75347613251108
103.98271057763813
94.73690755987701
86.83855713400418
78.9723269298108
66.22074284809237
54.915764967447174
46.131040828318795
43.019849617367235
42.18761217138057
56.322242991914145
77.13747824535638
108.25524578249447
129.2314882481384
155.33483709923152
177.07830665809743
198.58530969792406
231.61138724947205
254.60307067939905
273.2248398753214
276.5857156662833
277.5126544781807
269.23938584979413
256.85724697341317
240.52248337274273
227.428414285551
212.61584667553126
208.25703124316055
204.5178820752672
201.15813806079444
195.26908736981002
191.19891916652918
187.88979799186734
184.3997479929468
173.3639749055708
160.15214193389903
140.17461564601965
126.28410366821223
106.54486505069545
86.4883082804978
69.18415304272797
40.84767007870909
20.245005762785865
3.9522542985882017
1.793987670122465
0.9161776068943159
4.205465639686136
9.763108389712148
16.51287846347892
22.822826145098347
28.138828044684786
28.71185639306975
28.77035830115162
28.463580871483558
28.294389353768477
28.825050473784106
28.33731537238485
27.577287271084145
28.666014686256588
29.122225365641498
29.586885377096028
31.376566948101864
32.08616386568312
32.25102073500191
34.17410435465289
34.86027775959333
37.15766245154669
37.26400091549973
37.87220776885696
37.74868386954821
35.9856856141808
33.290571009368996
29.924317920292452
26.14544691577269
22.887896966038326
