12
16
b
110.14124988642122
111.39230856449052
109.63593077373066
111.45847141273839
111.46407483979556
110.95703973545518
111.2627034606309
104.83524296076197
96.81697188511093
84.76767742329704
76.51073333817152
67.22068344105088
57.78723599000348
48.3129447582851
33.64657958708191
22.64793845172017
17.13236870788717
14.849788094790437
14.233121288697863
16.59533792731647
18.752574325675862
21.751923916027913
25.50726988476633
28.083483949949592
28.70610147273508
27.99649791072217
27.909015111693527
26.16780619707981
26.11250877142337
25.51509930374552
27.116715169321036
27.26210454141165
29.49790998150245
32.004197298826654
36.29541342945663
39.411218521764766
41.99522675067205
42.86758941474021
48.18760207270147
50.42332207612119
53.279547589218105
53.74016620940741
54.067316573346325
52.32848207111431
51.20930207910516
49.29799122773648
48.26632912090662
46.28831476023609
44.26421760946568
42.70234261729544
38.22572606510387
35.9265476834855
33.49349278277314
31.072668791294998
31.096101963609282
37.891228336995226
50.50794542411111
66.34041938412825
77.68701779060868
92.04751528875114
111.2026665791236
125.68507775664739
145.8880481380835
147.04943773074518
149.80048533276943
148.29819316256396
149.96962864790189
150.59052584142094
150.3709386286253
149.99545279855184
151.46935151894806
151.73153437485516
153.06382183491854
155.757686716899
156.44697120479023
159.15593989649884
159.90641494435908
161.4098793108063
162.78485673475032
166.5193363386539
171.6634698191203
177.86356005397286
180.61601918393666
186.27142031117717
193.16463613904946
199.08851761858736
208.45466733513024
214.85978136765345
219.16033316953644
219.5042718962115
219.9300649054124
218.55626319959123
217.07853489902433
214.12625039080316
213.63737348256345
211.52823476160006
211.60968092841716
211.0414527407626
209.88273029342244
209.60681923443514
209.20736939747937
207.7882958317738
208.7374697896123
209.60878773316512
213.66498866095566
219.3654518690248
221.97312485964815
225.3956124517171
229.08820299133623
232.32072569123062
238.40577761791016
243.08530062909466
247.35671710545876
248.49640658152816
247.84370518687408
245.32388657988432
240.33212818085164
234.76302957742877
230.61927673628753
225.42707456221865
222.5788823847222
218.2124258390133
212.13164992382056
206.89447359592023
203.25249261244977
202.28330519097184
201.72313535852334
205.59336835594885
211.02993880957493
219.43392317227043
225.87973887211132
232.25510644082365
241.00761964306966
248.62848302802726
256.73313926055465
257.16172311708004
257.1355009294656
256.6099458430082
257.7598084439838
257.5413472836036
256.9958728849447
257.047750457031
257.9432900581486
257.4653263240094
257.99892529010395
257.4262987377407
258.1316641631965
257.80178026086094
258.8132091179025
258.3767702143416
260.3937848608605
262.0978617669625
262.7643595261347
271.3585325481958
276.4080543640271
285.7656205241472
294.3407903901097
299.0884633977347
307.6979984745594
311.4002461387652
313.56664907950625
315.3334754889176
315.72085619558567
317.23664450216893
317.5056675076064
319.19756634148933
319.245756480442
321.2060778104146
322.9862487987962
325.0711734707155
325.8213115719444
327.4556176665511
330.0132695520129
330.8340432223551
332.54620994826575
335.44948836445417
338.8980556185715
343.62194437363297
347.8731144530212
352.65728280713466
357.32218112649457
362.6010023159537
371.08375760857416
375.33899609854836
380.728272853605
381.16280928914347
381.4060339605151
380.5959495614825
378.5587848665488
374.4223144592701
372.03762530123623
370.67897438302674
369.03912347618876
367.3293517832488
367.83721170395535
367.0715194439312
366.0039640632916
365.7887123548789
364.8918746569946
366.26794291221086
366.303599619322
365.4860093565317
366.8118495168285
367.2308873065535
366.7152851760287
367.8116637025257
367.88576236236895
368.84075042305267
370.04374453877193
369.06851730590085
368.72486275561045
367.02223786461406
363.23334336285984
359.931082055689
356.5107229451729
353.4243988550274
350.70424485788726
348.42883449091465
347.42684861075173
346.58563206443347
343.3629681486225
342.25430936170653
338.87288978059263
334.2510201465724
326.04013109669944
312.6358892828701
302.33598934660506
289.42026435013383
271.7314092600815
257.5217569472674
238.6154455317121
234.47767601538467
231.91300816978688
230.21558935366957
229.86271790205484
227.86446528935247
228.66070490675855
227.3941534143207
226.8312702192946
225.6470098361155
221.4316951468446
218.52481402074386
213.7733417822181
209.367270779225
206.54086106982498
205.03957093805883
205.50275175177268
206.96769753580034
209.49476922388195
212.76765508191966
216.01366219084886
218.39814205460814
220.6735030140386
222.2230021165628
225.5597720547772
228.15689382869257
230.08821750690066
230.99275435184381
230.4585646095535
228.54672713565182
224.70716181131436
219.27860119493465
215.93036118382327
211.4402653359018
207.01121206062638
203.75660089212738
200.2011587519155
196.72871064385765
195.3425565411394
194.00506966014564
194.31831547533176
193.57280972450172
193.02223920322274
192.16671626472345
191.42772593971839
190.04631039847325
189.44007914567476
188.77453261405293
188.39124152858122
188.31443738296724
187.7132753826206
185.75614438119544
184.00369996246795
181.6228817466793
177.4276708475275
165.64418834861814
156.1561725254265
143.88474504840227
