1
8
d
158.84747137227728
160.0049808526079
159.09874071178166
159.94585740946957
159.08124157491213
160.69908461403534
158.4109165050259
153.51499514080166
143.853544981327
131.15058739767971
122.91425417082829
113.08148654514294
93.27394628428705
79.45998944619897
64.90676563099794
64.31742725920152
64.49644699389337
64.10101698877105
62.87819613731316
63.624999872939334
62.976791973851505
63.391366100129005
63.01456763557864
62.93440491111239
60.915288383748816
58.72294352575965
57.37364610397927
55.01976846520042
53.89049868998304
53.0152013663676
53.307143295097994
52.55009874901762
54.149173708410125
54.953334604942974
54.852436416055184
56.403518717949225
55.954142277969076
57.15894919377219
57.970670288684126
57.99211865471553
58.87483158365224
59.38527264690001
59.381482519000144
56.31051285683835
53.38737690136983
47.756681344471666
42.2510187385549
38.620482414836715
33.39771346936813
29.914168303125418
21.734629650150694
16.469174806923316
11.42344986145663
10.082829199014435
11.448764876503343
14.328917832352053
20.469706532212765
29.541834125376493
34.124064573576256
42.77232399617993
47.81755648084924
52.1119794308253
60.75060954783187
66.1235057710884
69.52482979317071
71.41438142164583
71.44810578486096
68.74536728144965
67.04854374582318
64.59794147941084
61.46708567339722
59.5011301915818
59.02086485505651
56.122005231870226
56.17469045777147
54.360628969526964
53.8707249241055
52.33110132719029
52.5883967047132
55.03198568221683
56.27540167874179
58.675882766477464
60.27346650968017
62.71682080535096
65.0717291038948
65.3884946178756
66.88741756799075
67.10401121345654
67.7449986605016
68.9867917892046
70.41067656324248
72.7141736449538
76.08648918714292
79.74428659187767
83.053047993965
87.89487570908636
93.11388917692028
95.96308041919808
103.50487816878092
107.92851133624976
111.98429871666704
112.74564404548259
113.05157259454687
111.42403116278912
107.66269286174663
103.9911670044166
102.11412513479812
98.24536817653893
96.46511540273256
94.09763991607664
91.36038243403509
90.25032582431164
88.12498598368573
87.96625487738267
88.13037122423829
89.04534955643008
90.48908461141446
91.8243627824266
92.31031145313179
95.18209263592445
95.65092683111678
94.41688715786373
94.54299317070769
95.49867922250965
94.4690564810961
96.2448878907135
97.08618940309474
99.37538412887706
101.36394945017467
109.40082139373384
117.08970081603259
126.5031031494914
135.57446989308974
140.08698460855595
150.23780588313673
156.0244304779245
158.92610276731403
160.05567971125953
158.70586088232878
162.1836924020468
163.85636782083705
165.2535240331212
166.12654185560513
168.63853601682948
170.02021102539257
170.45179097720677
171.51814940397537
172.99375049074462
175.36675223071907
177.89887094926715
179.17111286412464
186.60853553763735
194.54792096347916
214.83014691223278
229.57873930399674
248.6577773808854
266.13056684619437
283.51171658293555
308.170508762661
327.45566801796406
342.52437220166263
346.0127880991653
347.07726067749974
337.46858405349735
324.72379747544534
304.70951927020997
289.92471114152846
272.7135249551952
251.483794977859
235.06745207743327
221.37116668803736
223.30976775552227
225.75982971938288
225.6817783223246
226.68879883774517
226.14876771392753
226.2305129529213
228.18059595726575
227.6564255555534
226.97407902420557
225.1372228544175
223.38032003646842
221.59361014959774
218.7295001542629
216.57560077358514
215.85116201483604
215.12998344231028
221.06348193828535
228.85236610434671
240.83650981079577
248.1242366061433
259.0287784239772
267.9878326370564
274.8772269873317
282.3105141355544
290.27393772676396
297.7519421394492
299.6763244152468
302.12100630385976
306.7244506934212
310.3797394826118
314.74618497080957
320.87986845100653
324.70868898803593
333.8809734695808
344.19233123787427
356.9283650553062
370.2905278477729
377.18608405760347
380.4784281554021
380.4475967859651
368.86519445826457
353.99259830599414
331.85040180745614
316.3539440961358
297.18470274512885
280.05380411564374
268.51625845186317
251.28899348085653
239.57150822382485
229.46936747531007
227.0469229634351
223.45207718152935
218.86700548988773
214.86002878679875
210.2957947058544
205.4468050484814
199.14716964572486
190.2998340424483
181.48751838819635
165.8139792385873
156.4193027215003
148.5424978740806
146.6711764042984
146.41315204342095
149.20864686214077
152.67687153753502
157.15374745443492
159.6909174326313
164.8855876499183
165.38328261467987
166.91191374361983
170.09513834467927
169.84487815080874
172.06072762982672
173.0645970760842
171.5127821444938
169.64746719301633
166.49042496858024
160.01889127500687
154.92354525260737
150.67207191949063
145.36750719772408
141.43086393219025
136.65477837349064
133.34535282841622
130.25729366190083
129.3143480481729
128.3645414765556
127.46292404504815
126.53023982755937
125.40534803663637
123.87961835978324
123.02673992599658
119.53596024461373
117.32614123719058
112.20361878066045
108.97240354977039
106.26172662470888
103.96412824117337
104.7603684832815
108.0141817478009
111.27822404544227
119.12841702606724
123.66339448706785
129.8176486041311
136.29770794394076
141.60987572657694
148.9422530053603
148.02748036530645
149.62820006887748
149.95562529706672
150.05890744468286
149.6059652370622
150.6048091346675
150.6851093877441
149.7295587392974
150.35397267507003
