20
14
d
102.77055154216694
103.50924987294592
105.64149004962486
107.21282592155262
110.0703178725016
110.3986898516585
112.04079371340215
112.3931140632343
107.32967443415079
100.81939034340868
90.9719209021307
84.88983040145739
76.66193535523395
64.53441021210062
55.23897755008735
43.93545974247771
42.69154088827521
43.71800382144249
43.705835799938
43.32261934303467
42.657365717292045
42.916707886733505
43.09931838978583
43.334781056313695
42.961994859785754
41.36569005855436
41.741014872390096
38.90595156321652
37.66909655688212
37.10749523544613
36.49452834086978
36.7245423782372
37.14700102306049
36.28935439672882
38.24285599728017
36.877155254974454
39.14169381853221
38.321038032558505
39.08350356599252
39.57876789441086
40.05177754311566
40.469283501731496
40.54904155341717
39.63188092824337
39.49643238271455
37.341684723549534
32.16741295690594
30.14300178301747
26.663004084021257
23.0639397701166
20.440961133009388
14.435258569531825
10.95300209452681
7.4343901968591695
6.911682587100865
7.272637611144003
9.889110902630792
14.055566353699227
19.202467762241156
23.886548461240395
29.37379963329722
32.43092465867539
35.59567327901295
42.43338381285249
45.52519347679927
47.8500310644957
48.14054487426118
48.4341355385639
47.80700427746353
46.70147733243993
43.95361177017847
43.31950387886738
40.93046839849925
40.1277453411731
39.90220547596396
38.511543167943195
36.76351507208394
36.57862985539973
35.887744621644586
36.94596873565487
38.41275926290248
38.31166287475602
40.54889888518295
42.013995991454934
42.19522081714944
44.41034781268653
43.73222331364948
45.184916519924386
45.93291814662555
47.19995084497179
46.766066833178584
48.52203881624905
49.74565606254537
51.98243023694235
55.20067257644309
56.6881802464066
59.96087134521776
62.50384866365644
66.87970863194259
70.36011936401246
74.22774853867323
76.2731895289174
77.32321329947366
78.23031720644722
75.94208422915862
73.85559658138517
71.07406484068774
68.61435268868583
67.34376013268803
64.86879538693701
65.1585607435298
62.87293361210196
60.625904282723305
60.38844948368003
61.03601942940854
61.216208178615844
60.854888868572154
60.9168485416315
62.33379744574181
63.80083567240082
64.16151050515784
65.55677849551623
65.82184911855975
65.05119095340595
64.25534840821408
65.7120217715925
66.15359509773566
66.26787408688733
67.8433399098961
69.61569342786345
74.68590794606158
80.17342876824058
86.37231699879908
93.05352513823354
96.38591559508
102.60192472261076
106.41622934721632
108.84672890952982
109.79726761518961
109.95185172746719
110.68626695968779
111.58320924825475
112.73698738172561
113.82901521956676
116.11331755455511
116.48180631949232
117.84762280995201
116.75191804271539
118.30953742573367
119.50163996021246
121.83104326090299
123.714367200212
128.40481238405397
133.25629457965903
146.11255494935781
157.7861695692652
171.70105222978893
181.50545930914123
194.282507493917
211.5010833850051
224.3515192151533
234.62920782505225
238.38062378702998
237.2742077142443
231.44790235219816
222.10616993624527
209.27927930378115
198.49948777804843
187.1587777823385
172.38256735721316
160.88006344441533
151.1333388040475
153.41133623757668
155.27133272672032
155.3898514120481
155.9814880859983
156.44284801185668
156.14089765843315
156.13591981112165
155.68782841691328
155.59516042512737
155.7943050200021
154.04475927542097
152.36835257123644
149.8706056679242
148.57330887701315
148.31442362314982
148.33226075640525
152.1748757247106
156.8643956815236
164.9501085276312
170.35007747353885
177.88773744162506
183.6442554687989
188.80658882952486
193.90174649193202
198.6454731057076
203.73597478413146
205.96664582973224
206.845019441337
210.04855215585312
212.92907845026417
216.45641153974802
219.77346703170343
222.9599778004648
229.668246896706
235.3243734685115
244.369458063805
252.2666783614863
258.33619687888194
260.8827748847908
259.8319327140618
253.89792917019668
243.94416204054767
227.5509016830378
217.23120064905393
204.54742910837612
192.62165953685897
184.63243843520013
172.5697288431732
163.61159161520047
157.92126181299275
156.57577863396654
153.69417023049948
150.30146429731852
146.78252843135138
144.19874490519956
139.58882405408406
136.35920779071697
129.8352859085951
123.9034739811082
113.99811139013893
107.78711984417484
102.00707012629618
101.13175463602703
100.71266674128103
101.82453519029089
104.20406185753794
107.40076676049382
110.44392156387849
113.46471966743891
114.34032153245909
113.86278516330842
115.55895538414585
116.91694231506654
117.92388746843572
118.3931989992896
118.34904947184869
116.31827932564421
113.89076489112036
109.42431076816398
106.49224582048694
103.34015418500755
100.49025701791635
96.9510905515828
93.7758058971402
92.00511486129734
89.36560634906982
88.67197129611766
88.31422906029407
87.36812035383235
86.39232479384424
86.18718137445072
85.26154163940555
83.9021816249136
81.39371316094238
80.23057002271486
76.36612698034101
74.8671600116135
72.25314578951296
71.35823824734827
71.1830302964479
73.97930424687597
77.82327944280358
82.2087080827998
85.49564441714615
88.6960576756268
93.60840369126586
96.92820627040535
101.9126594446173
102.67958931451568
102.13022899425005
102.81042521887704
103.29765511164042
102.79385161548281
102.99422634654036
102.55281257911433
102.90957480291485
