21
0
e
220.50488846117366
214.78238590875628
211.39402167275145
207.08973006778288
202.5896331394967
198.87483432521228
197.64071973808936
195.4317712740717
192.2014780676247
187.38891083979107
182.8994455641213
179.32108547950932
176.79969969127444
168.6324945401579
162.63084814581637
155.98769640987084
150.56448746060053
148.65666896393142
147.8149196857603
146.6098818897003
146.1480675392873
145.43796943308436
143.80695269446161
143.83927652031878
141.5199453942505
139.272919565909
137.1130626898139
134.6211507481109
133.85069278034652
129.84212715006922
129.73892332485022
128.25381147403934
126.95358410938105
125.5895438062694
124.40134494160803
123.11106617595505
120.58566913597053
117.84258039896166
115.58517374249499
111.22558555026836
108.65616256208611
106.89072598516088
106.1169233705681
106.37708983410398
106.9990769871543
108.73947415677955
109.55971855482899
111.99876518419097
113.51751733044537
113.18837235839558
113.13947490876257
114.94865889597114
113.7672683533261
115.58246593071145
114.28269832671668
115.90171287600197
116.39285282153902
117.55004914200175
118.78636242889421
119.48129461610334
119.91059461404866
122.56681007845094
122.00879665536567
123.08801034673299
123.90746832856505
125.54202616911641
125.35756639918897
126.41978695343872
127.9936359050887
129.90501518973088
132.28248626990234
134.840266925392
135.82167363790347
138.34184652286285
139.77360625514882
142.02047591212684
143.9174046063947
146.86406712010992
147.38152849615727
148.66476857404393
150.74726864751844
153.8497191153759
157.84124325015372
161.9767656541608
165.1584173462353
169.67035387920018
173.53917063544895
177.22091021064753
180.89048125042356
183.39921210302037
186.08859341382347
187.4421718971673
191.61241952117794
193.57906363643806
196.89938919368393
200.32247445808605
204.9485308896844
210.2528499900852
214.38818038286223
220.62007355607446
224.2233125839404
228.76519887914048
229.92585798280152
230.54822845138116
232.6366675529851
234.70370958195724
237.8652826548714
239.2890636906894
242.17318106960093
247.30430880044054
251.19178647488778
256.75434102978994
258.7642286582837
259.8810731227588
260.13307935060243
260.8356548350129
260.6580282839981
261.3090436517432
261.4716425211734
261.6558515242712
262.232376709123
263.88045695981145
264.40078917020793
266.8584964685468
268.6589101278247
269.1130977632687
270.4791115117011
270.1514443387418
270.808502506928
269.3063371451604
268.0758856212046
266.3938594873094
264.72596477573035
264.6905787027336
263.7347668289538
261.82980619845284
261.5890523394619
260.55466190257584
259.87135460207566
260.4644832447324
261.14519635660395
263.61608508395045
266.9712088342629
268.26179384548215
270.0272922489613
273.68766422331925
275.0563942395385
277.250599968389
278.9441202224329
281.8142170930369
280.71322121898777
280.90517680442406
281.4952572224813
279.60677491709896
279.44899641842454
278.9485164224799
277.94643972529866
278.031890817454
278.24960538633906
279.176818236258
278.42181957394257
278.63395237941904
278.6947664859946
277.538146603161
278.38186081163735
278.1095103225826
277.1730058054917
275.9706991338364
275.5091515683049
274.9040658262981
274.69653620999117
274.12580627015393
272.8654941088288
272.6810018391044
273.32663043957115
273.0495468033642
271.892475086652
270.76206244671573
270.21380768478423
268.60027035827545
267.79494851554375
265.61767445480024
265.00870430688315
263.86428250393266
262.17192880019786
261.93194345660174
261.679382311735
261.0487500891092
260.63932742103447
261.0382106094996
259.95261051255
259.71565989549003
260.061849937257
259.11370586260387
258.6841055505811
257.7527355078346
257.25500848778137
257.28598427057733
256.43390577814915
255.96583924054414
255.81077407103763
255.89114361164403
255.85615303036778
255.64788527294402
254.68652528303022
253.5481446447279
253.7997707382045
251.87306253706603
251.31925340813547
250.40317602970174
249.9394102305994
250.75481430878722
250.66180981575607
252.55945531201198
253.59030585102795
253.27273726927126
253.8056150099744
254.35564797194274
254.827346556544
257.15222275845576
258.17432276818414
258.72022179958145
258.6638515831032
259.74361834756104
258.14693146443796
257.3801038942001
257.877472762387
258.67036505399653
257.8517046269363
257.5647311104552
257.15097788268326
255.96716122716188
255.671463525505
254.68572350316606
254.8652301198684
255.140181833305
256.7785654365968
259.19664608075357
262.4971210392754
265.0667426155879
267.84238374515274
271.5017496969946
274.0678014646091
279.07662254934246
279.2494478700738
279.85000921650027
280.3809689024949
279.7357853453747
279.3974328940185
280.0872611987378
280.7347924181601
280.3297117358427
281.0964854717499
281.1793496298726
283.33541436589786
283.1578358222058
284.1920780358312
285.5106727315649
285.1540025561393
285.68551707880226
284.9660508416298
283.981017688807
281.95665681278217
280.8131185236132
277.7308660691538
278.46010419596774
276.7890668218984
276.33929440257566
275.84047735233275
274.9961657925264
274.01850865482385
273.10379952241124
271.01119291636934
268.33511967743726
264.1905692497397
261.222752416914
257.5732015317551
253.92833758404612
250.8178648684947
247.78933096075113
245.78824885868363
242.44991320145107
240.45939797316606
239.02491434972868
235.14678173636432
231.64026827085178
228.12250339511183
225.24661484135598
