14
24
c
109.48004492982044
102.02895166622861
97.24764731440933
89.96363020562737
84.2217188723391
78.14433660915124
75.72269754903995
73.4095112014317
69.1395410367954
65.31733184219127
59.29690458338348
56.55080523490279
51.485451067201566
43.75911625175687
37.85614123146114
27.188525684543926
17.970583768821264
11.71325072671728
11.791811038454236
11.415659820904608
12.128860756634467
15.272792265912956
16.747449507269923
18.724337222705817
21.35500237160041
20.49066047184923
21.42992111413225
20.560570993062026
20.415868957849558
20.542501560680712
20.437304968272176
19.396398262803924
21.888497655125878
23.15202937970907
25.907629022738437
27.46159415667195
29.470757164275447
31.570275415141527
33.61266337173666
37.11908269460503
38.58707063027407
39.94494300580823
41.33543863557394
40.33334455912337
40.83339479627044
38.279509089259356
37.11085306715885
36.25925248941251
35.306404002103534
33.46886359705426
30.781741104986697
29.338682172586154
26.91787998837461
24.846553366083683
23.446735647846918
24.00189584365726
28.96827275714849
37.22111748596372
50.54401402330987
58.29051806977008
69.92781312717209
84.8897271526052
96.18179028826451
109.71330942025513
111.40302357765879
112.37883199894077
113.5577789133998
114.03333466265785
113.51861359343981
113.58249252220315
114.85215895985841
114.54545111964953
114.2986855440583
116.56203006306875
117.32981014855363
119.61566413445976
118.82667389401797
121.33446982024402
122.1129312386925
123.09910128178501
125.36841029175011
128.7622992324758
133.94793840626158
137.62209974623187
141.61409646021772
146.420542728403
150.83093871521973
157.82296774384128
162.99731351419348
166.8372300478262
167.03361093422527
167.22563452030184
166.05038153948973
164.99660223629547
163.29336621809145
161.89883222077577
161.07506585770952
160.24608356647758
160.0504574650355
159.43046294584573
158.9368371738266
159.065448500449
158.48934397532526
157.8505709549565
159.5946865162796
162.11343588418896
164.97407582216445
168.73193029218888
170.7809550198206
173.58898927377012
176.55043361467656
180.57817184872826
184.57778685493565
187.4739375729379
188.75692141492496
188.60862719718804
185.06146430752725
183.04120356266912
178.75296467776073
174.51456452498678
170.93903503965942
168.4885672890176
165.36783404566637
160.865436175878
157.23211438073545
155.0321659934833
153.3250208795688
153.01969897788112
155.71433919949615
160.11972261521976
166.81451019182273
171.90571913444495
177.49232756537955
182.7945778755886
188.6750711506626
195.02583392773192
195.54011298889424
195.51031356455468
195.45192662195748
194.70471368475773
195.582341025905
194.94441284190896
195.32876073478474
195.00665250585163
195.39077569906962
195.72143077138912
195.00871766010638
195.8617131364025
195.26446664079214
195.31948415823126
196.52013368852718
197.14132743431378
198.29324288239425
200.33630901186115
205.67251595336026
210.68136212343921
216.43128084449654
223.3174874172221
227.44497519177892
232.72769572408325
237.2040430130987
238.6025255393756
239.23044575993856
239.71533461998996
240.3776106775108
241.9262589236101
241.57747438869143
242.52322165641726
243.72628300678952
245.72293445519315
246.47308204626435
247.0869288752125
248.67983568552992
249.94413080190398
251.80836788105265
251.66147935353155
254.91473286069947
257.3119514862881
260.5416014793194
264.273391021051
267.2049982527246
272.2221382690297
275.7208268061004
281.1078836371681
285.12662401630644
288.5543824266222
289.141509518157
289.92791118162506
288.26438937185253
287.12249420284803
284.9626635616148
282.79553779567436
280.6976352735002
280.5327936194273
279.68337463729813
278.0113060034205
277.65188842658665
277.00118116702185
277.0234013185563
277.0776021676903
277.29022048839585
277.7410123586229
278.07824571193134
278.18556308082253
278.96332082939404
278.2338781185535
277.9457103668924
279.2305245140956
279.93382631264905
278.8479324108129
280.5239435617122
280.0601033113285
278.27251511227433
276.982392344767
273.0333482875028
270.4581046962814
267.4026673493557
266.17267381783023
264.5021185821527
263.5516905684953
262.5990879153527
259.4500620515182
259.22409614786255
257.6916059346021
253.52627595028267
246.88725715514613
236.9092861259536
229.57005539195296
219.13931450342577
204.84126821518214
195.8277449574827
181.20956441195995
177.66219981732561
175.80853882624083
174.9443569760876
173.95972138893316
173.96844838909354
172.62057142777857
172.1014673663662
171.66727859628693
171.96358537837975
168.79467663691872
165.9468882539087
161.11359831793294
159.05113110459956
156.83360655713057
156.30981531944173
155.08692410357565
156.95776022119009
158.469649174938
161.77448521157663
163.77184026774773
165.10180119229045
167.51983448072073
169.2382767872088
171.71310223601066
172.51812976981572
174.11286003847684
174.89997860015652
175.11028710326732
173.71307636850503
170.84532839474105
166.3464880277792
163.8382490400612
160.54193591242012
156.98903671108923
155.1362495743546
152.05475175999518
149.00238595608292
148.30544917623936
148.65455373240732
147.350188899636
146.1632078420291
146.04961697495895
145.20228442205388
144.87412673131598
144.9193827507333
143.7343561771724
143.23766554780343
143.34724518778535
142.0566773723379
141.4824014733089
141.3069071575581
141.16137009974585
138.08121557855353
135.0106211014511
125.13361824863031
119.38431838011073
