9
1
d
215.9815140351749
215.66330924517916
216.14247289942503
216.3912026148014
216.55517516565615
216.02129163849955
215.47375457553798
211.29532651044153
206.79447765669622
199.52380164686116
194.4904172077924
187.9355373950558
179.52285497328694
173.84591101567102
164.91725229857488
161.03267754434893
158.0287173543617
158.163863786443
156.41198904275248
155.60468362980674
154.59015826676207
153.02001484625697
152.7380770090352
151.71298373430167
148.4587175881765
145.88216949108076
143.18869637096876
142.21934421521607
139.29942171550672
139.14670615370298
137.65959768750758
135.88281375004163
134.1150249009193
132.75807544937192
131.77352941834573
129.18499925132033
125.82698355370073
122.82904872086581
119.09583836459832
115.76207977839411
113.91572922214898
112.48787762871578
112.83915239025855
114.23917991342714
116.15815630026151
117.66960204433262
119.087985476198
119.92866773204382
120.86218209722671
121.36550176084008
121.6631808226687
121.77188265652576
123.1287852697738
123.35460575923074
121.96713240092588
123.27634697657602
125.61890801737617
126.58777661600963
127.25490448436611
129.13648073230064
128.63376186675947
130.57923087815246
132.32042103542298
132.43654300046197
133.51003991922707
134.75367455750967
134.90724468352408
136.67873143545302
138.2367074235052
141.2648136404578
143.0281996910317
145.17279570366858
147.76588749866903
149.17316454132808
151.83702523144387
152.44827345170935
156.02216692865554
156.6434106131908
157.97264356199767
160.43612792058002
163.81645565788787
168.37098691904268
172.47759359876682
176.40195504599475
180.4994118658641
184.66257670398872
188.9202499761366
193.32417360265458
195.56008271613985
197.67070465607267
200.7141245898413
203.45915245465778
206.5953387103224
210.59266510815414
213.8855997706999
218.2669806889168
223.7203342414733
228.34715809975967
234.94952037521395
239.48913393890476
243.04565878288824
245.37889226354375
245.39401917041351
249.60714268434862
250.49438754608005
253.33696809340384
255.4288608405411
257.115399662185
263.64050827969396
267.7528281627427
274.27665610551117
276.4427296635889
277.6281149857708
277.33719259996565
278.3107391862617
278.8112114592502
279.1389293825031
278.43104107259364
279.5273976379323
280.06115753435625
281.71345445164076
283.3119061185696
285.52394825501653
286.734148566538
287.8004530580836
287.25882663563647
288.1646793855054
287.8561181710462
286.49667846573067
285.1809069941999
284.67759514736593
282.8864381167768
282.18002369527954
282.15416048437066
279.7944820742787
278.74275941325146
278.2997940053043
277.7797097577829
276.97441445914257
279.0404862289738
280.07836494766764
283.8163202059154
286.6930202011134
288.74440196586585
289.9646111539046
292.99660119342633
295.73085593228274
297.0579733151156
299.55603268931435
300.3224901742455
300.1669708931903
299.4392401328789
299.42517081590603
298.2774158693963
296.84087640910616
296.63119952699583
297.3251803368922
297.1353282888327
297.26980276869574
296.85347671569673
297.03427707647353
298.0827119509433
297.36696269650633
296.4986982719814
296.26037999318356
294.8519200416021
295.5013761983031
293.8883623317614
293.5956812998033
293.11533703315837
292.79470157597
293.1267709157886
292.82975760116284
290.4024779009548
291.38444038284985
290.39650076963323
289.17455422672424
287.75887368142907
285.93612490720903
286.05751931775166
283.91805795461465
282.1010491142077
281.1741006932096
280.2406478142538
279.412469680448
278.73193249696016
278.81328349603734
278.8931863111826
278.97240256871436
277.2076917891256
277.92523551922477
276.7014562446761
276.6239649243691
276.2510463015028
275.60253518950157
274.0773440647808
275.0738737243858
274.35817289196774
273.7630191637339
274.0436904739997
272.92682902137267
272.4632859354397
272.5142907024097
271.9639579899814
271.1752245365609
270.6601431676135
268.4148335869478
267.85682212774293
267.735654274754
267.5413017147815
267.07566659807276
268.0944822945285
268.5283708164495
269.2764635249127
269.2442613180065
271.4309355913463
271.2615514101312
272.50702259374987
273.79161569731957
275.08629967145475
275.07894788945833
275.5667268246235
275.24238145454376
274.5647435985003
275.18605009670136
275.00201619503775
274.6701081168642
274.71699553271975
274.5037640748113
274.4367335279457
273.51334124426796
273.1301929116605
272.4633999745063
272.05821606584277
271.73593639018054
274.42414090644013
276.26886709463446
280.21437389377525
282.3477860402495
285.8473110330845
289.9873782081396
292.9404964138656
297.8249967900079
297.93622858604635
298.355935217075
298.5915036640195
298.91697370349095
298.01146630173906
299.143677510199
299.572135449158
298.4523762829687
299.90489654531524
300.12374454652655
301.8273043337738
302.5011980615873
304.06709921486663
303.74354469971365
304.67183320856066
304.2789564133284
302.972488892542
302.61672719117274
299.71969239302024
298.7385596536205
295.2260960045415
295.9386904649778
294.90859121545355
294.6875266510041
294.1441526978915
292.4146438853385
291.1502621558168
291.88153745956885
288.9007971291521
286.66549153452445
281.6565330653364
278.702974724242
274.74017864337225
270.4623859374526
267.55784565262366
264.08262008437214
261.4021398486943
257.95430703292783
255.98851574350985
254.52056617064883
251.02207843172735
246.61833302343183
242.461066927307
239.15985401057253
235.8064452626061
