17
5
a
5.731378071164899
5.71595721014639
4.108238762322729
6.299788544263026
5.37282760269255
5.6090648354248405
4.740942637395703
5.775607470395621
4.441998395961693
4.167919604248938
3.6628355753921755
3.6419806415924025
2.097654682463307
1.2857437916061791
1.2070844790662059
0.1898465393797614
0.0
0.0
0.0
0.0
1.411353604120104
3.681043849096576
5.480913313340422
7.91138173298406
10.046699945887593
12.249067038292047
15.139098222010942
16.77078552193459
19.11133395407581
19.714090453725856
19.106329132369858
17.011965342721453
16.361746503853567
13.519335453411895
10.94265478587707
6.910754301169238
5.366806803432251
3.608269339021543
0.9971655813404864
0.0
0.16745451832957056
1.226554053448299
0.5307643977066817
0.5935822272709844
0.0
0.0
0.0
0.6263991148389507
1.6475358517584624
1.850396773921183
1.4075224148511285
1.1912609859182073
0.83249387773622
2.524643443399307
2.714080643449433
3.3375349978432416
3.9975482627555414
6.09083426986138
8.450621256943945
10.360940420558666
11.275878453065374
12.314464799174281
12.478136124312858
13.575910533624086
15.831758483500757
16.945465988255002
17.445080534169318
20.577564187566598
23.713480284489336
30.59495708957016
34.92064620575194
40.81934458138457
46.195681561086566
52.81511700791739
61.97894575483844
69.31093889361303
75.46371715385585
76.0497234359909
76.70518224944954
71.84426793973435
65.45959652716758
55.29221892059895
48.300323385770454
38.94869287566546
33.99674922970728
27.77183512717842
17.841386858174523
11.338470008018545
6.190821198528375
6.057041368618325
5.231890843685979
8.774116266317096
10.740182576910282
16.025142438283844
16.772480108121066
21.554317593518416
22.949430502814472
24.870360447310297
27.20830672251059
28.754195873725365
29.623576772645265
29.75398273305389
30.656545867472843
29.521036972319855
28.531930648968583
28.988709900367073
28.57722984866558
28.945355783110035
27.633587437067117
26.072110338185883
24.45613661661679
23.651849528373887
20.912175384643795
21.23993702556856
20.404597337031685
25.89161003761526
35.07473269146994
47.095049795190754
55.667894004005646
67.07991478600925
79.00142382809997
89.13026823524801
101.89590894143515
108.39925829730554
110.30998900930653
111.56492517493801
112.32846345337393
114.43437155452025
114.6248322101816
116.15357189485714
117.02802763553649
117.83825367847912
122.19791563464949
125.77490582305272
133.19030384041943
137.36506776988233
141.24017074388385
142.02390184114597
141.93869702611696
136.43228288587343
131.9094387020856
123.4988781260098
117.0718375189692
109.6190753843362
102.73786605422103
97.85454659495416
90.82437749881767
85.56253463385042
82.70272825189753
81.45016121887456
80.82311681159266
80.23443136571147
78.49821776804735
77.38535834454056
76.17971700796528
75.90467144977725
72.18751567279467
69.78296207378925
66.5562741010303
64.15863092126757
62.62644125625649
61.99761996146031
61.368920710784195
60.252909940487804
59.038670997126125
58.57787801268558
57.741351680889714
56.000049045823594
54.27826241790294
51.281658263966314
47.950821186238564
45.539580059734895
42.38207255182613
41.65414205685262
42.255269882306514
45.804226934499056
50.37364709130926
56.3573044650126
62.48179893357191
68.35182217177244
73.61911694524208
77.6943624205033
85.57522326839921
92.94260508456976
97.64593114250121
99.2886161082822
99.34162270515067
94.09944591409129
85.87746207444489
74.3344528193355
66.44618157248867
56.27857158168435
48.165650174747434
40.66092701728889
29.258957076746096
19.583733126276243
13.037913883055037
12.360868344686173
12.081968077947758
15.756767396104598
20.050276833541517
27.886940140812847
33.90401882473088
39.96589081725507
43.4333838918705
47.42426967802083
52.04443094906959
56.2492516990504
60.26827514753752
61.68294867210357
61.15937484787955
58.50523945130987
54.673092878045544
50.080442660060044
46.50037635113465
42.11094715037237
39.20393112910327
34.694588042467636
29.5470896840118
23.694625521761143
20.535526945483895
19.18100763083557
17.87779698654429
24.51098827229518
33.989654446249865
48.483242859478636
57.68010989847842
69.04647357322035
79.22568411867695
87.68570387651033
102.80325609304508
113.17434875141795
121.44317628783426
123.63867761038007
123.30769634697357
119.69155103962778
113.59388141526557
106.12457207185072
100.54419237798525
94.03540727915563
91.86848366498904
90.44587749747096
88.3509295363621
86.62952606906848
85.22115050992268
83.59391040164094
82.07684838436775
76.75532804524536
71.16448880861633
62.46178071079173
54.92341340703755
47.10511892488362
39.39907727605499
29.398376492809184
17.09105307817324
9.454777875305203
1.7377027290201212
0.7821879366758661
1.2574926052478612
1.4186818420106477
4.066076841118663
7.696381477190703
10.006600744146054
12.635126325137666
11.546094645381537
12.648572775855156
13.09380772066199
12.715834069450986
12.761445539760102
12.549572949783656
11.8297711892069
12.754825585734816
12.69508386644263
13.774679781615232
13.629128849614276
14.542257049283716
14.741477550649378
15.380813854749324
15.535416473759652
16.1092965376458
16.11262729081429
16.421490637549923
16.704449641403112
16.879581207849235
14.889346889080432
12.283270906820825
11.744148808597238
9.836731733374195
