15
16
e
94.30447785879359
93.84676293325478
94.46152419687004
94.3252144552133
94.01186112407406
94.53708176940613
93.45501826347528
89.83931370162864
87.7984696977314
80.21489168657287
77.1091750554973
71.60863885547386
66.6846600429029
62.74263745417626
54.833887435809935
49.11033940577427
44.50061865637197
44.72866473515528
43.20797200034952
46.0086488960934
47.40695640572438
50.493605232641784
52.718370413937556
54.67409981920838
55.70074557416354
56.01795323846183
57.03680367746075
57.86652076924413
58.06361669557008
59.04623817384465
58.325657868891675
58.072634400067074
58.38303096011377
59.29922108593606
59.470281191332084
59.19869647627919
59.84779561570938
61.03675299119065
59.9840684053756
61.40829035750885
61.27889262096095
61.72009434121994
61.697727431062354
61.808925970878086
60.90067297675982
61.4549740012411
61.58531786982317
60.63099424361005
60.818480577775034
61.1612309966504
60.964428900691345
60.48122662173976
61.38144329325765
60.40075613858015
60.94433704811431
61.99361037683594
60.723932673181565
61.24021377318321
59.79083772743424
60.80106618741697
60.954538002337856
61.20560964953894
61.40701873807268
60.67453965051426
59.9762594891867
60.48119112391642
58.79583485000192
60.7141161060729
62.59611122225168
64.30344063870503
66.150502396791
67.81854893330073
70.09967109366195
73.48928522874655
76.59722442788825
77.96323381714943
77.8375777627318
76.87586025791195
77.93484648374537
77.9081697321088
78.09592232825332
77.86010835934313
77.62834731872032
78.66566108873012
78.1058246502614
77.27360125784398
78.41974420570382
78.40303717880239
78.07370414645449
77.36695246266454
79.61297869994297
80.03176312107637
80.42124867908385
86.26861759626209
90.3554140066371
97.7545903247216
102.83619276961151
107.12815083363198
113.42400235191084
117.34254532798026
122.04438774302344
122.66814744879116
121.54906957222813
121.94276552194817
120.06838519415747
118.15454440247755
117.48912439590566
115.64424432193292
116.02718095869753
116.09513625417024
116.07133724469895
116.98762162112158
116.39749334328089
117.4275814134775
117.65626691620874
115.57013476252484
114.99664365874006
112.53857661442414
111.50354627505793
109.8181872779995
108.99923787579773
107.76273851653009
104.58734125462574
102.87537809594379
102.82909612458084
101.11424942426069
102.13014146765265
101.55677370469618
102.89162088919007
103.0405156414172
103.11482875492068
103.33226222064096
103.11134715760163
102.36851061049134
102.65005582209166
102.74945105645676
101.72504503935401
101.64082156785322
100.82959417599957
103.8573673125248
106.13770852506435
108.48472829311454
110.51596812556419
112.37513704536208
115.65184949986104
117.64979148458352
120.56642302607075
124.0020832188262
125.28504764649863
125.93319609701372
126.35923717106465
124.97196763019468
122.98929626693514
119.36069521456288
116.7866010192583
114.29852516772901
112.54071068159361
110.33831066298315
106.26307014896672
104.25838344845889
102.02932101055882
102.67019911793786
102.42584692456396
103.53599624221256
106.99343490430618
109.78237070735605
112.06500998419395
115.67361688851247
117.79377840509204
119.68039687093142
121.49344402506583
123.23733040923123
125.80372854323663
126.25726623726432
126.40218453506314
128.48182024030885
130.47236241069345
132.20445956723574
133.35617302749267
134.93783433295482
137.61116592182287
141.51035872168913
144.99092131495428
148.5200310199882
150.98816684437588
150.39475382856722
150.22114671555036
150.11044020036866
148.23777500533785
147.6699500409817
144.87048489449825
143.57250722674937
142.10444709753352
140.63533322734574
139.91206334259587
139.25792550605763
138.36276465677736
137.90975742772628
138.00331964771837
138.66735252872178
141.66440852433698
144.84836312053403
145.85936322960552
148.1388880029625
149.59667813845363
151.4706506970913
155.16673657012043
155.86117515351492
158.5331513871315
159.91309171027993
158.05872915615024
157.52423459748658
156.8892980132604
154.82324224330716
155.59637605104717
153.960545833017
154.7433486646729
153.87533196414046
154.00448566330832
153.86396626533366
153.22718242056823
152.5315802232417
153.2128575838469
152.77444856390454
151.3192484772686
147.87958411407595
145.6687959953762
144.19780040500498
139.66140298488028
138.2520770602313
134.97742116082114
133.76715061884371
133.36023762907536
132.73749392867197
132.17008119009975
131.46303978013782
132.3264755530244
131.5884989161719
130.61386785463372
130.8705149335616
130.21124354612527
130.312036522967
128.7982877595951
128.8589365516539
127.76281758924634
127.70172760869761
128.4459475861559
126.30195133888878
126.14332504140984
126.15061719475783
125.48882925303501
124.70240178850035
124.16404890821082
123.96064158632348
122.59868891256573
121.7739212944518
121.13875081392283
120.78414384709002
120.1095839314854
121.09388993396543
121.2803924001224
121.64937310258358
121.27975347218556
121.96631738062838
121.178405482829
122.36512465083572
122.79928914430396
123.73689091977191
124.34460558282544
124.16526616767366
124.32569704678896
123.29769102184174
120.45539040680794
117.57164996280095
115.56744326710312
112.57155145283026
109.63366563619654
108.39917646854941
106.66019934265947
103.90960389160556
103.0170597583128
102.13713477375502
101.54125321828127
100.74267744329669
99.8231594513384
99.68187438231323
98.26227653580808
97.2951205202692
