21
14
a
53.13989118104428
53.464161880336455
53.53055857145235
54.485713481713454
53.66639639637671
54.2337364404031
53.15646434345964
51.83471776240181
48.14769985209403
43.74047406898663
40.83859509451444
36.385339511264476
30.062899106479822
24.96583351463818
18.66308672840902
19.33736531433591
18.467180757801717
17.399300814855252
17.378942018789992
17.076109667439063
17.449212388767112
18.138591639178443
17.430880826920887
15.578210467219849
16.667121765733732
15.645989365822697
14.652317636430139
12.817502162328726
12.200642705234596
12.500912115993842
10.853270999545167
11.996354130501691
12.760335833661275
14.596870822874166
14.349334701410775
16.108428066283437
15.529455854913076
16.190861367102084
15.847233566782927
17.10985303291791
16.53635901065511
17.015083882089236
17.1673871833967
18.119423071036934
18.8829413418283
19.296631925260794
21.33327210861618
22.91310628494979
23.503760791964567
23.86429220297387
25.063043178854194
25.484582709417698
26.798286895762253
26.539153336229273
27.01431569120486
29.62505421143039
32.74656449533305
35.848304826407194
38.128811833651014
42.134353557068145
46.319874073539324
50.375703591207696
55.211551000029424
55.69063695739452
58.08730670675814
58.05302875865679
57.521772990617535
58.31141324933391
59.59549503295589
58.082430470092135
59.713580693381466
60.276278374037815
61.554188659103005
61.515685916372824
62.60915325268988
62.964205207028925
65.0739333272898
65.14437326540876
65.5404969817264
67.02932994612044
70.37649159095022
72.73480946785813
75.06911256514024
79.22917929123865
86.29063305336668
91.02978605721908
95.97684285470274
95.7705009005201
94.89373136935407
94.69526342610712
93.94280847496273
94.47933197501031
94.85936752307596
94.76077374983544
95.06327995176072
94.3840089022511
94.88910797462707
95.54795446040981
95.56473106380086
95.56007828477382
95.75620391666702
96.79080414667557
95.97062818335903
97.32379410704534
98.06955951358344
100.03214665080247
102.27536834259007
103.4672122192023
104.73121512204968
106.31652412369806
109.43154758696447
110.38981387186314
112.09770091558917
113.43432686816229
113.26867842969946
112.6606130871171
112.22973249270437
111.24485544084571
109.21793290666038
109.08774996847198
108.1292182904555
108.02143296016226
108.41542554084688
107.04590649275546
106.94015435837149
107.59676542598689
108.25007971217495
106.39932008521349
105.30624601209522
104.51673030823983
103.81445575620738
104.55164606050299
102.5145714726325
102.12305671103009
99.5602058311317
97.34734377871506
97.45404199566629
97.2581351865217
96.67299769508764
98.13624490936105
99.88326293596295
104.29639934933239
105.1569901071554
108.87068539828445
110.60703520841813
111.20741312920765
113.3495620950532
115.19942590394747
116.82100031881878
116.78846242226135
116.72975447249648
121.30111780001128
123.34272797654468
126.32518204409567
130.58640084666095
131.38169399523395
136.32338588944188
139.74800032356833
146.2362562506243
151.13010680488776
155.06658854938956
153.78541523038118
153.77350738681034
153.4126357097855
151.94742310755504
150.63333916838394
147.8188135067291
146.45393088348828
146.46089322103037
145.45004272404668
145.195234262471
144.92298985080384
143.64498958410752
144.28724868533413
143.53630750309281
144.6834287322582
144.94390686265137
145.27030273904785
146.18664765666
146.34585846424855
147.06638628732372
146.914676739173
148.8140966755344
149.33405555544434
149.69745019383788
149.37958916664067
149.5064528341019
148.59574653515608
148.59888737475453
147.47002811238542
146.87533270913926
146.0972393095946
146.4082315796364
145.8256071841477
143.95860743843087
142.2292707156652
142.29485512599643
141.95066988974975
142.0963135276992
143.53235126029864
146.32004571314386
151.8085391927634
155.01109156875756
158.68670959955895
163.0160238430491
166.65176291408167
172.6782789433482
177.73874052570383
182.40475849990813
183.2038300317028
183.65044664426136
178.40405533812017
170.28207015389887
158.25024345069465
151.45914967307655
141.82103978810866
124.78931937646489
113.46142076217741
103.69473024354588
104.76317937336563
106.93160123772674
106.92544280201045
108.9259596232195
107.88561093425105
108.17789442084651
107.98703533143734
107.20799562878005
108.11292743024973
108.20685988048399
108.15029250890296
108.48497773187661
108.44406037508328
108.01675840187163
107.00214277441818
106.62438557159987
105.61120788797902
106.03874347122257
103.5443300368708
102.62265938161507
99.987238102785
96.844161557782
94.62035836150221
92.19302624006504
92.31540324226366
92.67992996989375
91.11314012037604
91.42911087182094
91.67134693921437
91.82977831083221
91.36923698357432
91.60240718034319
91.08258149727217
90.98552558838144
90.61456977653475
91.31149023503232
90.9824866534135
90.49965559912987
89.99481851649827
89.8637512365131
89.03455811363268
88.08351496422313
86.73619073537235
84.23849025909867
83.24364068693819
81.66309302432794
80.18151537260815
77.98054082803536
76.76698306955076
75.6481838642719
75.14092689633507
74.95251147785483
73.58370999091274
72.55221614245849
70.86691684614041
70.2366227721996
69.75915012511656
67.5581741801
66.40953145586948
64.33317915083424
63.3552165732795
60.76209952703169
61.41587127147168
60.69698892475752
59.649248162968824
59.516246032911376
58.4022676471819
58.098210710836916
57.008719356318664
