24
23
a
169.54672396227733
169.75129777535605
169.94971335223394
169.6659067351219
169.84559045853533
169.1039987827483
169.97356707072277
166.077930756492
163.23925357422308
156.28050507730148
154.40269218028544
147.11162859757493
140.91605069491987
136.8845281358803
129.56699762312698
126.60583189208351
124.54570630275515
123.9908870179389
123.98690145832329
122.12238400687704
121.31083108745322
120.41422458235797
119.86835041447549
119.15917587223572
116.87887699495168
115.78526035354335
112.49581355522284
111.18473725442509
109.61053926497408
108.70608431621481
108.11310345659237
107.33468002548621
105.63263677390208
103.71914345217552
102.62035048658554
101.12517643244503
99.00076413988708
97.05322606908703
93.83126974781764
90.0526750521422
89.33915556249627
89.31232630574576
88.76107212604424
89.28437172428629
90.2660219651268
91.89524992992364
93.47278930041496
95.18140016967877
94.89727228846812
95.36518642882284
95.51602594609588
95.84386629448596
96.49837549158129
96.24262921035766
97.16155810919854
98.01854170589385
99.27609211310553
98.73213194853584
99.87805400264244
100.99413233767059
102.0986190055306
102.69848042860758
102.9707644266906
104.09660709351756
104.54381166129082
105.32146769977125
105.5613058288346
107.99988022666018
109.01136904707863
110.94347830957061
111.6770230892511
114.1674039149211
116.04722983708278
118.25212822254257
119.99361132635407
120.25282910410672
122.33554407628269
122.99961941815496
124.28714778641748
126.70191472707529
130.00294773520292
132.53883621397034
134.74395094587584
138.1079115436321
142.24877621403422
144.66890858607033
147.84217641645918
152.30732502594216
153.4658383825345
155.80170891610462
157.71940744176834
160.07666740995828
162.68355735412666
165.5630414541903
168.20106677559005
171.7562238013344
175.22736063981952
179.66720535141994
185.15220275634033
188.02015280112388
191.12742227566767
191.4951555747379
193.02488425068043
193.8222615657808
197.18156305985806
199.4252713367036
199.5519416745964
202.13736263005603
207.8289378570797
210.82179344273445
215.23319446329842
216.65761414351962
217.29982664911054
217.97042797564828
218.4630908483197
217.87941484916396
217.9406655516162
219.37346653494868
219.8827777819951
219.51180208061834
220.96760214618965
221.77919182550988
223.45757269627015
225.85747732094487
226.83540034096222
227.3962603686148
225.77690041763262
226.70453041649478
225.62266945995248
223.52590270346894
223.3227373815289
221.57821305512704
222.16365919842454
220.7128905321325
218.91453939921502
217.97876283631658
218.16066038584822
217.17472015332626
216.85922835348296
218.60485613204634
220.87535815445173
222.73758617203833
224.32941416921466
226.16399806166933
228.27253132239508
229.7206121626764
231.51914575279437
233.90943074812398
235.28180437744868
236.08180201918478
235.75660524151388
234.88388970649663
234.19350705752458
234.12714168760422
233.64379877115422
233.22444658392314
233.42895132679774
232.9528045523295
233.1715044197227
233.41744957810636
233.82685550519597
234.44176471539961
233.3029240843524
233.9643433910628
232.3210255949743
232.47671526156512
230.83491600342887
231.4349065848007
230.70827722983634
229.80468355862092
229.69888384803184
229.24396626656136
228.77270208743636
228.66300481837786
228.81612269144418
228.32261400610165
227.78578221764928
225.8332367881397
223.99070730831366
224.7362246321732
222.7523280814883
221.80137394404733
221.61908375217652
220.78108936323272
218.8868597778047
218.546862789516
218.79224418705948
218.14533189129628
218.9426171897959
218.13594419950303
217.84392368557715
217.30068656498406
218.25519449640353
217.36731129631087
215.80741582142562
215.40504613202697
215.17682882812724
214.21382693908242
215.231929891861
215.2052992520528
213.75979640376116
213.55763141641074
213.7824577096325
214.24822229485687
213.50035449766625
212.10390851526824
211.05208661521783
210.63135702410358
210.11690979045133
210.0266466301257
209.57524860739315
210.47670720628378
211.35309759444567
212.09163162199366
212.4448701910723
213.23353200579365
213.79751035550962
214.78086800018326
215.03337731089474
216.0133725678883
216.541640215407
216.79558517680155
216.00675569710816
216.82963485302574
215.91053109829798
215.87910859283105
214.60193289808717
216.0628077555471
215.2581270715313
214.66731144107104
214.11980447178442
214.7112008797677
213.7677664291186
214.19549919330998
213.1133847615096
215.36805527371405
217.67134614433027
218.9799444785909
222.17693945925043
223.73388979102435
227.72398576242202
230.42959424906294
233.75632930961874
233.8352025667026
235.02969483941882
235.28067295036388
235.64070130461403
234.11287896047784
235.0073400951551
234.44400208421848
235.85468754033502
235.74358636540566
236.23676404933224
237.3857642227597
239.0275600780547
238.30000128563745
239.05999516391515
238.75660928703715
239.07079566325586
237.21282085462863
237.59211128580168
235.62635247315762
235.00544647012742
233.03029779338667
231.90203695620482
232.38615123361944
231.18588779896078
231.7012311703539
230.79202580329957
228.6008356854
228.55773077680928
227.28780827386916
225.26008827168624
222.3434966451358
217.98248737711285
215.71210511061935
212.31906467125992
210.26674053545554
207.9637548313158
205.4780135717923
204.06175805902015
201.46028244934547
201.19528534971144
197.6590619813396
194.5955953602887
191.39655994396043
188.00812847874965
184.71589830573592
