25
11
e
72.19423517027349
71.31377755400106
71.37395264899371
72.2854016546531
71.42581889309848
72.70693047148173
70.47547156049274
67.64054645842084
63.27023237199105
54.95621803165024
49.36929223853781
44.01303945616056
37.73651209822997
31.06241439600552
21.160732458929743
15.635098097733579
10.344192236607553
9.399590860708537
9.849795713549872
10.569839817097629
12.343435559920797
14.711413668009513
16.956649672999113
17.694986636482103
18.178402386159924
18.283980391230013
17.865165765128346
16.875219138563594
18.02219637860775
16.22044917347313
16.803225057834435
17.423442195978033
18.977057916681428
21.22986901908529
22.663501169444633
24.584743649266535
26.966831930994406
28.433122789339716
31.25696330001887
33.29338322154212
34.53810631210618
35.19103409796952
35.074496447148356
33.89031850889711
32.81349918419077
31.95445817631289
30.184008063753957
29.585210096816848
28.496009983384784
27.41587434098394
24.750932969350544
22.901063878396783
20.563325702788926
20.33323790879703
20.149528772114923
25.66480713629732
32.02413625261528
42.53504566654698
49.84940784696351
59.0150614481027
72.07944746770312
81.17696304662432
94.02646853375926
95.73489727588347
96.2988253539563
96.34202666562086
96.71502743855477
96.63069170912232
97.69916232939366
96.71282610524499
97.6567367133165
97.93741530372985
99.17516478263674
99.96462764080852
101.39477365026804
102.10579073981016
103.74873988498737
104.14874750430998
103.886812465503
107.03654637906959
109.63087539201842
113.7051686020489
116.90733339596268
121.27492570173543
124.88700361016728
128.613844411426
134.2463371513352
137.99704622811424
141.45419867226144
142.13040657240532
142.34197263655898
141.82813945625767
139.34413221768705
138.79181617773494
137.56331075153213
137.16134315149029
136.57725606347353
136.08869120029502
135.9178764140969
136.2588409544073
135.00017416276893
135.36775897842546
134.00200831378234
135.5951952378174
137.9026795267342
140.10751146213553
142.77211112542273
145.93727829979892
147.4928021441269
150.63135311082897
153.44960355915273
157.03134161308708
158.51675181162952
159.1886760623986
160.3403592147822
158.38333309499805
155.26729202460004
152.01886312002603
148.3165447527489
145.97897684201945
143.41320294481292
140.243802976147
136.15915721512758
133.1860918905044
131.5892687689503
130.92197051478507
130.7653552435344
132.0229773689656
136.60270014294403
141.4774978143179
146.16582843951457
150.91223474826745
155.463071010529
160.08100907781522
165.4498769300364
165.86522540890553
165.39918666796038
165.3063722705982
166.81157024610198
165.55114190806694
165.60646059951276
166.08615887408172
165.32314369978093
164.85936586710326
166.0284479135453
165.8154894379308
165.94015285241704
166.87071224569286
167.24106157311232
167.1783274745537
168.3931661241771
169.0054389406792
170.9940896832533
175.2182878060748
179.18415182874574
183.8386518936361
190.1592962082551
193.8208913669455
198.11686195340238
200.88600674790254
202.41322018960062
202.82907127508668
204.35846029777363
203.91172984351965
205.57761179542496
205.90506888005524
206.9468158219177
206.87111957494693
208.6275571065715
209.5853456504831
210.5654714118632
210.24158825468103
212.73893853646055
213.43378428527257
214.68065757778444
217.08187333470553
218.45099274112826
223.0681338595218
224.70278526006584
227.40504506294516
230.48003868111147
233.79732654405242
238.89073476364374
242.2758698957574
245.585592310326
245.8485927251596
246.41464423074098
245.90480999263872
243.506798000878
242.53025947804585
240.24019644906667
238.07645533680153
238.48168901278297
237.89728437144737
237.00905389810018
236.61981915074924
236.08197199899587
235.38295112299713
235.27246845757205
235.66292192803348
236.34747759532087
235.8170894759401
236.07661396491733
235.85450513027465
237.2598432221251
237.05675923876674
237.03222841309093
237.44501341907923
237.9156321938744
238.80387022698417
239.4556054608715
237.5009410009122
234.79203840089764
232.29845225260374
229.75185644274273
227.49262890412973
225.54021034720384
225.19792840007804
224.86698802516622
223.1495471467764
221.89213066293135
220.32207224314217
219.0693041995784
215.79208599914236
210.33493026445305
200.98397386118666
194.47636639106295
186.95394208786797
175.3383300104206
167.02121477302845
154.17127913840756
150.2877990053631
149.58230289026028
148.89266232175902
148.1384693463521
147.4149763548187
148.08666380989632
147.18908303663272
146.60369599498674
145.5921274344462
142.829086245696
141.3240780766049
137.26913871169393
134.91185976983908
133.54707064627752
133.3976963977822
131.84413998599325
132.35930542606053
134.82977070372715
136.79410345137472
139.7731178603931
141.14661415670102
142.68195073714148
143.70269792856527
144.12956577386097
148.16312131194871
149.24739036954006
148.9545885985645
149.27575629838032
147.8346109509524
145.74521169612225
141.60792023078636
139.61170213803865
137.03444325429737
133.32134558195833
131.64302684342613
129.73231555499217
127.11706031916893
126.23686930073389
125.76872994880866
125.88407793789163
124.64138522335011
124.87486478950686
124.03983977471079
123.75232544346923
122.6859901095271
122.39904304904582
123.02068126877307
122.10214411283025
121.48934321531921
121.06519783190699
119.12689331213042
118.9061854035192
116.46056163574728
114.11462755522555
107.93968128047433
101.53414159703898
93.33319700468525
