5
4
d
108.02598998000494
107.54904091484626
107.60465521304951
108.35068315895873
107.01356847831164
107.17413532424295
106.23792083234063
103.84698966204672
98.1189704655707
90.65858963507547
85.02593573240887
79.87935161055185
73.25211009278267
67.2623149172168
57.25943421359574
50.05445096867833
45.3311763243045
45.36176552497786
44.816091176001414
45.92390723364204
48.598261885690945
51.17839300921186
53.043819749292865
56.088941380167
55.99738618461037
56.29529973775081
56.70526285321964
57.94426200761315
57.073943042764704
57.82801291916822
57.47834642690541
58.33220159817602
59.32816357372764
59.5690903982356
59.838194325985434
62.064315741362606
62.01617676887153
63.453393395989615
64.58469348061624
64.60163823028778
65.51611910542319
66.57943946058448
65.8533906817635
65.48557459752128
65.28343689699209
64.15402409249818
64.04471532823702
62.96316329035304
62.237008839817
61.98848788801735
62.22434388914377
60.5765192608474
60.42848787900406
60.80276522306343
60.780205808142355
59.73987360691205
59.54880270427322
59.869255150339434
60.10876108456136
59.13464805860467
58.588363259048535
58.219990539426895
55.96444548730402
54.673487187720085
54.77578997422169
54.0421967036412
52.27916784976537
55.02347970459224
59.66087962631301
66.37196413469124
70.4064544758775
76.00356759576356
79.67071431337486
82.71220860401131
85.92977992350043
89.67330478283061
92.990642129534
94.6324023317082
96.8648048146422
99.86673030917227
105.08370345292509
109.78258910458071
113.64063643917993
118.7720009171998
124.61835528181831
131.02103688470822
140.42103019164432
147.27759126334442
152.72433473436064
152.87818115220384
153.35319606219167
151.97000109916962
149.52982364709177
146.90793837282902
145.2163990611011
141.86430430086898
141.99836510364352
142.2359138935518
141.5883620722786
142.84316823132218
141.52122783275098
141.51154236150174
141.2424144904822
140.63559197108412
138.24943467686384
134.45713657137088
127.6104215772718
119.8429928124621
116.1337744725368
110.49958124193576
103.6369879254967
98.09433885530332
93.65624838964143
93.27874887780598
93.47410096321671
94.49453485859193
95.50009030926454
98.70418245615052
102.07883395315932
103.90474260521381
104.77109992157492
107.27516414393568
106.51595104686905
107.47326889215893
109.02026688341954
109.2251240707561
108.45212257520677
108.33303010677396
108.88926028740518
109.00293006247854
109.32465617597258
110.08265266524607
110.5226664435338
110.4880436903816
109.58959068377015
110.26170326822293
110.18325161098569
111.2862319510493
110.90419758993234
111.84305038999591
114.01064088259072
116.50986392575318
118.81038471934919
122.1601295981382
124.55332704338824
127.50760610896198
130.8011999949194
134.2828279323249
137.11647625723782
136.74192441661194
136.779834964614
137.06296276354672
135.3946620652008
134.4182791788456
134.3450085011467
133.58617662115452
132.50289146617644
131.76351440448835
131.3773748479186
130.94651820294214
130.19240658730885
130.785209504354
130.6224041205217
132.0969688627698
135.96912669221234
140.78506144355467
144.54298777721814
149.80507341716074
153.10445617983558
157.557673364034
163.18976778408714
167.84364054878486
170.74709241428576
171.46418696208102
171.96233229838495
170.19921007593302
169.80331832824714
167.75951970522414
165.86521396199848
164.56579326166442
163.2958314065443
163.35061832049522
162.5935482079153
162.7440732789763
161.47315290350215
161.42594920340784
162.23636095326086
160.91561344014377
161.0917482311512
160.1548288241129
159.25462544439145
158.26171791783176
157.7114221809163
157.4717836444566
157.98176752215178
155.95969810919917
156.32902034543466
155.90893970124225
155.4405608430117
154.09219155576918
152.36698295446337
150.0168313371135
148.01918855510837
145.641216074756
143.0202032411473
141.24589318299556
136.6221746515645
132.9844354303225
131.32933403191717
130.05699780844665
129.8165527668355
133.50913687504513
137.4137403886721
142.8578106439444
147.66901962799218
153.5526057364058
156.46499286210812
160.70172529912233
167.5809379902397
171.50554050854828
175.5580620596533
176.95953208314117
176.7394193091708
174.18870278957766
171.20302084648355
166.46437099770634
161.88908629580177
158.19878792348598
155.47882966694516
152.71659831241573
150.6966190781544
149.132450335752
146.32493062524264
145.36249029658933
145.00959558366606
144.11851961330856
142.65396308878178
141.97103982555944
139.29638163921206
138.44904244575918
135.8184555257966
134.23124442268707
131.76733038694314
129.17951240921266
127.12687401074697
127.63327624528335
127.55125694360774
125.7933441587936
126.52207376687409
125.20827855880003
124.8188237784495
124.99085457090584
122.98036950370667
120.52526279753017
118.91173975059237
117.46907291152215
115.33825701274803
115.28803556602445
115.23338272220902
115.68106746582869
119.1435292122678
123.54203551156843
126.5447017793539
129.6867359974077
132.5631731936201
135.49545752361135
139.40924991135074
143.98941434203903
146.35215784255203
147.58054644716626
147.67103908898628
143.68199838179373
140.350528751976
134.96042291555972
131.11974772402638
126.36565559301472
120.77237657996191
116.72289142851396
111.12567146706412
110.06172435585827
109.47787762448456
108.99915878858252
108.47199242949216
108.7796432137769
108.72622457836304
107.48494897910923
108.42951685836108
107.28266631746999
