4
22
e
186.9401197585569
186.4312046600534
187.44921012292062
186.20937126539587
186.42697250056398
185.44657234876263
184.71019222390495
183.16009491705205
179.74533313687007
175.6605344346521
162.21848843981329
150.362996677254
137.6453032683777
127.37142840717725
116.13277946024431
99.86490419034672
88.4189273719977
78.66019066919014
77.49637766408698
78.61521939746024
79.60943929411896
83.02500371376296
88.79093308193069
94.40783622606243
97.02561348043162
96.88760920867439
98.3845218060672
99.19041880576039
99.760754140592
98.95025785465252
100.40659396286976
101.14197172001464
101.27090946675636
101.38897918335773
102.70077157294607
104.05061916141705
106.18663224337617
107.06796036215881
108.5674518733522
111.39547768391851
113.92474080211798
114.93847200677878
116.13795231293737
114.5605786430675
114.51723249893816
113.48544872365238
111.74973884155315
110.06403659666883
110.26312870968694
109.16351485463056
107.92037842094109
107.02807239357041
106.56490930026091
105.96271353989628
106.09771874041358
105.925539584871
105.30349999780549
105.14396148067758
103.80281843534155
103.27499814477906
103.07758068057748
102.78812914022397
99.99394142127167
97.69583236108646
94.79110288663212
93.24315546533056
93.443132233552
92.49861137958023
96.63743214505203
105.03075244380007
115.26363771151516
122.6173319075749
131.5990578908075
137.32239701779858
143.89476159783948
149.47688967195336
155.39741749468016
161.66319158675282
163.664346677709
167.5738652175316
175.23932366945021
181.32029767710264
190.1028507041759
197.69176847313432
206.2299147395685
217.5728834255204
227.78964517243043
244.4023483016055
255.27350771199755
263.8271358048695
266.1622174592192
265.90179933186454
263.30312391729956
259.3460145208085
255.7021870788187
250.90904106142744
247.23873647326621
246.572687951371
246.33073699871792
246.60586485510927
246.13594993101088
246.07642372221184
245.4192798211865
245.25652815542566
244.13694646782227
241.54053381483882
231.61205487142638
221.91590693451707
209.5772864262658
200.5335856052755
192.73654236793084
179.32796851126307
168.8049722871732
162.9935390222149
162.181679611616
161.93134480849915
163.54234773477174
167.65890593791175
172.0689184302548
176.88695249104018
182.06793477631837
182.6541633378417
184.55775092583937
186.3663417526254
188.6332459286801
188.60484566560947
188.57293082669324
188.87524482827536
189.44724030528602
190.24125073663672
190.7944881295966
190.21911917086342
190.45571575677295
191.21263795042745
191.56176644580964
191.33283477060624
191.16060091052057
192.29885002122637
192.66392942057792
193.06289188431222
195.36649953773048
196.99598132901914
203.10526996831615
206.96883848122587
211.56672786641806
217.07164878493498
221.25061911171048
227.5636995544901
233.666598387751
237.49171547879715
237.94596583860073
237.37262921598168
237.08651756469908
236.04807445092317
234.83489867686944
233.84708431293834
231.60550230145148
231.25283919765928
230.008926396963
228.30151867843128
226.5701268469697
226.15685013650673
225.45384923277715
224.93147397389643
229.81924434339444
236.41141485993754
244.89099659220489
251.91844239798698
258.7916061629874
266.5433515713792
273.5728096189456
283.88332260163656
290.86014790500417
297.20200387940054
297.96253541366815
297.79307087682906
296.56783303075423
294.5781614497142
290.9251750827572
287.1985768440781
284.63601718410155
283.33541996024337
284.04786479637994
282.68408662507466
281.28374723046323
282.3028285049373
281.6730505934045
281.27155786008035
279.9368349836093
278.63050403045963
277.4058042817796
276.7218963866815
275.6263404287107
274.40543306521613
273.2821405652407
271.47779495707175
271.7170917952441
270.1376635727433
269.204095288655
268.3653623525552
265.88165957247446
263.55345165351025
259.75792163576773
256.8404273601293
252.90868511547544
248.999319013505
243.73830183193337
237.49323681686747
230.84586306332648
227.45347308221952
226.48994915604843
226.68429962726847
231.42573465175823
239.02420644681524
249.07988582397473
256.63306781263964
265.96894960880104
272.76801714826917
280.2682783966787
290.70071012646827
300.0136466580452
305.68968124954466
307.6924337579395
307.53977042873385
303.01550800865857
297.2238158603057
289.5487838085018
281.846806127815
275.2081748523574
270.9889656574484
267.4464576103376
262.03369083434404
257.288035848903
254.08957628121752
252.8444156461715
251.41721501027948
250.00561793021043
248.016048774897
244.89983806881423
243.00666080349106
240.8452259313192
236.15425198966295
232.22237985039223
227.90836368326396
225.1134210142223
223.51491286502232
221.97943345721058
220.9780427661965
220.3228413393973
218.6415871955021
217.76987420288597
217.00313859847114
215.22402591477444
212.94043556720644
210.44874229667437
206.06894323566806
203.00078829790985
199.97102222900676
199.17309296715743
199.88180017831831
202.7838975425394
208.38259387167403
214.25808855863204
218.6636848564794
224.67897086001773
229.50353493506634
235.96257359650508
243.65522069772393
248.18822713887846
252.79261384940324
255.20728903790737
255.0370300077746
250.51235322499193
243.55350390213985
234.63298401611416
226.50494382366165
218.59333915938873
209.2199607945657
202.34525898106966
192.0517183728982
191.06452317485216
189.10614633359307
189.63825202447472
189.7408529243521
188.19016005423967
188.27009880178335
187.73405790733094
186.97857576236194
