21
16
e
203.98392202255476
198.46888804741283
195.97558815392838
191.31405310799715
187.57092636172092
183.37972682273727
180.5998966915963
180.90580415429704
176.0100335284518
173.6500789331084
170.71321314634596
166.99709095103395
162.61594195695847
155.75452946565918
149.9822517012154
143.2293722682846
139.40601573564777
137.8754909858579
136.12391123519836
135.0554385827351
134.0991026673781
133.49565208840752
133.10343954856273
133.14982146028285
129.92714711592197
128.6230483581312
126.3795793433237
125.44888095865814
122.50841783760734
121.64032876705328
120.54961596315353
118.81879235511931
118.38843360307989
115.47767122702082
115.21151337356143
113.12803941382026
110.424823973565
109.71717218808472
107.70421061060902
102.90809568090518
100.88114162800852
98.91910632513147
98.11543737035333
98.60449314708875
97.47450684293786
100.41396757657586
101.13389911689019
103.22896742001534
104.29414647656857
104.76966596692526
105.84727071310674
106.58609448938596
105.32002062667326
106.52299982728512
106.37192909248732
107.33047337401112
107.35075160566416
109.15825741033657
110.01168048818809
109.80028924147335
111.15889157885697
111.94822267125159
114.01373701827627
114.59387571888075
115.62447187728716
116.22219429254214
116.14984890054163
117.66554496734723
118.45951329514759
120.44222233677338
122.47773609179684
123.85985619257897
126.15227842157992
127.33594537481788
129.02103338274227
131.75500547205658
131.88894488343473
134.88047901400455
135.23139004490594
136.93515241241803
139.34187469177684
142.80905314379342
146.6209958934183
149.54764922434202
151.5900764278454
156.36896974393042
159.74330124751447
162.67343057554115
167.04821836253944
170.13488720500484
171.44503989715093
173.44202365391615
175.4446703083164
178.94888082848607
182.80514722706505
185.15961014137915
189.4103492710323
194.61758749768956
198.91093157351162
202.86692086582735
206.84998410249278
211.21635233812682
212.598605433274
213.28400675655982
215.0108186288434
216.93237223378344
219.61392987006616
221.4438468867347
223.3739215472471
228.24642260395794
231.17618473606518
236.72437639134705
239.55914146983602
240.07484018820173
240.71228488526086
240.39621154394226
241.80433959679385
241.2823782355442
242.1782276756604
242.76610561266287
242.20198530688185
243.71297658781435
245.68492770371958
247.3558919587961
247.91207661983924
248.79419006994127
249.8197326131262
249.50069986780835
249.266114793606
249.0553039717387
247.1272786514365
246.59526084874022
244.3927015324816
243.9893885121786
243.99526110533014
242.40868671839942
241.660294454952
240.3156229507002
240.4564427934434
240.543946367717
241.3854513619976
243.77572007353493
244.94685030694228
246.79403020437093
249.25343105314033
252.02447536384838
252.94497318017173
256.32169968006673
257.3287452285923
259.3218746312359
260.12705744722405
259.5125825910556
259.13685884004315
258.45208050857053
258.15464861019876
258.3911708585268
256.19358412200063
257.3381411347454
257.96874562838474
257.9348501680026
257.99454685983034
256.7706451754792
257.31830001083694
257.2131708599938
257.58395166178957
256.24682173727103
256.10888548375783
255.64161627121632
255.67612602951164
254.2955821933019
254.01647753229474
253.47035503923973
252.76705294650893
252.68841787134198
252.9863192124739
251.7025993304403
251.48655712694517
250.35996510300623
249.6425363694136
248.09339507974104
247.05197885154118
245.89151191957484
245.7239541397846
243.70001924176822
242.0021814120432
241.2771597664442
240.58993619288688
241.58069797969742
240.92932430356396
241.33740006148818
240.57983319737812
239.59870409908197
240.04654182776096
239.48770128788243
238.07340648584562
239.15138456925465
238.25473458372164
238.21229084957378
238.15579244226296
238.20151467037613
236.42950245413837
236.58855014167847
236.175492198696
235.60845563001544
235.62122201018528
233.30922278217156
233.5787383834964
233.75905922025342
232.23707274462402
232.55227459293417
231.3424290816009
231.365046540369
231.32439413685498
232.53687389641303
233.96373582249723
234.05815567658118
234.8005178108961
235.7043724362188
235.8312523960538
237.10946541352052
238.17633797427945
238.3191934219783
238.6981880869949
238.47864819987032
238.47276855664032
237.6267009272006
237.80851255290216
238.29357874830825
237.5953570023325
237.62508588341203
238.09358043189573
236.99945539983113
236.77866264318033
235.84253211203705
235.15042416189934
235.27426858654826
236.64032804072778
239.72216959797976
242.5638456083586
243.58065150397064
247.44820051858363
250.4011402961578
254.18989121805504
257.3103425270155
258.1309833093039
258.3640573601345
257.97009718111775
259.4719985379552
259.32623714812
258.060338174471
258.66518931742036
259.81452563426495
259.1254206190644
260.19649672779974
261.22783153668746
261.55791411788823
263.16311669749723
264.0541459705717
263.6958680477731
263.47044124424144
262.56183058662765
260.8263710707568
260.3659898608691
258.0690280891017
257.14264579926737
256.4160473130638
255.7374310339831
254.82176862438746
254.66876147016492
253.5532944318059
252.6560261240833
252.61857138458478
250.3265630762506
246.7862443404868
243.9432611599672
242.63734733197006
238.4417225243199
233.89600483112997
233.12773066454457
228.88800527546255
226.96618677806072
223.41560395716124
222.9803464051775
219.92117424213015
217.26445798379734
215.0432149225374
210.18939899424416
207.3227758491967
