13
1
b
19.407701148965756
16.784207883054755
14.102086471506624
10.032414950719117
8.920530732338822
8.581131000787746
7.479950363901676
8.277066046280636
7.1891949222424945
7.233500070689486
6.469133352812985
6.47718614412424
5.26974842317381
4.535359452982785
2.2364346921735287
0.5302659803612435
0.0
0.0
0.0
0.0
0.0
2.34443129663982
7.579017368676934
11.147937010896085
15.165049041356728
18.676133417331023
22.809703730521296
28.172693400165837
32.94541747374477
35.478833168256386
37.03287870243319
36.63072075098638
33.85121386868997
30.10188516348144
24.04370415171781
19.77255009836571
13.626579213544817
10.000480201779217
7.21968323969471
2.2865644436316073
0.7482505451292111
0.16011703666193694
0.29134023542289345
0.46048027571835104
1.3842601474664535
0.0
0.13055240729966594
0.5512658042701668
1.383374837448561
2.3620987841308962
2.2960508108225057
2.847417314216525
2.5292438126262513
2.800781119876906
3.178809318541932
4.258991982518502
6.028772512382931
7.3214130241577
11.933549536601134
15.339742118557117
19.753946223201282
22.107027154272124
23.650479630095028
25.701951114492513
26.932438525327587
30.567083512333575
31.86334695990706
33.215604263509746
39.39631960553972
46.32608831845593
57.81834067958095
65.87326492015386
78.72249662680478
88.90318219123021
101.18849299476196
118.40858088143472
133.1940881509933
142.90714003000093
145.69474224603476
145.62934996534668
136.4942321424375
123.08680693975327
105.5801789264427
90.3356709226259
75.44322111396275
64.05537926111731
51.92936006577576
35.36161981335327
22.052510121726367
12.309267683998568
10.547093973074174
10.691832710291003
13.68445433922941
19.756282045899724
27.466033447564307
35.22044437557069
41.20600320125557
44.394795604606585
46.11674276450488
50.9845579101387
55.75328395787383
57.63600262981012
57.67034093912826
58.43545854007522
57.37337770195929
56.13442997834398
54.91274976562521
53.74235110383023
52.53519258101525
52.94616873061645
50.24914386267129
46.59177421965116
43.94523696769115
39.81697058097549
38.94180569267539
39.064465183043495
50.26841911212881
66.10811229562009
90.31227195581279
106.22219341289495
126.83386095515854
150.34088109609343
169.00509841216925
194.0565254430948
205.27325711436313
210.58984128784766
213.0227961636627
214.85864040115482
218.17305939782108
219.014824715774
221.16110759047947
222.5940452274396
224.69875286070763
233.11881245492296
239.83949983503123
252.39265995374444
260.7754958614879
268.2522445674845
269.6935498619037
270.07361392428925
262.4955312764138
250.86390055310062
234.00533981427148
222.22225048574674
208.10942907609075
195.34547623866516
185.4658783906852
172.0797886971315
162.86054755006415
158.6471340461803
155.64753242666788
155.68980651649204
151.51695126888103
149.3087452315616
147.87370812030872
145.91587010726
142.51185924358768
136.71601372553297
131.82581681334014
125.60850327256752
121.79965887789554
117.65978394833584
116.98604421361777
116.62302728155619
113.67734137697103
112.85940316172355
109.5971743513425
108.22398331152232
106.5834777578718
102.69341689491365
97.65126790051721
91.91290757854344
86.14164481896864
82.00454108643531
79.60720349132258
78.72177848471657
85.39422106982683
94.66579163877485
107.67426286874623
116.88019845150795
128.4367604002432
137.94028976092676
148.81145029462684
164.75042861311385
175.66983097336177
186.83271333691823
189.53671287490863
188.91340631622248
179.52111969983056
163.42818324070947
141.6714368287447
126.13766399392937
107.92635239736292
91.5922349653063
76.96414711626137
55.66340614477112
37.43163917381687
24.957868853896194
22.484836934980702
23.022627793963313
28.814541828380236
39.00570276973793
53.162788831464255
63.47108002418982
75.86733256952705
81.55709800363667
89.3440740408954
99.66938110142999
107.35713828762253
114.57963971129497
116.02205234063467
115.15594701328521
111.7155061750662
104.88781959769028
95.19827892559083
86.98277819872328
80.01943193508941
73.63569122890834
66.31323373421988
55.02276368542668
44.69986599841733
38.41265316823078
37.282112594768094
37.54285940630902
48.21450096450218
65.17345640935787
91.45463119181481
108.62181012227657
131.33178775346488
149.51214336970193
166.60011138463892
195.42773963299024
215.24024219401286
230.7525340378257
233.37246049109476
234.16995550816148
227.6586288789996
217.5262427142467
202.46874410802644
191.2328546150369
179.2755407779952
175.8289969516869
171.84304269978992
169.39913228080167
165.55364885501623
161.0220150550357
157.7729482609375
154.62513674421754
146.19199592222566
134.3638248224033
117.90586293135922
106.01401008738192
89.13991957985334
73.29434874636702
57.38806675971897
33.893620946500185
16.827040466617763
4.084652602471548
1.2692947552136573
1.0119930221065239
3.5784891281269235
8.542111331414294
12.866928874109176
18.903056034171243
24.79232124974098
24.091181668061683
24.008319558375998
24.77884621496869
24.115211243792327
23.22403631063322
23.714048071507047
23.986959242125604
24.244065245887434
24.825809694213262
25.326918413485643
26.0730438653631
27.006540503464393
27.950737919722
27.9620515589846
28.980865359103422
29.97049452227047
32.235333294106674
31.589963282098118
31.43042246516282
28.939740509891784
27.549595411154446
23.892587682485416
21.049911477069955
