22
20
e
96.13851685080715
77.06607138727168
60.83007471622843
48.9715003001144
50.81581610044916
53.515064129886994
54.18996295769714
54.00641223411504
54.180939106281585
54.01461016239
54.66129771775461
54.28272828118627
54.4012953797019
53.13970158626184
52.626292636377585
51.1746356894802
51.7549461617696
49.11857296835249
49.82608560124753
49.533089984702826
50.82730609758583
50.51468540277662
52.08517660819701
53.68441515254315
55.07254996472195
54.77499632502872
55.89281027621294
58.69947263478241
59.575536655075815
60.295817852821074
62.48249280655412
62.35030321733692
59.267258011055766
55.56803446665752
51.06499612733227
45.75739797791175
42.02867001469729
37.527543253691974
33.25860976035468
27.91895739913159
23.91372529615071
19.500417349109995
18.181669424408238
18.214877730057527
21.977973924959795
22.50909744345409
26.04110547189942
28.210864017816625
31.723410956657
32.3857371667807
32.79424294032923
32.93892855426752
33.23063853124009
34.91892611824094
34.493743003320084
36.733053952794776
40.4376878431135
43.638587624712954
55.39496932490744
65.05180131666403
77.29634051245301
86.00643942358674
95.07007509217097
109.50287316578286
119.01931008112021
127.0942276351958
128.15675074347362
128.88418087994987
127.52917354793757
124.60982038958703
120.83087611775339
119.24604376482664
115.27174414030769
114.1855009377102
113.96351477690659
112.52430123752424
112.29345664917923
110.3483281329885
111.14009361672687
110.0347626160665
113.58994897092978
119.47784941446824
128.01525404975578
133.20681419227608
140.32047536880168
147.77306537020092
152.58250768378232
158.83951218178493
163.3396141118991
169.10481098578703
170.08680668624513
172.53377943248557
175.19432780153636
178.99995979741337
181.36288048782725
185.23922622216074
188.61463012232824
195.24349976449835
200.68700743020565
209.42896420766067
218.3726740541994
223.273391971067
225.258748197105
225.83349751600576
219.77769122199064
211.32508663846306
198.59956442389708
190.02582989540412
178.39632750582504
170.7257015135574
161.93540102636678
148.4588298145775
140.08297216837923
131.98696318388068
130.6527956434772
130.24361013455072
134.8228849722052
144.1014504033215
156.54067124658067
165.89880312676988
176.04102458739152
183.25710506196015
189.46839988047802
200.58266276112568
207.67523217445387
213.79377041208457
214.23256436728167
214.28485475391395
214.25148841352765
212.20124061400284
208.88927155405827
207.6543776534345
204.86460312718845
204.54933469737747
205.5937422858241
204.5999818872928
205.14933423088945
205.9428102651379
206.81127505959472
205.8975054548681
204.65613326524087
203.34530403041737
201.18472707634695
200.62299282644994
198.1203622861721
196.67115012335745
193.81159733610298
189.50379791296913
186.5994725127437
183.60370158860977
182.40141084105758
181.7673081346631
187.4957533720882
197.0623122058455
210.0839078027288
219.2741619166882
229.21932992346768
240.4591180277297
250.94484954780728
266.45456445051354
278.5657591643565
287.4999939506563
290.06475536477456
290.3702547036295
281.87944110959523
270.6665674465919
253.7337161676979
241.41009614887224
227.14221914313438
217.59814472712728
206.36947952325673
191.1543404791281
179.30397709922374
171.16561349722969
168.88116536855233
169.2826320475819
171.99228392768686
176.51359588529317
184.43186102696887
189.9932234726399
193.93098977104336
197.70322678178425
200.3681089943157
204.67231672268605
207.6860322917646
209.38215584982578
210.29335664767862
210.1597636648825
207.75763380862693
204.17859606429639
201.14740522248462
198.9610595921419
196.11807062972034
192.59971260445727
187.6442275526345
181.42733982415956
175.70116896415033
169.9421422705649
167.87944561277283
168.4034815024186
179.1383715023746
195.32806383233898
218.87549845397058
235.9761051875735
256.0029456299093
274.6897538457988
294.1521006311456
323.3392176864565
345.59477944221516
361.20670842330026
366.3426766476302
365.7873339956456
352.04872866927496
330.0862085247262
301.3599145208199
278.76515515104984
253.19041677490796
232.04170256829042
214.38552424667898
184.2218287803818
162.30074758563524
144.4839043416148
140.2736013231899
139.8068954375116
153.51096373283718
173.65605236201708
200.56493589391178
223.12652897492296
247.57431333606158
263.9013400258854
281.60045568209773
308.5712981535834
327.8512727744645
344.5156947712787
347.9641172924596
347.5263475618559
337.1970008761143
320.56056591535713
297.11264304463754
279.7339978272805
259.06713110599543
244.48166815892392
233.5428896397936
217.96325055243256
206.61530600508
198.40109436573078
195.7292428626428
192.01279943458073
186.69785127457462
181.3532720970704
177.02215323651467
173.00666837093488
165.8506960840453
156.51899198527423
147.1093582270301
131.54107321677867
121.31860234198847
112.66967430408798
110.54083680285325
109.96436080940097
114.87525416167797
121.72966978037009
132.38168394110903
141.2716598967585
149.60119934073205
156.18736723350523
162.30553101454703
172.20676037928132
178.1515435126186
182.55137613905742
184.1886968444762
184.7434110743378
180.88714823105866
176.46614481662158
167.74599990909783
161.10491570785686
152.60019317602303
150.2591186195321
147.24218813053872
143.76866053767318
140.78868298799634
137.6659455954592
134.56965136776788
133.55777992655993
127.47699380788251
120.02297744828952
111.09949940353411
104.05664260104959
