24
8
d
158.95004174373824
159.04205863268282
158.95280941585193
159.47717988573737
159.45836309902393
160.20331348039815
158.59598706237597
151.5133133314052
144.45451957124146
131.83008444231444
123.7148454941699
112.66751883776196
93.84769427406958
79.6660508849032
64.79474647615248
62.86072427044053
63.55079060354967
63.9833663675522
64.63665462052569
62.831268506768446
62.324171569422056
63.46892698433369
63.562008935862444
62.61046073133205
61.105269556082234
60.54147983883616
56.280149455149164
55.53995870887993
53.85550267414333
54.04642594095799
53.75650181274909
53.56396047241854
54.85428576424123
55.52401477003495
56.00053960122423
55.90029075171761
56.283113892313665
56.62063661382201
57.04753517393692
59.00187496869697
58.67519328804202
59.47399203123847
59.534089668155886
56.389074037607976
53.070589872106055
47.454309863533595
42.6666604410666
38.638770790243065
34.50468096992863
28.496355077919837
21.615049717214813
15.717191964742328
11.528524503620215
10.740853853053027
9.256292262009914
14.142267522377564
19.67316278082453
29.124922782847936
35.15222087915097
41.86906771879512
47.44903611749844
52.32093648482647
59.4169875668888
65.94680265585784
70.1746846964888
71.74167222189229
70.64320097833524
70.06124416173932
66.84606138095027
64.4579436278424
61.51466677572121
58.37259690832001
59.03922833084248
57.23483739692724
56.308725052103505
53.866287886577595
54.28658535037075
53.42853155308028
53.01044300562149
54.7476037019552
56.69586451795864
59.335036060723255
60.68736996650847
62.58351083280556
63.82748278343065
65.74514276625163
66.69510351589987
67.27957112900891
67.95700561920737
68.63029839583443
70.68033149108615
73.20591286864749
77.09308990890922
79.60442737547251
82.84591552325253
86.84221371173341
91.71116188316098
96.26276018519509
102.52299637993022
107.99409533561186
111.44529974956347
113.33253378508321
111.96891123711359
111.26921932576568
107.9691275960279
104.75568643629667
102.1300204810422
97.98512981980468
96.76278208665971
94.27470417128174
91.89712756708383
89.76451130322148
88.71719449925733
87.92686092048544
89.36719971886374
88.16245459831582
89.68833860641625
90.52378791004743
93.1605508486482
94.93398863614068
95.72143030076069
95.03427738209298
94.6178748517747
95.57355708372877
94.91285279441387
96.4475873642555
97.53388328804975
99.59647999811804
101.33053811682439
109.35747827577907
116.13556727567081
126.48535450208735
134.72642246237547
141.66390720604167
148.53297954701418
155.90501341547125
158.89283886459205
160.03817090984484
160.43947441577427
162.56828800984513
164.08583211486365
164.9534978519319
166.0212457144097
168.3289753385643
169.34242820917342
170.60045796066143
172.00924145199633
172.92166253110656
175.63960437142157
176.67334819751895
179.21010837617047
186.17134544807038
195.25127347425737
213.77396315156042
228.5469927059124
247.95677119879076
265.36032212517136
282.7483767210297
308.16857935449156
329.22378261125516
343.67063797012116
346.9100848168512
346.8327487453439
337.47590089840605
323.6157516605748
304.8532684669334
289.23496907463743
272.5432072842443
252.18092830679382
234.36788373602153
220.9874412847531
224.05327379802665
225.54176141716084
226.09694219627391
225.96665831934098
226.9206047077525
227.27093051254312
226.63424770168174
227.25527861564345
227.1759948034053
225.7025940156644
223.98667722250593
221.25966673676965
219.18692523658206
217.1921145890271
215.87804827684488
214.67967290020147
221.55737273270915
228.6138443659806
240.83260364457487
248.82567349849035
258.90890025263997
266.56491480426456
274.9318754038919
283.40773357683184
289.88794267037065
297.3643626408307
299.9723138626932
301.9893213545345
306.76172622277284
311.69250509298
316.80151177201975
320.31249285188215
325.0716000811653
335.0958990451276
343.5449403999423
357.1904229984221
368.1708323773587
377.67599599752543
379.9798635684242
380.3006561797853
369.11328597702914
354.90004671181214
332.2493651756291
315.88239247805654
297.9730242434912
281.61761697660415
268.5756337928513
251.55230292436042
238.75003188764543
229.50312031628826
226.86178943732472
223.95119333069482
219.05981317151992
214.95518280734484
209.55275295505598
205.3210015736603
199.39256609920713
189.64801713901838
180.17816341098919
166.32380658064238
156.08907250410098
147.6632300421742
147.2096611019316
145.81787913755522
149.5336449591055
151.8729035417333
156.93209469840735
160.01225688457205
165.56254631325837
166.42437181729656
166.19935490237137
170.45984935501122
170.6184823973815
172.14666554025763
172.0050536033758
173.36589509907031
169.95526653898986
165.12667353147148
159.7215667616809
155.91593920902528
150.69431032830923
146.00408405910042
140.1767821084143
136.68597613245896
132.71050360798876
130.27267266188446
129.9395370776359
127.56764792084958
127.3401656287756
126.53346974850653
125.80240883768194
123.94224897391884
122.25596082216879
120.00176166449016
116.42791818554264
111.98236112774413
108.31920391313898
105.66509287125113
104.82776758117114
105.2275697250606
107.76026747761367
112.36799826226324
118.9084063021299
123.6710367333358
129.9648363777061
136.78956136220373
140.8268329581509
148.70159596536044
149.17848558610146
151.00610433271686
149.62263206404762
150.85024885430943
150.43438502315212
150.12077625506785
150.12708151142027
149.76936956776717
150.39384965767331
