16
4
b
205.85811441040815
206.2888802655703
206.24618106288963
205.09422755883193
207.42382752022908
205.83915433901197
205.93952118206
199.05205716576145
188.11901550414848
174.06953345709346
164.43925837758164
152.012925396156
138.83792447108678
128.13957326376763
110.94221904683845
98.09297234862926
88.05710055098957
86.22201330411077
85.13413727407375
88.44200909862599
92.41632224884417
98.57134847489725
101.55082839239451
106.81437450211966
107.65451421223477
107.62474034148299
108.66822150474553
109.43857460061213
109.79003856447761
110.86673002592092
110.53041434881705
111.7440912011317
113.54262513770189
115.50383872709713
115.06453431965427
116.81727706506156
118.64896933186714
120.42237948712354
123.47544529521454
126.17959112728586
127.10519714559722
127.65829977863004
127.55443747446525
126.61341014947112
124.9643616979557
124.3476807019014
121.33940380702943
120.18250509630795
120.18557595053859
118.58621044669893
118.19794708110643
117.81302857500144
117.45563100704692
116.65638845457444
116.25646787810673
115.85839033619902
116.18979634874937
114.0352650133944
114.9797645494011
114.08449399373042
112.1310458756991
111.1232153319045
108.76100699275973
104.85288702445966
102.61308258368075
102.86350628616222
102.89247140864116
107.61645753601762
115.25290150972253
126.60946362028314
135.6802308728065
145.26949958836067
152.38045597482346
158.16035667588093
164.85970545375855
172.41534124973313
177.9095827441391
181.76189712691317
185.91237322023215
193.1874820107516
200.4195711321305
210.67799876492163
218.72479178078106
228.09370834146708
240.16272284047508
252.57506728248296
269.005662352003
282.59455739391564
292.94311222628465
294.76768432344335
293.47438574341436
290.6251044424284
286.79626377677016
282.90053080163005
277.03205357287163
272.73486124252395
271.6762774462874
271.71951817662205
271.77880778845883
272.4845913461315
271.52297546347114
271.1213812210578
269.8825664711528
268.20405508644996
265.96063894816
255.6290458067136
244.53879619799673
231.35684737345633
221.2452590258287
212.23763854881886
198.91596094781306
187.38488019746498
180.78764194265048
177.8046915204654
178.69557654015767
181.12999344519034
185.8185522756052
190.64176413180382
195.14477126597092
200.3243357181778
202.25219439282898
203.73987719197495
205.81964204608173
208.11965547884748
208.49957887643697
207.78865324779738
209.20538259442176
209.0828455811418
210.63839356206182
210.1201374832619
210.0920940178086
209.7269519806633
210.11814342903318
210.85861130922802
210.16819811321042
211.44438075969245
212.0094418400114
212.1231538728537
212.79884112379784
215.11810763842706
217.0315963409931
222.57609958949354
228.14196978635783
234.14817060539784
239.49734017669672
244.39363133530168
252.54296578653535
258.6245761711916
261.48392572989593
261.8956177387496
262.7260247643715
260.92008169905154
260.5953851862996
258.9028199787929
257.94820536436515
255.0634516486231
255.62295276256216
254.03634762691198
251.9726189599454
250.30680038001987
250.31652567696761
249.90998773989335
249.54654948296525
253.45738839584376
260.4411465431377
270.80255648787596
277.20993755466293
286.0047473740971
293.99498043391765
301.6827832415802
312.8790641425719
321.7671026893514
328.1948082415297
329.37767624387476
328.0630177234136
327.53839905858536
324.36145196440737
320.66649675773914
317.604945336051
313.53903768186495
312.8640053361619
313.0555084270459
311.9594620625549
311.4121455910175
312.10072403525305
310.04488646332027
310.7717777428925
308.25953620289937
308.2339089597047
305.81387176984566
305.4542929790757
303.1781446996532
302.2551969917966
301.4006307752555
300.44435549447803
299.57548939514834
298.40030639266917
297.0300903209961
296.54497681199405
293.4870443168374
290.90769934445905
287.41480304617755
284.351800939621
279.58856856765146
275.0149559048192
269.32507185132044
261.8575954586738
256.1327969370527
250.35656540366006
250.18467517902445
250.62743947182514
255.7428127977266
264.2568501991037
274.2641542222323
283.6517622643298
292.78247438618513
300.7957236241089
308.54788963158654
321.7556522248
330.1593256199045
337.9844540515412
339.8180262589407
340.24339587832316
335.0319590174474
328.57320197116024
319.0908130008471
310.86136451081484
302.6521179592016
298.60188643062185
293.35217479742295
288.59424317754394
284.70207602307244
279.86974559773694
279.54132493454244
277.8991583602957
276.0185478369113
274.4283243260713
271.2389095272261
269.22868241464687
265.21029328015294
260.97693775139993
258.05611070817184
252.43125083090513
247.50643422206446
246.56249351066623
244.21232835604076
244.2670755328823
243.22478764659104
242.37811118973542
240.32157829613627
239.6553035864108
238.16886954163098
235.05108589494125
231.7924904855141
227.6065317206071
224.58007446826377
220.54984921936884
219.39464318293165
219.8283591415862
223.11390840826334
228.9712794363144
236.62851639800743
241.64121709694518
248.73911129421458
253.66429018489075
258.93137892125816
269.35322799151066
274.59266352914204
279.79143250707176
281.4833845556281
281.6626598111968
276.2902508712136
268.8642978116233
259.21788174996703
250.46515667892865
241.0071834648216
230.9209787359009
222.85126195222728
212.46546690061737
210.6841485555827
209.3936823519715
209.55516541723293
207.40800272731872
206.91144895171036
208.9836253245106
207.95119774369485
206.81347122603864
206.8076743390942
