4
24
d
169.32457332634561
169.1404598952513
169.2942277093095
169.7611289595117
169.81925466763064
170.03478086146956
169.2400693556858
163.64061174882636
155.89186523077663
145.91459809734212
138.239812970815
129.18021703240478
120.18644959463393
110.65057807141446
99.07960865668551
88.38161197081885
81.60092250499439
79.84525210063859
80.1765238683669
81.69962105544441
86.84679286685994
91.57923608592836
94.49817150818572
98.64481488506955
99.96182109617465
102.61720670269662
104.01951924322316
104.3391331188118
105.03019320549363
105.62716302138055
106.21847552905729
106.55641330952879
105.41862451739709
107.46253767261261
107.83435584684834
107.67716508189561
107.66054634997292
108.10572107440956
109.35540615921678
110.21758103448639
110.41732256207172
110.14223967781817
110.92172397042782
110.87548472841605
110.2063624926138
109.99439307746503
110.33129362743462
110.02267765851612
109.68590332002415
109.60944624768143
110.47140422000082
109.52622275321274
109.8306401542333
110.66884634833663
109.1387504198985
109.5849412709259
109.67051908928103
109.52804880908499
110.53482350796074
109.83185070574258
109.87399563051966
109.51778959218542
109.21660950572029
107.29064579862514
107.90319916993093
107.30131312646398
107.30915967453285
109.46744849247405
112.36667765785599
116.80283116274435
119.79134926062147
124.09755138368948
128.95646894621348
133.9534325190909
139.4553805256974
138.8614306414869
140.11134824587006
139.8099103578707
140.1584036241711
139.85644557092502
140.37789919783424
139.73530340883227
140.1728542421638
140.30489848716218
140.42184205808627
140.17947379399564
139.64713320199797
141.2531568296199
141.1512893901697
140.41942521496105
141.6772301683638
143.16885742052386
146.0160722556257
154.16580563009586
164.5415706212119
175.85477012094182
183.38075010022374
191.9702417948249
204.21351289704916
212.69372499425322
218.94945347364538
220.52345912380022
221.26375280937773
218.3618673830048
216.80221890395688
213.62915974869696
211.7176584378241
209.26595727266061
209.04634055619368
210.09923960264862
210.77456613768118
209.81423056900294
212.04605921862435
211.69858186961824
211.12428161341916
209.82560768906808
206.31574076079482
202.95226490136926
199.82068119038223
196.9254987090764
194.95785961114285
192.26870996140676
188.90382605232173
186.59904394656414
183.5195400862113
183.0952314941698
182.70918597795728
183.1915135125064
184.5528938412504
185.28416085934015
186.1260551595192
186.69711268094676
187.03418676446196
186.66067735043367
185.32589207165486
186.07013156619797
184.52420011197754
183.89726797502576
183.9135185488594
186.17165974559967
188.96765037826358
195.4104271056941
198.59846383953106
203.5647309912799
206.76172916986573
213.11256833667395
219.03370623272673
223.20300897570536
227.30402312810963
228.72088814261676
229.1511072280677
225.5305049379635
221.7329583463226
215.97146407122315
211.0924865931085
206.42865143533785
202.33061855008577
199.09412580803556
193.28628634052623
189.05322473308703
185.17688053198907
184.91017848943497
185.03407979151723
187.22621560625112
191.65510096882684
198.3177566768549
204.6919141721844
208.22530951113708
213.92068481524655
215.10727779001834
219.34400615477352
221.93682596981301
225.3856636556908
227.30878396057372
228.5163799190198
232.02575564532572
234.90557444545638
238.0853631863353
241.46555536023166
244.2032975265257
249.64354243027205
254.30099206508422
261.8658100954574
265.4375333262754
270.7164880247328
271.6478887990371
272.53889699660715
270.27891985639053
267.6270490735953
264.83910301884254
261.63081060294974
257.18312900587125
257.5041765412285
255.3468194814693
253.31828925201475
250.5772322483576
248.8820589439247
248.8680109149656
247.86024104858438
251.61008515493162
254.30250878994394
258.31545366085095
262.9879174858694
267.12141372453203
269.0677436909691
273.49262780830975
278.01197797396844
282.02224831698595
285.6747995304202
285.86905149366646
286.535257084515
285.43228665063225
283.4242966233317
281.4184214380218
280.0786841301765
276.7565864849483
277.788939145869
277.47839602925603
277.77145692135355
278.29024096788925
276.6970392435276
276.5572109095904
275.77380138457323
274.9003584784888
272.3004985998006
267.98262509775054
263.2674759137127
257.80017132420244
253.02724927085444
248.02319922823878
241.82581173837625
239.9110056433883
238.84429427282106
238.9821624805749
238.70250405776983
237.93232875810807
236.655935373917
238.45468278580634
236.64585818424945
235.9121682651954
235.18098081383312
233.99689688239096
232.70273556767
232.24453186741175
230.71072174403065
229.98048143720436
230.74020024046487
228.7968429939836
228.37897037360796
227.2976262077366
225.90660356668414
225.61164712171038
223.5701156994168
222.92865770551552
220.04820250604425
219.67120830758316
218.19128364226935
218.30251219740992
217.58040346597207
218.5571910049155
219.1072246736299
218.85486084847
219.18967299931208
220.0424537527189
220.04806682828752
219.51316599338634
220.9577750129635
222.44241028903346
223.35645492476132
223.49954741961702
223.1118905614329
220.73211798941725
216.46307199300378
212.03858472872545
208.1531412258642
203.2365012542452
198.80611022896196
196.44400025074276
191.64440049611983
187.2255720135405
185.36154291842132
183.71679103901184
182.4811745018638
180.77383279640443
180.49553263937904
178.77572119515813
178.01156121347816
175.84856752570843
