19
7
e
110.28440219394743
110.62256808384888
109.90524649326544
109.5613630866953
110.51887865757529
111.60161497920178
110.60626450134694
105.59216964013426
100.88459404449803
91.53319609086044
85.4555680577453
78.18379620894379
65.03754465111894
55.374225736225355
44.402785547086836
43.84286707194435
44.959197278758694
43.443302945080326
43.620407445758296
44.741598471065984
43.96079073168172
43.70736995796283
43.49551812946191
42.845693313171004
42.785072164479224
41.604818184223866
40.03530478136966
38.20100294274793
37.78076399322272
37.14760440179122
37.19089354046324
36.46840387084612
37.51966317566706
37.45066028366205
38.32139815941142
39.41565890032331
39.22602400285463
39.160976495579824
39.79359152843514
40.359731422995864
40.88494253785619
41.31892688294759
40.63252531685271
38.635635579806035
36.291663640466645
32.20803872508761
29.937095920157514
26.215117822250008
23.364194816999387
20.038049226991976
14.807654502989722
12.069798885468934
7.595310340432552
7.524978522644352
7.8085913517631615
9.51975425446898
13.633018385188672
20.543554782537342
24.87747476608625
28.928074838975597
32.76104120620076
36.40913661284768
41.440394638041376
46.5231059599306
49.104405457690675
49.206467164237445
49.3709354128037
48.33671008972242
46.514246221601454
45.16868917802469
42.834775467675826
41.49363257782846
41.00519146878005
38.99359238387346
39.284726903611904
37.71248048050996
36.775558860116405
37.333124633905406
37.78574780373634
37.241953380676655
39.62427206581616
41.18855808149319
42.69874786805165
43.13683050044119
43.930471385326896
45.41590561777014
45.51165465906638
46.118922488842315
46.63110715024194
48.06643792562646
47.9058429760063
49.22020824443695
52.47241863442741
55.90435771156063
57.81666139083889
60.23098981688655
63.51943297485687
66.01235781941713
71.41703178933845
74.65363515515091
77.55476447131349
78.29888187094737
77.86471553492899
76.80044521767688
74.06926719563663
72.62709133846737
70.34123610994656
67.98558927712901
66.5515668854114
64.64784271632718
63.57866182724859
62.691359948302704
60.974903836727414
60.820484712946325
60.775635857782405
61.30471082042034
61.891591690395245
63.993143261176066
64.35128083207017
65.73355123880853
66.19789376819077
66.65738130395671
65.95880709800355
65.55594673561974
66.3755028438028
66.57253862981247
66.77954353628105
68.60228414787082
69.7450129409961
75.15380645959657
80.98066694798686
86.63800816022992
92.28223528452828
96.88850110966955
103.00429735203127
107.84380983244453
109.33519112402269
109.84932196329365
111.52253564079462
112.26016109408184
113.71531459276325
114.04934722068998
115.20236651600987
116.10085108047018
117.83570639556366
118.48383649529585
118.4680523567806
120.01787070179978
122.16963564117854
123.37519606704987
125.44657408845386
129.0412387032266
134.5265174028459
148.91157304543253
158.86570529184598
172.0319487004166
184.1566295931635
196.20561924570816
214.2445004687925
227.28714448024857
237.60109646830756
240.21894040361937
240.3432868534181
233.96324392364806
223.8839267889802
210.89210491830326
200.8237356810958
189.3909102435338
173.67705867413153
162.18231642765528
153.01242730235558
154.11352971012494
156.41822987984543
157.11327665260023
157.5416633211694
157.44898556763124
157.92298208377554
157.8200384014029
156.9122576610292
158.63596056307819
156.08361892178885
155.48660730222528
153.7474962230481
151.95446574091457
150.33736479231177
149.4818568823396
150.28463055399115
152.28130145035124
159.56700541975272
166.80835448277682
173.51271862839303
179.61613342639046
185.73558953395064
190.03335081804158
196.6876841370981
200.23209670997335
205.78855859948672
207.35875949734165
208.94694125604562
211.9944828610478
214.5206962242203
219.27472714467757
221.2546113970562
225.61299604828056
231.51046846794992
237.90597053434536
248.05956131246185
255.71344056699178
261.1012747042069
263.1638513595229
263.2214492509794
255.9574366549629
245.4995523549501
230.07331785599686
218.8751782709746
205.0042910831936
193.8082558512222
185.18154557099209
175.29483536333683
165.6633263896964
159.259544492467
156.79409301634723
154.46780736954045
151.52262206901008
148.47166686333873
144.6971599474496
142.13508219004268
137.21688524450005
130.47600591672617
124.18443130998679
115.40083401933079
108.1445083218004
102.78709217210424
101.56308036589151
101.04091504265743
103.84358047012873
106.02634152795929
109.13567025775212
110.54226780948831
113.47969020139766
115.46778168622104
117.24932804120051
117.21805685571265
118.0963971679595
119.03300865986388
120.25116861804953
120.7886799007039
118.37752829884977
114.53855103824542
110.60369609900944
107.06478576813383
104.7125436699034
100.98812399619908
97.76893106722856
94.49355095486897
92.87779408141408
89.86025955053088
88.81359781787593
89.47720154053054
88.86719138227902
87.74901942944656
87.07589669884167
85.54760197109267
84.03671037631064
83.26075865185585
80.79125510327798
77.78016902278365
76.07708611418879
73.46799372939185
73.93814226991427
72.24370590427611
74.59436790220876
78.21601400996038
82.59937786349427
85.70952505261839
89.83805856987672
94.57307440627855
97.79393650169436
102.48234665572362
103.69378303193099
103.81739229640476
104.14373995121228
104.31609327846753
103.76297399141967
104.47962553279748
104.26133630589568
105.08115366184228
103.35411090287805
