18
10
c
11.013564657840517
10.621745767479224
11.580684531245735
12.09143862624652
11.103078589357212
10.719736102697453
11.321420385455108
10.318256210904133
9.573638955086858
7.514974719399691
7.828779478010874
5.274773292877306
3.9979392807787133
3.2553602780768145
0.5679573294919499
0.8060881666350824
0.0
0.0
0.24545724926907236
0.0
2.9551478342791415
8.680061309439637
12.285878305344644
16.500309846047365
20.861884576553024
24.981243923180557
31.715043559443608
35.671923200819066
38.996987028511526
39.32398942651202
40.74615683623283
37.64243450723332
32.87804851129687
26.896397836204248
22.587325329348705
15.919027800231616
11.251263530568647
7.487685605634769
2.5406631415658243
0.0
0.8872933957877175
0.0
0.0
0.0
0.0
0.0
0.0
1.6036451161415524
3.4312549881583654
2.6348454243823394
3.393026499719862
3.3387573722177715
2.861146724912748
2.863778445729878
3.2195230893914815
5.987080267755641
8.716923466637999
13.813293426203273
16.20897349580865
21.13551170832957
23.460075430738854
25.71855428113981
28.08389293116898
29.25833120708954
31.951757167182688
34.61057511078371
36.91052407838685
43.232370534275915
50.59391305099505
64.79093356149185
72.92898331233201
85.21175399667246
97.78109599170575
110.64601918257932
131.2894362417629
144.9545660510948
157.60579180135815
161.13280466553198
160.10927037861083
151.3831459753983
137.14623060527472
116.25534104294582
100.77966872473937
82.69002916840331
70.86152599974055
56.47823945627012
38.932525923235616
24.850362412705458
13.802089353802025
11.745563257629376
12.182427111267916
15.937278304718502
21.75963027560741
30.03384622112362
37.70464806220593
44.546552613468485
49.0633387902702
52.48982814179378
57.01311955123571
59.68104445709297
63.01680628090657
62.510309802314204
63.43667715139273
63.15375386161914
63.18609076484498
60.269005311152554
60.52815855439343
58.926068215868476
58.36470837010933
55.72170898212512
51.87389324783493
47.62978219408229
45.07652324107484
42.69426746296629
42.836049709873485
55.018845658185676
71.6511027251929
98.64547914470542
117.73825437793474
139.66608440268263
165.53927635683294
186.82377897197063
213.61465130950322
225.93613957967565
233.42424118190735
234.13881904126674
237.00428350339652
240.49318936343502
241.51116759121203
243.57660146354908
246.13157989537416
248.73063791378704
256.02631685985546
264.9713878227078
277.5357523095372
288.64712150980193
295.85536254066704
297.9061335971052
297.40765690632014
290.1795574637186
277.12204007991875
258.7695190491326
245.5316526766679
229.76205407570538
215.9782462441342
204.9494472443532
190.3325577407528
178.93007922661656
174.70704597352065
172.91099629459003
170.79640011582856
167.97228789411182
166.32146536392568
162.85856786164535
161.21081618718867
157.87980129422675
151.17076342076984
146.1838413181984
139.03129511511227
134.45506298453387
130.11756790694994
128.4276694433579
128.90646320825678
125.51218844708802
124.3586111676611
121.88630266434559
120.02155521566866
117.51413090212047
113.30484734023352
108.45635646016039
101.17976526453633
95.28680535728711
89.38589911046043
88.2856534539835
88.55728949218923
95.48607449726968
105.24380010000843
119.29362153814496
129.69267217144633
142.06199095499443
152.58824229182022
165.1413875412638
181.44829024410785
195.5519998005243
205.7845274434587
209.29825232683282
208.49597768113156
197.62862634684436
179.49372696038327
156.64233444427435
139.00898277142048
118.4873262764362
101.00181298779069
85.31658180231842
61.12942356887859
42.41611141554436
28.46063240383182
24.881689043612614
24.08848291368781
32.76442763334523
42.625937233708655
58.90526017226964
70.11676411548488
82.75101032667872
91.67899255433231
98.91553141087486
110.95868789220675
118.76884003805579
125.37205726574038
126.84535160594206
127.49283837219754
122.66381296834909
115.46581450576407
104.35080592096357
96.58790338603413
88.41478999075207
81.44054304898475
73.14309300130695
61.265391950144085
50.309489686446675
43.34086538948507
39.86209538508773
39.52461673815108
52.411647763954846
72.19180619915974
100.1085681975054
120.61612473860713
142.538067539817
164.77778591613517
184.23837426086558
214.36971184547053
238.1912345646365
254.00398260538606
257.80351540836637
257.7893178703949
251.3157485210305
239.40917872608833
224.0521504411941
211.12492699060104
198.48541368618913
193.90396542771748
189.62264654505725
186.8423742735099
182.11433615951753
177.83345152837956
174.41650448237633
170.22669476627996
160.93531049861093
149.3512509987967
130.51236226075707
116.85677817761598
98.70972402622884
80.35331825798258
64.02983074308673
37.37181359139392
18.931924586560005
4.140482113795875
1.0459304559333908
0.3318257441909791
4.728331712002683
9.31734259034052
15.643336927549804
21.538011921265053
26.46885460831845
27.488213651875537
26.44975168332724
26.018072097853402
26.47863573346218
26.241152467904485
26.52091691306092
26.132297655300093
26.750122813910565
27.55170365972954
28.0889761638764
28.71787312806816
28.474087416250843
30.96077786433685
31.45090399048037
33.203541425324495
33.899120343892434
34.3312996267839
35.183349416314485
35.698580274154594
33.06923874151661
30.633391894281452
27.65168728707215
24.47543750255874
21.210754278124984
