2
19
e
26.973811840944006
22.596946250548566
18.913206725699418
14.593629220901649
11.870032446840728
10.261376567971862
10.278561674744017
10.280207164552808
9.656096112250133
9.925066383199164
9.218442244014755
8.590019214177124
6.831430121564104
5.943515975755142
4.559916600687988
0.7461157523341136
0.0
0.0
0.0
0.43951561302880826
0.3801334443744844
3.251476911005049
10.595194968702947
15.017065475298816
20.417519647457475
26.504668208982828
32.29688788252407
38.37314548598821
45.438585919184675
49.60462172634394
51.23601833649329
50.896613102268425
47.740086055428364
40.95000109106883
34.02574622528585
28.572238021420127
18.549268637075823
14.264299175896527
9.540476381759172
1.9706986493492922
0.0
0.9091973143801988
0.0
0.0
0.04355712353086583
0.2603125568951815
0.15267665088214621
0.00406805653195582
2.7906749775107027
3.471811981936798
4.5264932644517195
2.718939760723435
4.218004885652049
5.184958981098067
5.496469843379965
6.646468345370775
8.182393552047216
8.9488670763396
15.924525333910792
21.676737467849783
26.49359468749597
29.298414717825928
32.60731576185608
35.13205928518505
36.927986794896356
40.48840297888574
43.90600717271177
47.063477898540775
54.71838124791308
64.31631873602001
80.33057095159539
91.53592341417287
107.56934265676696
123.45022658278242
138.87826084555064
163.68378167200217
183.484959187585
197.64275156376783
201.5337950733273
201.30581666780267
190.671939071245
170.13767154248336
145.48760622348516
125.67599449655214
104.8483394564777
87.7763466050669
71.711819340297
48.08560407072746
29.992274082872814
19.096432533879565
14.367801670995373
14.567310582574686
19.57503233757224
27.241435426572483
37.79676133903133
48.08422568120592
56.69855160250167
61.41987535714446
64.55704364928042
70.68178703649392
75.8101795057523
79.20827647172881
79.0609205976816
79.98076411284941
79.44893203774507
78.57992011178787
75.3189227997083
75.16929523036585
73.6750066165374
72.73152239475161
69.32462818789243
64.27550202574642
60.30027629820698
56.13909222262629
53.84810265301898
53.98872154974368
68.92570551669813
91.76272709531595
123.75307680235903
146.0925741300376
174.1859393195722
207.2282245118686
232.9099926226443
268.11695258086553
283.9394859715845
291.51036017869427
294.1189582674952
296.45783759469737
300.10141120964084
302.4976823838843
305.4399950668773
307.4477387244539
310.9562610134347
321.28826638386664
332.3196764655439
349.27669068098913
360.30346548008026
370.5640402188692
373.831349068694
373.36147704426537
362.8014983197145
347.1761965439316
324.19035414387906
307.95087159214455
288.4890274447004
269.20599793491573
256.95053683164895
236.9849461784402
224.0496778273005
219.04351682073374
217.09410954165594
214.40039650111575
210.52077701594487
207.19707417047175
204.4887178841254
203.53497442502572
197.4650767985934
190.26704499970694
183.057217021482
174.94752750881773
168.32392637588418
163.5071816010036
162.36497411922423
160.04654113460236
157.89259684646674
155.80796289343837
152.22793709515096
150.85848022819988
147.25317904744426
141.65118645057063
135.69033565936107
125.4541376427527
118.27100845765854
112.74477639366702
110.65065487720013
110.48531380233332
118.98386272786003
131.08687414822788
150.27344579283394
161.72110589328594
177.518767058016
190.0871625006648
204.63518252308785
226.9907828922357
244.0095043984247
257.80452999728203
261.33082176632047
261.63241542423737
247.3697087122035
226.63527712455334
195.09321607298017
173.2605861053776
148.51975904460576
126.88313439145684
107.31367788167731
75.80230101867146
52.58949128582735
36.17239275914024
31.31906276495218
31.144309797139766
40.239626109463394
53.358371285240054
73.38111320335584
87.6741904381505
103.35167234430236
113.160146900079
122.63302560011282
137.3922245646519
148.54477120252028
158.09688243633548
159.94930323846611
159.26844657164705
153.1940699859061
144.21058067366337
130.59813728284706
121.69467509405108
109.89936468741458
101.21349562635228
91.71639194641165
75.43828158457431
63.18659206534011
53.578031313433755
49.850496122442834
49.317849194414364
66.71653395632987
90.79127251161893
126.5010577683803
151.07350068177223
181.7455506436306
206.48810609216264
231.01447005720516
269.4428070385549
297.29123586217554
319.2182548032953
323.62440852501715
324.1567861464778
314.08028114338583
300.1253414206873
280.02799115888246
264.0549469221156
248.56932689907103
242.86075046193574
237.1412520985172
234.04314727305484
229.00930092790813
223.59505673419952
219.34957463136175
214.01025007637358
201.2415816966407
186.21828138473072
163.4069535360185
146.1871604566683
124.98423137598277
100.43769540804554
80.0303103833463
46.76765046832263
23.220116433633315
4.499361235848738
2.075947057753955
1.1442994414479113
5.13527610494508
11.095178812899212
19.32054806661915
26.45057293667982
33.8180295575138
34.30540939361612
33.41835857411798
33.57245989668633
32.733615154581045
32.14495193052877
32.59388020219742
32.84023840820685
34.21809988558929
33.796153894790805
35.024822977736015
35.774256492175
36.77620925274424
37.90806072059182
39.368234917871405
41.42186205029531
42.09840514354949
44.40105051097786
43.58029773426707
44.34709291106924
42.54674130026839
39.192749532547836
34.00309198993669
31.046703336867946
