5
18
b
83.40212765628604
82.3684978430906
81.20320974583768
79.89271524552241
78.87140416487922
78.13533407378496
77.53873646766577
75.68691802567494
73.2711835751726
69.80920299108709
63.38111299287947
59.011574414182306
53.297673291818235
44.163996784853495
37.02437775924133
28.10497028893433
27.946164681532
26.11244484406357
25.701631135343582
25.981957267896476
25.532968915761487
25.088648757153504
25.1995894280237
25.8067185494296
24.46214983842759
24.882773170535085
23.642873757335696
20.38231194629063
19.132914281317408
17.947601539451686
17.612557059809077
18.57895607846199
18.850995742915135
20.08780618232618
21.37845787508464
22.181442235316634
23.325155985622416
22.640273666691087
23.619130947093986
24.22526195127881
23.165509669388246
23.377132924646755
24.941985081573183
24.596831944252756
26.350014500719183
27.712762110181437
28.45565181695084
31.028812471945937
32.708631977681236
34.005902884678996
34.33198663466935
36.49200438139166
36.85037512166496
37.986032379133924
38.87468792331616
40.52963697527001
43.24781985091598
46.749438440346886
52.358516034963756
55.50273058702281
61.10516042290403
67.49742754736383
73.2879177142352
78.84486436868562
82.15668199827604
84.11088040227311
84.21823930926682
84.86464642077105
86.18166496532676
86.70247253676436
87.48599472067046
86.99123367634607
87.6735883815853
89.07017199025785
90.724845521491
92.19264190502507
93.35717195423346
93.94705248159323
93.80961864852551
95.80950175388033
98.69479588843902
102.14776470063302
107.14365297704023
110.9268614130406
115.72100819241476
124.81662867646659
132.85538798395774
140.21954333486164
140.2755436056132
139.53952926477655
138.80429940163722
139.77064896660866
139.24633151268645
139.19886489802374
139.09860697938055
139.4268069220415
139.317420747432
138.9769410908072
138.89306596747446
138.81799949428463
140.26128146741502
140.02842793626695
141.23624579572987
140.01454172129928
142.4755735871522
143.0415118185297
146.7317962914994
148.99429311233646
151.60955576008624
153.7398897986681
156.15462562675202
159.94618696323397
163.58740904774712
165.19181693064976
164.95974965376072
165.59569552040446
165.15444085285546
163.39034416808147
161.80489933518635
160.80685373815632
160.1126215145173
158.46779066624302
158.38495711454703
157.40356923794985
157.6608640504038
156.8840769152659
156.82804863641488
156.13394875854644
156.07212425850616
154.65185495369255
153.7203167269235
152.31186906693966
151.29946210356502
149.8989201553422
148.82948611468964
145.98460393164
144.16831044401556
142.9161602275206
141.50669743935046
142.51106984705032
144.38343986700073
146.85270735461688
151.22042646404645
154.9689885133538
158.08741178221877
161.10770506294216
163.2213743118178
165.81458054806595
167.2019370943009
171.16546555109852
170.6877565143012
173.22340194974112
175.79604501707092
180.8102961383418
185.59371979708968
189.73267567074254
193.48563972942299
199.46306722965565
205.52216056908327
214.23593900699996
219.76886519239957
224.80300500084397
225.81918537310247
225.58451189143642
224.8471368340701
222.65192492426806
220.06768386586072
217.35704778797123
214.41610698354708
213.56861340118198
213.61750173165814
211.94140979509493
210.8995298821593
210.19593597294937
210.3142114106823
210.0638798464407
211.3588780966433
212.3291867212042
212.18565202819792
213.6298103215986
214.29267113309638
215.29611339795102
216.3936965287057
216.6034854878828
218.04454460343177
217.62270055013144
217.72200045913127
218.82834202026916
217.71499765044015
217.7036025128196
216.57571520526267
215.64486173705325
214.05822092041672
214.48318173649477
212.78070527645082
211.05226054429517
208.7729365257095
207.8263508941747
207.4657660620413
207.0431046902408
209.8198386527033
213.85414559857782
221.73974565598064
226.1449969538288
232.48591111698508
237.21802675236262
244.2780393143385
252.70661619265647
261.54598853524215
266.7020749186436
268.0756155695556
268.48689046297324
260.1181498865224
249.9940002800261
232.92224267310596
220.89189459485334
207.52108312254026
183.363582621649
164.43286573101193
151.75730150232684
154.13515848551992
155.16734933129928
156.26855069840562
157.33129128697027
158.10697685973625
158.86220000910996
157.15652349608828
158.87010774038893
158.0408190258656
158.74724929075353
158.1832813030864
158.29323794994178
158.84170126822468
158.05080127749434
156.83091437385633
158.1836173629554
155.95098744914682
154.93226958063173
151.30094411539014
149.42266306050388
146.7016614227682
142.6118120142263
139.77985395349745
135.64094863805278
134.96611669237444
134.6086015766866
135.10920467023539
135.11488745857292
133.7992316101357
133.5535633798012
134.5018152056385
134.31747333588268
133.91991559754857
134.47106276750213
133.58187715090335
132.90109809940526
133.64125890768855
132.29131111764966
131.1834104099313
130.7618877143473
130.30903883929372
128.6452236367022
125.5408956530149
123.2897152839895
121.02499973458876
118.90211326099744
116.6051007389329
113.54549102913039
112.57501438815369
110.9531984403672
110.1234846948713
108.75893489491664
106.7423525359568
105.48445420573691
103.9212398719676
101.72857618461568
100.90183078818309
98.99992355416093
96.2762798564286
92.85696764187654
92.71033883230233
88.9722482135046
89.62445593244355
88.69972095256972
87.12805579026053
86.28158092248195
84.54359167741879
83.6021157023899
