25
22
e
90.78175930105874
90.7575305036466
92.85325523671966
93.83564524616533
96.66900578283469
96.60909816711317
98.33218848047889
98.19369982565819
93.73512159875524
87.94157777061946
79.93349040069268
73.73479438927117
67.45899020715413
56.16866305719561
47.77535930230224
39.66267735496563
39.087662339549546
37.83161211539803
38.28485456319451
37.95270439284911
38.45911238999067
38.38649916488075
36.8192168952333
37.8495010940846
38.58053437631312
36.32396451395363
35.64464788174421
34.121978166663396
33.064282462299744
32.457604649063306
32.771457045237554
31.75830159535204
32.65983235946793
32.22929524434306
33.18675626358165
33.25479592855504
33.68373889202521
33.25092608868662
33.782797089109856
34.90986576499603
36.17042811060049
35.08877015991286
36.26457857562883
35.34336174621637
34.21442093834914
32.04614470666219
28.15417938102427
26.190053180228837
23.150156590725235
20.489499144666475
17.62443559289034
14.33333594385511
9.938271890924813
6.699271681641703
5.687032214882738
6.896220354203292
9.417949732392007
12.680854542829309
17.36236997842626
21.037339831802036
24.4427370470458
27.47164186548062
31.922837749662254
35.3321123886884
39.884539506563506
41.66598389244334
42.54841774934662
43.55242425157639
41.8159299798696
40.432930428315316
38.35144484099129
37.189222544827295
35.38198955982018
35.03605013912309
34.19208760620438
34.19752107601411
32.427504945085225
32.51288487086145
32.08071580306757
31.747177972051258
33.31883260270243
33.135720673509056
35.59129772620986
36.63611737013079
37.00244100039936
38.493624350108696
38.422290700724375
39.285648655406064
40.208702181771294
40.42025612767123
42.211579321765775
42.322537982252264
43.2469409906453
45.42414707639746
48.686026702516905
49.66387566164978
52.30911120745399
54.850530006216395
57.96336563720797
61.84831504695014
64.98613418097771
66.5459860692951
67.6320484276868
67.8963647309048
67.02163939091649
64.11117264425542
62.492805927742694
60.68796860966577
59.317798683080504
57.89157006810572
56.055073297637314
54.922164304138306
53.670679981903575
53.36363916089311
51.95072463926156
53.07399213674544
54.30231026156543
52.85135294685321
54.841894860948756
56.16452835088157
56.61341695015033
57.629835204765286
56.85984261304005
56.96260726807507
56.71361896722991
56.67729849966771
58.239678136852966
58.11353914519564
58.877431574134
60.84927165681558
66.34978062325571
69.23541795418429
76.46580939615569
80.09612745860152
83.6840382667747
89.05542907759683
94.01709107201033
95.15961062384088
96.04989071480288
96.12732953485136
97.30206141079961
98.0162125234784
99.5710818230892
99.59805747384144
100.28494167911781
102.3922885480959
102.8602171476316
102.55335476624768
103.99764852853008
104.97557337093399
106.69733240513351
107.03992469561526
112.24823483266447
116.41159188208808
127.7394686335117
137.92831113772223
149.81373048180362
159.33066504503313
170.01267144768985
185.28464487440687
196.9024745308402
205.48718699090642
208.3956077958307
207.87910645280064
203.3037110367389
193.84272939087072
181.8452643782107
173.00400915373595
164.22672745876497
150.11363238141487
141.35456775075727
132.32456773007715
134.75548303555425
135.37591675108447
135.34269131182302
136.37979102043616
136.79131277581004
135.8732131056156
136.77148010838292
136.69851256229546
136.80473938073783
135.9583508493869
134.91116418158342
132.6724056550319
130.5760939556982
130.32799600233926
129.0271828368415
131.03552722837688
132.552892933486
136.86968447202176
144.8417864943062
150.6243516065628
156.15670356456778
160.54992186748999
164.17265642011546
170.02747082596815
173.4664058268245
177.96792518781592
179.5015543769071
181.84691977438837
184.15685322178695
186.69933935063113
189.11537425503056
191.80028363283787
195.27120112990966
200.19850490527503
205.4524864414176
213.74628557621304
221.39848150271112
227.16588692935275
228.04251823596923
228.11239610112355
221.49006802435704
212.14921686495137
200.00991473860358
190.03664629403784
179.21154681624554
169.06762422092405
161.69909701263077
150.71437165838717
143.0668461316472
137.8852884467997
136.06986161819074
134.35577144180527
131.3185220971988
128.33240768859858
126.71637641738737
122.71846785452222
118.74538716940728
114.33704496474907
108.16659191023423
100.58720767369414
93.26599829992053
89.51172367493704
87.28855948779078
87.56080529061587
88.53662499556107
91.61823425351047
93.44040477133234
97.2973601437433
98.52288264230755
99.53394037679621
100.7990632614055
101.35995820064699
101.59758925580438
102.80664458004512
103.94361683236234
104.38613339076447
101.09441463577903
99.33452754393765
96.13709064079453
92.52947280699479
89.36208807106061
87.84253812203261
85.45304181163921
81.5938668886683
79.30800116315059
77.74464515615432
77.94839332619938
76.63559615112347
77.00737232460008
75.41570723538763
75.47229846463723
74.3811712900393
72.87199695593395
72.14193332926426
69.78508236368405
67.35197352495244
64.39187736822619
63.50472488015262
63.10382039592744
62.27468091013864
65.11814668731141
67.5828367979559
71.56781344403886
74.75041663386752
78.49833600081558
82.06209935004792
85.6882925631244
89.14471879507492
89.28486208916044
90.2659729544722
90.08505499445694
90.83528263039405
90.79535612632179
90.4308501692929
90.04955091388683
91.11149332988508
