16
25
c
221.91235158410652
220.09700521875362
218.70784085086984
217.56093016830542
215.74434729039152
213.01577217047938
211.38943195696072
208.72459877929552
202.9476113469207
196.7755971959439
184.23429892576993
175.3086443211868
163.13558047152642
151.1806126803364
140.29714453311394
124.03513472588462
112.10506881372007
102.60440101167495
101.63382558187106
100.3003327525515
103.0747798679734
107.97145881510008
114.35969803290936
119.48395034979589
125.69716086467687
126.95572448112998
129.22440068825537
131.10875939671857
132.53231601063587
132.77302541652045
133.9153400923938
134.39090031240687
133.57131254674036
134.70403830314154
134.99548277412578
134.06379191333855
135.9481241506895
137.91375826656264
137.14481394286545
138.11095652403753
139.13301983937396
140.73663164148093
140.81080473146844
140.55512584330594
140.34149279794562
139.1269104416652
139.98557374505782
139.4171375334049
138.11892504954474
138.7552501653738
139.42416385731545
138.8882121105643
139.22447908212303
139.04313448343262
139.04959574618331
138.63260700451463
138.14936814669198
139.46035948976765
140.01834723263835
139.29299501973512
138.66738251123516
137.70652063437404
138.6500965301723
138.0111759333206
136.64852137171766
135.54985561830452
135.27978931938577
135.28197517309064
138.8835712994025
142.08700017308254
147.3981613551745
151.12308702876155
156.272316103967
163.6377012860621
168.20037875079103
175.04745946391563
176.56437758181067
176.47928501226983
176.29931341876315
176.14080662560258
177.30747307273697
176.98685016796284
176.6464718003774
177.11621059763598
177.35209726292666
177.04154216371134
177.35375590615672
176.57473732569125
177.52377367566956
176.96380506267687
177.34792631390047
179.14756695924527
181.464374148704
182.59093345499136
195.7101255761689
207.05041609545304
223.041358212768
232.83429296001486
243.14218135291384
256.93062596183415
268.4412886308497
276.9886394036789
278.77280701195053
278.61259614476006
277.3191769417912
274.4653242746311
270.2140809551247
267.3585915108059
263.51234720958274
264.2846970604766
265.24649365035066
265.22450460096826
265.53372942315406
267.1547140460581
266.4476080472895
267.2404246557533
264.19289268292334
262.0402510809241
258.45270563712427
254.26203986997854
249.2427210457609
246.6449006746457
242.90637116470708
237.84897563862927
233.81406219973178
232.30814625066628
232.19875781655736
231.92809561965944
232.2245876780867
233.39076133180143
234.40962164340522
235.11091698034846
236.16729890810143
235.72873837307628
235.78372319563684
234.28885701137395
233.31217499604588
233.1967147334312
231.17810395854863
232.08845166314117
235.43545243781455
239.737133905296
247.49933698092605
251.33562115685444
256.00473927586205
262.5600889580394
268.5886529464409
275.4711981412285
283.1970336795995
287.23982912931024
288.62512424447357
287.81467867577436
286.06456277220855
280.0293967968405
272.4351822209469
267.51024995246144
260.1331400195793
256.06285905606
251.2288673800091
243.88198890095086
238.13894516968728
234.01239369957386
233.38733816401444
232.99546554434104
236.27971926556492
242.36634374653465
251.07932715628414
257.464494847282
264.99659896649615
268.764055919725
271.8739005850147
277.00192451996975
281.3944301623678
285.7296533884709
286.70851086516336
289.611114980372
292.90574978235134
296.606343894087
301.4794696010314
303.8037410955613
308.95500560588835
316.15942941767804
322.4469985062207
330.8434074960356
337.629338338589
342.00399247106105
343.405544322145
342.9291822766917
341.26001284938246
338.43271174777584
333.0928750931619
330.0383095824004
327.288359097709
324.82561903595865
321.9173089034425
318.82373124907184
316.56976290768574
314.7228875220467
313.0063265008746
313.47473681632084
316.1825888496235
321.77120878113374
327.01986438178426
331.05258515410185
337.3403605196499
341.66642114491793
346.50411337019773
351.91027411395066
356.90882380634514
360.6810799975044
360.7984029420793
360.7343067906545
361.00891184021356
358.9427826800251
355.71921123644034
353.6999710330133
350.7589075900662
349.8520179070535
351.40093061975506
350.20686928026714
349.95249248696837
349.32013753772094
349.1809404990085
348.24737488130427
346.0621174133677
345.34580812818126
338.117645479732
333.41753134353877
327.12196571790895
319.7143647527318
313.91230178325094
307.20838713095736
304.0758011676013
302.65460982324686
301.983292329826
301.25469369167297
300.2967730651455
301.0381889054267
299.75744393479465
298.99399850131584
298.61006740797524
296.52552801593964
295.38221651245004
293.8624994984618
292.42572506382965
292.41286513412797
291.30340693690255
290.2669333936812
288.7800744536864
287.03909174408653
286.7116521872523
287.23437588181093
284.82037251372697
283.26273210164896
281.55529948783914
278.677035590523
277.93989571267593
275.88913775084126
275.49810519073344
275.38079037686964
274.6882094580564
276.19040529787435
276.77561388026095
277.02327152662474
277.6421126791447
278.0691005660499
278.5734503162159
280.1925942609604
279.99296403339855
282.8827023626751
282.3504000547747
281.66863563774194
278.3522194321641
274.3632674330267
266.65034888952505
263.5925988459653
257.24881289850435
252.01624445314067
247.36530256509118
242.29067142345838
236.34652173181445
232.59095009540047
232.76382640483894
232.07082018767304
229.11326906020244
228.12078325689862
227.63438017962062
224.01825686219772
