0
11
a
119.62311404262103
116.63476773703675
114.0231248023283
112.71785119972698
109.89242902331908
107.68756946079861
107.36349487462257
105.82038490942936
104.23958824495774
101.65229070010672
100.62517302253634
98.77988712792632
95.43257036134054
90.68852166857064
88.30645540171632
84.70512096738787
81.80210782197203
80.87649501682164
79.74387417269384
79.733138729029
79.13539732102944
78.4892709478442
77.68774448312595
77.79644603560062
78.01086302516225
76.00646904956135
74.59829802580964
73.03041375691396
71.35195816805975
70.14935694779767
71.04342653689986
69.85146231018571
68.71859337545851
67.41931371806396
66.35522452322863
66.6385859562581
66.51145615143633
64.69816991390906
63.07177651612632
61.541888605525436
59.09886985047868
58.31043367021522
57.24593768894242
58.00004608922925
57.64429675425979
58.86802270578409
59.28094294879645
60.04216675962984
61.077482114024114
61.62931910155408
61.25528780066856
63.11072050065008
62.64629796771267
62.73081493909607
63.210320102418784
62.6420911639097
63.968309719878334
63.23491854907005
64.56575886091979
65.9221047773929
65.86113429310889
66.68383892187028
67.03753021232642
67.1043739574558
67.6802883172513
67.8000500448669
67.948473297257
68.52212411159057
70.29043710279576
70.66444398239268
70.95060370210209
72.43292689053438
73.79460687660567
75.13142433848812
75.99844114533599
77.3718842438948
77.81041490684652
78.51919619254099
79.90799311782952
79.67971087359524
81.43939655131535
83.4303643069815
84.84539632948022
88.0508460178402
89.26883262454096
92.13913296599353
93.97284487037533
96.60700532152981
98.22672541818129
100.29447794840746
100.88315566280646
101.55121871863933
103.04732006078807
105.66601660636778
107.65959257643318
109.2551845397002
111.08183067382035
114.64969993163801
116.43198789075643
118.5809959354469
121.18588677284473
123.256866147122
123.99394088065038
125.90445075648586
127.09679942942991
128.62074778507267
127.8298509433042
130.5311207859764
130.64223039249464
133.54610986633753
136.01627935392395
139.07448757860803
139.9815458216752
141.25329405813153
141.5657339593849
140.95340178078038
141.77990169249597
141.75603536567056
141.90279109088803
142.28404947218482
142.84169548652866
143.19051984861878
143.39550043288293
145.36313608159844
145.00020503264767
146.50553261762275
147.48343321214656
147.27000831928794
145.95168109365312
145.62778701006155
144.93486220562028
144.62868440872302
144.40997216596116
144.32858049594066
142.9802510471899
142.51429484979235
141.71035644164505
142.24880748279998
141.0837639034738
141.315345099134
142.2804890736328
143.52987933498042
144.20197102626284
145.5208105554569
146.49837384134145
147.66518387163094
148.82062073879376
151.18560763638402
151.6947136098337
151.9309403523874
152.21437541181552
152.05460861725743
150.60809958217763
152.68095124231897
152.23427102958948
151.07740593930774
151.98317611588746
150.6937588575166
151.2570340906916
151.32414961848892
150.86820393348884
150.580180743491
151.68955910727664
151.16137068615498
150.60724526733296
151.55398790952398
149.2615878012171
150.04727223026927
149.5984119386695
149.42700204513565
148.98427158672328
148.52382630380455
149.06512914811995
148.97183030840296
148.45198573036748
147.5146253033132
147.45377528474222
147.22450115272156
146.71563899475825
145.67609422015184
146.1652086751923
143.533631610755
143.66740877443786
142.6934535180216
142.30837897952594
142.13477873520742
142.5579825888913
141.76348738456377
141.20690358636247
142.69848289966453
140.92512887877598
141.43140846728784
141.37298337019854
140.53938268178612
140.7001307697633
140.02815525128878
139.9404983928535
139.8583535865313
138.9882372935401
139.254170427612
138.73137610189764
138.8283268520624
139.206328239463
139.49958654637396
137.61704702484903
137.46722994577127
137.0667927818351
137.90766177678316
136.264323035399
136.63548810417876
136.1892679445209
136.89466950874538
136.76994215434806
137.1247087363465
137.86055767771614
137.3960065951787
138.5804485297528
137.27100021659575
139.04293738705667
140.21205134858042
138.64565420128653
139.92696789174855
140.449856755359
139.73902601242023
138.56396128643237
140.63749103916984
140.03747656279413
140.11852670746043
139.7867078449478
138.95242359489802
140.1903925195282
139.14356661815515
138.5708974563674
139.11965463133558
138.02104914008459
139.18431757837604
139.23142024542935
141.0117662311433
142.19040499119797
144.00496537600594
145.83511715813734
147.80390040898686
149.18959703758517
150.96627108709205
152.29823410402574
152.3088730579929
152.46962667767966
151.67086322394985
152.23853379460493
151.93600017486781
153.36583091686248
152.4655140452659
152.85719240523386
152.7254286951598
152.8460986004348
154.4387195267033
153.3298251550741
155.19586484282505
154.70722650417594
154.83441425278272
154.21450361265235
154.17374036829668
153.6255687247831
151.49695048889348
151.11643096943516
150.73946226600663
149.90273151897145
149.9263997262795
149.99753168351
149.12226989585858
148.7806321468128
148.90807999085519
147.14301895975257
145.9221998844053
143.48064115382155
141.29600073268057
139.76511326861868
137.85332399901458
135.9798581519316
135.20463768099714
133.36658391628487
130.97150545922455
131.6489062425932
129.61706638638205
127.12671866016618
125.8004174182635
124.51541142498446
121.96479031727304
