22
10
c
278.13017506855056
276.99232685182176
278.5835994809021
278.19673345133316
277.741502400194
278.2851850237995
276.89957555355807
271.7153990082821
265.97985981142506
256.16364780810255
250.7907992235347
240.94594192495276
230.02186882242145
221.9216063852536
213.7277933339802
206.64919658289688
203.90467995444553
202.3714201478208
201.11607601744623
199.59086325242006
198.32648151230643
196.99252941098686
196.3547096929315
194.52761077004538
190.2912550893251
187.6890020917893
184.89549273728858
181.88796043680932
179.00396623282765
178.30991282597324
177.84170525767576
174.9962012957516
173.8456270625213
169.97425323269422
167.67907018809424
165.57758923957647
161.46799160533993
157.44850951134362
152.9333011301124
148.8289428447441
146.15479978096826
144.13906833584346
145.15686756974983
146.61346510590326
148.8999154261932
151.06062108772542
152.48273112629863
155.44131893313372
156.04126924670146
155.58864336358045
156.65331923665957
156.8851096041527
158.2143120789296
158.5535399495292
158.36109724652385
159.76535765765328
161.09287507686804
162.7652274416323
164.32606721635304
166.1813352966799
166.38823208176854
168.29528733533155
169.01043861651237
170.4941205917446
170.92411127022174
173.37532260228323
173.35317519945667
175.1017173975627
178.27771810644953
181.928479010317
184.270513141595
187.42574717424333
189.9746562658878
192.25279593764208
195.08666254778925
196.1168571231925
200.00587113802555
201.0929974378835
202.79045802049492
207.23006107984352
211.7753489781478
216.84576853049558
221.12330939570782
227.49795250293468
233.27889080082704
237.19762307268456
243.26704759428293
247.42662448880478
252.1892454060087
253.54482768032716
257.1474678339238
260.7818257161304
266.2677116542088
271.2573951925496
274.6276867644023
280.5608342075316
288.80876181109136
294.3969259878577
301.6565211733337
307.2602729979792
312.1907164222816
314.9683992254509
316.7127920536606
319.7699940942443
322.0153163914773
325.08283525026206
327.9616927486985
330.9933740506295
338.3450919233573
343.3687953451
351.8513905702179
354.913083705671
355.3637442748732
356.40251034247893
357.7246863132184
357.2014249901926
358.45413215840443
359.32321620581234
359.33858503859466
360.2628909475295
362.047177593255
363.3815940180231
367.02215979800144
367.3930873546316
369.90201072727723
370.8944604918597
371.34983545411507
369.70961428953314
366.92833473899583
365.6139385118409
365.14131939264564
363.7758251021338
363.01802163268246
361.984679200066
359.49434992127885
357.66640447718254
356.59295268838423
356.6726673537583
357.2955051266641
358.85933807594097
360.83108694813666
364.09064864003307
367.242303024814
371.89483773137243
373.5363801276682
374.46071661754536
379.9635076875661
382.27578601656916
386.36498336530354
384.7790033934389
385.80826699431856
385.69771315870724
384.276822091887
382.67594132957163
381.483906012219
382.395780732513
381.47091970088104
382.59497306108165
381.3692933533668
381.14163661445906
382.8396508687473
381.53758597324696
383.3074158111152
381.54685622749355
380.07660465103606
380.35329897680936
379.65573772922784
378.37949069900594
377.5690168683887
376.74157946415886
375.9864097046014
375.7179987100657
374.5163568241749
374.42107785074194
373.51032501205407
373.3904849469225
372.15626662937575
370.0398197432571
368.62720220412723
366.59735741253155
364.7650852954394
364.04734698213525
360.87617298881645
359.5128304320807
357.6815214471507
357.97928510933554
358.49877156153246
358.49266222981566
357.66882567294493
357.2907538351183
356.71463189404454
356.4617062263322
354.87595408947857
354.8251493302818
354.07957092087963
353.1883910701765
352.843916202268
352.4157439254055
352.1811020456586
351.5015865765232
351.26654231684216
350.5566283385667
349.8677746850169
349.24822807258596
348.1413794923051
347.0405805619635
345.0922763340302
344.5707541469511
342.7780088497364
342.7952312044844
343.9833065198442
343.97542607037565
344.9323861258448
347.4548790651562
347.9493154337231
349.37026630863716
349.1735493014747
351.11353353604363
352.0369137185514
353.21131845523394
353.8321749344999
354.0960401175681
354.00010904728236
354.861967001972
353.5028397299514
353.7036215578629
352.789256512002
352.6413783380331
352.28225498127307
352.57382021641604
350.62667539554457
350.5597674157481
350.2193841758891
349.9713200907269
350.68952491127385
352.35937224500697
355.08808620854984
360.1453119486549
362.8825871855674
367.40373353667894
372.46563480250904
376.4759774627871
381.7240653566455
383.93928553963224
383.452981785304
384.1671410081642
384.28643203280757
384.66545368964614
385.1455487541293
384.95604700903147
384.89246182
384.5361079753026
385.7729719566244
388.54783624812484
389.8664987121271
390.5199723867196
390.49702394317444
391.99272631944814
390.9430382286164
390.5321170943172
388.2237259365316
386.43533918993387
384.1456413408889
382.2415984981266
381.05375825969986
379.7737222890941
379.1234585891208
377.94570285553516
375.7353575519551
374.8426258279558
375.42730521253776
371.67746811185276
368.0325509999694
361.7589509811529
358.0058809458383
352.3217359673033
346.99549879274053
344.07259725723907
339.4952065569269
336.0829188969568
331.60195132783474
329.85732272110926
328.00744740869516
322.130975186909
317.43995535094143
312.5703159307453
307.6938328260159
302.6458809331864
