6
18
e
85.35516720375219
83.31515427025741
83.03865718944182
82.27040217459168
81.09202146914922
79.84668504057117
78.70237734514633
77.04139225490701
74.37673178796669
69.7757269594136
63.967211739180286
60.77857408879972
54.28018925800778
44.98240646162268
37.93056491799632
29.803345525302998
28.35245358805049
28.183044718093132
26.676361780396377
27.08145189491144
25.584822947563055
26.23802353396198
26.71470893658337
25.79140730417467
25.842285721363673
24.13877148518076
22.897790516154508
21.57847989831311
18.968291817020607
18.53112068524511
18.432656314858306
18.211699942287215
18.60742089470983
19.787823709883913
21.805719482513624
22.165933199172276
22.8160310780533
23.28185049066615
23.779072815907536
22.981916515790207
24.894885798779256
24.769543964477
25.380324455613806
25.597818506417095
27.70126176151088
27.650925590735305
30.001858945419738
31.344280173989848
34.116130522638066
35.078472134462395
35.94864053582501
36.84485304477186
37.87921744568804
39.09167640242609
39.92044354362822
41.67790426577375
43.60668295665799
48.168138083171975
52.28720541268875
57.1183958408841
62.78107648032193
67.72888970577762
74.12822489143682
80.53976340722606
83.07277631043483
85.25300955331622
86.8200711110872
87.0698379910215
88.20606612011916
88.29886893475407
89.37402867755593
90.11270903896339
90.06104913098076
90.91273112926486
93.31813222414846
93.53845685688438
94.4318966070099
95.90728929103868
97.28272244026553
98.13282844643473
101.30164845917774
103.64932160595293
108.98754339653746
112.75035054454835
118.73490648208954
127.36707338837356
136.37380504987416
143.539568708855
142.3680938688188
141.91924141796235
141.3632139852124
141.9905021266851
142.2765873916539
142.05886553166096
140.80351328941646
141.51318801968623
142.71211877570633
141.2204312899991
141.91079188177002
142.69422708583483
143.4530044824642
142.34969873701843
143.20843845360093
143.64536509052297
145.18153954676833
146.81400994031395
150.0244180973417
152.03573575413532
154.15699461592604
157.0781516625811
159.86051146791456
162.78063471914476
166.27427486862246
168.18429255085928
168.5175946084567
169.6374575188701
168.5283432882797
166.45005892456692
165.11104957287603
164.39450429616156
162.22432320154252
162.41899629112794
161.50812538502953
161.3709165845621
161.29675187711243
159.81351535833696
158.8625855684104
159.9922143142128
159.71784057279066
157.94382670959658
156.25303762309892
155.11995483420017
154.48128684831585
154.02234005299016
151.93892939208993
149.61204490759292
147.00886056330592
145.88662109894986
145.5589497520044
145.21725669495856
146.87157230657226
150.1217316875413
155.7405761060151
158.61552318519267
161.78759914479798
164.68754958733092
167.5558934392135
168.98107271088944
171.46245888054057
173.73367681442133
174.7164185556794
176.8216719209367
180.29451223514772
184.59409278925284
188.47872733773647
193.57871112346518
198.67848735057885
204.57326502133134
209.4312767530405
217.70049392998902
224.56526100552253
229.497540007202
229.67644406760502
229.2582018495795
228.73428956769806
226.33958560788847
223.17038834350603
220.8175355781515
218.8579587494097
218.0059901911424
216.67384319192385
217.2039819703387
215.2627818585956
215.42784679286234
215.49506388043233
214.6886694498319
214.88329129754672
216.69003622666835
217.7139016310007
219.21526090137516
218.60306221106805
219.66617344309023
219.24235394575194
221.12862101291248
222.49080935032265
223.03000083842915
223.4662542690023
221.87952919533663
222.4367557402794
222.08061584724226
221.028523894592
219.43787826278484
219.09874656673955
218.50853392253467
216.5067278209921
214.95274199728738
212.40699992727423
212.49507528362412
210.82437798134458
211.02523565339763
214.10544071695077
218.7255687089882
225.91224483114084
231.38658975051226
237.01725376687574
242.80491359373886
249.12241304270506
258.12979168783454
265.2438301567747
272.4324657216187
273.4399915603282
273.74826321054724
265.8388526210752
254.58028071067102
237.09149482164338
224.5179666558798
210.71698129291406
187.56038289664528
167.97894080426315
153.4674089408485
156.25967201546592
158.64549303968536
159.51482160216952
160.63603465056124
161.15199762131587
161.4402321538546
160.45013040445204
161.03837196942158
161.2635457630467
161.36086660237717
161.7391574065991
161.84141193715897
161.50527918584
160.22259977374085
160.30856299327698
160.75826113330464
159.5154795802956
157.7644913873657
153.7690756034273
152.7620511519518
149.3701505553677
144.77266870583415
143.18256674294838
138.97897868451054
138.30028362161715
136.8863286373326
138.25942150467375
136.72551995416057
137.40682262082666
136.9937668458349
136.6080700045729
135.64049278868535
136.6376829307361
136.98044438359935
135.8581372534779
135.51981757345374
135.26605518788332
134.20988683585173
133.7547578899775
133.92180473670626
133.0751237562236
131.78899370048768
129.05187725432188
126.48002016131295
123.67053288897768
121.36176537354682
119.15159662546421
116.67665254926801
114.398970292307
113.76261229525853
111.62245112461324
110.52623432316442
110.03836845007197
106.91590432710511
105.62036489767887
104.9798914037202
103.43569378274621
100.85765656534903
97.73343751587664
94.619855697368
93.79508405692516
91.63989209368967
90.46774508688483
89.82444425240267
89.10559435883137
88.4105553597046
86.90161680352267
86.19489088228757
