1
5
e
90.77958499398783
72.54331350152907
57.12461709432973
45.451234697115204
48.28859844036682
49.10920786231967
50.407672222849385
50.65640449536304
50.93785291458186
51.48995409545225
50.50400439038329
51.14007840068875
51.649412069833275
50.21622229510685
49.95077057085253
48.59926909999221
48.079618181989645
46.65153808974236
45.929858587034495
47.540763434295286
47.09505379418111
49.113792067195384
49.0664579399877
50.758822250119515
51.03929448717428
52.22634475932887
53.835658704924036
55.41999232756198
56.737333788754455
58.08665283547376
58.43301797397554
58.69957674489425
55.61306481459108
52.517486483834624
47.08553098430944
43.208044109805535
40.08151987393125
34.91748339825762
31.402384975432188
25.69856640211328
21.69902091683911
18.215125359036566
17.313953094434698
17.445998771895095
18.979359909817447
21.56774971631671
25.31925908231532
27.18333197403197
30.429230626430147
31.17314158674936
31.45285790664747
31.401642249452916
32.19624791030567
32.39462758380833
34.07882292364464
34.51566354708815
36.994591369614774
41.53829325935747
51.592732479616735
61.3023957021736
72.87209971794435
80.60578104633511
90.02212960708704
103.57760716786885
112.73543566751715
120.28139476431615
121.08003340845096
121.62436332488747
119.77446830476444
117.96733039310068
114.71903439125806
111.20840654482487
108.70557948490999
109.53740328578229
107.37576608018341
107.1013745429413
105.93080424931654
104.35652119074449
102.84263699080427
103.97215673410231
107.95350609559605
112.82108893897738
120.44444170880148
125.42064892377344
133.29630385950003
138.9387915268861
144.34796126929854
149.93202372592174
155.0540969914772
158.69638970755196
161.05972418659977
164.46544003610612
165.60699541621912
168.8617689324028
171.08950136365175
174.35683783075726
179.21430227421587
183.5301277684225
190.65322542634763
199.7173018359319
205.75300171002291
211.95752155579348
213.03536482642704
213.75142366517613
207.39004882899965
199.2462212586065
187.61085441484443
178.73192640144433
169.99210451531602
161.35859062248045
153.7157062310121
141.85897904221437
132.67892740003828
125.54385884142674
123.02475021161202
123.28307144779455
128.25133011128256
136.4944306051658
148.9273115177133
156.59339718093003
166.04862568576985
174.00132169604143
179.3004536564859
189.298569916678
196.45425039503777
202.05664483418488
202.04555079864892
203.24769103427644
202.72892595101177
200.01952116544558
198.08698046647945
195.11674126931015
193.45153474236514
193.1916360433895
193.95481156964354
193.51052253029567
194.48346791896452
195.09375642633705
195.08441040514825
195.1094648037036
193.5067086690856
193.08881161455668
190.18376668708711
189.23444691411078
187.83492513268743
185.60211504719098
183.0726673886531
178.6395836605946
175.88719612595108
173.26029898902053
171.8810087474092
172.29696526181183
177.60789574446898
185.91909102926098
198.55961581380134
206.32918780921614
218.20334156300854
227.46053906613182
237.33998936916979
252.7474926247008
263.52657565248603
272.2962994865595
274.4741514991195
274.90106237600014
267.5229794069015
255.6455539321608
239.35745243817325
228.0465519300687
214.04195500746675
204.85613061253045
195.99223712795796
180.4524045249729
169.58596269476658
162.19204085423874
160.59858878774187
160.5092264202699
162.3616189391899
168.08978973841084
174.59671107448918
180.2310888366789
185.14088384061574
187.82263840614507
188.10888639247284
193.1808218669024
196.28798570306344
198.16591936052697
198.25103911031874
197.3630049467636
198.037427847368
194.08286670694872
189.81599391387275
187.17327881046214
184.20823682647995
182.49221272004573
177.39296663785856
171.1582032185222
166.0325830836447
161.13189574102927
159.56945692800556
158.55545968329739
169.752603757895
184.49045060778604
207.95016591295015
222.2584027838381
242.7415065371397
260.5114738990795
276.3095483472019
304.8395591968862
325.9908090010565
342.2194218629742
346.4516565150845
346.5112310044832
332.8584269110591
312.46554494488043
283.6432724582413
263.31741492315325
239.080125807429
221.23845462973247
202.41232228279227
174.38307905528825
153.37733133231876
136.61724584060752
131.86174794729928
132.17886100516398
144.57870027846457
162.74893211054643
190.44045100194015
210.20863256723868
232.7026975384671
248.9677333636622
266.1414267103891
291.4677969865122
309.9485039243688
325.1673191366444
328.3013705147565
328.23522978208064
317.9338907416071
302.7030791365209
280.8147787268475
263.9440063835843
245.16225011080292
231.5691020622853
220.77296009342072
206.46485369449562
195.26917961880028
186.59856120554912
184.82967264110312
181.3228187979023
177.15517914473742
172.464725215734
168.06236709683986
164.13496352763372
157.27153988184432
148.35019411330873
138.85649978322022
124.93102552350342
114.29362576528266
105.51105695295298
104.12492471961212
104.02392290652199
109.20497433016595
114.89621390950538
126.62122546725985
133.49658687775064
141.90287982049688
147.24156396893633
152.88883104041255
161.24293240424848
168.72239752195742
173.09683817541554
174.40787728014908
174.77442712371268
170.45664910001295
165.03695218341477
157.11777263021312
152.02039022908716
144.74113897262086
142.9949788771123
138.83051527247656
136.02564577660505
132.00908973114744
128.96491763741597
126.98485855948509
125.6278227600108
120.16433017180746
113.25915553129448
104.33841849397722
97.64056153427663
