7
11
e
12.417736410792667
11.577885565552975
11.479646302028483
11.599628511457132
11.496432383411703
12.248509678243542
11.812121235300719
11.712387349116439
10.260989752890266
9.55301100184667
8.798482606138895
5.6839347856602895
4.542315852386674
3.4458803110537497
1.3795178676955446
0.13555527097268097
0.0
0.31053186769893154
0.8555006715618446
0.0
3.8917575485296974
9.47337521499152
11.379588230228665
16.465284650474178
21.734044838713874
25.78048356324316
33.14429632539691
37.51031767831974
41.975157131251876
41.82055148370828
42.61739123202551
39.3986285154563
34.45464736815537
27.821963861941303
24.10375111536174
16.001233879344333
11.6311062198681
7.2014164157944744
1.7705601275766882
0.0
0.466489620710135
0.0
0.48634553758855387
0.486787828949264
0.0
0.0
0.23537819342000665
1.8410176316200322
3.510359035038905
3.2556639953834297
3.6030545002158108
3.383005254212946
4.240146208289451
3.8572810059798686
5.270854139965833
6.238277419876744
7.542195782701169
12.639716002775247
18.413786078390352
23.027262979219987
25.403849617909714
27.32596442372837
29.4787161699704
30.90552677243565
34.680715091478746
36.66546525212269
38.66441822183619
45.32979672287069
52.592081935559264
66.96807877185442
76.4767988734593
89.73467813397511
102.46885824415327
115.74143022935093
136.64449580948175
153.29271083366748
164.7984693701784
167.94548041611057
168.63350793784642
157.52648868446298
143.30965936131594
121.22816321349518
105.35969513207411
86.4878103005047
73.885987190665
61.330578702042594
39.80977395910668
25.768958468623115
14.367301343202689
11.752134088678904
12.527859221068475
15.536777154452558
23.559199606266233
33.050013445781666
39.719440672354395
47.607323258939026
51.20596002795147
54.43768302086644
59.12606865162506
62.610955173294194
66.25472061597253
66.24357428475533
67.28869681761886
66.34883780163932
65.20404388527255
63.77155428862296
62.46376152694345
61.8076860180569
61.234866144189866
57.79236020024974
54.54579923984638
49.319774561402085
46.91356065155998
45.02842207533072
44.922624915664514
58.18946846054131
76.12437979651132
104.53064361762009
122.60988518317227
145.79508948093562
173.31542535551102
194.56125486366122
223.85877261145308
236.82323514394886
243.26934284373445
245.68578436577806
247.8071388701359
250.51858389967668
253.2035041224873
255.26887236361824
256.3271850965266
260.46610664718514
269.19808810010284
277.966289822693
290.95977062903705
302.16514330398513
308.9439468699875
311.0040863602889
312.0900536496476
303.23305641958655
289.18716221508055
270.69863510510606
256.5170645929077
240.48664260963096
226.336026373661
214.12174890092078
197.93447953062488
187.65837495881507
182.52178309474255
180.320414182411
179.29247439668814
175.9347138463874
173.2211545375166
170.93702990757106
167.61530936422193
164.96981140193506
158.50197581017937
152.24058101996442
146.01500973175357
141.09165588992596
135.86999683294013
136.21611426291562
132.7745748809976
131.39018700077398
130.67593626436292
127.68749235357195
126.73404195983773
122.66109214157765
117.99823418051596
113.17992691378768
104.58652118227498
98.73209204034673
93.85863237412296
92.16872576147996
92.11892512427937
98.91355657479171
109.45168573968445
124.67284016649572
135.23885559475053
148.04408331674887
160.01763045688008
171.24772535875306
190.27002803043305
203.99920410152416
215.38615874997006
219.1385285960344
218.31671780973306
207.1310608232446
189.40444685858418
163.98427397414326
144.59270857648508
122.92047958969452
106.41704865793348
89.2719230535941
64.6240094667308
44.2348112159163
29.63121243704037
26.692889192996095
25.9333567863765
32.890913417825885
44.27662972061792
60.90344627940484
72.87976903695458
86.58258636244061
95.2405706775938
103.92411484208614
115.0082731249592
124.50017405604558
131.170261012087
133.57928033043666
132.95499673819248
127.85248878578287
120.2421177604065
110.20764448579804
101.79631051181941
92.30660736144274
85.34403611564709
75.59861566671697
63.414180485072514
53.12250165948293
44.13146738467765
41.93049149609022
41.86958939802676
55.75773485011598
74.54623314507646
105.57800774279777
126.91331508277852
149.8117252856617
172.2942731706113
192.80684041570996
224.06291865343445
248.09528824399155
266.5762085675328
270.4328860898618
270.1889849036053
262.39783285526437
251.10491893003936
235.3187101243773
221.0707208831128
208.33278209855695
202.44153243140323
198.57962366155525
196.08052728295667
191.98429795097314
185.94240163207814
183.41926690759794
178.47810102406933
168.3543467772715
155.31154378470663
136.15257203661787
121.99940160760922
103.91103439596759
84.68185788232789
66.27104316357313
39.48277584129401
18.230450430627535
3.939425060503046
1.4316374167747268
0.7966844632691974
4.320560495985449
9.357263127285327
15.577081989101181
21.204446841824755
28.161851887777335
28.372164596230668
28.736513564088778
27.524550795459472
26.642680636903876
27.10514302290888
27.07824842604886
26.619355903768906
27.363756747147306
27.972454904701838
30.10747182312157
30.28189539488755
31.373139768241185
31.484900480451103
32.90454562621798
34.59842374000337
35.65131749602123
36.590217990691364
36.559165969012824
36.60327128208734
34.36842935108555
32.70606328131318
28.57633048091095
26.034519822319837
22.751073781760187
