3
8
d
208.2871091803155
208.12487709373283
207.39988178426395
208.63086806490327
208.19713602659567
208.67998039486807
207.40561255775467
204.04269368858445
199.3863231161211
192.8118453925867
187.71033014243537
180.98586509434685
172.23621125702087
167.909442598584
158.57259907341714
153.81572812949307
152.7209664803386
151.83680630550043
151.23095092610572
149.925150324128
149.58600565112243
148.0116399772067
147.63353897330836
145.811520931794
143.22284435167848
141.33681992224035
138.74438613723757
136.28067211755217
135.01671387891025
133.34777053485368
133.17482348113776
131.37581045981656
129.12079040629706
127.2081760247329
126.26288160726538
125.06009303157377
121.4842922521668
118.9380191660826
114.18445651425053
111.86865760460766
110.04986139269114
108.92793217937337
107.78074879138461
109.95068944783962
112.1649043347217
113.92697861185363
114.88775154755193
116.53106102027569
117.57086834719344
117.07391082555431
117.1521076813077
118.32759503404547
119.452319527683
118.82840080736365
118.80791528062866
120.02694064238545
120.09244794066011
123.07854620406407
122.49063580287948
123.59584874315779
125.65998434687549
125.52956844599112
127.68754550365122
127.52676831089471
128.14566626361577
129.68153405859314
129.88172242941937
131.55854763676578
133.75159285240815
136.19650629215658
138.95746584738674
141.13430412624058
142.24188275296157
144.88088956236453
146.68650503245237
148.38410008968782
150.1814529354051
150.47782065492908
152.04603297330985
155.5344441145096
158.90232007826054
162.58328708471313
165.05190885223706
170.85901096816016
174.68814017812656
178.12293115746016
182.0173940028035
186.49081700263366
189.31644127486285
191.53276055174217
193.48865093865132
194.9568059719443
199.3744082831045
203.12612963975963
207.35434918027832
209.20294883762696
216.89899749095554
220.14562305164955
225.60389801690727
231.1130390731165
234.92320892415376
235.20730920835504
237.56339054674316
239.91598489502914
241.7303054601803
244.0193286864319
246.28878804130628
248.71717889625492
253.68933249780767
258.6585049990772
264.8556924579572
265.39391091802946
267.7441127297707
267.06685612889805
268.6287513592646
268.6229933569927
268.1990354921027
270.18293331189415
269.398494843168
269.7023408165095
271.53335116826287
272.974871589931
274.2079350600436
276.37842772355316
277.98491143089007
277.08484174249077
277.1955156111121
276.0196939325146
276.6038260685104
275.3343514060246
273.53769287302634
272.82305440587174
272.19862410967175
271.4726801108834
269.484224057117
268.6938316397232
267.51819846310525
267.9856597614575
268.7829009804745
269.28078125742474
270.13350906289804
273.9487999780335
276.2961125395771
278.90970781323654
280.01532713200584
282.8839379792254
285.5556305835487
287.60462289304525
288.75811334690513
289.4223525380266
289.79442942707783
288.25024288567863
288.3972345108542
287.86082495144825
285.8513152771053
285.30628832979437
285.66698327916936
285.94430115343005
286.37888767350967
287.17800619401123
286.11354680862183
286.41312635485315
286.76038866250605
286.43684444597227
285.6676392411756
283.789013943761
284.7293682248143
283.05069997771886
282.2288949196658
281.87413806282484
282.7502631137757
282.5739046461073
280.9553516080172
281.4136438732452
280.73739319710546
279.3068404393414
279.41538214548444
276.9859447552375
276.6491109530103
276.0173448840145
273.90555244126256
273.14004238907626
270.83591762731913
269.99280639150373
268.35623216428513
269.01339960455454
267.09272776915236
269.25117083976636
268.68758482287143
267.69247648609417
267.75448500289804
267.21981914997644
266.77172648709495
266.24308350122504
265.51746590054654
265.4387473066145
263.3641927628104
264.50177072432166
263.64487201872225
263.8773896561367
263.7346305112495
262.5108449619956
262.1056221418554
261.9078282811176
261.50065582409655
260.20050197365515
259.4628778820991
259.1417202517721
257.88566784923876
257.1947776464771
257.87562172387976
258.1452221081363
258.5287974470732
259.56665530079607
260.9973486575349
262.33822871898127
261.8340273029654
262.8992520913304
264.7929591494371
264.768921020239
265.4358160528626
265.84644302380326
265.7389872585634
265.42310446209984
265.1277796262634
264.3147476891433
264.9279308476466
264.59062208437166
264.2947444891292
264.1327900392732
263.37212447866983
262.8066043464874
262.9351741445606
262.2462076990528
262.04913869972177
264.07317422368834
267.03460756530325
270.61733652584655
273.16832698130736
276.17793493746467
279.2735601264868
282.10748189552515
287.39820453338933
287.8165315765701
287.4191682078329
287.4614670081854
288.1569014232624
288.259784704403
289.1500071133571
288.13591173010053
288.73264066298884
287.8800391721216
288.9671602903962
290.7824987322618
290.98551609104567
292.47093318281685
294.0391975382278
294.45697237536933
294.22048908761644
292.4937355522431
291.8817987780183
289.2081214213804
287.9945880125944
287.57789437395917
284.8646448191186
284.77553242873756
284.2964881117062
283.30185905008074
281.2616147493456
282.1789839608239
280.94122652650606
278.77099936717246
276.28564975570293
271.0555331107031
268.4679221215815
264.7166750237089
261.0978869665424
258.78017450972953
254.22344775804896
252.08012035597116
248.03800828851064
245.47233441635586
245.67887833099562
242.29725673976478
238.52805252183018
233.1696701065177
230.79738422366083
225.93759677371074
