13
4
c
157.76905788331726
158.2143735734476
158.70889705489543
159.24031741153482
159.14032259228992
158.40228175659792
157.94171433421624
151.09784303231842
143.68516575415782
130.56994026533798
122.36695698336325
111.72519874634334
93.36022043303534
78.45374380351689
64.06938350119007
63.528790218661655
64.04750950277419
63.36567039490538
62.898671351009085
62.62911582650049
62.32774649823897
62.69068327386996
63.10123241339569
62.47307939509287
60.366211968537606
58.74656234694044
56.82765121476789
54.7884544487258
52.519902243831936
53.1294855436026
53.27591128871235
53.25437307678115
53.886868727992876
53.06498764191657
54.446279986418155
56.580307707223454
55.66038165191488
57.32004216065256
57.28064557760408
58.10951332195617
58.06764036836094
59.244951020408806
58.79135309063353
56.691119143097225
52.11316121383761
46.69352851208227
43.29689158608165
37.76185334632339
33.1491413024856
28.96143027583108
20.902953232675817
16.488381264278292
13.135524308336963
10.550055221564149
10.22577166063294
14.096655822741194
20.824789122644994
27.640014129356747
33.96432170618796
41.46854809728399
46.79142103937413
51.862446883346344
59.989191765227936
66.14465822349317
70.28495428250152
70.22593440342774
70.37268139053803
69.64636095642274
67.65704833077558
64.16907214823433
61.47543977074773
58.90865639237919
58.07649727650218
56.6271620016275
55.64307871656991
54.49362134659324
54.28446641670197
53.10852915374027
53.61866404806876
53.91979713769158
56.593159739165124
58.51451033490757
60.554975574426756
61.80183073924786
63.68317223111268
65.44821122143665
65.38492815111807
66.2455654161358
68.08237952146655
68.38867070814054
69.77809252154904
72.60789506479585
75.27853254797479
78.54847335524717
82.56112111914433
85.84860281422903
91.94001222039726
95.45653653520914
102.08874044677702
107.0208271662777
110.49293914059837
112.05076774230216
111.35465858019374
109.89224061508612
107.42264665612863
103.60004971954218
100.88485966608589
97.93732880052808
95.80165478226283
93.62725188909714
91.08759435876334
89.34863867346299
87.00126832517809
86.99709019770195
87.27253536738348
89.32829505245024
88.31643110099873
90.53710461145145
92.49789267192267
93.37698434409691
93.75401321329508
94.63345900672853
93.44462460900563
94.09962365943699
94.95724239647268
95.35076698634778
96.09765586237023
98.34167555719792
101.18094441270296
109.06992117066832
116.07647642810967
125.61013720097219
133.2679900448345
140.66449909862925
148.83603628333807
154.26019598851275
156.74850165793518
158.46946803975277
158.76707335024605
160.7944237386916
163.18910605847068
164.2000746292826
165.67061189210807
166.95619165387959
168.28986335527287
169.93548168951733
170.6238929042597
171.77279648362975
173.918092635254
176.57633171948333
178.21409221715246
185.5959226688417
192.2156781962981
212.30636477893825
227.80011233879273
247.11532297907786
264.2742338486832
279.63300451708386
306.0010504451857
325.95751972168534
340.8681234955318
344.37025951371083
344.0296727800862
336.0397766250933
321.1949218249086
301.86297040251
288.21518820654575
271.249041095729
248.7826995750551
234.19615763588277
220.11513078023268
221.85718546754438
223.68516873492086
223.79622645163326
224.07415022184117
225.79489776395903
225.857153944036
225.12773641691098
225.54451800848352
224.99136633804758
224.73603772127456
221.842039935644
220.0253505801623
217.25060342860024
215.09272230204536
214.5479975978524
215.62785605086145
218.8627542260755
227.20767601851924
239.81301360976963
246.63480570626882
257.95626171886283
266.521504996254
272.5946602052539
280.9891784904156
288.5549369642813
294.42678952449955
297.740459351169
300.3760544914232
304.5700295441032
308.20411622876674
312.11856000789027
317.93306937660765
322.8455362993503
331.96766456173617
340.61152899474837
354.91944542489097
366.5315866580766
374.90888232747653
376.7707061294124
377.5010558782631
366.52635863114324
352.76618097363485
330.50822965393223
313.92977746610654
295.43228118600763
279.05119144964124
266.0312941808787
249.01217641456762
237.4029864375275
227.89955418342717
225.0963519711442
222.43424188228616
217.9281325400747
213.16280605497076
208.3723650938802
203.46978767526943
197.62968227031502
187.63237836301764
178.83839739352305
164.98294201701285
155.3248350757012
147.21508647648972
146.3661371501397
145.7928973824955
147.9751296516037
150.34103756922815
155.21535095910443
160.32399286945576
164.03503087673482
163.9673243738978
165.28143658866006
167.05225590811668
169.8232815496918
170.96983559617846
171.09090013806212
171.79248665125695
168.70071451179555
164.50303576903795
157.86462738383128
154.7734824568572
149.76891397858358
144.85617272335801
140.8074178599169
135.77110860252898
132.11861654950894
130.18356448542627
128.41568462610167
128.28913839941916
126.91877104820789
124.84596830351582
123.78216521214964
122.1713194853228
121.84676568878255
118.41158460510397
115.43690715899727
110.33495606329618
107.80525919317654
104.61732138705408
104.26121953798697
103.38847317887115
106.98923973392921
111.7370794333289
117.96326530524286
123.21364551336917
128.37754313951538
136.5838321379442
140.5680983639638
147.94713648504342
148.3699379685366
148.69222450980314
148.65050248100079
149.16656281780462
148.7534035801786
149.5709416874579
149.89719225577892
148.91211435396636
149.53888011278718
