17
12
a
52.9483185668577
50.19398583873449
47.120387070878294
43.965120381414096
41.15779542364986
39.21842057398507
37.225628463832415
36.42451865695548
33.720406983757904
30.873551509873835
29.013219042416775
27.474796198694726
24.49507753268129
20.77438581306416
17.933095617086042
12.181139303352248
8.744216684197038
5.28051475453703
5.114166116224764
4.450037058335256
5.899104430131106
6.793426314131114
9.009314484797939
9.429581208465565
10.183423596207271
10.698760988558593
10.402136793670298
10.275729995280326
10.016735071829222
9.854259927820618
10.306345079555483
9.622677978092035
9.952746252244761
10.648011651345879
12.975205946472814
13.363608506380169
13.323017476644734
15.349522730618709
16.885641622251654
17.678102393928086
19.276189087542026
20.254130212201538
20.225415368983068
18.871163386607893
19.003441803118125
19.173102401896713
17.88348470537836
17.956577317630057
17.503351830300875
16.131905138833595
15.374269306268896
14.156285160230796
12.357161381603639
12.429417998689118
11.885091125078304
11.758499648007557
13.774413917534647
18.227794865740222
24.62142336819681
29.388028012147583
33.86140284998403
41.19890745362335
47.17950180722516
53.59760957870857
53.6950333390533
55.0377350170771
55.642792832648276
55.15896810681282
55.84787544451148
54.85142046200816
55.79799712491885
55.5574388287059
55.91196649599735
55.31953081205621
58.06927865805422
58.819805874530054
57.92989893134892
58.33644781021687
59.32446117422348
60.539445756808796
61.309061434943054
63.55131148195915
65.40140674138497
66.0944628274295
69.77458979846985
71.33020099839585
73.02327037331943
76.44263705626328
79.10328910970887
80.17184069629464
81.39535603643773
81.4864012402477
81.09754745308334
80.40368903358377
79.25999217934782
78.0667926517846
77.61835545424934
77.19042754096857
77.40549131329678
77.7111816458576
77.45866744345848
77.7938925122671
76.996350221576
77.22825048607685
76.88180466572918
78.62814126688426
80.3002661003611
81.99851109434825
81.98530867975423
84.6583007540115
85.4655808712727
88.71397746452476
89.28539665973793
90.73569387277578
91.40530669364205
91.23422165353698
90.2863018510267
88.43376978457277
87.01017458797104
84.99430246249284
83.14140283798997
81.8561927977076
80.63577254408156
77.83748662586164
76.56050648344312
74.6070738387421
74.13285453068407
74.4055566898387
75.80661247293928
77.80552256733077
81.33764649012141
83.47650720449359
86.52529386475702
89.08767410894247
90.82993850100674
93.93267272076686
95.48699173228964
94.63053242261364
95.75650669917097
94.82617729008108
94.73570972351892
95.0417026443068
93.96167011187589
95.53538137974198
94.92052343136822
94.60235722444924
95.83064061657923
94.19699710556719
94.83940544799164
95.64215029078244
95.53957200833837
95.06535428201987
96.31578148516412
97.50974358091126
99.80177062610964
102.34453512903777
105.5264992762591
108.50967428834862
110.76587787880086
113.48723591056543
115.28438246154408
115.61688699408018
115.78841975618643
116.53795406787769
117.421802946044
117.14441996311749
117.12099847904706
118.23697051489235
118.23246617991845
118.9165145954055
119.56911412956602
120.51257500665979
120.63749817001145
122.24584204957712
122.1641302643234
122.92487494975285
122.91029906774608
124.9247347947049
127.68900534652359
128.18295952468966
129.985900532738
130.83251656785177
133.90715207566203
137.16917926341995
139.0286393897019
139.84701002027077
140.87986909140247
141.35589058119612
139.1747690270183
139.91745814308575
139.0135067537306
136.6099417191621
137.2327767058496
136.2070831122423
136.77698789016355
135.7346315080955
134.73915020715216
135.03705044011986
135.14503517110685
135.52136499534507
135.258777990589
135.59599787843936
134.17408193488245
134.615994101921
134.28062311455756
135.2073994979917
134.9977785847397
135.8165066029938
135.8865947060331
135.47942751810444
135.63660868461994
136.5018725071234
135.52634612460076
134.96271488151564
132.1853050245053
132.14799107992044
129.91776247314394
129.90612331178
128.76434145031715
128.08651705092154
127.7844497304137
126.24237399895601
125.63502023887558
125.81189457809101
122.63641756119947
120.93611954158347
115.3713414200784
110.80390717335763
107.11117292986731
99.91306115734555
95.55889193861624
88.79288071534135
86.28422547727935
86.45953849687425
84.72366171833781
85.68432562624967
84.08894441512419
83.48506834823557
83.46927836748765
82.96559902669365
84.18781045729831
82.03216643896877
80.93220162902205
78.54481154438739
77.49052038144897
75.61226848831566
75.43117595242823
75.91588330865176
76.76137371833174
77.57566785092568
77.65596404949348
79.81474389516558
80.71962555319084
81.26388731303962
81.73308776842842
83.24032516875849
84.68112026849262
85.16298378584712
84.79893541314236
84.6461408212391
84.47453677306284
83.39270278274054
81.08262473828007
80.57221582476242
76.81985347382735
76.43650750022772
75.93818992293181
73.9078638332004
71.64467607792386
71.23712775934099
72.12866406932963
71.08693668112085
71.06301336610571
70.67331539087958
71.11364836678777
70.9918369453963
69.71926382222274
70.16377029702605
70.33624850010331
69.09853886254135
70.00548818336624
69.16572202648489
68.65384343376927
67.4460079061714
66.73490250471372
65.54547506239079
61.666432750587674
57.56041551931034
