2
25
a
79.49762887868513
80.18367080825925
81.49318205260734
82.96131105523736
84.88355154904137
85.28408238429951
85.74293969557192
86.86024545020099
83.34199905777339
78.17945312242531
71.05998656981778
65.85740867579817
59.21164589740154
49.92712989538727
42.839339724266665
33.556009788711286
33.989855194502276
33.68475476321135
33.07632817416437
33.555520267592485
33.105811368336155
33.3697374678001
32.91273312305522
32.52894814499268
33.64604301591517
32.690473006317504
31.270779705449538
30.35296251648068
28.868698393495308
27.66786404524814
28.39627045664309
27.796884207735292
28.7015986978875
29.05882994646172
28.483010138876796
29.880626657364257
30.549087554113587
29.821217288073946
30.105834357479434
30.308576536094325
30.972524073079303
32.37086422090047
31.162570290542334
32.0600628072221
30.108820167579232
28.66743869986219
24.90822701646897
22.955752802661834
19.703940057570456
18.167050341134853
16.09518723961447
11.22829742340843
9.337241937053767
5.770468650453871
5.894845415667175
6.078562320547912
7.097798996568453
10.427005716559435
15.075925477861766
18.747396983171026
22.843705088520377
25.503169779639848
27.101405370394986
31.91717791022998
35.858580457610074
37.25512633850853
37.26679597833303
38.34984173281523
36.14945200981157
35.74571484573508
35.05000608042786
33.21504248729906
31.705611242604345
31.389457369339368
30.628275040564716
29.397719692137112
28.634219642331036
28.081544335129397
28.373517413053314
27.602406742863927
29.43383954035433
29.75168802195358
31.312216650449937
32.09356788980545
33.81600226973978
34.82381670486859
35.09250084365238
34.69600779835696
35.45073640358112
36.62663101033864
36.11979782672897
36.78094677449907
37.54168633644677
39.45784281944888
42.14013656896217
43.78823110841386
45.72894406677556
48.17009218682653
50.52637364873219
53.192998868190216
57.492092327364624
59.48697975679136
59.950456444807465
59.039565209254334
58.971938546768044
56.373895820297676
54.641308279024074
52.97802403985074
52.198636175066746
51.59967563862411
50.331101324793366
48.52708099953131
48.3914972609979
46.85396905437691
46.85905374609303
46.35906129550307
46.70834700887676
47.292595314303504
49.11006436269244
49.10398365625772
49.606290627029196
50.166793797938695
50.83842911133142
50.00512001787585
51.13957658630269
49.69423677405544
50.45225690215023
51.11446243036496
51.23079863394291
53.53123309109612
57.43900373598435
61.33312660386573
66.84046038371315
71.34389106043622
73.87300056236634
78.69257036358087
82.80564339481757
83.0525423571994
83.87937308119992
85.5329104318405
85.11603816774318
85.37620808075067
87.61990513617516
88.29933300882507
88.11978081052979
89.33713773588669
90.19119351604905
90.5713571611227
90.82450044154707
92.77063495535309
94.04692162209328
95.56143837109865
99.0640504376552
102.04541668389773
112.78422082380783
120.83179102892166
130.74669113045505
140.3668818041231
148.60508994044665
162.90083315367755
173.99881693989795
180.64348933229158
183.2073903916632
182.87513034671636
178.71129126653804
171.2050846879385
160.85394464580335
152.48060842051598
143.87083405526172
133.79232731367156
123.77858398210208
117.30714870235278
118.62391305530186
118.93990225687143
119.26046821533026
120.42303422835265
120.13855252674804
119.45885052286435
118.9976004572748
119.54761542382005
119.6051871669022
118.56784980295897
118.15012475090624
117.01778746307937
115.30875650423522
114.13955750090294
113.86000973405211
113.77465609543546
116.61269455829328
120.30693431973943
127.34330163739831
131.73661214061175
137.02763847804133
141.02486601756564
143.73338759016204
149.06683287446572
153.3899211286603
157.21844493280514
158.85083295248293
159.89741790722368
161.9765236169545
165.02358120352832
167.55479929258408
169.38927272588256
171.88045415486386
176.54684813151954
181.44002293865458
188.67517990960104
194.67736404708515
199.35679218567927
200.0790689986018
201.51922865574792
195.70312292110017
187.6169203206638
175.88425173128238
167.89414051632062
157.21459498394978
148.99189301494064
141.24962943539524
132.74302029081926
125.82026834238144
121.75508886676418
119.8202963802865
118.22229504900284
115.6047856586307
114.15682473570931
110.28511530533564
108.15737211974854
105.0350178792965
99.76700987754464
96.40295960755417
89.05353178314972
81.75814842430127
78.79266841704016
77.26086562725648
77.26684781908612
77.894764157569
80.69446625462844
83.07078548967453
84.25061561336749
87.40281855045404
87.18687465896356
87.65124714216189
89.02997668336535
89.59538083026358
90.52277089321107
91.85077234738216
90.91754831244127
89.64892195112397
87.28292928823939
84.1217340518891
82.1567414672332
78.92395441126389
77.00885576129258
74.65993238950183
71.73712636903208
70.04704431979019
69.3124410145357
68.65303477313601
69.11576840584677
66.96551398999851
66.40658477643665
65.50037837161267
65.41855060689116
64.89781267360732
62.80999748263264
62.157322682220716
58.958783479506224
57.47290204575481
56.206030113439446
54.90192461435811
55.734984085350526
57.25032061837681
58.87146271028381
62.85310477060508
65.89235710310655
68.95612576044788
71.77318852738534
75.80492943902901
78.89826886403262
79.17020329344582
79.04368733182986
80.19862802484238
78.99410321589687
78.73954672123935
79.87420639055661
79.86565745043603
79.72133025783785
