21
25
a
16.19545149268021
13.171164080760818
11.08164692612112
8.536653654536012
8.040943892678621
6.090697339654648
5.562185747028366
6.042661207049722
5.7813843195209484
5.252342046207304
4.64153959507358
4.461684375539635
4.511620340898904
3.275459977760032
1.6953702030762727
0.1441376179408464
0.00782098750821071
0.261970042623434
0.0
0.5251745771590963
0.0
2.3220080298908337
6.071739030828627
8.493056308504583
11.872695251896827
15.822025602492308
18.749675637869338
22.948700073028835
26.24180190103746
28.67465888449272
29.90011352478303
30.08247728745915
27.31745691885431
23.791367268911515
20.554637317659342
17.150435027600537
11.579632840729001
8.109632930157042
4.924643689693203
1.665993887751283
0.14722246834321476
0.0
0.4521636119376213
0.0
0.1729681443408326
0.0
0.7782479873142432
0.48414117173428123
2.0104968936222605
1.1959382919300452
3.114967259873451
2.3613542328133073
1.6978456602080993
3.097354652973584
3.2388089332453003
3.4470104278311586
4.62788991501937
6.0158585653387115
9.856630381312359
12.60639164976257
16.149336643222433
17.893808290134967
19.40901713127209
20.41975119043586
22.127569260287977
23.2853125037434
25.262691592851837
27.972475083182697
32.39467543076112
37.93754863971367
47.33910976025276
54.18252092870477
63.11990905375509
73.72616092540355
82.49851813055476
96.63006783938114
107.64567298077611
115.68765211848522
117.80578093794209
119.85319567166368
111.252618400856
100.85980289922948
85.32494828310848
74.57312525090606
61.39219336063181
51.65862012381159
42.343634896967075
28.81193505169689
18.416628149960914
10.10852259083895
7.836147785017065
8.892914065693827
11.37408264250734
16.135893756035806
22.039504913130298
28.025088974897862
33.52154521764418
35.38903339709866
38.093878118329656
42.042480400330525
45.187423252512644
46.20896866277195
47.183825686190254
46.979683559754726
46.59889262603663
45.72144747566526
44.57498483498301
43.877784791285066
42.76292373575142
43.21713890494422
40.6001470986694
38.39539120626834
35.955349696367534
32.492159605098955
31.81737839798568
32.054815858730414
40.24353601214561
53.1046380054207
72.6682711736509
86.93035420052901
102.23474779099544
120.90764737620711
137.00171965403482
157.22144414117753
166.59290424426868
171.56639588675398
173.9423789761718
174.0415929366346
177.87148413543247
178.04651255614155
180.36793937414672
182.4638779812326
182.3892038312408
189.43881184280494
195.41022963919377
205.44902734666087
212.9147860246212
218.14365444493293
219.4288449762654
220.08188243275416
214.4463850464751
204.3767174211154
190.73169382501962
180.94572877204985
170.19160476466672
158.3020470506788
150.5574870238732
140.46014235304193
131.335550187596
128.70692588937882
127.565586903514
126.39433469519562
124.14754789330308
122.45029388910288
120.96571756800373
117.98711133327558
116.8988219547891
111.54014543391973
108.04366874529843
103.13806967885185
99.18301339965531
96.44598557370954
94.67383118122699
94.06930492275892
93.69223709119039
90.9439644597696
89.8255196427896
87.78623347299445
86.90576943550228
84.28682758298454
79.90095127101281
74.05356471352758
70.26166683891422
66.00831303725644
65.74501304557276
65.22566729592145
69.89065665815801
76.62044737288952
88.16127388807055
95.52276866462654
103.9746438006236
112.37543383556894
120.58795001513407
134.4024979708302
143.95775931755279
152.13188588464448
153.95853151023326
154.5820957891751
146.63884334922085
132.19806491596972
114.94264367075905
102.10183746878651
85.98621468461907
75.19608272286227
63.28758001312217
45.457342029263735
30.129484129968173
20.613673590404172
18.966383835456217
18.505172302212692
24.2157787714755
31.804779466448064
43.378371628614524
52.6279949665972
61.16094310916879
66.88014789863445
72.90471042426496
81.72664722596573
87.97544518365258
93.01778526755504
93.44615984585121
94.01935477872462
91.1293911565744
86.49660273724533
76.9071311414064
71.0015337208902
64.27224132898391
60.00898413570011
54.44097618167864
45.82163816836294
38.08703177285939
30.782114234440748
28.89357835054465
29.990303658763224
39.194556340690305
53.15502670595588
74.07662302859204
88.75014522936281
106.22877630875765
121.77624019900989
135.8935234383433
158.3503952014654
175.17513067619547
188.32611545583856
190.45629846128637
190.82884832388882
185.4457859091745
177.7058163033617
165.34544890186552
156.09095093734442
146.49977352613067
143.59683221355596
139.80438196204125
138.42104788362775
135.0910627481488
131.621645366712
128.90313530355456
125.89661315159924
119.1686184999536
110.2124801955254
96.55813908884537
85.38256265569761
73.33550363301144
58.95668960456605
47.8277471148152
27.726110362614953
14.05829879710784
3.4673524469727166
1.3657724378766554
1.0126597267671162
3.859845459695787
6.06222149571269
11.290330488248191
15.19302457035877
18.64820400433381
19.444405624656845
20.046087724975074
19.683756147457046
19.430469031179175
18.32520180020373
19.002676457858808
18.953080646163833
19.127761914720075
20.115910253429455
20.70191380294438
20.886371114625412
21.873895835399587
22.83866758388106
23.294008039049466
23.46712401981987
25.601757508857975
26.01927333040888
25.922466960141836
26.66195455367935
24.79211248975349
22.50400630498974
20.52097796016737
18.47376878997487
