15
17
e
62.399569431665704
62.36126830111101
61.623410305349154
60.87976394343521
60.563283416353265
59.08071657759684
58.97641263774047
57.507048052736664
55.63585991557397
53.412952901086435
48.37084893326823
45.48157707480959
40.595216273200286
33.90595034151532
27.99191904135333
21.637240438805026
20.362174366605768
20.51369339656165
19.88942832381658
20.12969841180261
19.390391038831773
18.776748275492487
19.66621165495721
18.87773544483869
19.07575737636953
18.677807086496394
16.727437577983572
15.392003089118788
14.51891471209278
14.195997907891066
13.428151703738894
14.017490291990262
14.472442119551937
15.229285384521692
15.464266292513079
16.998391412811966
17.020912879925646
17.428761727803135
18.088649219076917
19.214671137072386
18.11371860777154
18.194056219895447
18.533673735731973
18.890226278594334
20.30825041922761
20.149915966092458
21.73672587890903
24.005285110898676
25.506011588569475
26.48795258682258
26.817989897860834
27.000055612182173
27.899052691713347
28.85545418155672
30.394057830987165
31.04668876940259
32.72063674285197
36.223299678015756
40.530412740777855
42.32958108385655
46.433851784770745
50.217996073676865
54.48767227645146
60.83941455804318
62.650090791720196
64.61566629670394
64.489418634251
65.20015692842486
64.6481422809901
65.83506649425166
66.29909657388718
66.8480739056759
67.69449030127564
67.12862557552353
69.32182173580014
69.76083814247554
70.56921572955034
71.8429052314216
71.0786654556299
72.68508077886365
75.45292617259712
78.13650204832139
82.25874688687965
85.39819140127712
88.24822830374428
97.21809379725602
101.09147772252868
106.72067154093796
106.44341063983022
106.0054199125716
106.78663802338937
104.7077071475239
107.11724739795093
106.64140081325486
106.07008473268912
104.74100337220716
105.81678703717171
107.34169004225491
105.97105825816696
106.46603054322347
107.22990435889291
107.00117850045714
106.98289901115282
107.683305882321
108.24887999550185
109.27312836809256
111.5329200088883
113.84870800341396
116.36670873417538
117.65630247878454
119.31258829361752
122.23289306523695
124.60073925844006
125.9950617516057
126.55080130422536
126.19481074691521
125.42362097423755
124.52523027338118
122.77301385562832
121.79229791816056
121.79294526867447
121.18777752377576
121.17105872368147
120.51176943690308
120.77328771987627
120.13610577092358
119.7553706102086
119.30156694710176
118.21102413879817
118.31655755655115
116.72337114810573
115.67706443299345
115.20193174153208
114.83193684098785
113.36215862952129
111.90390375769638
109.46156501844607
108.21735030107622
108.33668228449588
108.23094468634577
109.18126362891435
113.2607714441253
115.49335811143577
119.38460378532966
121.39978134496356
123.01564179404282
124.88084391696542
125.74474843332867
128.21290670093254
129.02357318096512
130.60283328453866
131.654515388085
135.07415766954983
137.325165035872
141.187787401928
144.96192505810063
147.30786729553526
152.64795405782587
156.92953459834348
163.0689880193409
168.2834732643029
172.63120230800044
172.36892801951254
172.28532186382472
171.3530845833825
169.16044442918684
166.78282551382685
165.4375782908577
163.0713870649107
163.98669680877097
161.79497347397452
161.57497271326238
161.69408691081813
159.9999596657087
160.63621160612087
160.98920568607497
162.09255609744505
162.38563299328607
162.46316438282838
162.50361166219025
163.90925356761755
163.45560200377386
164.18152395152728
166.41286868498787
164.7826214175232
166.1713145684555
166.543415619555
167.00598497086827
165.94195285396518
166.5940499944574
163.94611557533383
163.561737187042
164.55213722608158
163.0417718525535
161.72138329439642
159.90042063764565
160.08360443404467
157.63971204861159
157.76815205084057
158.57964704327063
160.21204752790413
163.24765620090108
168.9952864579362
172.7299676555435
177.6608191592809
180.7368950964277
186.7194804832517
193.9521158543333
199.54041767164415
202.73786018605068
204.08913167029343
204.19514292875303
198.49992030472964
190.4866246075338
177.77510829414283
169.38043578264777
157.7804710544207
139.9048616295168
126.05399612135199
114.60739383460248
116.41704855903858
118.78819097622149
118.8656684092559
119.6601976220878
120.54201730774783
121.01257780768465
119.25447792107202
120.26497607884795
120.21059294947399
120.75898486184043
120.92565833607118
121.07430362511153
120.596305673145
120.47441140828352
119.44978886739798
119.09920340126732
118.68856787449891
117.82919678026177
115.82677389773256
113.48532882649316
111.21989062415737
108.72940653051214
105.62939076130401
103.43404629275307
103.20565168295812
102.06972710039433
102.69955235711068
101.70231922043284
101.09287357741817
101.27809460189175
102.16543191678646
102.41597955433069
101.38699103612859
101.96637399991711
101.2566853999844
101.25013378606202
101.28072076771598
100.64686153822304
100.66976922919878
99.64752187946098
99.88982973066159
99.51827393750462
95.7643609189442
94.48536206554068
92.06914586355316
89.91280338195166
88.97904524845842
88.10529120271218
86.29384992730084
85.44896602513913
83.77004308022136
82.62910376200229
81.73945552455284
80.58539075655771
79.57069090272192
78.31138488427821
76.2208502870347
75.40315299130269
73.78621355260177
71.08729411157937
69.41632300617124
69.02359425283868
67.44977670374932
67.36357319577496
67.24256305458847
65.55898981873807
65.04433035917829
65.20855611738719
