10
8
c
240.12034087627944
234.55020895026618
229.69963254260833
224.84776176098268
220.77841286277882
216.7996885624762
213.94782286363088
211.60887783572983
207.18360018697874
203.18430056113507
199.2304933778331
195.49998044500185
190.41779456507578
182.7118985546369
176.77919643257133
168.48397429560137
163.39871919043506
161.30740631532802
160.4982130853334
160.80848678042972
157.003948063294
157.4775272374684
155.98635588728234
154.97719328979522
153.83077309468848
150.66057286686708
149.0751516837712
145.944003554446
144.02816757511738
141.52214253310797
142.02117584668224
139.85293471494214
136.89449359854737
136.8611991161084
134.85423048176202
132.75410086495145
130.87172642910488
128.22239919491096
125.48106120537705
120.62671192640417
118.05049972362178
116.04938974806865
115.1795298082039
114.99091797879991
115.687882444133
118.0185884571369
120.16064602338747
120.12367706265242
122.92493726135726
124.01522418826072
123.3286772219047
123.15229006079154
125.22106078225556
124.69147680223763
124.38920426964805
125.87958765461407
126.46026592242688
127.86805911121621
128.91578395369453
130.61580580700453
131.39359105575238
132.43202759512513
133.09199762794032
133.38575855850448
134.68357216489875
136.13899039708713
137.03516200827502
136.57635440316744
139.38337680327095
140.6229375915904
144.5165397746187
145.12360546664766
147.41112194991373
150.36894544797957
153.15075454365015
154.4641748086759
156.41369716017775
158.5114804829212
159.5379314408237
159.42361010059122
164.16246889517654
166.93395305749047
172.48986126503442
175.1494052218446
179.43497194270168
183.80926357037913
188.23210224256584
193.00329371153833
196.73419670398332
199.9803801656248
201.97329017265136
203.3820218941444
206.69713337029216
210.5062953562953
214.12425735987281
217.49188459827474
221.7815071121401
228.2920806675839
232.99269227990024
238.4595206957757
243.8940955149276
248.3131930938542
248.94056162658654
251.18275026764107
252.97212628660813
254.92927626150836
256.78621974089987
259.28801334008676
262.2941101968249
268.59288448755376
272.9091644117242
278.71770150320015
281.2163830907865
281.25224105887867
282.25109386016214
283.41092864653115
283.4438626899185
283.6823612887179
284.8061205231244
284.8514748883199
285.65705354563505
286.4785422420204
287.62517689756794
289.2340792008663
292.66043845669145
292.89962274883874
292.48856744467327
293.79494066329823
291.9412710284918
291.6702842625698
290.13517727704624
289.23628991567455
287.23419725097926
286.47794190565713
286.24875211352344
285.26606318824355
284.3035368924451
282.5680734935737
282.3196231817629
282.8710333356368
283.766466385981
286.20340557071916
289.3259721147829
291.123925913798
293.319028809815
296.15582885982803
298.26012957536096
300.82792713461987
303.49233417895573
304.03881684582615
305.1935745352445
305.2879697263729
305.355412741653
304.0079262639286
303.126875418987
303.0784810953555
302.15545924885294
302.11096980809145
302.5804515380722
302.34692377167534
302.4333818475153
302.6152613638575
302.75954019205017
303.50588681621656
302.03273246493825
301.20923497342034
300.77449994309666
299.60390453333576
298.52933173054436
298.12366138794073
297.8727344832406
297.2734927697444
298.1059082215309
297.3022316359525
296.22821897979287
296.05526705903725
295.1782443459733
293.6149112712931
291.3670763171617
292.9603026161846
291.0271223024991
289.3055353113717
287.5178671897714
285.9490835393491
284.5419938769339
283.55599267836175
283.5660639737728
283.4154526890092
282.48922685377954
282.98138576585495
282.9019345933918
282.02535976149557
282.02810844075276
281.77383193079896
280.76137927730434
279.9269137241773
279.631995025243
278.92629509751356
279.2645171199281
278.6421694479028
278.3733197713801
277.34545837736374
276.69544998016363
277.04574533199985
276.559217710256
275.652790151321
274.7378650467889
273.3000668065283
272.2981143232233
272.6342865975749
272.16657624181164
272.43211726267486
272.4961105698733
272.90744973077904
275.19154164406166
275.27518607613126
276.1835186727928
277.06891027039757
277.59473563146196
279.66554203583917
279.5707682647166
280.41798715127857
279.55872703914605
280.2156833843075
280.33582031177707
280.35762096133027
280.2549737212087
279.3639285162443
279.19004766002854
279.9048580635882
278.83780600324405
278.1580391794764
277.2011600014165
276.97951319486606
277.35202820689756
275.7990967275779
277.8300143145469
280.7349121031539
285.48725190071787
286.68369732852506
290.6287062793527
295.9492833064268
299.1535487342915
302.6275163516747
303.7589714026284
303.5632019939099
304.4555167524124
304.71019364526995
304.2839036526847
305.4467406532853
304.4654500737195
305.1646156387779
305.3558597742066
305.5677035193356
306.7012221059003
308.1335688434788
309.5661392205014
310.5024847597322
309.2018426267357
309.614748124067
309.187225079937
307.21288245811854
304.953064571344
303.924578805772
301.66044059534937
301.23097638926646
300.6809740970071
300.07981725106254
298.700992411653
298.2779992479553
297.3329949245351
296.06647742754967
295.58420356710815
291.5974868480744
286.9233648625027
284.2611848349583
278.69825927610907
274.8823136308857
271.30728262180156
268.6511236006288
265.374901815521
262.7744237024109
260.7412312648146
258.85283009198884
255.25571289872218
251.65708210029985
247.562099818799
243.8563332326228
