4
3
a
149.6836710903919
145.4709616756823
142.93057122043172
139.6319757498035
137.5258026306212
134.51973854353884
133.40167030339944
132.06038111405016
129.65067671628194
127.17614257704223
124.27012505415145
121.86058029655901
118.65628268098743
113.68436706785003
109.74359428577345
104.6387482948868
101.6867797304424
100.23286907120043
99.80927985734662
98.9035678763775
98.85567424746074
98.01300901937121
97.53486235710014
97.16931586846819
95.76305141680554
93.27297392738235
92.16457743760313
91.35096904855752
89.2763647763756
88.44292866853532
87.49541695696735
88.32453026711134
85.34831445837419
84.6139407236569
83.71202610891692
82.9205874284068
81.50026414915698
79.75662898822586
78.36386404473805
75.24680980945861
73.88142403659432
71.88356962907135
72.0428376697202
71.18236372297034
72.39223787309392
72.97092973188708
75.16546925512357
74.81157092164293
75.95493439420338
77.90652453951252
76.71706634901304
77.53080211460436
77.88513139567345
78.13217711999842
77.18678742069268
78.4123839105132
79.40276311532527
79.29055644775296
80.64310064807853
81.1086517566686
82.06661777609759
82.38379615183207
83.26635234357097
83.21668327055124
83.77107934032136
85.240277542282
85.01356134615101
86.26777118887543
86.52986989758901
87.5524520794011
89.6369976956627
89.39469137462511
92.48710884021357
92.85577104449816
95.03974829701801
96.44241258248904
96.83992447857469
98.9661118297325
99.84188376773402
99.1494440180616
103.2193619632074
104.15104070445368
106.58303259249479
108.70460522651965
112.4457259021749
114.71665888175048
117.07214293217072
120.25141460627083
122.05140397228297
124.4714496918287
125.26392377217562
127.01359892664242
129.95565760211954
132.36017365155752
133.70189018340125
136.26278147917614
137.9641440096862
142.1681738929829
145.44241263402205
148.93878417944936
151.12905412410518
153.39578340325474
154.3831833207837
156.68007396683007
157.4264147959492
157.16702979996012
159.93579708198837
161.75156732511644
163.46304042034612
166.79252819717595
169.2065383002888
173.20262832455825
174.4296624481618
175.46594192065854
176.0203774603951
176.55145354944125
176.24509138288778
177.44347228255165
177.2727350084486
176.81491999513017
177.67762172614582
178.56244392977115
179.65487667651803
180.03279968791725
181.09642444203624
181.97443272664208
182.79664700170747
182.91049099542687
182.18959694965366
181.09108037003702
179.21050307110957
179.8807212486006
179.4219372648565
178.44263421191908
178.65802425592042
176.92853120503813
176.0900394859596
177.2892432500673
176.1345977626235
176.35458324230643
175.71790076747936
177.45606866434227
179.30060317614388
180.7559097922248
183.17385838141135
184.1301877684689
185.41773130435786
186.89317678046717
188.52209779793728
189.79755940924792
189.5685884251706
190.40507022780204
189.68189630143664
188.94234427271505
189.33930378748838
189.02038881673442
189.09058055498187
187.65452785667011
187.6187711690931
187.8748401686979
188.55945359650255
188.8920678759519
187.85140153130962
188.47987402263533
187.00731674708933
187.15955752783313
187.4692374946457
187.4845531136387
185.70826062334163
185.48456744185523
186.3362750609357
185.30557211319632
185.81006579552476
184.44670553881843
184.03885539899147
184.694352865451
183.90655728985828
183.3625345106571
182.14188898375068
180.99246934392582
180.62854273649893
180.81532750891438
178.5074746546473
177.8279886985012
177.58753644286318
177.53320572656483
176.40270238047594
176.87777494440533
174.98562102952008
175.91986608747243
176.58618526654956
175.02588923799146
176.12189301267045
175.50815936598227
174.9904987706227
174.09281302183797
173.77432088851077
173.55473564797822
174.28110103198733
173.46256123627126
173.28517680658788
173.14277650750768
172.500122884928
173.32193762826944
172.36380920851983
171.72697773627033
170.97608340129597
171.21251215004776
169.76647046747894
169.56861455350727
168.60910287924523
169.7058500873146
168.79991180063922
169.5346966298034
171.03667842331313
172.496221713535
171.47930376368785
172.08307874049234
172.70136392370011
174.7960595021164
174.74799430948374
174.43884792463413
174.38750756643154
174.87139135519175
174.7932516209308
174.26290796156013
174.41411629762393
174.5208887470884
175.11998759687384
174.1285188469686
174.69562119517602
172.72330708619896
172.7809328090862
171.9789665900997
172.27769069525584
172.5561195144208
173.19184909554878
174.61821021473588
178.00546992971783
178.73557589191157
180.97705428147248
183.7670076723749
185.7573305799906
188.67639927598134
188.67451925412067
189.2888815865957
189.95687110145047
189.56462132302153
188.66422136798138
188.95255784831252
189.27010982550098
189.52021153580898
190.5437590469643
189.90888147165398
190.35402759835233
191.71450457829516
192.4669183104195
193.51113062078787
193.64653831502451
192.57141553577262
192.4288482340257
191.2947758564229
189.86680263595187
189.6766202194757
188.11973996898104
187.9694679315391
187.5242508439041
187.1870508947812
186.72032483562842
186.31046387062622
185.83032460462965
184.5441156428681
183.15903518731673
181.23744677776745
179.09696079211878
177.31058594163406
173.9171608398174
171.57482063389037
170.26261027829543
167.32435217603933
166.25766990021197
163.33523351894206
162.83026650169055
161.16674601641458
158.98946408067394
156.32870947745772
154.54407254754688
151.99171716459043
