6
11
d
131.8272458437056
130.35955047743627
130.34122073250438
129.78914502390467
129.88984384148665
128.75909899652504
128.40168370718658
128.3361206481663
124.31712418186007
122.3709884696971
113.29438748540801
105.3528584829624
95.15683819415003
89.2399088772653
80.64760018160041
69.67304507639584
62.73735536516615
56.12850805052803
54.61844402717017
53.78658469886063
55.448994102819015
58.1628112824854
61.550633539463355
63.68410062340797
67.08079242453539
67.83354224765341
67.85007083150998
68.30815547221052
69.73021126534364
68.1025110275907
69.61522751815006
69.58837411218173
71.21235767176583
70.59966833234377
71.94465665061097
73.45308208425375
73.56468585120847
75.41608924203302
75.82760460681072
77.5084682863443
79.59259165647968
80.36119441635832
80.74671331893774
79.78947221882116
78.62000712250027
78.39848327248929
78.17408071942305
76.27640090014694
76.19087179988908
74.70232379517051
74.95111113337583
75.3472032207164
74.34262616445585
74.14206163264684
73.81724670921554
73.57733339665333
73.38016063521171
72.85397235084926
72.72486003809539
73.43394319145735
71.63507240571913
70.80223672668347
68.65066291341604
67.8718891132265
66.05603712140538
64.69299530463111
64.0102680742884
64.81758750135296
66.7760732104239
72.45749820477171
80.37630384998823
85.59672906974677
90.63306500864041
95.764229461902
100.6935275726235
104.18398467071847
107.76960240976761
112.8063841458072
114.57611744930954
117.35977966954178
120.65968907788576
126.47635748776472
132.37048814954233
137.4731450638182
143.52630881571815
150.98318696279634
157.11633404161756
170.09572918568148
176.9606276278515
183.87539962464257
186.14041053373057
185.8235294231094
183.33680240666268
180.38294512935283
177.98803113173608
174.2033110478858
172.120587748497
172.23273285006874
171.73043023503996
171.6636173691753
171.73699796047129
171.81880484472143
170.95215722450098
170.36983550997198
169.80641797586048
168.02706850887466
161.14945067236198
154.87936636326458
145.23711772760703
140.25837486535383
133.83219687756502
125.38297599098934
118.88610632189814
114.06868141037691
113.03569868164072
112.26355190214765
114.73989101960386
116.59773416234778
120.06878055734865
123.29394761225879
126.44220081317103
127.87457132575474
128.65743241546852
130.3632259244387
130.67731773514092
131.10559617219357
131.53118670996713
131.75749067750232
132.31303132168753
132.49719142446784
132.2424518745953
132.19626217906315
131.72643132036748
132.70147192529262
133.5005355139998
132.94404167200992
132.6965787923288
133.74464000828596
132.9929991060458
134.17635968503103
135.7934522442099
137.27913552939836
140.89919302804682
143.4326817119657
148.330474294259
151.88299778528136
154.77745952179396
158.78464230725078
163.3173034804117
164.78372891295098
165.9492309738488
164.27067751072397
165.18760776361918
163.6297455915224
163.36120069096276
162.11432594439515
160.53771132819406
161.02980379247282
161.02991341735614
159.35091094349923
157.6573836283113
157.83749342939984
157.51574753724572
157.3157905059368
159.6917683413056
164.57868792251557
171.4964802664133
175.98247743331507
180.81823248398885
185.71172348612825
190.4907547242095
197.7446464643746
202.3792467932445
206.98599672911664
206.6932612750712
208.21438451826813
206.35379346985
204.1900224733372
202.13377516948594
200.65823760074855
197.76787877886468
198.11160022122925
196.96898377383297
196.6510510840195
196.31449629832366
196.13153435070745
196.58113906795353
195.55488737389572
195.14330313520048
194.49134151467763
192.96527276359606
191.39146717402608
191.18196206939535
191.57049592134513
190.37373215910986
190.10842557009596
189.44113563864886
188.14614836805373
187.10355631838928
186.6306534893364
185.44801215252406
183.15124912724383
180.41969807373135
178.3872245145215
176.18852894190582
172.81740990016436
170.36757991803373
165.74652275079262
161.23189815756123
157.5070918897193
158.8408158933007
157.5101674442969
160.85439375498382
165.5591831385076
173.63603647768844
178.43560006512294
185.11692457112844
189.43798282682457
194.80632345561546
201.6770200382837
208.73031220449283
212.85018601277534
214.7129789238214
213.99799745766424
210.93890863122832
207.21664880464894
201.47680533274558
196.80373369572754
191.57196805390893
186.88684373184375
185.62807617529432
182.00606829740957
180.31460549775565
176.6903653645075
176.1157122695383
175.44654404076442
173.7558501752851
172.70224457195764
170.90249086950442
168.2470667828579
167.70381492622343
163.86366041494657
162.0532983530112
158.8082845453828
156.7854154470791
154.81820874503703
153.8964603894596
153.8248861285851
153.11157009035352
152.9774127549332
150.83711759320445
150.66799404047947
150.47423502011705
148.07562464906584
146.50709707065502
143.573803350781
140.95003088695455
138.78797255628263
138.52434573937396
138.929186247556
140.1032295112258
143.644941718931
149.195406344315
152.2311212444354
156.3909694512043
159.79619177200442
163.49885444431033
169.7265535306819
173.44787749994344
176.8979028371241
178.39814973587565
176.93457689797972
174.77985261628956
170.0870184569618
163.2103682524683
156.94141640149735
152.9054166986248
145.5557392474762
141.48271818995184
134.51651600832423
133.56460256645244
131.87777512904592
131.42046260375787
131.22561070280264
130.57179993997252
130.96832807442902
131.09020423592682
130.64922187144924
