11
7
a
199.600879316673
198.27923383234574
196.32885109500367
196.14058813629237
194.87504590884228
191.98462319563083
190.33317161842825
187.60713175495212
183.4053596022327
176.7137186779332
165.6221483831828
157.26060760877846
146.67375695053067
136.17209124884874
126.64570135474179
111.74813063588307
100.73480954053751
92.67239628691263
91.18432358658417
91.4495525775933
93.17174897687107
97.55003722945764
102.89481844118998
107.7660901385808
112.15199775540364
114.84974711197685
117.23462275420785
117.55592535978629
118.3928218513206
119.36673639525414
119.53824726821468
119.47399152600048
120.8238016147495
121.47531165550534
121.63354665581546
121.85726009558002
121.0950239464725
122.36536484191114
124.47770109802218
124.66093580991432
125.33910304432428
126.17464149123596
125.3644160461706
125.38102898544992
126.64400449519904
125.0944516999124
126.38846968200428
125.28234752060325
125.08314046404722
125.16118107013962
125.20957900205151
125.07759837434728
124.43731794275499
125.49803137029659
126.45337610206717
124.95697183997319
125.37841223581904
125.03545379271638
124.67235261215446
124.3184120002594
124.87126708502957
124.37604272137506
124.65101442735768
123.90021701882391
122.90193880473728
122.17426789555724
121.93547443018502
121.74506472431021
123.95304781250307
127.94538817250883
131.58442152696844
136.76110130773148
140.8330278950756
147.28813777971322
152.09841270859266
158.1821964091082
158.00622920135578
158.50935672680316
159.0947211036359
158.68020136305276
158.97283849830694
160.050460948971
159.9549837560893
158.91264554665588
159.11625203810664
160.00934069653394
158.8827228026206
160.45875383332412
158.88963760824538
159.19208750110334
160.433701857737
160.20230475064255
163.80481687375897
164.98510485817624
175.98675950137962
185.86942466219406
200.31397557529257
209.29132208424136
218.21182196846573
231.94976914172065
241.3013620114433
249.2000534119744
250.319333417508
249.68278627869316
248.4861698540789
245.76214460661132
243.21598393225045
240.58461905164557
237.9089393118687
237.7390842349508
238.35502426852088
238.14336726796594
239.16677161749143
239.8007248705083
240.59261179117024
239.92027585682987
238.3987819458917
234.96716085747096
231.33991122206544
228.58604545833802
224.6808763465064
222.572769225721
218.6123240768802
213.9190241983457
211.1307490426135
207.67203176889947
207.71706177506923
208.90122407256723
208.46005472496157
209.89153259317567
210.0886691240197
212.0092876433266
212.8984760037464
212.17815691997524
211.56216058772702
210.30023811878164
209.6892502363245
208.24307921692122
208.47150799200523
209.23263368961668
210.64545875892819
215.64935106898514
221.27485910014082
227.3432344589035
230.6710291965554
236.50931318462605
240.5844922335404
248.3630501221144
254.42995958574662
257.9367773041113
259.84191431133326
259.6479732928126
257.3049493059271
251.42614460800735
244.96404951106084
239.7727849046841
233.5185857276218
230.58000529082915
225.01562593126246
219.89213703189876
214.32637253086006
210.78507366436256
208.76629153835574
209.01422687593256
212.5970429534683
218.37204435309997
225.78171334409967
231.45525890376135
236.83881194086763
241.91996968767583
245.0605086685919
248.856260532124
252.5254955716016
256.722508135838
257.99171162999085
260.5773636969984
263.7389456674673
266.95588259091954
270.58356475846307
274.2369514237018
278.0605075515953
282.38782141186556
288.1646125100068
296.6163494626769
304.04267087919044
308.02058873303554
308.8967069138309
309.2308293614139
306.17745553505955
304.8968620605859
299.58141476029965
296.31700764694295
294.4198447639239
292.3027256555359
290.27340669160816
286.5765316953225
284.0245596580177
282.79021320981684
281.0873753389246
282.05014156513647
285.26250191503146
287.8273340887924
293.6907680603178
298.31508632428955
302.05116977447216
306.4389588451873
311.2144780191091
317.37081564175753
321.0920625542936
323.6612828998469
324.8074915113972
325.0869066201213
323.3305453347158
322.72264344420296
319.7104595464917
317.81812820537226
314.88295964148006
315.28949566287145
314.94109709251995
314.57163265341364
316.09945118685886
314.25958034188267
314.1682416571037
313.11817915893005
310.9339881607168
309.5857756608962
304.50846348419736
299.6874446390782
293.8129911072911
287.7593373438283
282.28051180070054
276.20432653646327
273.40964003398744
271.32751923308086
271.4383855554481
271.78524151433476
270.54586026741265
269.9784980159714
270.1649346773064
269.2085964595765
269.08267566062926
267.3746649267188
266.4953122446152
264.1771506159397
262.63365773821744
262.24766420283913
262.07212796880225
262.04163762770196
259.5620442143383
259.1649990452
258.2116349633003
257.5436925155575
255.05430364453383
254.9136000721287
253.37333104632833
250.62527089834737
248.4819204698129
248.04377032225725
248.28252691089065
247.9430518341098
248.5168750404586
249.2168310983494
249.15642686996958
249.43427390159965
250.03742598497385
250.0388647144215
250.84389163439852
252.05404625149487
252.9904727469594
252.92484661972728
254.0213642038034
253.58705376613653
250.33877278460432
246.32577557798564
240.67210372544966
235.7408191149202
230.38886695788415
226.21611417690758
221.68108576513455
217.27167170973232
213.50814416599655
209.51612548074303
209.76519926419127
207.60900995385407
206.77640295550572
204.94183453968174
203.52339573658128
201.5990049461066
