# format: from_node, to_node, traffic_class, traffic - demand values in each iteration
13
21
b
205.2213259715997
202.0639344145367
197.47726993009044
192.4997800303566
189.39914678878665
185.65654261465548
183.92870226993023
182.87643342597005
177.46777408687205
174.61141538378138
171.85374223595878
168.57988623279195
163.71565483164437
156.98983166223533
151.20137185748234
144.31951298731397
139.70028866467572
137.6976581334669
137.56170064749728
137.15339759047342
135.88231067347476
135.59473043328194
134.46856825046473
132.4296574480573
133.12428876665462
130.59743153237295
128.20002358700492
125.74358610476146
124.23634584610996
121.88630530134499
120.29251080810585
120.68655148196802
119.7058869399322
117.84906584305087
116.11152369890004
114.54898029229656
112.4208316850504
110.01528326973224
108.45362460887429
104.2574721690943
101.72834483224607
100.16140888233245
99.54911757374327
99.1489420928135
99.8855734748249
100.67400847854789
102.89092208929003
104.42456595943447
104.7181695740798
105.6026968691426
107.00949101041688
106.06157386391567
107.25675961207435
107.37659106063427
107.55327290149572
107.28874644876375
109.22516375682075
109.0514870052891
110.67288668666399
111.32076268880704
112.63251796421332
114.00840334555377
113.70359047226374
116.2213007760983
115.32344516901608
117.2497947121559
117.0098101496996
118.48754226135402
119.78212147752612
121.89157875967264
123.90465460118233
125.27225461258146
127.38887684984256
129.22693166312632
130.31841880663325
133.0467930096503
134.12889912559297
136.82549781891487
136.70828529560558
137.65155994115293
140.79885272102146
144.73134033712702
148.6987851887955
150.0755728707618
154.30233403369314
158.6258582012545
161.64332966493143
165.4646589835552
167.47557483315282
171.30007599404672
173.39838194241864
176.03799215140626
177.7490572901751
181.9945415886936
184.63978484037648
187.559228698304
190.87680061190767
195.6959173013438
200.7394032911432
205.4574724511437
210.02629818256824
212.80518512704168
215.12003321426099
215.43132615821744
217.5843581978218
219.08293493606203
221.21678348050722
222.87982492682713
224.6874795630897
230.84805595673612
233.50041132769078
239.43543631225157
242.091349568529
241.34987533825958
242.7711598428473
243.1194607080272
243.57883908376385
244.0483419882747
244.82971666362084
244.98536716911505
244.63931139428158
245.57389652366376
247.89663156245837
249.57705021902896
251.00288494225742
251.5937039945065
252.046376985566
251.68023958919343
250.18656465153012
250.5484139923854
249.1313940458511
248.3181161040916
246.99308701374107
246.1701328115927
246.93323536296845
244.7481598116376
243.64684237654004
242.76721019474053
242.71662862565807
242.24435346634797
243.93808197740648
246.32364624136426
248.89634742847693
249.84374375180838
253.24195127991229
254.98332601056518
256.34664836715643
258.6544324087755
261.1921284751469
263.13753216925244
261.92942800616925
261.4097521088914
261.0987309509558
261.4121451805702
260.93529736832903
260.6881731969481
260.0627472490851
260.6960798109997
260.09087526042543
259.94229043862987
259.2717598808107
260.9385828238654
260.79958648611137
260.07569229584317
258.9761380389967
259.84630714636944
258.77497963718963
258.8969224238521
257.22269041160826
256.80106532974344
255.97412595844244
256.126506970046
255.88793542214526
256.0699211707877
255.42597753169773
254.90057083130907
254.0362955926556
252.61760300693743
251.59081639109513
250.37696141837938
249.72378159751426
247.23975550149135
248.44899355597107
245.18498344723756
244.8313194397101
244.0687237247591
243.6343299850306
243.66530569347378
244.06958525241387
243.87377289623205
243.75507383567233
243.49975809615268
241.80551681800756
241.54664159662124
241.74933956105534
241.93326967901956
240.63598892895422
240.2653485814954
239.91883000840505
239.00645893697777
239.50702265614143
239.26860492379663
238.10948768284456
238.06724422548876
237.02195301332623
237.83190918912365
237.05463047086624
235.74210401368492
235.25260531003383
233.78950442625927
233.54549060791595
233.11750368468503
233.88820847605555
235.08369411621442
235.097209583559
236.34981690219868
236.9607358726495
237.83087855830527
238.54146142939732
238.8491713156464
240.49963838103577
240.61642667195576
240.93899703864165
241.0534109435744
241.36378685601247
240.26715839511945
239.74467585467127
241.11716453541305
240.27245018066083
239.65985023596795
239.2055861615879
238.4555687115586
239.0095802561308
238.11465656684118
238.0567151497499
238.65975096601568
239.22473438870955
240.59251248726505
244.39602608250078
247.48597082605326
249.93920230018847
253.7565427185392
256.85091106950364
260.6089139763639
260.3039758920836
261.4023408769195
260.944053730857
261.3124805847886
261.69729710602985
263.03284826435623
261.97394519989246
261.31534353064495
261.6848965941033
263.13111996784227
263.01745968344994
264.4871957230799
265.5365330259166
265.6701166448096
266.45128488219166
266.4450362431043
265.80848433448097
264.61050392113975
262.20169912509044
261.6205208131895
258.57430058632946
258.5220566172199
257.4200291296646
257.6909299750204
257.6368838569776
256.34764968527315
255.30797122178535
255.03930120517956
252.54759771297194
251.22226484012776
246.76526359778444
243.45240063093394
240.77905524740586
236.04275045291766
235.27172558302948
231.19973445367376
228.0175953192087
226.24778455046552
225.0344525482747
222.76872222866805
218.88618106654775
217.1474414278163
212.5044827879043
209.9720206822048
