# format: from_node, to_node, traffic_class, traffic - demand values in each iteration
8
10
a
140.5174883090373
137.1176577679859
134.75115037380493
131.14391649654854
129.7898271091186
126.00780459274387
125.20034967215486
125.03139634047167
122.5032491882955
120.23987504082353
117.73419731986974
114.13697294509652
112.2520087267283
107.47358217482982
103.42260220823299
99.44711918436707
96.77027267319069
94.14452494596965
94.1856748948594
93.5999994701821
93.6866366718561
92.32524761503728
90.86617664745039
91.10896005897752
90.1790483037404
88.8414235008286
87.60407035014353
85.90687111314104
84.73641077468943
83.18400219850406
81.86600131224114
82.10030091513657
80.52085363655213
80.74720873605804
79.20599357569033
77.9441941720673
76.56846293516514
75.66220345493872
74.06164877626401
71.13983642978916
69.44573466042854
67.71749824994713
67.61536935977851
68.32569233375395
69.01934369382607
68.12421633267464
69.775779813362
70.61524936934396
71.28952610983117
73.07314851381922
73.14706256565312
73.64791363635507
73.68578288530937
73.31476688205413
73.68188007798709
73.48412783552918
75.09115452688954
75.26797531594211
75.73158892272608
75.96468808450311
76.67810933298455
76.84691501110315
79.39469218485108
78.10477498182942
80.15207567895308
80.60187661796859
80.65878933221681
80.77829579083973
82.04119338700289
84.17331464749095
84.81425081054361
86.07733649178768
87.66556438007905
88.19136271446932
89.72310920967543
90.6480058393332
92.36146579351701
93.35480183171224
94.48805935113909
94.79987774216073
97.19638390580731
98.17715903374321
101.14851964351347
102.96897572367999
105.73262970112688
108.43849835986981
110.9129789370207
113.4525797821203
115.09722267796752
117.48866500537086
117.99589279606235
119.59197948721138
121.95171970616732
123.07479684832171
126.19725270588604
128.42230722526696
130.10604969833315
134.95862756114326
137.28701323131153
139.79262226093167
142.67798991130365
145.30275853951107
145.97098360219272
148.16526428404583
148.21903600229254
149.69807616795893
152.13419006573116
152.09436490716556
153.1270020563565
157.42264247044287
159.85225866425125
164.27403835262618
165.06793452675865
165.70404128944602
166.27028707423764
166.2081623619024
167.3293240441122
166.2964336759151
166.8377295881133
166.9840104736521
166.80054466936974
167.72121315074094
168.48009816333848
170.74844692777535
171.13620092891375
172.17180794184623
171.75245579004948
172.0800994709457
172.44439686849236
171.742305649383
171.08502010778523
170.7751483129872
168.64242926380356
168.4708172785009
167.98253089064912
167.77124172878854
166.16533401326464
166.15820982339264
166.11716646471154
165.90374299921697
166.50468714300214
167.00338013523185
169.28192467593706
170.74565410238841
172.0697006491007
173.00492313136078
175.49469474791525
177.5552978918034
178.58439420584872
178.5299936999967
178.4447084558483
179.3937856714687
178.840097217642
177.84427711047792
178.4501145188864
178.87946393513735
178.1969647905121
177.52116502788056
178.13125013398732
177.5662835401129
176.60329954187893
178.54510325902598
178.51504293152945
178.94558015118255
178.38650175703327
177.85878688620355
176.12398151992738
176.64582421492247
176.0526148257091
174.87133084529856
174.684908026185
174.7463092062308
174.87551970135226
175.103247401289
173.62687340520876
173.42641274457986
172.80350180832005
172.512142552359
172.0630490681893
172.4896107400209
171.31650493619097
169.11416224028943
168.7015090473133
168.08577406314367
166.11795074643263
167.3140997244071
165.8610669901092
166.9676619783489
166.49064112923725
166.60920848576808
165.68246510680342
166.39481742686752
165.63511839097313
165.64325781653773
165.01926499244476
165.18041970375742
165.21940304333262
164.5484333329628
163.23814309459112
163.30540529332305
162.82686853092105
163.2463299997089
162.72150279732796
162.70140914552593
163.1124414593993
161.85246447995812
161.19272515034874
160.65115204364832
160.13937426231774
159.51112945010595
159.82057904952637
160.3087555145511
159.92725982436627
161.30101050682788
161.62923489102002
161.91391757251964
162.92070892282743
163.30032509300702
163.4550051935049
164.8993663569267
164.19447400023327
165.3313854210409
164.3964290241387
165.04059094802818
165.2978431187615
165.18313415615708
164.35147251037242
164.4361005333551
163.72931097640765
163.60656019244354
163.83561443817936
163.32360196608312
163.10231225013786
162.5761825746554
162.41718202512922
163.76556813577818
163.79202775097278
164.6075123528737
167.9676460471807
169.55368517680813
171.60771090265453
173.4365446719924
175.82402879947117
177.5830923851273
177.50857560066714
178.38452587032953
178.85526621460048
178.4843898031976
179.12221441967617
179.09616617108605
178.53521093178705
179.13581357377953
178.94870829593629
179.0128415499527
179.5668082408241
180.2857662152525
182.0986377009153
182.11447453846924
182.42416558997704
182.24946028642083
181.55597099308346
181.0536788030669
179.9914725900662
179.17467028884698
177.6761981194927
176.8923289348561
176.12460432464937
176.8082732443524
175.79329868574416
174.69041797116807
174.92861847284334
174.16691850864046
173.88253425383834
171.84562318829379
168.79823885982123
166.40015873803728
163.1408963199132
162.1505427751993
159.4577426686331
158.80580762857372
155.47227008576291
154.0879247855152
152.5017074903033
151.88612139042633
150.1303850918591
148.95317673116165
145.430906277232
143.19766068616534
