# format: from_node, to_node, traffic_class, traffic - demand values in each iteration
6
17
d
270.344124003744
264.2712913607452
259.6523702643436
254.96714596346555
249.9939658782571
243.7964651841115
241.18671288194224
239.0738527832392
235.03492406064348
230.98316508310904
226.0597863570005
220.88716735824602
215.302116537605
206.6473333922023
200.00542296263717
190.4641753079369
185.77683932385042
182.51855478300158
181.79037773193653
181.01743515622428
178.84466468815523
177.65503155293504
177.3338552813117
175.14090995809323
174.11368208401015
170.84964051763765
168.94014864767294
166.0419998978664
162.91484082748582
160.92660626956783
159.71347879606813
158.1626149627081
156.27045727536418
154.14602099771457
152.6209143238404
150.14151189396014
147.49239340258174
146.11265154071012
141.26013154938698
137.31976625714609
133.0959690152587
130.32758379698228
130.3419044939114
130.44820183313632
131.1780745595314
133.80078475478618
134.7580260160763
136.3142471600642
138.52079611918433
139.36066524726138
138.85611280710452
140.00020541477838
140.68269956560616
142.11414174331273
141.836601245688
141.00659684073128
142.75097831199668
144.79920187094186
146.30691762998643
146.65289713933535
147.70430844945295
150.22166433501656
150.34331560392076
152.30275012051763
152.82198778692248
153.5190842087015
154.40222829465776
155.2429360055555
157.47959271608377
158.44565153982734
162.41845347528002
165.11214271442864
167.84388061475946
170.5758205031315
172.0955993503332
174.7681837731036
176.07352674346058
179.77173005015038
179.52536544857784
182.0191452404493
185.43456713538544
188.95833645277125
194.29468434180956
197.98893593687183
202.62368143261023
208.02677375824646
212.92165737320977
218.90606596194633
222.0537315305534
227.0116812831884
228.95263798205016
230.18660823615028
234.24870447350168
237.84405595712414
244.10311428430558
246.92164151948774
251.64947323296218
258.5557760945042
263.4374880034796
270.23389392955676
275.85197706432336
280.102390063163
281.6512790288836
283.1462061875009
285.285362202951
287.8779629310457
291.7825324510482
293.7839703067549
296.6980018590003
302.99846648562664
308.7986334214071
315.4967026461167
318.1008279494149
319.717561753398
320.0687518918087
320.5972796881114
321.2007600266058
320.9647285634997
321.6743413828035
321.55580052389456
322.06643928532213
323.6951890672277
325.6302925427986
328.375315664477
330.36632178192565
332.0005049106916
331.32351561818416
330.98123024678273
331.22369236202707
329.9353017394373
328.48797614744234
327.4329791067566
326.72627490398304
325.0277817133889
323.50135571203174
322.1394495589423
320.8124212038041
320.110359228531
319.26105838927236
320.66844936428475
321.09924881607265
323.7121301700981
327.2974812018923
329.80524863811974
332.708059972018
334.28149045075617
335.96953945946365
340.65163893855606
343.63914416733854
344.80563826750125
344.98633640591476
345.9484219214703
344.8229983627177
343.97572933825086
343.54474657017397
342.78311276652164
342.01311781818555
340.8489644381596
341.81961560373526
342.1814641017188
341.98492679463186
341.7662195217227
342.5184760308183
343.08355671495417
342.36167494395517
340.9378474658964
340.61796527869564
339.9595416704295
338.33035578110054
337.87295372073163
337.60733842397224
337.57806807071114
337.55839869575976
336.1807318217497
335.6631579736331
335.753000683691
335.3750877609974
332.63564286196294
331.1966345441083
330.7057006857865
328.8419277361242
326.5981784966323
324.9936873376211
323.7997130079003
322.2340071193765
322.0134968632182
321.495659842496
321.29220320793445
321.1022993884742
320.65096236998295
319.8819046682161
319.4358042863154
318.2585080027312
319.1104367868399
317.41741539097336
317.473977323208
316.6206975437571
315.525584295149
315.9321159489866
315.01257175862156
315.33483309970615
314.9018838183138
314.0514776677129
314.4828563810203
312.7057482503874
311.47394611670916
310.6814479093071
310.7330224862398
309.79254760810807
307.4584371344193
307.604296284715
308.2880105116706
308.8091326667356
308.9896467176368
310.04618737674633
312.1067049492774
312.34353289685953
312.7561822840018
314.3581810246716
315.39209696642615
316.17991574388793
316.9063996857074
316.90539630802135
316.97390904433865
316.21343332034326
316.6916948311507
317.7201262563629
316.38615113646546
315.8670014778401
316.75936158298975
314.9377718014848
314.7800437918893
314.74537811934226
313.75617692506347
313.38934581922825
313.3867979107861
315.53280839675614
318.6833183083379
321.8763099344115
324.8839945264532
328.71524820661045
334.1468183139995
336.81783152159295
342.95460461020957
342.87920894053326
344.14341415607225
344.36173888498735
343.3858183093576
344.062452978672
344.72198096082286
345.131556840316
344.98709154016774
345.93602553286837
345.47351966154594
346.35007590659654
348.28769469549707
349.321899689583
350.75454799695393
350.8955286659721
350.4711491001807
349.81950982779114
347.7898844808197
345.4620259844205
344.4206791559162
341.62962810656336
339.8036025918672
340.4716941934824
339.4907929301991
338.91008167231905
336.90866637014454
335.8990697138885
335.7524877362006
332.593372629255
329.5764954402194
325.0529369172742
321.3658490273948
316.43045787875496
311.6485312454123
309.2851906501675
304.4220874549224
301.3312061751229
297.0329742119579
295.5758487110826
292.44737922415595
289.43390816238195
284.90489688657334
278.6448951376067
275.9320393617816
