# format: from_node, to_node, traffic_class, traffic - demand values in each iteration
8
19
e
126.12428760792051
123.30444955398487
121.66379849143779
118.78673653393993
116.57717316026866
114.45973017353951
112.74760207590514
111.05395979730251
109.66624833999181
107.95274521729411
104.90383579015123
103.1824905214342
99.73224755358079
96.4224021246194
92.16735695360522
89.62678048352788
85.95478637326438
85.41356816392198
84.06088073112365
85.13026951453055
82.40235702419348
82.39168250144321
82.14408163619764
81.43131451106863
79.73370805789507
79.0406595125847
78.03964034765075
76.46121860537886
75.21617424915512
75.23878382779229
73.70744419568459
73.46900120598814
72.78050432085122
72.04324692738831
71.36983005049817
70.69890131733811
69.47300333726287
67.6039958005261
65.99383906191301
63.15290610197999
61.97653674452448
61.07392414836201
60.648190344208864
60.2279226108528
61.60615442091769
62.32980875499364
62.31034815810506
63.825819812693865
64.97756050363608
64.64024226640596
64.76478395802162
65.1525964480387
66.4921386306164
66.09430476072528
65.61491879053074
65.47204707877712
65.69777220108146
66.43476239104241
67.72319583926821
68.26070038076571
68.95685763409709
69.60258529629098
69.48097001336684
71.08181131796327
70.8176199225562
71.59943809763182
72.15225229455663
71.76831515989633
72.09969204757041
74.60671250542583
75.61149521220716
75.93905882219525
78.3242726443255
78.54390872244716
80.4081640067254
80.70630908096744
82.03620987878037
83.35155241478124
84.27698653321826
84.02382198879236
86.21551581810259
88.44517090746626
90.83655810910365
92.06945088566657
93.73565838960457
96.4137228889858
99.01200989726043
100.66563973596388
102.93091418438529
104.70830670261138
106.15651986827498
107.82401138067478
108.62213557888809
111.14358811135928
113.24059434673748
115.67737079734246
116.89476211737471
120.52117227702536
122.92478395832443
124.16296225008271
128.01371632803975
131.15715840741666
131.09821807178506
131.59296040026945
132.82955430968676
133.7815803445473
135.18617330521909
136.79002921406592
137.57651736863102
141.41890700670533
143.28137225503957
147.60406948531366
147.42395190648577
147.52075428371933
148.34846282234557
148.8129546327183
149.35984328166447
149.50866132040846
149.22690651903523
149.53029846776266
149.41003032063153
150.69498656089354
151.42302288380853
151.89910694961787
152.8518133547327
154.57213985798052
153.9103098092158
154.31632868321603
153.84945981934573
153.76928241010822
152.9265962759021
151.66677905648228
151.41310065688646
150.80444153421078
150.77648505014878
150.5747904071594
149.57351583521285
149.25421769728774
149.47244758558526
148.1686493147594
149.96969523959459
150.906329061913
151.51260402634358
153.2104076864736
154.06720949594057
155.15852402598242
157.1845153091861
158.27426138608172
159.15027970093305
160.00999241532932
160.7539256999887
161.00370614281232
160.40784294711645
159.57947395488492
160.6401107565379
159.78941537920934
159.3360370308134
158.9308528961629
159.01138135759746
159.12363595293857
159.96219474571205
159.30465438432492
159.34871124623348
159.3527798095354
159.137334664493
158.99717464076622
158.87563942763379
157.42091304571963
157.5816920134331
157.74909255249182
156.52107943887194
157.337455796785
156.30560986419465
156.3838323339966
155.43443424874343
155.8210341974627
156.59910414437275
154.94999994289813
152.76216397937475
153.61560104330718
152.98126856173982
151.6205076145073
150.8080530000002
151.26609502938027
149.02891911575253
149.1323684961291
150.1410499451499
149.20860916642104
149.79512910982405
149.57773420771125
148.54737134605173
148.3868150311937
148.80602192991944
148.44029322742992
147.38172967295807
147.93676249512907
147.1858355339792
147.48757531231462
147.05673386129786
146.4696055752586
145.69011392348014
146.39294992747068
145.90707116625535
145.68760947134115
145.50378285938714
145.02172553402553
144.96771237189418
142.96252190422334
144.14994112424537
142.79298555317317
143.64979033371407
142.87240225169919
142.79374495097238
143.79828682195702
144.39179183249857
144.79607759529773
145.48502688283236
146.4849227167591
147.55579731298533
146.37775410395938
147.21426097926678
147.52478741849188
147.03778645461819
147.6068695142892
147.32840894326864
147.353182748263
148.10575957299665
147.57700518611063
146.57277934150562
146.7014091811434
146.6222174277258
145.92586396973914
146.52877895886877
145.78841874233467
145.84123415173934
145.99828893414647
146.44467425503558
148.6481450424011
149.76828767679604
151.0757598198369
152.92773046668813
154.71340955142517
157.2818445098248
158.73557897863614
159.69235105689427
159.52108784474925
159.02496501482173
160.8547239280872
160.2815944832275
160.81464851622007
159.94514667594194
160.84185797388167
160.3947263057347
161.14722014082065
161.0254159520617
162.23406776166254
163.27584323409667
162.2603121246052
162.8664226194384
163.386258697476
162.48525417097522
161.44033185449496
161.24939058752014
159.74908361628638
157.9619275581285
158.53006491228132
158.19103743080257
157.37360274228826
156.78725752593095
157.0896146697618
156.08416585451454
156.6123702658585
154.9369648185426
153.4154565833496
151.39082493099986
148.63999440270268
146.9576198988465
144.0182274557274
144.1659906336854
141.20710755365775
140.4759223774979
137.91431569492406
137.43697338150352
136.29906200905984
134.10276068552284
131.96970171479438
130.43957045989467
128.22549443211236
