# format: from_node, to_node, traffic_class, traffic - demand values in each iteration
10
13
c
201.6450154424143
197.19983649274053
193.55212218952806
189.25902550597058
185.15314808006482
182.82437350397765
179.1739319315435
178.3193682004618
175.03304522968833
171.3979875293136
167.9682939812245
164.9535739192693
160.58682750659824
154.19715834208392
148.50409919894025
141.801722078611
137.99189532545307
136.40441230963663
135.06292329823893
133.39936046093203
132.8218886335057
132.09968888873257
131.63966073543241
131.23928292520878
128.9340094893174
126.98050101116507
125.16115885288032
123.33790372792114
121.37085520452733
119.16952434514582
118.45540681135398
118.02212674680297
117.18012096555456
115.44068150244102
112.45732166554541
113.04987118875644
109.68537316248847
107.43609183279487
105.30306163147407
102.40804724504768
98.98011660893772
98.03938297314609
97.1128083234038
97.21780862275861
97.45251485993327
98.04703934470466
100.3650673232726
101.44916590459322
102.91622487855636
104.30000966956274
103.95323222078233
105.55359194157427
105.32053994189995
105.28242028654816
106.02068580020236
105.60089658936232
106.78964394424291
107.04440760493695
108.53673268841571
109.01067531477169
111.00015891748059
111.5880773645339
112.09812495829675
113.28692590551991
113.08262277484212
113.66032292460554
115.03847710415427
116.33572426381676
117.22376564658177
118.007646932703
121.13354723408175
122.43601182039168
125.14445194630484
127.62598584463673
127.94224537206834
129.52857629896897
131.9184648211734
133.21946536522282
135.17672297917923
135.7668716076351
138.14224300493981
141.22217617541426
144.92037219223724
147.23452653307703
151.4474864611845
155.64009293212828
158.31644306664282
161.49142179536378
165.40815250149515
167.78866282889012
169.21679407082283
171.4903600837647
173.93335106581551
177.07104538625893
180.71015351598993
183.23262007575406
187.67417375447545
192.87007613393558
196.21887384783366
201.27876715831826
205.9343950282637
208.88641109869704
210.66018759030644
211.49642478681614
212.76553566153643
214.99841032036306
216.30208337721345
217.91053205064935
221.42408600057067
225.87039274707288
229.17686864743098
235.70311937488708
236.57111400624393
237.35444395945137
237.0890029123265
239.0477825825132
238.20563618928858
239.11943961384424
239.91856714079356
239.17156172812912
239.44239312247504
240.87893333112675
242.2342634472867
244.04422869508429
246.1326365737117
246.67347468543937
247.60508662488218
246.8641952604672
246.3655173037336
245.3301920366315
244.09174446477658
242.79738549158017
242.53882812672865
241.9809038854412
242.2614975523075
240.306124530597
239.10045366607116
237.3917701795739
236.82256611965246
238.143212945496
238.5012429822122
240.56130998899718
243.12203630461786
244.77925207550885
247.05500932259375
249.23948262984013
249.63633471780602
253.1778240965367
254.8920835940197
257.04739354245675
256.56919670661966
256.1878402007369
255.30944786779608
256.3066072466877
255.49207620225081
254.92491989096524
254.76023694142478
253.9671934284752
254.73220635686698
254.8737724341089
253.17638063426907
254.84484734470325
255.4098722908878
254.5807268275956
254.33903778174974
253.48750875898602
252.67549294145772
252.83399051899895
252.1302078765529
251.38321680398548
251.2880141007919
251.02275249051772
250.1890154148039
250.20178198576806
249.14411700492434
250.09542798687957
249.1921729746802
248.84716506131144
246.99321117398281
246.29511837199442
245.21501547879967
244.1003349021751
242.22275444693827
240.98362348189423
239.76737022092902
239.92695999818176
238.94965322344297
238.32551616863958
239.05843441154997
238.879403860721
238.43767253415322
238.47823585582606
237.58586784785317
236.66953443068553
236.86597916432322
236.35063329246807
235.35969865336926
234.48352001235932
235.00305197980052
234.62024346331958
233.4773092200796
235.11541139236553
233.42746474089617
233.2571474098188
232.75499842660113
232.12147383251215
232.0943202019122
230.72720817517774
229.71487263733147
229.14826442041837
228.91973189417502
229.22175269469952
228.73114192577955
230.39559758360838
231.1197306193386
232.27989241107306
233.23184643167306
233.19371015679448
234.219519477174
234.1071280935636
235.57032557502805
236.7509861893851
236.93319080031526
236.48706413914758
235.17488074466402
236.08433814946306
235.9036426997667
234.65448624803633
234.30493395391647
235.9422672117655
234.99011571943072
234.28966575734455
233.9524165269476
234.2941791942101
233.56205926151193
232.93982197825792
234.1535226866692
237.1701295503048
239.90784430294963
242.64332987616535
244.890667328376
249.20803185657923
251.2883250884453
255.21880565614458
255.72909055783646
255.55847170148758
256.3620013614619
256.0765643734953
256.6524637269699
256.6042249859777
257.0042304872502
256.138038400943
257.0794191575988
258.30116640172224
258.1472844005384
257.82607122659664
260.28401101613076
261.18712832546055
260.56324847406813
260.34215698228326
259.75913692791414
258.26873256281715
256.7038794384678
255.53786736404024
254.2226944641246
253.9393386278269
253.00144428162474
253.0594466682618
251.19534664230824
251.17116504691506
250.71194898242825
249.71211373811298
248.00115627175668
245.35727011826947
241.80577308261465
238.0702344389029
234.97030240401156
232.45534868305486
230.35212761513932
226.52923592740308
223.52590554480346
221.45679084654458
219.47652880063907
218.39755186175805
214.6587667497181
212.12761400528544
208.06265844257166
205.44233703456257
