12
11
d
47.0881572944061
48.02110074312878
47.151303957392706
46.16101982926541
46.06798048918191
46.28275796672975
47.396736174328495
46.97145768486507
45.67128718169629
45.12561991520435
45.44287242025199
43.82323076636329
43.323556487777836
43.454142827439576
42.0904788214063
41.03633928672428
40.07773737942095
39.19148689773071
40.38110486434487
40.62197723583163
43.2359756427066
41.6243713732364
43.05857891994339
44.157636930107664
44.74307747962003
45.79565982147638
47.24638135540574
49.120969746282334
49.5777208253649
51.11871037458021
50.81434342318632
47.20596139676783
44.87847173786356
41.27255951814657
37.62301153960635
32.79662074060966
30.578066331650785
27.05415955833887
21.551617083518238
18.594084585664657
16.553322252171924
15.486365521056243
15.360763288088744
16.163851434674775
18.00408182681413
21.187892012512844
23.13280574196071
25.622782974356056
25.918507341302412
26.385425704067224
26.830552176851466
26.64118770011247
28.73290979814549
29.493102849754774
30.342397272670567
32.492590400468146
35.71279004584034
45.622020523994635
52.69614418409838
62.61903987284809
70.05256289179826
78.43272823976311
88.76360984903798
96.86549530066223
102.71940081022974
104.88223559131565
103.62101403792585
102.52527259048426
101.2085338130156
97.91821756554829
96.06098014328013
94.24094125634537
93.91290932221895
92.02797790228838
91.04797971224596
90.25039302592174
90.6498044459369
90.0933017894176
90.07467172636976
92.87774455974935
97.8966038382649
104.24767447817476
108.43435882335146
114.87763557821631
120.55515247857858
123.26133187189387
128.22150033837326
133.2886098203055
137.36115820626435
138.75788133429606
139.90098447041854
143.04981878150758
145.88747649244846
148.1752994488446
150.4351725606539
152.99529397662587
159.05962180403412
164.40595149152884
171.36401010689366
177.45988891532073
181.63583625172626
183.4059004508328
182.50593589048336
178.92332873667388
171.5280277272752
161.0267648732271
154.2495162430235
144.8734996814513
139.21893982223455
131.6410713812069
121.30187981283322
113.8094069149257
107.30494527386088
105.80061534151073
105.8748190787632
110.42900056429961
117.68295242036156
128.22822488111066
134.99322397101548
142.50550058655716
148.58424161692943
153.85059409693307
162.74706060976874
168.25313739684688
174.05335627140363
174.21113430778624
174.69807860259186
174.42416477955507
172.56992027911141
169.61130581815374
168.42996315762537
165.80868759661664
165.96369994277424
166.29806302881894
167.39855663263373
166.57027924552938
167.1664210050489
167.1481243035428
167.5161225930085
165.9335937011797
165.45323456180625
164.12351171993552
162.7735285810134
160.86216356500208
160.22716470485372
157.7503459469596
153.7380548212181
151.26716612931338
149.15422277442516
148.29877371787887
147.98041741342706
153.133777132213
159.3178030423978
171.00993420472403
178.67700621459466
187.1506879332135
195.25628548824045
203.77969024975312
216.8457278859289
227.56874185835517
233.05993690471237
236.40665112499403
235.81019640952283
229.59486469365172
219.90697835924414
205.68543716935685
197.04530231122902
184.90741478973354
174.529153501752
167.96742961965205
154.90053294161814
146.1066833007703
138.51905362181805
137.70542935224182
137.8998952611933
139.80880993134912
143.968249198112
149.947484234981
153.93455633597935
158.36941458438594
160.82658909371938
162.55853240729957
166.03492759964678
168.11513615179575
170.8361459785795
170.86251819439886
170.9856899652648
169.47535016777246
167.00936176196697
163.2468872462637
160.64905682444308
158.26764140093175
155.69197996243327
152.9428940568363
146.74083271151315
142.97816468026045
137.72009990088503
136.17305041676545
137.25380209946664
145.02025534099997
157.38920480689268
178.6982589311861
191.8048098930516
207.70356125378277
223.00689492872863
238.50613054564292
262.6260004431587
280.4736893729883
294.21849393262266
296.69013180026434
297.35943862151254
285.93935207235864
269.3013991330881
243.9054233620577
226.13867279312282
205.95681290571838
189.89067939921918
173.54072690236734
149.83437373774248
132.52319504630404
117.94956700327076
113.2665296042449
114.3670882627051
124.97766209547362
139.23738443621437
163.1538155076721
180.13980149427823
200.75139703025434
214.5216820732095
227.9604277180434
250.47175927230631
267.8695958222427
279.2388135327786
283.48003195814204
283.0816130844948
273.12988973330636
260.6546732470928
242.32424644362297
226.45611886287043
210.75700449312623
199.00807143072188
189.5800735794193
177.86836978822922
167.97635038100933
161.0804323066634
157.92299843028297
155.7148800946908
151.7561577781644
148.81795953388013
143.41104048279115
139.95069379045353
135.87195988832264
126.54612468231278
120.4217403669633
106.80847210303767
98.00083018969146
91.58952156116528
88.42192766494293
88.9443124659876
93.7349650654577
99.48590790528054
108.16793336892826
114.75862837321834
122.56844237551647
126.77384848015225
131.70809817544867
138.48961152167863
143.4239454046898
148.83640366835562
149.93534704249473
149.84459929425662
146.8932358461579
142.84088013943366
135.2431390414657
129.91844201076935
124.41546202693984
122.3867928828917
120.11331299592267
116.24703226649444
114.74081595370733
111.19363968501669
108.59739673659357
107.82116967893651
103.82922964862148
97.90997542385068
90.95383386183002
84.7801091501028
78.23141466560074
