14
8
d
79.43507792913492
78.82426529001056
79.07964417381172
78.68803047980927
78.70210829553072
78.14244319937933
78.19692791514649
74.83178634955833
70.54504898835825
63.82257156530742
59.79935497733306
54.1542114600166
44.08747750617671
37.342260414978355
27.742918334332753
27.357080125586254
26.233094699514407
26.467049163691318
26.219639574484948
27.148425308963347
25.400484468821606
26.306972859246265
25.37432162407077
25.311742466988477
23.539921622121135
22.328840563866613
20.033690147021304
19.64177474081549
17.49279605877623
18.262774398240197
17.767850587784086
18.615953426151833
19.539239853712747
20.93876567488985
22.033503690195147
22.015788453557754
23.5171497840511
23.84798324625731
23.846421872893423
24.104866268026186
25.398039823808872
25.103800737827036
25.06449499800587
26.542252963760106
28.04352626353003
29.127503113160053
31.39322581572
33.055278444128156
34.7324521849538
35.33339123432897
35.460619778773
36.15553542045974
39.095632821719626
39.1559371733493
40.60184174901757
42.95491582348148
46.455339607045836
51.36603369175969
56.65729367483474
59.86104420112885
67.80625414456307
72.57692266170962
79.2466616868207
82.15631935528044
83.92893370811704
85.19850140150913
86.47964649008551
85.55488853191164
86.53243651496128
87.97352301789788
87.40292426271449
88.53402489456
89.32449828227871
91.01216437878409
91.2623878575763
92.30579054700141
93.76680634268912
95.37270409014361
95.4550956597311
99.22929005370393
101.99363038440174
107.11866731910168
111.89020163626867
116.69296472533593
125.47653942863161
133.11217941575143
139.35679057631356
139.95613469481725
138.84077609312845
138.81655901820977
139.89854916849174
139.23599879647495
138.61489311470478
139.14175782937102
138.31930994411917
139.02825046091525
139.35000957242747
138.50351798509251
139.54405014280138
140.38354744499048
140.82808214799087
140.51886718907463
142.03013682968256
142.5056099459018
143.87749092301846
146.199496300411
148.87281753031945
151.78120100418582
154.02505731739848
156.6821662720383
160.88128455151332
162.60958426343504
165.8519982439571
165.07230792029344
166.26202304156217
164.82725745490333
163.34499703110043
161.86696906038708
160.36129992511476
158.51603193149535
158.61393858349004
157.79275630186692
157.29142712904192
157.72368970840867
156.58584788069138
156.65946660057415
156.26718357303952
155.14283757075745
154.04706306219617
153.17873560095785
152.64085595622493
152.54211210289975
149.49306621017945
148.57523662046992
145.51358470621844
143.71171948519984
142.52967654740078
142.27014230926414
142.7575698625595
143.4826900736242
148.16862344179498
151.5653305202828
155.75697889602782
158.6769049133836
160.84723113195835
163.93734576399999
165.9340277182737
168.284196885859
170.3968159366553
171.3200183478928
173.11647897194788
176.16218983755076
180.70175707031873
185.9256492694278
189.85082940653507
194.875795818525
200.64311885506345
205.45850945723325
212.91895437323345
219.75905933459825
224.310813095509
225.49412879872247
225.30146243825155
224.36808107077545
222.80613538625028
218.66820615516608
217.238036450899
214.56580358700992
213.8390206317282
212.89220642577212
212.80684916043253
211.38549168092266
210.3966759079067
211.1575123856292
210.6222026645669
211.28358788170888
211.53374410617596
212.9215623460432
213.26981640393944
214.64187419488255
215.181161799709
215.47926795235122
217.06679340928042
217.52817598532044
218.90686023429706
218.02901700168118
218.47422236459732
218.00616570271205
217.71001862090355
215.98401340815357
216.7307688530088
214.8641822538886
213.62184629713593
212.29856283557237
210.22284957170368
209.61820334175133
207.82655364763414
206.89003048053632
206.7997557586858
210.45112973634028
215.750214870245
222.2476101297212
226.6339594439032
231.21624750851623
238.27847502213982
243.6030642293644
253.25425162856658
260.7484324683059
266.85493580650996
268.88772755388385
268.56882474897003
260.64769332734176
249.71696017559367
233.3955984036051
220.95158989616624
206.4708272066147
183.20120265301082
164.7965413407998
150.7176134092738
152.83040950181726
156.12301427957823
156.54152434684045
156.84081695404723
158.16808984754454
158.22832183584083
157.3180385334814
157.04386118344885
157.47133589942862
157.96566949901754
158.08946685190747
159.03637753768996
158.30141412012867
157.4685775980051
158.03502103399745
156.47471897281764
155.5301813017122
153.65625617635806
152.25355313876955
148.7232123751049
146.88565185182864
142.7573158165982
139.32679937961947
136.31039567775116
135.35393570414632
134.3109483895706
133.54061040307715
134.81388136958807
134.18549312759868
134.72174642423087
133.734745456048
133.53467259098778
134.78704492269827
133.59659892806732
133.1687800503926
132.58511050315747
132.04218897240435
132.9358058563942
131.75881842246358
130.69519906522282
130.17218902769494
129.54732507953503
125.70437416400134
123.53109212130987
122.19110748850402
118.9616079923346
118.04097747004535
113.93535554635282
112.11456814891413
110.44374889895786
109.46163130178725
109.22569858722755
106.7635095175927
106.64317767477809
105.10597121997459
102.18524069586401
101.09879391412228
98.70346418927497
97.25782508947486
94.57118337808483
91.4240046797924
89.45118980121663
89.1120800644288
88.51881145258737
87.65782903858262
87.09740101345268
85.70286916129541
84.7578581911382
83.46092357977298
