6
14
e
26.024616861191316
26.827927426103113
27.839250427666258
27.400257051056375
27.237735061060786
27.845567307144503
26.678748127834993
27.275433980735446
26.858293735793122
25.960511716817372
26.44949184348428
25.279694298350076
24.310298029251598
23.863792315126986
23.99360954986125
23.036443473175034
23.59892245899433
22.55449724219627
23.656847596836723
23.070022024704915
23.26599650682793
25.060775281169704
25.276339193768802
25.29216781553396
25.75856836244738
26.214304325849078
27.70353134065641
28.902070099991086
28.14333193026474
29.07158975951068
28.944063750750196
27.789275065703038
25.36117951492136
22.945887718205764
21.684588547462965
18.76557443179056
17.412705942744395
15.97066760111086
12.074912522635456
10.522781856867365
9.820197198199766
9.123576215200664
9.009213719451306
10.398503697569755
10.739173629832308
12.006652475942216
14.304936068828132
15.148344833854436
15.505081189221606
15.161729671692505
16.274164982319896
15.850961872265298
16.558587177016364
16.219884989329312
16.840176697394046
18.770520149693912
20.1006143027675
26.641014471148353
30.607190068909762
35.305131384725875
40.79995928032638
45.03809743290883
52.6931657666876
55.32923671382012
59.22895424853171
61.26251493033692
59.45844947193605
59.63770413084009
58.34503805055216
56.36434841205129
55.09644369373113
54.191650607331816
53.79826395605074
53.13669793244891
53.66558650440706
52.79534772836686
51.93948311594558
51.766850113219746
51.10552267989981
53.85626171753818
56.17069023689937
59.60705842290187
62.905112707350106
65.81822885862442
70.59686289894329
71.06734844208982
73.727382779083
76.42188086906276
78.67038648393944
79.94523672614123
80.83165401121865
82.4745586687722
83.63660542310407
84.91747352442793
86.61650860418622
88.35080636833926
91.14131401959948
94.71316489516917
98.65487675008373
102.30192222944387
104.03170408513118
105.46672831199659
104.72293400944767
102.980477039154
99.31419902936473
93.38832837077196
89.75641700602479
83.70153571504758
80.05108518680431
75.88519440329337
69.8555369987402
65.94548151125177
61.49309417274769
60.419747946448275
60.46771200946039
63.52105371330781
67.7523031582041
72.75309352359508
77.18029410716812
81.50260595007315
86.1405917565188
88.63074517837887
93.95326861703651
97.72648417774107
100.70243692275815
102.01605865046487
101.31877341077754
99.61957520071181
99.007238294788
98.38580277431993
97.15864677819395
95.22686685303479
95.39019075607649
95.87569767662809
96.80056230859459
95.80702973527684
96.23302005070857
96.01056935757204
96.54432148093358
96.6409945501514
96.5551423656424
94.72824840203944
93.3024015843272
92.88556036718883
91.76797476089574
91.67175165548952
89.17653542041037
87.14956160213404
86.16667996110502
84.5517094338425
84.94074362217037
88.03911161950805
92.18078230891004
98.62503376306526
103.18281536390562
108.63020722390144
113.20221024569845
117.71395875496479
125.48200112085594
130.18562199930923
134.88775285229627
135.94057869206307
135.88149418993646
131.57974127624507
126.73464349277702
119.24241961022649
113.53899797982791
106.51900992803242
102.19979144694406
97.08825483513189
89.58079615648425
83.83210389005546
79.7359680693436
79.0745967805273
79.77040407296887
80.7794590123039
83.14907803086756
85.61509422974156
88.17813958097516
91.39613423748183
91.88591984243435
93.77247500681074
95.6693398671742
97.09207666017639
98.22944496757292
98.60907555570908
98.3908055884563
97.96144574881438
96.4948368817383
93.9218920822745
93.12721270019455
90.73318766723513
90.20682141491146
87.21331525490969
85.26301432903692
81.49047469958914
79.9862990124187
79.42938030415735
79.49163314257856
83.93895705870408
92.41774119556761
103.31230957371842
110.16510206924785
119.44370409873848
128.9905832969265
137.88644315091432
151.24907087643757
161.62927463066657
169.55900209480095
171.2565685372245
170.78230574469598
165.32270341863662
155.50804558716575
140.40790534112733
130.941744375849
117.64875857148405
109.48954667823884
99.66456040640155
86.08082221020342
76.50601731095759
67.46147822360433
65.12958113008872
65.34237937889615
71.74337985386217
81.44231346100987
93.80848822260933
104.310033258147
115.64480975392861
123.7422206217214
132.3653643884795
144.5895641788019
154.24184661011068
160.4777341419624
163.2179705478647
163.06132143287462
158.800350743976
149.65347987083365
139.65150094272383
130.83290210178222
120.96760151495894
114.96432211292434
109.25974040224773
102.68397358523707
96.86771660165549
93.80532701003139
91.07897568249872
89.31802584828775
87.48979214109433
84.83460403297786
82.75603731633885
80.83337559674032
77.18834641489987
73.68567785596453
68.63185009763376
61.28534184562246
56.66115269440105
53.11963585014752
51.76225402237509
51.32412032264798
53.843414355196025
57.36675852338752
62.41284899055905
65.920475295582
69.60915837373194
73.45751756541075
75.83034175674469
79.86038050848845
84.09513874611363
85.52950990573655
86.95289989194883
87.23266047781074
84.56414475617781
81.60919325020188
77.15830733914679
75.86729028075318
71.98182882376918
70.51186893991802
68.37809959981946
67.29564957726497
66.47779668149181
65.1195488184606
63.33522023727796
62.003913648788995
59.930519678326775
56.21046608175927
52.07328355702022
48.538472923280665
45.47459386370034
