17
1
d
225.79483196780112
226.78936909625602
226.85877829545103
226.9591935331094
226.62603245137691
226.4098099403537
226.20450203390672
218.7371012442725
209.2586813580743
194.4535727272057
185.97168270088267
174.0140139117958
160.65169951338564
149.73630650326103
131.48638747566397
118.15208759181
108.55924641060334
107.42650818756964
106.5463509145402
109.2160455018605
114.6467517601823
120.90908518661668
126.6549906634418
132.409107505225
133.8143979150384
136.61353452831608
138.72338333547106
139.6164067926553
140.98007596065705
141.27188028438087
141.2002314637433
141.93427892193026
142.16747254061838
142.48248872892324
142.09227639904154
143.65069165547152
144.35714136803716
144.7555998326382
147.2767786872356
147.3975693672472
148.78702270265376
148.44882629708005
147.7180307591398
147.80379036130253
149.22668921767345
147.92957463918768
146.74814276489613
147.1703867689796
146.74947885569117
147.09999900122787
146.63839773426636
146.6622416289678
146.29921700871185
146.64972695557216
146.5726984613483
147.44435353695798
146.77027113087098
146.99085707744615
147.25053152150844
146.78994100467685
147.67503507819004
146.50824296058317
145.5862739070133
143.82960697638885
144.05358682141633
143.37650635343496
143.03839290869306
145.5529016644966
150.58106144890465
156.16701452786222
160.13765460592674
165.86478802483745
172.9559902629722
178.29972189925707
186.20370337160418
187.0096053960469
186.78344669886366
186.9892285506825
186.4833240243951
186.5829462931631
186.3352501494328
187.95773210386244
186.66682308148208
187.4582258637993
188.40740387054058
187.62713881498175
187.12804632303738
187.22986887677882
187.54374528442867
188.7896156286771
188.94806388603433
189.83993226359112
194.18959679115403
205.71514289670833
219.5576316412821
235.81856983660887
245.55518551507907
257.03506638848995
273.19190446180596
284.4194262296118
292.84166119334213
295.3261764228553
294.45846089045415
292.72991446523275
289.8522890032806
287.1172025917324
282.82866511311926
278.7053186012322
279.5883812295102
280.0464937568416
280.20246586693315
281.4943201811505
282.8362893282666
282.9622241162631
282.37768334094227
279.1548700755946
276.97749315433526
273.0307831563426
268.69321758861264
264.1568672744963
260.87502052411674
257.2654889910328
252.57253505241601
247.7802462289465
245.34903636646578
244.3711211866645
244.2402382677632
245.62675679909276
246.76274782524985
247.2917295254399
248.8563105553805
250.40750416112067
249.92383461095494
248.71502840505877
246.89814901568204
247.64982616075636
246.44768092086247
244.87213545080706
245.83267736041472
249.0502306867043
253.6250866386465
260.8768987493626
265.48485729589186
270.74720807973284
278.391822847686
283.5626788376952
293.265702083426
297.6773793607106
304.1392945623879
306.1166432485763
305.7519245980205
301.72470570390004
295.46587565061355
288.1989723331043
282.0483398960501
276.3748123934084
270.32958636435046
265.7249196754617
258.06920917331126
251.5074692514182
247.81230820699642
245.79853914223244
245.93503937410802
249.781737563488
255.5101193735387
266.01438039233614
271.7513215232605
279.7642585624715
283.15369479104163
287.98483012130646
293.380335888868
297.0683956739619
301.88757516142226
303.3759474905925
306.27132558643996
309.1743447023888
313.7946829724472
318.870246783593
321.85278326549457
326.70084687054623
332.95836778589705
339.1540683880708
350.24330815988526
356.39110215973767
362.71719138180487
363.76823471827413
363.2614304440617
361.48815451739046
358.7331405748369
353.9399250120412
349.41508332946245
346.0429174521883
343.69134809815165
341.5324177700504
337.4585397170369
335.2091889973582
332.3354856515163
331.20384957745364
332.4082220441724
334.21998040096184
339.16400300204106
345.9530499148003
350.53566874598306
356.4883922498493
360.7052025670316
365.4173439206336
372.28849343052104
377.0980798755716
381.15359182527186
381.1409201129299
381.91701916945345
380.2914219329608
378.29446670100515
375.78364129620536
373.98380088962756
371.4065678182339
371.2304804874173
370.88591549554036
369.133984779066
370.0275700392888
369.98644730305426
369.5953983163402
368.26992999160063
366.02374377606304
364.24998898722583
356.9974985439323
352.31862014549483
345.0175342279504
338.2397741487214
331.96774418164387
324.16915065055974
320.69383874943526
318.736359976277
319.27462150363573
318.4473103614132
318.2177765606862
318.0538528458928
317.3897249281239
316.3687910533051
317.3416900994914
313.6596193250015
312.3535552429052
311.17608136642264
309.5145299826885
308.61870012821976
307.9241069459619
306.17284327818635
305.6663105211709
304.93392788043326
303.8191549499541
302.2066547376787
302.08514856781164
299.3102423446122
296.75085208722925
294.8910243750451
293.17993451674687
291.82808483538383
291.872291406543
291.57022274149966
291.85906327955564
292.48750235179506
292.7007031650868
294.18233527534886
294.77543037653874
293.72157134471615
295.478767427062
295.5159801477546
296.20291696152674
297.42359058781915
298.46115090708514
298.939868250195
294.59875801231755
289.90567025853596
283.8026407096282
277.5134949503895
271.56844799844356
265.6370899910106
261.3081917880048
255.0739541335013
250.2920541662612
247.47995619181646
245.79116420279678
244.79696261972907
243.27669773119425
241.3605135886909
238.2276015107155
237.62086726068756
234.42925226759732
