23
18
e
49.67287711383535
50.15439286968688
50.09595599066742
49.97711068341912
49.54440542697147
49.878770131031125
49.34914899420174
49.598567652949654
47.3859233471363
47.49271131365725
47.47286951890461
46.22947841199205
45.312819036507285
45.2538126109309
44.31438369359702
42.53011824528867
42.05494625168975
41.932125988903536
41.62258312746337
42.47748095263718
44.00980425176023
44.64162563334977
45.581738129690606
46.49991912873482
46.574683150982445
48.98842125643325
49.50095113352927
51.403701611934565
52.400230828771676
52.333445082373636
53.50401168047361
51.08990022525371
47.480196028959675
43.45890017956766
39.998000940914565
36.41836335094924
31.85044033766908
28.68923465510361
22.785380591196613
18.715201253400757
16.329579262696292
15.883191397433752
16.833608979847295
16.839891041815424
19.323745614737458
22.46975262699426
24.794000599445145
27.564679808937107
27.708625037189123
27.80901693142069
28.131927899669087
29.465193760317522
29.517823691457945
30.245596511789593
30.968971401558022
35.07615459253165
38.17829866558137
48.20953568337611
55.44978614685252
65.12412044770849
74.04158867119385
81.08734821035578
93.15054494388575
102.57354304738078
107.79753279644667
109.4467992295506
109.71380325382398
108.9169010674267
106.47774878422027
103.61039855134558
100.13326385063473
97.43771492172363
97.89291961414972
97.75119151306781
96.2845361418173
95.56595710673383
93.74719099484201
94.8839133071275
93.68000662714948
98.80483557831708
101.0326564871619
109.55810929482814
114.23293043892478
120.32307974247192
124.6545681718455
130.49746774270358
134.49204746840587
140.01889817796663
143.1624634447453
144.93440606957986
145.66280519670318
148.43323331220222
151.82989854730178
155.10424932457613
157.26933011688612
160.59787070662188
166.02311896607475
171.169309775657
180.17890880760845
186.31407002623635
190.59849248907378
191.99689596523058
191.18407037849215
187.66668418570882
179.22939274988218
168.71012803839068
161.39275743272836
152.21610609103982
146.09140702223144
137.61655867391153
126.26206785309093
118.65857089090376
112.56539466769895
111.93605387281652
109.00190986199388
115.50010215948818
122.77827204878113
132.78491552625005
141.46766820253896
149.9450099255408
156.05988416548973
161.26245986378376
170.13182379191554
176.7275284619303
181.97654833230416
183.24869240216705
183.36354169063978
181.89256092949856
180.86992797286962
178.02320931457328
175.9508630595662
174.46847960628077
173.97332923288872
174.12792936044275
174.95210667195767
175.33751165542415
175.73790080886133
175.32072515551744
175.64685371593995
173.75030153892433
172.83923315957796
172.3640776574161
170.27235636291314
168.41890337644665
167.76645363159466
165.5716409320931
161.72588198068456
158.2113945333234
155.6079713873232
155.8499454087381
154.85076767742098
159.43900090230974
167.34745597319693
178.10619355941057
186.9043396858425
196.6367585836964
204.4328034923049
213.3910417210233
227.16584479207623
237.80228816097028
245.74215736430443
247.4424240462478
248.8161651038915
240.55211339154425
230.86065030009047
216.66676509239818
205.5362038545899
193.45327567757008
184.83379434809243
176.47741628282023
163.05125436528968
153.679751334605
146.04739037038112
144.10334362622157
144.6207658675907
145.77714522981188
151.05548544651938
156.8601646442027
160.4492618062387
166.49410513822176
168.83331132331773
170.09393291938957
173.27090273250212
175.67723957958924
177.99050160589326
179.5974277463154
178.7155831355264
177.9217617617403
174.49244763035352
172.23729398592712
168.619928959131
166.7928688293686
163.60111395671663
159.5874050554573
154.51762123370827
149.5046744643309
145.53167871109517
143.37327269940704
142.1524509113011
152.47327791840848
166.30922582082454
186.96426512229203
201.32166942022235
217.7466721038708
233.10792442752066
249.6927982206125
275.4352743036181
292.73228460237164
307.40133310262394
310.5456876776771
311.8900191083167
300.50915230854673
281.47413284524674
255.26111598803666
237.57094455618648
215.90407015975134
200.1352954323098
182.1186689234962
157.10546689159193
136.96383492152148
123.45049246233602
119.13804015491903
118.71508737933962
130.45646300855122
147.15129725928543
172.27632132623265
190.06649674966897
209.37235420916068
224.12636859564768
240.34133631922617
261.70575453484724
280.0821104886484
292.831409159571
295.8732639486394
296.9315529725153
286.65848901625526
272.75789059825223
252.94415417521972
237.38456495669854
220.3073268796674
207.65550642168768
198.96016916996237
186.35252920387472
176.1386782266757
168.1844509153671
165.7371421257492
164.1885414906165
159.1244306360053
154.96457587233627
150.5436826714149
146.99375214355845
141.6782316406515
133.2128029987404
124.53923829514852
112.05838397351945
102.70927481758464
95.59965836175414
93.7354493758827
94.2091174141015
98.21167791349798
104.13483264344129
113.58600108604634
119.97557765023817
127.34377276743801
133.336945760702
137.05637240516293
145.7449914390124
150.48319445181613
156.56751562262272
156.93142366295407
157.5421339674435
153.45051712679384
148.79149929368992
142.96744415165486
137.2583065096435
130.79502454218442
127.14786134381295
124.91339024112779
122.65040316463448
120.08395271540083
116.7210557364407
115.03251771735866
112.6862237049467
108.11438796853706
101.83757023257081
94.89913472722678
89.0030494852242
82.33730987792025
