9
23
b
84.03566223974049
83.95477399340788
84.3227882050835
83.41422931055807
84.2905830421188
84.36597063133482
83.46577183253896
79.94944395111509
75.36885667114417
68.50886826267673
62.65135299250832
57.57612679144433
46.09525604969597
40.05654140063329
30.935803746219307
29.20819133484547
28.109911686849568
28.324325238476654
28.37128769726044
28.08271964948997
27.4450569016997
27.40247850834003
26.360273966932876
27.090657074797534
25.952026635550368
23.876422575544492
21.148650106533953
19.911928527258876
19.572911879727133
19.07474700033167
19.30140155072385
19.664181718167388
19.664720143795034
22.47868681553268
23.16450873363474
24.915222930142217
23.462106300990364
25.6416304078588
25.750455389115228
25.534289028944553
26.077719776450706
26.755019626558443
27.42089151744685
28.03331921704623
27.924246842983745
31.657382828406835
33.802999125693866
35.20481586436695
35.889584416152424
38.36655782216895
38.42416039650413
39.26574060416411
40.3570301720548
41.61086724280776
43.20033183316102
46.32982986383369
50.03723246682682
55.504786946261
59.28101004535895
65.18075263972601
71.73941557429325
76.96931818860963
85.79013384088456
88.39859654627297
89.56931482685651
89.5669298974033
91.48819602867943
92.16700798324528
93.30748615511555
93.10499096634658
93.98180605445405
94.04446052103187
96.02386929180994
96.2157030834351
97.83898774317895
98.92308757807184
99.8948915216227
101.11693867905335
102.02759013346332
105.07682907728885
110.06027481058466
114.6613641140302
119.09523972226282
124.5617878641538
133.76460533262403
141.89095266304187
148.94597360085737
150.1144249302164
148.94423492031436
149.27135232279107
148.33005933698448
148.51248997273353
148.5970290903833
148.89080771501511
150.05651234894313
148.85841441740783
148.9804567466836
148.7851342921386
149.17838127296835
149.96945681139553
150.0025936446471
149.61595770976817
150.63932450568953
151.50402884833218
153.46526650137486
157.03607022063218
158.82485382620115
162.29238589134704
164.70222242604052
166.80447349666093
171.13274710208174
174.6585192082404
176.78935650353193
177.73198448480883
177.85106569029736
176.30622256688181
175.28836600319295
172.89261586838913
171.30391955791913
170.7535024288375
169.48719155583103
169.1416673928616
169.01673035760942
168.3485091510538
168.2728834552391
168.11358015666352
167.6239694972497
167.26988714207553
166.00721678862467
164.02260526365288
163.08521037122657
161.8612889819656
160.13292714362865
157.9728742982362
155.86175369575238
153.8434665648423
152.18263541201327
152.46518089800315
153.20583225798853
153.93413290435169
157.46746643025335
162.78784036632572
166.07470318917848
170.2307730822039
172.71530335027666
175.4205786949426
176.7851829068679
179.70495158038537
182.15698903662442
184.23769662702875
185.25759048787754
189.09260874198313
192.80688244586673
198.22427709603448
201.68317550582486
207.7538726610297
213.94795887303226
220.20995056068242
229.0087741987441
235.46051776117145
239.52277408426949
241.32910320037274
241.09170604791282
241.07958791988128
238.72901538271597
235.13532580749788
231.83486760369283
230.69994952734794
228.15826750156265
228.04422535048639
226.83678220601496
226.16959929669872
226.64267311592252
225.38803508421876
225.48940474910063
226.1549672632447
226.77310048014616
228.49720686380638
228.48709843365702
229.53222128426518
230.54635055987157
230.8038714427401
231.32567843504467
233.0542979837237
233.0078366500915
234.30761984187643
233.8228879315611
233.6981311667108
232.79205394642835
231.92438517157734
230.9356937828477
228.4660172167939
229.10571879691196
227.14985433957818
225.1586896756384
223.19865583768845
222.53011752789746
221.90263706036265
222.01867660848407
224.14855079645355
229.27801411896283
237.10829283546244
241.60326171978446
248.85977134019944
253.791497650798
260.9039563906372
270.80920256679406
279.6102037941333
285.2156403117757
287.768494975813
286.87612719861846
278.57523518788594
266.82973287645007
247.67374481741288
234.78645589630537
221.42391316459828
196.51714667203578
177.15050814935836
161.69729642729556
164.368585954904
166.58745121039377
168.3795835658577
168.7902531385548
167.85802103174657
169.2569391966594
168.46367725289716
169.11330300792594
169.40633669619783
168.6910101919534
169.38179876890152
170.0787148503977
169.5747874830844
168.31475111489564
167.12015581470362
166.8444122365338
166.358157906797
165.42516798040228
161.1521903383978
160.8347035926965
157.07800692160012
152.59594500359108
148.69893243313695
144.34314006241655
144.42704579561806
143.34210739979574
143.67710744247498
143.88789197926567
143.50346552506366
142.41719622844388
143.8041453084981
143.58476754479872
143.2638851529585
143.246628485832
142.3772268334153
142.5061979573635
142.45841320628568
141.42226564109356
141.9388326818613
141.26173581527655
139.62091965066256
137.25118768028742
134.7316834974702
132.17356009412188
130.04105898709946
127.07764693016146
124.09896054670004
122.38894373701875
120.21621279873435
118.34592446019873
117.39474946769309
116.88247764280415
114.784135060502
112.67378956963707
111.64414538312988
109.70723100439142
107.8223753427496
106.20858921667764
102.50990742178719
99.78521576119346
96.80120442604036
95.88630196313294
95.44100477025626
94.30541587275496
92.62788525802081
92.52599295853989
92.02601837866726
89.90826608025552
88.63805734445705
