1
17
e
64.67195743438396
64.95628312424576
64.57066678910981
65.43135683866794
65.37325828260373
65.99195718518605
65.2161135597323
64.32361430265959
62.856298267993516
62.409007288267674
61.343687592733836
60.18646282410509
59.61868983318809
58.33305502323427
56.594412699864655
55.485825453258705
54.7115514148715
54.87922101115471
55.65100560997011
55.737200272300385
56.49806344475739
58.619102074346024
59.12781954395459
61.255795780371464
62.57374473309902
63.177914451088256
65.75215879724773
67.1918382094896
67.6683464469861
69.13725715132126
69.05757953856453
65.12479413892756
61.840287300329365
55.59807615974541
50.953513089601145
47.1124092644554
42.43794942675565
37.14396035771756
31.188737051811472
25.656861306339305
21.268941929867115
20.954758445240568
21.035322963265664
22.959271452334466
25.51068484461356
29.180478771650048
31.748626212113518
35.06821834965585
36.66907610625098
37.5349348139901
36.790923168591846
37.15324998730877
38.62600438222239
39.234597265471436
40.38836097468891
44.89082150503059
49.14827999599765
62.364830705986904
72.54956189000887
85.85067091853041
96.71629915562458
106.83543171956369
122.36415677894702
134.04022702392615
142.25899405063873
144.22612752909964
143.5736459467872
142.39607626052165
139.1464054656463
135.62950490014555
131.12176605188435
128.80592245340432
127.80899048443361
127.63208018979563
125.90785231154995
124.7446158958214
124.28274596831771
122.85346982716231
122.71559080325962
126.79837924426417
133.04264941982586
143.67273418942335
149.00477505346188
158.11965270485786
164.4240773981327
170.09214843303218
177.72120988178463
183.01948460533148
188.81862543504232
190.47517318642355
192.0213354089018
196.49757121328696
199.46089889675656
202.85753345962166
206.2778273529318
210.36549019270893
217.04937252215692
224.87481658157242
234.95896937918212
243.48966441593797
249.57775435996425
251.84044895162052
251.8402938629592
246.09847171064186
235.65382436231667
222.09625419274565
212.08594393238752
200.94476378443005
191.73661653883264
181.5406828632006
167.37552875599732
155.15008518707788
148.41776164676514
145.2386982323178
145.27279088359234
151.92239198175542
161.125255709605
175.19768880483068
185.04256570609422
197.3414239782507
204.68363992187972
212.3275468716436
223.7270655843306
233.10701333596865
238.23852464153308
240.60361776189356
240.41836642599566
238.55564586723784
236.08711380494225
234.3270726875572
231.81856921355907
229.09332031514202
229.62853119900024
229.07446365715234
229.18300655674054
230.06402947200547
230.33417447874984
229.30612620899788
230.51447733186163
229.44713230107203
227.799135268907
225.09311805997646
223.92938176854938
222.67706021079903
219.09971392985662
215.59163954586785
212.35760367112195
208.5950114390751
204.91816034699696
203.431964641231
203.71942885677808
210.54162493708472
220.86316087220104
233.89270451591076
244.87567732551423
257.77792248202576
269.41967211533523
280.943216878294
298.2788842266106
311.26897309578754
321.49396839741627
324.5681606221058
323.9204369142046
316.09684370903557
302.86877682499204
284.00631269537087
270.5639470662243
252.9377444871423
242.57362957458946
230.96100509939262
213.38978014021558
200.94414668445023
191.3340845074921
189.46010872328898
189.2963383597453
191.9247076091661
198.10081412179863
205.20511447185348
211.29729879816128
217.1404211969183
221.33238230687027
223.54261784345977
228.7437161281844
230.97175509656373
234.12636284289002
235.44384770522814
234.29279786156079
232.66413309287677
228.7642965184439
225.24982209941192
221.64798709092364
217.8588358956418
214.62751240113238
209.5330854354112
202.64654854702638
194.8632045093297
190.42345190816664
187.43674691135553
187.8662882475943
200.2185893107623
219.24415420095522
245.61262736526382
263.7236406499604
286.65141217692474
307.15090182848576
327.4435342526013
359.75331731700453
384.35948920011305
403.6741289090964
409.01918753805234
408.20834618514834
392.5262310577928
369.27071459196833
336.3063566153268
310.8347887189932
281.6428085587604
260.66539563041414
238.73695097717717
205.98313156875153
180.90799447106957
161.24536121043303
156.4366097403431
155.8160527528465
171.36935784312467
193.75098082566095
225.85292789993005
247.500751430073
274.92055305749955
295.2874166170781
314.4892900795379
344.44460906962775
367.5470798579577
384.6065523933947
388.24728398185783
390.0961216444375
376.55531951394573
358.5648468587717
331.2630521043126
311.83281288660737
288.8467715999091
273.0632703887058
260.87559642427345
245.22184286876478
230.29552656108618
220.8611622522305
217.30586270380226
214.30436103025875
208.84746129284335
203.09346693848585
196.91285864062027
192.70256536357076
186.14694135019283
174.25361797465217
162.92401193531592
146.58683792039486
135.53358018865592
124.70190374533608
123.015718941089
123.04875176155667
130.219727559575
136.46081902053416
148.57644378136175
157.81094814299212
168.06449474904508
174.78955349957587
180.90103582840842
190.9978145388323
199.46215613880935
204.7138930674242
206.0681437753416
205.6270330073506
201.17085496311756
195.714408156795
186.21194977032798
178.75254312100685
171.46839521889282
167.5593951718945
163.31650954906178
161.89270449357696
157.63984749071062
153.4602751203805
151.4901149568933
147.83035707557218
140.6597617957901
135.30236618803727
124.55584344727072
116.90082409445269
106.90003517368908
