6
23
d
129.9135338594047
130.43078229828515
129.7703892452094
129.64206238176575
129.75301122831615
130.44588622039976
128.97445990072262
124.08180755028427
116.11010120466855
107.28824567597825
100.08935582453722
91.63139946844865
76.69289218117589
64.77744607074624
52.21958938618845
52.0237566726636
51.13946594534253
51.65283221902191
51.292764195241915
51.43802790443809
51.32734570238991
51.33965792547854
51.26188500069074
50.58794439661083
50.0531147856376
48.39276320319566
46.42960698629092
44.98648841119458
43.75634146309171
43.21635456556722
44.00756078624199
44.26765425790153
44.08736299550645
44.88356911717741
45.28274803216453
45.99870489959422
45.39001884707776
45.06991254208338
46.45764850544016
48.10175229283015
47.748076715932655
47.71740340879543
48.73904500980103
46.73938153992087
43.567925335297396
38.904358545059615
35.80632352999369
31.388682169115476
27.42315219895093
23.764840912125983
18.37781755428194
13.318316268139034
10.423543311822245
7.6675064565461675
8.282191388279134
12.580352537645794
16.852626818071645
24.003659505978028
28.895379615036187
33.8334536981872
39.07447817121931
43.06207501604249
49.545142393666275
53.13124179905319
56.83489045452258
57.38334390287116
58.438328180253
56.28915807714899
54.52725868664872
51.58512739063988
50.42731751564919
49.278047998814095
47.99703924990669
46.217071034003574
46.072145168194496
44.288415674808846
43.53936068637443
43.42773877275376
43.4069363830877
44.737986735189914
45.1386185137444
48.04906241277775
49.56577396636459
50.88198313824116
52.16177190072577
53.07795062739055
53.70248182887026
55.03437888246335
55.394453140509746
56.51370956889484
56.93920018103732
59.26008269346748
62.292389773374
65.43725796171083
68.7988812538628
72.35958508633622
75.90166880218254
78.2027546159726
83.97943719711868
88.58593311794819
90.64929938514243
91.5187415307388
91.65324753988158
89.79723247001438
87.45157017698905
85.22587147433995
82.31289126678608
80.25690886209442
77.68441290172377
76.71037494074116
74.39629633233717
73.56515659684915
72.15351497424457
71.59687231099848
71.16500908184652
72.0985117892074
73.40029087381942
75.08600426195274
76.26818589593744
76.74925598200201
77.26269446076955
77.64222693868169
77.31650073706813
77.77936906798277
78.70452367753623
77.08145660214191
78.73108976845485
80.51482896787138
82.25705339160376
88.17753704921543
95.23388594744867
102.2365734781759
110.88331910205996
114.23451487792266
120.68848892009423
126.60305081832819
129.12559996351018
129.45096892399104
131.19593828859965
131.14001646015825
133.3312133554026
133.82777300492563
137.02262361199303
136.59014282256135
137.91224528494988
139.5246346258724
139.83239183871842
141.48037210594802
142.6023184347275
144.55725969701692
146.5909647551644
152.12014398186795
157.40037021496227
174.7757724519781
186.60655118294048
202.0105577720019
216.02478850600966
229.91589083416622
250.68659877075584
267.95328267911265
279.27165137362437
281.8323343089324
282.32516121366854
274.28400356647825
263.3515703837555
247.94224861462223
235.61051061353382
222.68458494683506
204.74362381049994
191.0243515670697
180.17651941605675
182.0891637358437
183.8743610751287
184.6237377019521
184.56135145065454
184.25337920096214
185.73235653296553
184.6777619604844
184.98414215017957
185.5751445124188
185.2465755136437
182.87905401291982
180.7759687366955
178.36673812681695
176.05493409495568
175.7766718529129
175.68857140643303
180.08472399676097
186.257646065412
196.29521923744772
203.29161682875255
211.02296476472242
217.8793382732855
223.57129102332954
229.61331309074598
235.86145128118133
241.72223719096112
244.48245915806586
245.6754530594535
249.51614122405465
253.15635460220048
256.83340132357034
260.25982630759853
265.3000036908079
271.9539435259566
280.1509768360144
291.26526986356566
300.0977517727941
307.94501262354885
309.59729561856733
309.7807033778949
301.550165221182
287.9789909758969
270.78630847931953
257.4504597042942
241.77793821692566
228.75903373539307
218.15553375561058
204.43639526620711
193.4412499537001
187.16566635326697
184.67956466196
182.38209225873385
178.72790714869376
174.29560132553792
171.3447792481589
167.58694508347892
162.5682581126362
154.91254433021336
146.75875003094896
135.83431015364658
126.45431174730888
121.39111242465144
119.24540561609346
120.32704327660085
120.78065416039071
124.86956441482054
128.4942232328306
131.05335604060576
133.2515494136194
135.14801418153488
136.49122167944492
137.9831411598246
139.48313985306865
140.10058271756566
140.65747553221607
141.2418195316008
137.68814708706302
135.82882080326922
129.72752772499004
126.67067710868518
122.37076786738385
118.61393634255559
115.4187890710526
111.92401606198558
108.15200524664597
106.39616453708307
105.99015744842565
104.130632506764
103.23020899525748
102.20718449203237
101.6295470880556
100.75519295849966
99.89559965269258
96.43808784132491
95.03600001803825
91.33334553229126
87.16788665178667
85.36143106480324
84.78266176611731
84.26001393953862
87.69142086396451
91.26386658823591
96.88285971867269
101.02285552155625
105.57246836705848
110.6251988840237
115.0703552800642
121.61889514952018
121.0235957786601
121.5741281997088
123.32119696893557
122.1121796403228
122.39335648653996
122.07479503316056
121.67415784592535
122.03323825548898
122.78500467167632
