# format: from_node, to_node, traffic_class, traffic - demand values in each iteration
22
1
d
77.03320483015001
75.08755599068938
75.50997837286272
73.12306386635494
73.37289440875186
71.13322343349105
70.78657996921085
69.30897362508001
67.26200983406254
64.24116807868927
57.9503515226993
55.23151313881526
48.90517542548153
40.717415475525634
34.20818352860042
25.779352611329227
25.642356687043222
24.867773696790103
24.496568050777334
23.481576129363592
23.702465892871576
23.424998989622118
23.553164184342258
23.207895779021115
23.078306949623574
21.571852048768797
21.146984866737405
19.222624526333245
17.892294631203864
16.640543655594623
16.743312410346416
16.878947517040643
17.6368181014344
17.262396371377033
18.51295884201924
20.052093542775694
21.21685780252224
21.166124371151092
21.729967787687794
21.754753769628007
22.966322550367106
21.513044583463536
23.12279142868702
23.25846513761849
24.227454782902818
24.780757144572604
27.737527740377303
28.327036179098826
30.521093979663178
31.9924464436422
31.540774161516868
33.35610093125182
32.66833817136888
35.073959047210344
36.99351034706517
37.200225396228795
40.55157368012309
42.9821953394424
46.44164163461422
50.74527512490745
55.83996582734666
62.06491759085487
67.08439218836396
73.75130608628119
75.52483947811969
77.62784110820178
77.80101713122721
78.03104904696967
78.76962302607893
78.72844362988464
79.31527182152325
81.40947769619004
81.00163628835378
82.37245394353283
84.07675660224301
83.88244042833676
86.3220934112458
86.00349575825288
87.0763553206644
89.06574770848867
90.40596517622113
94.05147734454204
99.37980006687089
102.65488684180046
107.48066647361989
114.65799908679257
121.68182900587509
128.8330864617687
128.6851277152538
128.44376526482733
128.7895711597862
129.17307398331695
126.85732943450728
127.6031766394733
127.51924120935621
127.73034089053942
127.36597537329627
127.4622009225625
127.76035249566134
127.56617355945177
128.78960338804083
128.9219613849065
129.19684714998246
130.26087102253538
131.99588979563111
132.10454260089983
135.17263786132347
137.4566051523951
139.4955434857845
141.8487197442701
143.4418700568107
147.45297907419345
150.2386302165585
152.4131828778705
153.01199378113057
152.54694648063787
151.7696238453057
150.80534841206335
149.17394392382536
147.68928887343833
146.3527313229118
145.76013408809897
145.27055648792611
144.71536404928008
145.62131744771682
145.07718958032967
144.24410117146613
144.65341081153747
142.96058112077094
141.91644909418818
141.72693304778326
140.8378783448459
139.3165713743057
138.21929292643384
136.15450683268824
134.8815959421433
132.51770072127752
131.75634655827614
131.06906339829476
131.23398467756738
133.48471018276592
135.49853439919764
139.71591275392151
143.61368229316184
147.1482449857036
149.07902618698694
151.30623862407228
153.5097359152152
154.01971172413047
156.33629787809443
158.83672913632049
159.42599029056694
162.92413585529536
165.4899726075347
171.30533340942904
174.0752836086599
178.80826867125543
184.50578555449707
189.4219615128651
196.97344946862933
203.1387761348825
206.75807067866288
208.75073981957001
207.9084776634168
206.47349232660866
204.37187193548073
202.73405677940855
200.30236238119676
196.98986958304639
197.17717965992946
196.85754409398285
195.11716580227858
194.05768836225892
193.10269420547172
194.57104460088885
194.09383666607252
194.8701105479776
195.25061810430898
196.0518165960401
195.77477345780486
197.3926295552424
198.5032097533293
198.18528482889187
200.13443870263492
201.43771775212647
200.61438952867127
200.81396387276345
201.4972190728074
201.1002296492626
200.29958953241416
199.33043320955053
198.31260324119205
197.29508621228763
196.99134311276228
195.42194846075793
194.40649997774338
192.2453772796163
191.4306394961052
190.84534457367403
190.63024278813833
192.87184943839478
199.00414333563555
204.7430785458859
209.00106020325745
214.69250146685087
218.48840549700432
224.98469024448912
232.82114797416028
239.36919149459132
245.38608332393846
247.4234742452533
247.6804878405218
240.32752928512673
229.9337067930032
214.33407319182854
202.7182645241208
190.64159200313586
169.65163938707732
151.71215595020732
138.34248230621182
141.34924985247147
143.4974437623061
144.08333163811233
144.05180179233716
145.50135417037492
145.58873477059328
145.23620545640475
145.44198928884524
145.90749141881346
145.62392795532855
145.450883244777
145.65123925620932
145.28599823832928
144.9313499311608
145.0395609544245
145.23926933138227
142.878987898607
141.98100187453122
139.99464149137847
137.546965511048
135.3349866326499
130.74560040914253
128.41311042103874
125.17003969361232
124.86507346536067
125.11358505169146
123.06887756631852
122.36164581301752
122.99820889610055
123.50471355875914
122.84301420230763
122.90982214116214
123.67636353661072
122.50114905512254
123.06826849252248
123.21424688889414
122.58107716757976
121.4123702647632
122.300274331438
121.61921663232377
119.69065156960794
119.1158062411849
115.89681322211217
114.20024670331397
111.85195401474671
108.79220611455999
107.54976472431093
105.40199753355623
103.31382994119586
101.63423717396411
100.99216542243263
99.58201939527788
99.42533478237931
97.52898483027698
96.33698756405578
95.09448650515544
93.15111191614393
91.70977012127315
88.48835319623197
86.26810016848587
84.96527924806769
83.04180001938603
81.92534811145366
81.41264699836775
81.31185522805457
80.22238404205862
79.200633550586
77.6125611475206
