# format: from_node, to_node, traffic_class, traffic - demand values in each iteration
1
8
d
43.34683074995414
41.65569783277123
41.990948463464484
41.447588856138246
40.96082507573205
40.794145334614846
39.93765299673207
39.57315489113846
36.93853527064307
35.483157111380024
31.713723633411828
29.94621225395451
28.528493063261102
23.443337569705115
18.28254350680392
14.693501383115679
14.529808260521452
13.807371254054871
14.58071345520548
14.224745538464706
13.841724782053868
12.373806522860303
13.797278219994785
12.468157064486345
13.396557693212515
12.702926278675628
10.71323950868452
10.80827615545111
9.831575799989665
9.45761055270786
9.973839293293054
9.641835007406526
9.788685093639215
9.613974469233613
10.29797003622063
11.751171880717592
11.712312478691537
11.762151262867453
11.594358747827098
13.156847804192964
11.760413210951446
12.856502740177202
13.742912206056705
12.964299854444105
13.981937003435561
12.885248438750864
14.879763403027546
16.683584968507734
17.37576250936174
18.154009898705134
17.95744852806223
19.458939268110186
19.239603174258367
19.455121244574865
19.74818851711424
21.672536102933854
21.79997389452095
23.802265334391045
26.987305803712783
27.76094259592105
31.91531517681782
34.60066063314678
37.23968919057566
40.314072979316435
42.56821013447875
43.57540727567072
44.005703561806136
43.44100546533786
43.98726231120158
45.153052004292306
44.18155292894041
45.03190773434917
45.52220604312507
46.434984626851815
46.52731301575092
47.420768587821115
47.72681903181298
48.42678059267444
49.4465755592693
49.309388450248726
51.37270267947818
52.81999376263192
56.2322362949827
57.702385776953975
60.2492019782606
64.15000718289267
68.86742511627445
72.31087370616055
72.46165297404666
71.66530711062738
71.46116993443673
71.09569992737629
71.73381865293696
71.6261227974624
71.5904539178136
71.43227179182955
71.78228378688591
70.84113197037664
71.40352434515869
71.21852364398873
71.808451212727
71.46197452529314
72.61446222290432
72.679385102146
72.87064613350563
73.86245914147834
74.94068858110367
75.92124375245014
77.33196642331181
78.54167214303983
79.59811178895667
81.90655061045273
84.42717816994379
83.58251055241482
84.96673990536281
84.98750611600381
85.66946103232719
84.41454536122674
83.21362108699755
82.86953731315259
81.77307780069442
81.66330534261067
81.84535434963696
81.17331966551878
81.43729941827408
81.24667981910932
80.12112906471955
80.77520675721865
79.482688968169
78.97599866542446
77.7278566560915
79.12895211769333
78.19587473528743
76.89187784989572
76.41345922022755
75.51305114920305
74.76876638564717
73.22234805771807
71.82356742214237
74.40444729303628
74.08440082283454
76.00232506075452
77.29556254770777
80.37050430581517
82.01872913327168
83.15632138074551
84.2877497983799
84.30295853230552
86.04323339069272
88.46752296782533
89.32767139064553
88.7643612540408
90.94304691056648
93.61703211878796
94.77593595731312
97.67700950355326
100.05593386372834
103.36137818377917
105.86331360454801
109.65468999478544
113.4095100303369
115.93937340468074
116.36936647764996
116.77499558174921
114.87716356003654
114.70309127714141
113.12720337859858
111.50697049371135
110.31485010832074
110.6223674691452
109.42610976962662
108.74909295451987
108.84003806634801
108.70770763824099
108.6854339265951
108.47396381312655
109.09275074788765
109.02990024215515
109.54056950008055
109.6894811970177
111.02647708606311
111.20658033840107
111.52347325894075
112.13434179778051
112.49659597563034
112.26788619974992
111.82699484200666
112.93330458099508
111.97373499238705
111.5802705174128
111.03520634029616
111.34921756969858
109.510738398965
110.0781511991793
109.74172637046264
107.77990668824701
107.14502577457972
107.48016099288535
106.50711889035473
106.1650214458203
109.03164953370477
110.53405610929282
114.96500402024346
117.41090728071703
119.69150910234336
122.66180858484026
125.68414531441248
130.52650391393883
134.25815558849558
138.32135107152604
138.2926039319802
138.17013563507376
134.47844329439621
128.79005436453235
120.03537575275878
112.23831948214534
106.30405242893958
93.92986296883247
83.43987539278314
76.76131786183774
78.09655793634414
80.90433215953225
81.25240980628847
80.43877353961311
81.6055180987907
81.25762834874682
81.415478028004
80.21907950191195
80.47602419990437
81.50771512502989
82.24094273558015
81.66575349189367
81.5620323446272
81.28704984112304
81.12438178171709
81.15012570486809
81.42086680161158
79.84497029787649
78.81984275922908
76.68242602300614
76.09502224856541
73.15459785183333
72.26233368900168
70.05384727242098
70.01856133166818
69.05884695215596
68.72433387212752
69.10488481939083
69.37139977348025
68.13805121558697
68.86007178353992
69.60758017305015
69.44662069921995
68.49493725652349
68.55255248113394
69.06815548325218
68.9753467768601
67.57514666152643
67.84746341533176
67.74245696004456
66.37376033101923
66.56198110324137
66.47650186906914
64.02603360213239
63.09928670850232
61.3556854322661
59.53079794738847
59.06229161791966
57.46035311798429
56.28316076700129
55.990086940119006
56.649652586745596
54.73499044468284
54.418727226927196
52.98217540472663
52.474861665485854
52.15468783413286
50.719631441853174
48.837303870873626
48.347931873237066
46.74054780975848
45.99698583078139
46.632283840633086
46.30136838826812
44.598240748068164
45.003950385745895
44.57698533678747
43.11976456269519
