# format: from_node, to_node, traffic_class, traffic - demand values in each iteration
21
17
b
79.82072920949194
80.13834453880081
78.49664498266259
78.17738561535621
77.7143129010359
75.56588629532759
73.9294839241621
74.43858742048042
70.16681968107481
66.40709151722243
62.62367491356842
57.59903796950943
51.855523797008566
42.61551118088951
36.317163891660265
27.22359949594957
26.48523896994801
25.327161789306924
25.430880175963665
26.076051318601518
26.057952437268433
24.285626528879583
24.55566865269523
25.832086107422207
25.74177669936799
23.065838679470048
21.608678333495426
20.26363393918473
17.868205612103143
17.604269391011382
17.45762441637919
17.885570988684393
17.918168566694217
18.148405323897908
19.55535601688765
21.4007523754985
22.408708171366083
21.79710034819496
23.080095238502178
23.58292952488287
23.562184783043975
23.779289298546296
23.37959792986059
24.227425194570564
25.42395272325777
27.299468026803893
27.454530172509486
30.282070582279328
31.17865326568319
32.7371085121459
34.7120758532667
34.49319612361473
35.016197456552135
37.89881941070742
38.19624783372041
39.32197298457445
42.206534943906085
45.663887725755544
50.14098802128777
54.08951808216689
58.176985867518624
65.27800462071133
69.60922712867556
76.74540527533678
80.2431904447334
82.28815509397779
81.22845511162134
82.89508384069626
82.82865125992998
83.73480936909654
84.46426367877687
84.3343993821616
86.7137345413389
86.98887543340476
88.02814973258731
88.79932078649212
90.94345356552377
91.32276194386398
91.67205980195335
92.68416837764927
95.6794814128787
98.94411467439735
104.01606995497642
108.0416129474134
113.1936780376124
121.77465625692645
129.18806120178243
134.98974984000367
135.63009268954775
135.0059352241457
135.22607622619722
134.63599544703695
134.93118722754758
135.32248615127227
134.9106913531497
134.27062003433494
133.69507032923585
134.6958254280168
135.86042859562943
135.86069016449994
135.46582563772162
135.63924232148236
136.10024915978588
137.36846608245295
137.27854374350431
138.496463207085
141.44575683829538
145.04496760137573
146.88177465147874
150.01287162671582
151.79371134897016
155.224336756608
158.77490907655474
159.61496518450295
160.6893681485034
161.2271417108921
159.96189204487231
158.04223466216203
157.31176141018224
156.54200729501207
154.75842287632287
153.79397535497145
153.54282521991314
153.151276401449
152.92493128797764
152.46064749623463
151.31587133434078
152.2256293273593
151.80919916395567
149.54608349151255
149.35390832866088
148.4052508889325
146.84023216746502
145.35892893080748
144.29311395801244
142.071960924118
139.5874312337931
138.487302051998
138.26837065962545
138.42636521369712
140.0169445611756
143.28123141306042
146.57660103424084
150.87493604582335
154.28212272431804
157.5574199501998
159.39123740925362
160.94839870340502
162.8833276299971
164.48419377441942
166.68376725271918
167.9615615094253
172.30264985452865
175.55244335464042
179.75412967025756
184.29669693775475
189.13318171351727
194.00209736752348
198.759903795761
206.94996107217509
214.1418613636901
218.15779301111266
218.8208593395832
219.37954833504196
217.08485687639458
215.51208486244388
212.98539205606093
210.60260597133123
208.79709083638917
207.85039160509393
206.3345538842517
206.22318601098075
205.49762472507058
205.16920146341002
203.86772169691417
204.47983247062038
205.0027088251416
204.834117256413
206.7140684753556
207.78472126498372
208.70437776332562
208.68022592289444
209.7538626217698
211.68903070201972
212.31245393037923
211.31253005432725
211.76020500569726
213.0086038931171
212.53591287774242
211.20115150951486
209.3930721582484
209.22554946287374
207.65320666733186
208.38325503457582
206.46328814018523
204.7835673425252
202.80756015702318
201.91116405561206
200.6677262637052
201.34794347147934
203.69708076223588
208.32329865561505
215.36485259223917
219.96294221327759
225.77633425885955
230.89519577819516
236.4495087090204
246.3962105310638
253.3768143631242
257.9524571661815
260.9766740390898
261.18388127461424
253.37808119902382
242.42072928455957
225.69581659551392
214.03140477803322
201.03930357438622
178.5741235719223
159.58514312732004
145.7544202872861
149.38555603068124
151.0673141856002
152.42024134132058
153.21774814645843
153.5271297874016
152.86587169170176
152.71309544959996
153.5430528580718
152.1628388531403
153.34993349598457
153.97056898874575
153.48506584518972
152.62728020654737
152.63582166782018
152.121793378537
151.67710462643774
151.1471767560281
150.51182272552157
147.42891411908008
145.73089190563556
142.29189424592366
138.3260995001556
135.47460407908832
131.52818343552312
130.76624903981596
130.51212023461687
130.36958035493706
130.69814015356906
130.1157502417441
130.3071226203679
129.55770326323955
129.97294030381286
129.95773743180982
129.1784399340304
129.65882003539392
128.89165565054063
128.97503816280346
128.62299322288547
128.23311913486467
127.65588340150886
127.22417374208955
125.69343239670873
122.8076115022479
121.06838037943731
116.73642410662082
116.232835479205
113.74988677210793
110.94040751187109
108.05458704667927
106.00302660159876
106.4306582838826
106.13812631743673
103.70789643628649
104.20905263564852
100.83267031017807
100.1166814687742
97.93130362635458
95.12575943631397
93.73037876259002
90.87632048100977
89.42428109466518
86.53019296829397
86.43981868411993
86.61180343430121
84.49257715390901
84.087876422562
82.44386861494381
82.31592775273201
