# format: from_node, to_node, traffic_class, traffic - demand values in each iteration
14
12
a
101.1080630881618
98.62205351743631
97.08236918055817
96.82032188167105
95.78666260820005
94.43407842099542
92.73154852833592
92.5442091846672
87.90951024797775
83.13957212404438
76.15382167449722
70.86931727085843
64.465669827777
54.186699752604305
44.880319952113815
34.07986762648409
33.13447044735091
32.60618026187114
31.770849995991682
31.43001960409059
31.681076559744948
30.49384947848435
31.607559349491886
31.34079944403869
29.949383623517267
29.09480308907688
28.045613876370837
25.993175250812456
23.51972040048369
21.458007557772667
22.10877377155493
21.021533653426825
23.470822901382373
23.074822959259798
25.539830659851596
26.317966737960386
27.422034649254027
28.195003352637848
28.107986075659177
28.346919139549804
29.52591312231125
29.459441753814655
29.934249986780237
29.73706799024061
31.11628116929273
33.007730078250425
35.97080421670912
36.468334677381655
40.06862221714206
41.38178844399704
42.462444773945904
43.85268064821706
45.505903406583194
47.20672604071857
47.567139734411924
48.36297374652606
52.059623671737185
56.019888783771755
62.36309650076248
66.93987483267011
72.97002116923062
80.03016255598304
86.81786473566925
96.15476018281045
99.10494557153515
101.35391195935905
101.75790722581678
102.10790682706912
102.35771961368732
104.20258966294911
105.46525985558354
106.42796546964757
107.35726712987288
107.53612485587215
110.29932260226953
110.66006309581248
112.35414296755128
113.61244075205859
114.8273232414182
116.69552358594717
118.9709727693849
123.50269416964066
129.73640942503422
134.72256609710942
140.98659202551337
151.0614626319798
159.7392362471304
169.39099971247492
168.58059991316395
168.546168212696
167.91218678547656
168.7817735934007
167.08668045595232
168.33024267856362
167.969331363146
167.4927945274324
168.06169926460026
167.49149776562152
169.40240574431454
168.34364767173082
168.6192762647559
170.24708512439835
169.8350850566243
170.150863756572
172.18242050363023
173.43844560488145
177.98125632309637
179.00641792967966
183.00512487226356
186.47867757901406
188.90574272763521
193.65670361535274
196.67742379614202
199.94498425697307
200.583352800605
200.7110158897491
200.1117388635375
196.77661848533535
195.74420858982103
193.49480501211357
191.8189641016975
191.03278950678902
191.19102687683701
190.44626475196313
189.03934041880004
190.1164108963362
189.94224840070265
188.36755221667065
187.9128859147022
186.49516894906068
185.96667339589607
184.59375862857453
182.89011170934148
181.98266542473436
179.56334575342152
177.21851380754717
173.80980350904278
172.34375376129083
170.5910849891241
171.7126573956543
173.8686194877209
178.66829965710775
183.31158636907335
187.3882918191541
192.8344881671606
195.0995176762164
197.08883720785946
199.85309546183873
202.4132253058246
205.09260458491002
207.4777339101816
209.42948749444685
213.79296085391317
217.75472605176765
225.12233550381873
229.35237181706015
234.14366833816473
241.30539926560812
247.82361794736627
257.8724612209907
265.20738720706885
271.3216156736176
273.51312658500996
271.6468580590094
270.55906234827796
268.59300296618716
265.1161624369316
261.05802786651196
258.8695033098938
259.133456231745
257.3994699116595
256.13580451505686
255.34553168248428
255.3939825841668
253.98380674901372
254.94600330630422
255.79310666144758
255.6498988064092
257.11976762559317
258.18157483170796
259.5033892347061
259.54823438313707
260.9376273184581
261.4109668399164
262.919708713644
263.995808173167
263.91835851093504
264.20463773009743
262.91784618580203
262.6220396982022
260.5523098530475
259.9159906499205
258.66010467164585
259.11626062696797
255.58526206644328
253.9581009792837
252.5921488960612
250.25933091749872
250.41882966819645
250.20876643351866
255.1497424763911
259.8984346926506
268.29580787209596
273.40417356792375
279.9052755509711
287.6368937762618
295.1351043785465
306.54222835142986
315.3784342538775
322.799666024249
324.02719000574706
324.3744345940605
315.59514409279285
302.0471796461216
280.71723577608856
266.02108258252383
250.52250457114064
221.72028588963266
199.10081178526832
182.4491761642091
186.12495389761833
188.68256907408647
188.9953486586975
190.12631545944822
191.66046991039804
190.459549560804
190.34104950321873
190.06237161202455
191.19314271545247
190.71887894032687
191.9146539003278
192.07581848411724
191.37826286252707
190.81710625229852
189.56601134507727
189.3109300614778
187.74445371554825
185.94127383476018
182.78196369914085
180.30771570549513
177.0766516616278
172.31192612910235
168.1400888362904
164.08357433177997
163.87962459986707
162.34755582310237
162.9461300460242
162.6238858983116
162.84788040415057
161.9666379820867
161.33047837598826
161.23751727544374
161.3926727902532
161.51099961451118
160.76374642154568
160.91740897831187
160.53462672158284
159.951193834843
158.7542913120027
158.18974182544787
157.54315351859057
157.01371084157526
153.60395728186407
149.54594627769507
147.5580843702402
143.17939232459213
141.2317005365059
137.50285750762697
135.3998337906486
133.25511105695816
132.49140295118363
130.7060444723248
130.03331597943586
127.46071069870449
126.12587397038777
124.34525930136864
121.76771432896429
118.50191096952247
116.66298569736504
112.4611610046259
110.76413408010845
108.23373695986646
108.01210593873817
107.34549337487614
105.65132021409411
105.12415100512861
103.84343227222882
102.12664068645681
