# format: from_node, to_node, traffic_class, traffic - demand values in each iteration
8
10
a
44.45012830140752
43.87985463790798
44.11742971666032
42.83297446366871
42.6511735041287
41.1360801365181
40.83144089555156
40.484637296235924
38.39956681847631
36.618437610449284
34.097874454830176
32.06061657274452
28.72857412881039
23.416925150904714
19.96643413196103
14.98043234948601
14.236475929744026
13.549021966673198
14.138416190260141
13.832296935557691
13.429863402926257
13.906418815190948
13.311026178138126
13.913675095506004
13.258784807864924
12.46915621357904
12.662741199714148
11.78271224573364
9.61740917838642
9.975429213750392
9.08600068603944
9.573687411544373
10.859505841025285
10.642281875816971
11.128161469333692
11.692761165979935
12.609365510153337
12.840966619480339
12.094506553793256
12.549000598178655
12.055077177351935
13.278328592442842
13.340679842853008
12.943600228028078
13.602793484790865
14.887464465364292
15.99060130617097
17.075156977468257
18.77896929862291
17.631985348249092
18.709977699942527
19.399560935070305
20.577644220036344
21.39123977981819
21.127731403299062
21.606660737056202
23.304580081619086
24.602238490742334
28.136220344913916
29.57233280091473
32.68044725223201
36.80505032415834
38.962031298790585
42.84952967747461
44.083587003874534
44.44290646356271
44.812320591428005
45.873837627470444
46.115545675125034
46.04449152134806
46.20150457244945
46.78636039398428
46.77308813291965
47.78364167937277
48.30115789365152
49.134646279453925
49.74809727899057
49.611076072632166
51.31209008914492
51.96935085352572
52.95596534240061
55.43051691916953
57.416793094006636
60.0239489629887
62.622472129084755
67.10060731588196
70.78897906698899
74.61868184994161
74.94599371176895
74.49417009584134
73.80154767513123
74.67908167110205
73.99854628037578
74.46394303406598
74.77873327331348
74.60816757940964
74.52288651505135
74.96480330786382
74.30754525460763
75.04552039256818
74.4954285744823
74.54656355711751
75.0943537026344
75.80020887908495
75.99181841000016
77.48829225368127
78.24055710669853
79.87812758137949
81.2158421883684
81.95586227758945
83.17992793417888
85.50441184554155
86.78798535480911
88.8070369167566
88.42143229178191
87.76788851149318
89.41619961588681
87.96242985012262
85.2030471786737
85.49631175726833
84.71898911529362
84.16050044348952
85.12089359949577
83.85936504086239
84.23585207294529
82.43287566259309
83.11286205612141
83.61971076951997
83.43314397081964
83.54747370993563
81.75630035115789
81.53604628555978
81.43646393245841
81.22670823797714
79.09605734264579
78.82809538059573
77.14975618855482
76.32914674483442
75.4013635911839
75.10637792420097
78.1706839523877
77.93430757708538
80.27167119500744
83.54709525227183
85.3452055239053
86.20998162921924
86.98518869253571
89.40522088285604
89.75368849613709
90.77815779647071
91.55705013598109
92.69999766044468
93.75440180894957
96.48510271483393
99.01573648531323
101.9043092513702
104.1180376046045
107.05124767016716
109.29382347979049
114.00848543675345
118.35705783582374
119.44692283069938
120.96676836173242
120.34428264006121
119.57753955764808
118.52833927678552
117.70736471282439
116.14492073326666
115.14161160166998
113.88178750017404
113.81624861473995
113.53781441840596
113.87448401231191
112.4798547098678
112.2788303139699
112.32706579976956
112.76144321085395
114.53726983914451
113.96020580078397
114.26011792136778
115.22956165232958
115.21562481961121
115.76888480079114
115.67941748747286
116.13069363598136
116.48241899474391
116.00498779549667
116.59439120486623
117.24544974304115
115.34070167796251
115.33710840401059
115.70328955393519
115.40084723655762
113.66177574188339
113.26425688063087
112.06852509339576
112.02995186934788
110.24047609124887
110.32259018154198
110.14956500427081
112.43733989492596
115.2801632839332
118.04730017099767
121.77213381580312
125.3231582722478
127.58339354191904
131.29052725517025
136.19959433707962
138.6405887425507
142.9453034921993
143.36489401531924
143.25873094179877
139.56748840573485
132.9998198868456
123.99543443125492
117.18804074911128
110.50104024435623
97.87689112027135
87.55711737390209
80.17682071642606
81.82088167209905
83.0749271223527
84.59184153678169
84.6027023041431
84.16966928795465
84.35125839872957
84.01013066153159
84.59456098150679
84.38209593748343
85.3142093430993
84.58369646307727
84.74058720857656
84.39682610167962
84.3139279711223
83.880570118175
83.34298811942953
83.11021427594362
81.77640520896722
80.02443150642684
78.90517934680003
77.80679385239374
76.35930960022128
73.62911642976977
72.55312029443381
72.75492111480332
72.1930742249863
71.14586821016533
72.4158889710138
71.79420376781
71.73882663479064
71.57934802388425
71.6582440476515
72.49663044363297
70.2170376504594
71.43215019915834
72.06568326419237
71.279018816415
70.21281770041233
70.6397105897507
69.96041147512732
69.79531906489156
69.1794408608822
67.90540180994515
66.38305545461236
64.83522905740796
63.858710314405734
62.106718359812255
60.49410164266465
59.76854161608374
59.066461790029436
58.4315154401465
58.026446414864736
58.317478098826335
56.11822742796603
55.491243661649754
54.05232099941646
54.55675981535329
52.96968044158017
50.854763795000366
49.37524313523522
48.29884314868053
48.27529981566845
47.71188574481814
47.49706163413293
46.06516520350636
46.417940434020174
45.66636415566358
45.11884405643563
