# format: from_node, to_node, traffic_class, traffic - demand values in each iteration
8
20
e
111.7477303424289
109.3908407664749
108.70884305426236
107.96681807959924
106.89233806807815
104.29782828724642
102.5123661311607
101.4568904781384
97.38837985840365
92.76571488577069
84.42086299037067
78.33193649331348
71.073233284206
60.04392785334929
49.41992512627889
37.086764714857615
37.57003794187025
35.479995028370716
35.65097423298255
35.256720582964704
34.02304510602642
34.91847017632229
34.30583184496043
34.50555304406616
33.72423095090806
32.0249845432348
29.848106050469898
27.240377061734517
25.477970964461903
24.900391881350313
24.47621178050415
24.302005976529788
25.56394719142888
25.665590216997465
28.21925713975256
28.79072589258203
30.858739250264914
30.71731279722009
30.543002101060175
31.249432756559223
32.16541220364486
32.785228947692076
34.01456754208705
34.078206626082476
35.32116947338986
36.48598505192429
39.97172304740366
41.734097624879695
44.468538347185955
45.776810957711675
46.99371311586289
48.02119866594267
49.20037409654909
52.06147683970344
52.72180347390092
53.79769859399443
58.01611442418541
63.35411146833338
69.45255666211763
74.60814957312765
80.98106184296685
89.94425586029085
96.63273562209574
106.34903538037648
110.96831703524809
112.35561568072154
113.48228244934549
113.52266134907661
115.42386122140931
115.3851445348537
116.28699606762065
117.02331484914758
118.8979283611792
120.53434389252043
120.61986388986708
122.58746465872056
123.71399383544485
125.78707020263808
127.29436535616647
128.20406316427685
132.78047330003182
136.75490514105041
143.58533760498167
149.02080565825503
155.29212073279447
167.98304968165743
177.503375749199
187.54189240857966
187.11093812832783
186.87488353907855
186.3895297702765
185.58618891308177
185.26286363229943
185.6633808662014
185.33223750194472
186.13596797499636
184.76809804628104
186.32978337438917
186.4633383525419
186.45471279424837
186.83433971144964
186.7701228794975
187.91457239275584
188.74121539806288
190.14414686438042
192.0991705074604
195.52654242032708
198.66739233344776
201.68358478003015
204.67544540632423
209.56629707752163
213.96228073830224
217.0495970299621
220.5573311850702
221.02757217482662
221.27952394984405
219.90966350806258
219.43917538600547
216.13784803705042
214.32110569370514
213.2039877972438
212.2513326290155
210.63250024610406
212.03069275189034
210.04049833396925
210.10467166487737
208.81728665266365
208.6707954329744
207.6979107483057
206.73936124498366
205.49501710022517
203.8330794810095
202.51130824257382
200.14748704495548
198.6574027338149
194.979091417988
192.05572368014475
189.6585699230528
190.54578610371107
189.0260149661852
192.70000443819373
196.4832954828262
202.56151881896258
207.93207790134477
213.32190041075353
215.4935282355726
218.11111885894974
221.22573508650134
224.71929686024802
227.5369774364021
229.43513050263368
232.0873056954156
237.0479289439075
241.526190055557
248.05331030420695
253.20893178947156
260.3446711302456
268.0283843348801
275.1469685707329
286.4606877102385
294.5974254951802
300.2917638737221
302.06357293769605
302.1093196664034
300.80217126487923
296.49053883446754
293.7538582551437
290.0566924324048
287.4265470819206
286.35041465055775
285.56572558334085
283.43354548780616
283.56588878723153
282.37784936631124
282.1024937334586
281.52669965856444
282.18591000916774
284.0105913025107
285.305846375322
285.496088544167
286.183324801864
287.0722929099449
288.2699651184138
290.42995493779677
290.8780372911049
290.96581578466964
292.46211150671485
291.85748264807603
290.964706812817
289.94225695445857
289.5002093026353
286.8780615067989
286.7620687508446
285.7461669099249
283.104423995212
281.82750792504885
278.9315140846958
277.95241313886623
277.1640670613674
277.13066432938297
281.27999654908774
287.1557917219375
296.92673089981855
302.8826938488057
311.36252272694503
318.1756575664228
326.6464972253268
338.4262488181708
348.6977338455742
356.1449384870112
358.1955637447273
358.8081311911164
349.2871071711977
333.5745301371209
310.4764419796281
294.9879779661407
276.7000160862963
244.97713154253134
221.17739284411346
201.63390774845857
205.34052773988
208.3077267784028
209.1472370272741
209.52444631078222
211.78975748561095
210.87094347359837
210.40763674816287
211.32114140262223
211.33833809442905
211.85844904275575
212.05564325278328
211.35138856178426
212.24291909595863
210.15072596888936
210.154135499661
209.37491272909332
208.23590389651517
206.31005956445304
202.98591476870928
199.83738435399115
196.04193016147278
190.76828048831794
186.78049127735585
181.77409783272813
179.78056347264217
179.48224095910345
179.85316390931334
180.2039308223542
179.41207697377612
178.89156760337016
178.91984788806624
179.30421863635243
179.12632184198992
178.27531675968487
178.34202403511128
177.28753787078554
177.16968616706703
176.368027105417
175.64625639659212
176.93328600763215
174.93590586900748
172.13512622477987
168.66037263016275
166.35919655949914
160.99743272122066
159.1541228168205
155.86478567666683
153.34790702476573
150.37996838205518
147.95609301052357
146.22139013992634
145.08439288035405
143.8442274102411
141.69610700446333
139.40938373919423
137.35815310752596
135.34352931091018
131.17634773277268
128.5530426239221
125.2606908480841
122.63745168323172
120.48893305370696
118.7867321968285
118.50021914502189
116.85365593494623
115.6068832576904
113.4968688284062
112.46222736014751
