# format: from_node, to_node, traffic_class, traffic - demand values in each iteration
4
5
b
66.0904198764985
64.63123969368736
63.92914139403396
63.796913179871815
62.31249843405646
61.70246793465008
61.287285251438256
59.51598205172157
57.79846231618676
55.28163649631637
49.50281800201432
46.16326614354613
41.78094179785815
35.65630383944521
30.61331935165584
22.90465541130312
21.985118291607357
20.608109133615738
21.28336868587796
20.803792785571137
21.336588132746048
20.467289520214663
19.42637539494177
20.180190091443283
19.922303322890343
18.920888632817295
17.89058654878218
16.283286302924274
14.856915441713182
15.035102287335961
13.960875863618996
14.216922353188941
14.310279899097742
14.888911893657129
16.75430206348793
17.20196790201229
17.515204585738925
18.305851002567742
18.67738985459695
19.468553799545578
18.74950947751101
19.51144686592517
20.324611036605237
19.926750091304655
20.88416207982465
21.629083127937033
24.043184931303895
25.045273138003036
25.866355064674185
26.528999823373162
27.001485439152646
28.18695032530081
28.995548686611404
30.691723318098013
31.393890176916134
32.459436098395535
34.311652718367434
36.547275969131974
41.148567460874446
44.17888753110892
47.21469906408662
53.90117898429361
57.72681047625194
63.98732026975443
65.68100696205738
66.0918973475518
66.44242427825131
67.04833093076176
68.54905737010571
68.08734112125732
68.7790628230752
69.16954730027557
69.31673901885588
70.11304847454895
71.8368416335951
72.44670529147692
73.84407316981255
74.16526790796682
76.35150231177904
76.15566949411941
78.95118599929818
81.0797305742993
84.43018766738858
87.74904347472233
92.64622564605952
99.02291682329626
105.73447879906149
109.9717884195067
109.85555898126293
110.22415065305677
109.86940988712779
110.17877399146285
109.78587132475921
110.30581720281813
110.42830400885295
110.36227741633681
109.68762412093373
110.38851742828521
111.28622340463053
110.59267505022862
110.42152443786621
110.75408199973812
111.8596295053193
111.66835781235255
111.98230610161278
113.3081980252836
116.59357623091293
118.52292037601761
120.23836956220217
122.40035426303929
124.14638041078169
126.20674970652652
128.82212387850595
130.55196758842933
130.33092856545986
131.08325853026383
130.87770473489687
129.88877132502625
129.01012287449754
127.17481760731714
125.56209881210917
126.08392468153279
125.03609964717306
123.76442591145502
125.19499628996003
124.55194352524764
123.96262214718507
123.77915566010759
123.36630033190816
122.2813936356168
121.43231718269232
121.1120637896522
120.03483642616241
118.9132582390776
116.98140397628828
116.18831073619215
114.66483556272142
113.33638860999307
112.10920250197665
112.63732888328286
115.01627372902814
117.23148192459644
120.53787429938892
123.6991512644221
126.67548302403662
127.81880101721634
129.26793139014586
130.75169327039563
133.43134538879974
135.43527990121981
136.09956678064358
137.6030687214304
140.0300200274801
143.05314863047752
147.35568680935953
150.23519446974885
154.49994643540765
158.68985532995782
162.57054666945223
168.99340080253353
174.36307699785684
178.2973274638821
178.97867192949028
178.85435986891534
177.63007926714405
176.285530744796
173.47531828595152
172.68653209878082
169.61290055449354
170.02512696720726
169.8098166214566
168.60384630998453
166.74204809427044
166.86563338601687
167.54544915705648
167.75454921424176
167.5853663548683
167.70839137600572
168.13940602601747
169.92474584850308
170.63357838626715
169.69230062931229
171.03213228903286
172.39056469229504
172.90275305244649
172.7219471513362
172.18056682736173
172.9923975722556
172.3534821565458
171.62098794106845
171.21847268504504
169.8615561052282
170.4318057327361
169.25752036225268
168.09999977974792
166.70503640459427
166.4513245994313
164.71472128199602
164.10582384120661
163.60918299903673
166.95896297910633
170.14252885773604
175.3759369125663
179.92060829619496
183.7016864671558
188.58986646354495
194.2604626234926
201.25167863481687
206.48340787985344
211.264007531506
213.30819336325615
212.23557764117987
206.90507942526835
197.0976259824333
184.60779948788363
175.7774221072231
163.84970103040723
145.10691859016737
130.31448234717007
118.66790463693401
121.59068126606721
123.22634845079713
124.06776580457137
125.07596957999704
124.8137143215559
125.09900860869077
125.38372664977729
125.20800114308807
124.5606209418687
125.82459412373352
124.89173562442228
125.89692876766524
125.12432068423574
125.62867519880663
124.34730919488133
123.42172126837688
124.25116678272606
122.67835473345615
121.50533827842037
118.30000385849442
115.68931449700318
113.44448075460933
112.13175219749652
107.08807631855689
107.57142252306788
107.06066881945013
106.63487388876867
106.02138496312212
106.8212644694606
105.85134067458468
105.77252123328775
106.49151537136646
105.80819834133636
105.23505995501299
105.67687528037034
105.32599961178829
104.87602085269938
105.01645753386475
104.40831924205632
104.26710295973012
103.53984925506413
102.02439479890937
100.26886185396847
98.3301061119011
96.01569170558244
94.323272012444
92.74338740513699
90.7799016311948
89.08853964142727
88.04730626815585
86.86708667704858
86.3935903502484
85.4401345557595
83.82068978226569
82.6037885524873
81.2447542307435
79.76696300862598
77.99934660818394
76.19281046372936
74.05356291547331
71.93618214898187
71.07867913850524
70.88385945326402
70.37486754010253
70.19882361111792
69.85349894752949
67.96509675518799
66.81607998354774
