# format: from_node, to_node, traffic_class, traffic - demand values in each iteration
21
2
d
45.63499622370198
45.54876084294525
44.43338593948743
44.59361158370946
44.05981279614027
43.43147764006926
42.63169980043988
42.08913638193065
39.520087515549406
38.98930902356011
34.54293309935882
32.839303491032965
29.42449323139
23.863549702240093
20.794797021893107
15.626029724467788
15.12111329002837
14.458049195305058
14.248841479002989
14.568626783795127
14.80884751725085
14.33290579608789
14.07501786594485
13.227923189260393
14.092844627568347
13.991628247165654
12.350191569807073
11.671010713693414
10.85626435732583
9.21281995627713
10.200949059413881
9.325106710634795
9.76620038390178
11.349681920734238
12.009685518061389
11.005204100014836
12.571649845712056
13.338124913528915
12.796038803795183
12.861910820171436
14.047385569123811
13.288038059164098
13.464399806610007
14.887329563966778
14.680129749904323
15.845800364563765
15.486818786415121
17.059570567791393
17.068485421146086
19.708773319122347
19.081153616562723
19.918118826472952
20.59185143973737
20.839485536983126
22.30917391856884
22.58008389536819
23.730299649510275
26.469090616171624
28.781286610890163
31.096363600789672
33.2546846866507
37.08151117910553
39.17009557333187
44.25074184303249
46.05346839662292
46.83285176024672
46.75196055861957
47.29280540177914
48.37081155049451
48.53988143628261
48.15435985624021
48.91671198157717
49.683282587017274
49.84708237686095
50.50707872484315
50.252241674318455
51.07711871350977
51.886676887864056
52.820296687521726
53.393495709384275
54.351411026072704
57.00107971047851
58.850007387371164
61.706612461145475
64.97306858319727
68.93004460531259
74.07957731842004
76.83841050585247
77.5665408130878
76.92029950951466
77.63794382492303
77.06372745789862
76.87615109993145
77.54084089072231
77.84635011820153
76.8660166926019
76.1979325426461
77.29611660801737
77.24721673791093
76.76406771443881
78.2811977539679
78.60907359074011
77.69236329982729
77.7910324486356
79.25539003169928
79.9748525437015
80.54524994681992
82.07154872946012
84.30036472627589
85.42292456467004
87.3727228803346
88.36505351490051
90.66058429369237
91.7313246525015
92.02844961074737
92.16101356032243
91.87722324863046
90.82497998576962
89.52430939661113
89.05483341082838
88.6911460285329
87.90129092983818
87.63974142646562
86.9843383430762
86.60828203399787
86.93677326572683
85.76702510703888
86.91524318385744
86.05476018175406
86.23603803729968
84.99635542274548
85.19175090184724
84.0493576310346
82.11582723628712
82.34629525810948
80.89229891522288
78.60774755855971
79.03686691748631
78.3623034641915
78.91635617027039
79.34733217332123
81.42318387864599
84.2878325272546
85.97977485723865
88.19024205485653
90.27080585015837
89.9780830099233
91.51865102847917
93.23490723756348
95.12816675411706
95.46647123398658
96.2331904273845
97.41765482781727
100.79885301753949
103.34523446283812
104.4155039232438
107.89772508687307
110.58949053247753
113.80867667327655
118.3812406317898
121.9993537705941
124.42953593568436
125.52777931212303
124.9402378204877
124.58986779104528
124.01812083710846
121.12502599889064
120.17777695773808
118.6949731175232
118.83318276576473
118.08846045061071
117.57496029082075
116.8005816649598
117.1444641180884
117.00730300553552
116.3991869845169
117.18535413457992
117.19362149865913
118.46902072896579
119.13569892513938
119.79133770584325
119.10358472683585
120.06844810621834
120.35249689198443
120.1316201200232
121.13029410586267
121.33585858230914
121.57998732048225
120.90418939085343
120.2177897756111
120.0889508671287
120.06719220880176
120.38710703355417
118.63386597325578
117.1291671268674
116.49575828837219
116.57672142637466
115.71704284490126
115.39953527783705
115.01249035568573
116.94160115373013
120.04939620521802
122.02609222243177
125.56645249129818
128.36018027150203
131.60493137866663
134.73993947768415
140.5604421982106
144.18617053646835
147.9558765412306
148.29683974902565
148.71149577932573
143.66631324300488
138.70634579401306
129.35713773759878
123.14267360286792
115.14532028796869
102.1375451199169
90.85735230534618
84.81222973460615
84.99078988014723
87.178656754406
85.97641507778691
87.25364497010293
87.29344070592093
87.5523007550359
87.53623949092756
86.96600473833394
87.69091258132254
87.98856839539896
87.93147961811172
88.58277817849851
87.32647546032113
87.48263301380196
87.48909302995271
87.41238229896811
86.02139547613618
85.16306595492804
83.91632303421854
82.39850697697356
80.3126529293344
78.64745968709138
77.04946929018267
75.91058172208528
75.75083693520965
74.40716622605011
74.82132778097112
74.84827600327817
74.67126241276715
74.3676625184134
74.5508300336778
73.89917832753143
74.58389472290453
73.76284737421658
74.39050072876852
74.10054587141651
72.86071048676436
72.97812646522526
73.04180721575577
73.04482288120376
72.60855167187016
72.15489065543478
70.2131775125774
69.00524249938847
66.58332166667952
65.60306847463029
65.43732378450642
62.91436076096403
62.28606648379862
61.314884925478516
61.006576608477936
60.76614616410079
59.12580962581325
58.14299466468708
57.78361230406184
56.89453291220244
55.94301742683276
55.48698218911529
53.22728594394409
52.2688833139298
51.06017251113167
48.694317063788304
49.16779012901255
48.65106974251593
49.196919472698205
48.34996843101588
46.89599318656557
46.44341142464272
