1
6
a
188.16414484877365
185.4512255846313
183.80343699849394
182.3189039082307
181.243767297679
179.1401263072755
176.55846963535225
175.3377958463393
171.81087206633538
166.05291557898346
155.14954452006975
147.8684861110987
138.4479125179943
128.3870372371449
119.01747040310362
104.5666892737051
95.31901598096647
86.56115724779887
84.14926063587824
84.46120996097521
86.55646547803507
91.94939988861786
96.4698979608945
100.37574102048768
104.75575695473168
106.39189037325994
108.9698281657178
110.43667168558778
111.62977696707044
112.419226859308
112.21592452019074
112.60034061712534
112.96466567962624
113.2320869955142
113.16893199432678
113.7135031978813
113.50338908776828
114.37621693673168
115.8821176188415
116.1380667432113
117.22938749444299
118.01374381116489
119.11989749807678
118.332629756622
117.80776151051215
117.46817586816722
117.39384223894152
117.21622695600104
117.79269271911949
116.70367335387998
117.27233983858396
116.85779738607604
117.2263294077226
117.20967104675506
116.11881538117954
117.68712916074354
118.09040284577725
115.99846110675668
117.30091711472285
116.92470910452714
117.70000385859923
116.89494608514248
117.27500289750006
115.1531095954119
115.67669857492193
114.77239237824529
113.55388859830201
114.35952397083426
115.79370425370936
119.03729375787134
124.81184499635614
128.6438239823477
132.32378582769695
137.73270892296034
142.19066016992394
148.18209638258173
147.22184147924236
149.47233091411164
149.23152390105824
148.5956460210523
149.17667265801265
149.31736109734766
149.1569342337363
149.54128908758244
149.29062125526252
149.37621579553735
150.31645496524348
148.83249590605234
150.54343210511428
150.86840288905483
149.40717919257315
150.85242397613325
151.91337169107314
154.76084313562504
164.39101715297232
173.86412889001227
187.13950283050096
195.8478976901117
204.8227265046879
216.7490963392714
225.60298161300702
232.9307568383647
234.12731211746046
235.68138801095128
233.58057117819374
231.0421680323856
227.5979779454083
224.75713075471714
221.82194822640892
222.3543871493211
222.73256462816508
222.91670859302212
223.45264652890532
224.3806126075933
224.3917931419606
223.7295927594795
222.99186768799464
220.30001193904994
215.9835569998571
213.51881024132507
210.97881534766782
208.17051853651498
205.21673108930202
200.39870659981986
197.56568913540642
195.626518934376
194.08729232636836
194.43762820707593
195.11275894344217
196.03587589764018
196.8367944103372
198.24891952736618
198.8640246090343
198.91050654655263
198.40142478117878
198.02512603952786
196.4194023714408
196.004439874934
195.56354738792717
194.70808685921108
198.14326752984957
202.0038947453949
208.42045261071075
211.4263353123833
215.2522381384991
221.2661797949129
225.26705702120998
232.53506234605402
238.00111079984782
241.44802982899532
242.68175775615234
243.2903723388516
240.65048792281786
235.89195082283723
228.7937796784224
224.88224688704884
220.64947636584196
215.0080746687169
212.04961439122118
204.77213696360366
200.93337663890466
197.08816438997889
196.16645105094122
196.3129399272235
199.51622001119426
204.33927602887135
211.5509049204793
216.5820285618438
222.59949128241306
226.6690942158632
229.85007529806828
233.6805192920921
236.88276733185953
239.509117042215
240.71229527147034
242.95866547641216
245.8794150667167
249.6136608221714
253.3432804923642
256.3603259844586
260.4711852011034
265.5394618903038
271.4075997896306
277.5880303543356
283.78025198262685
288.09168016820416
289.24574926868223
288.93050957629407
287.2971813878565
285.9372796172872
280.9578635387752
277.2604734878029
274.35405614249515
274.2473806556553
271.05914615422694
268.8159996303044
266.3080875299578
263.5918550081954
264.0771741014432
264.53801487349
266.40737472032333
269.9654657117071
275.42842950267436
279.54753794705687
283.53828751717674
286.9396612384015
290.69330889858975
296.1898860816273
301.1056615308313
303.13966263010195
303.07510921627386
303.88205910794915
302.33706968297724
301.3163759484585
298.75268889010135
297.61728619145237
294.555874535277
295.42266554840774
295.60877370292565
295.0239764837155
295.0389052616465
293.7983477264569
293.8302069403401
292.15036333412587
291.65497723522935
289.60263297769495
284.4844789033184
281.0652265393757
274.93915906082344
268.58225087256096
264.3075100659949
257.72946856126566
255.64321702329667
255.50245937833185
253.82523613536557
254.20570804657757
252.67910941244753
252.46053690492027
251.88592628181482
251.1087079054569
251.66142031676557
250.40562708855572
249.27119340231377
247.0071469111939
246.01543384681983
246.58435025418606
244.70641180982255
244.40188988976033
244.23242538747857
242.53407744064054
242.29846294886377
240.3894937641277
240.08457673574017
237.76953562496354
237.5013937229218
235.3828810725613
233.1551407062303
232.39849061244198
231.28754549969935
231.91970278324825
232.44694023351892
233.0577385337593
233.46616524994405
233.72996889075614
233.7396592447334
233.68621511176372
233.88248766056554
235.04417597599158
237.0324478828226
237.69608780394094
237.66290311464974
237.67508465310542
234.6486226157077
230.72559804587294
225.3983194526393
220.85785434618646
216.74822681744874
212.91308856247505
209.3425793868792
203.74634946490522
199.25938564792688
196.35304076176226
195.87372383829504
195.38922710649067
193.84613722045333
192.81422699727165
191.58474012986395
188.88572388372373
