9
13
e
114.374980166619
115.77495152705069
117.35166751371743
120.41015382051816
122.94498609023668
124.71058049539528
125.07184319274957
125.33305706231104
120.04084335159504
113.30581355330858
101.24381732901979
94.66362315098209
85.98993308042459
71.72553377192848
61.94034788892354
49.25187091931715
48.59273329867777
47.90293399475496
48.77023138125902
48.54894128853287
48.13769085247778
48.8149678734504
47.62310007215064
47.93005365908428
48.734071243158475
47.10190060112652
45.31258606343934
44.16893849659172
41.414170640640975
41.23390638916378
40.907281115612115
40.521058842764056
40.11054141661927
42.18395808604149
41.34054657776151
42.723821749785586
42.97460312401835
43.13756876096474
43.172249479805785
44.2589089978676
44.79160401912131
44.68114864225312
45.006474224375154
45.24633546860155
42.5429063859351
40.2615392179172
35.665833884834655
33.7816433273372
28.352304535170347
25.76054958473753
22.165517096545283
16.444425033185773
12.414289407848784
9.719974199210824
8.522902687509294
8.870921998805896
10.583595176409252
15.256708839968645
20.72933185445868
26.180108709229806
32.16308566752463
37.149438535414994
40.67029814533463
45.75834151070834
49.65079217001131
52.900534169848484
55.08513614292047
54.47676908305152
53.14364351466796
52.60215564370471
49.66108174509783
47.4257908576753
45.86342557952004
44.40727045202002
44.55645248563509
42.31167666290425
42.33613635508035
40.81836771707874
40.84976707271642
40.48957113109608
42.056088685525694
42.59636761331805
45.452855077802894
46.5438118136945
47.832793212464296
48.814640994159234
49.57180633950666
50.75392863010727
50.63553504768558
51.94566935500015
52.78870743619071
53.835009341555875
56.1145900907114
57.582252794490984
60.42523349414451
63.62668425690467
67.78418668316412
69.83166180194218
73.00686445187895
78.11587603623147
82.25528508116473
85.266049630301
85.58744038494936
86.84452242587159
84.541707522975
82.31814279532668
79.90523339058309
78.24119041699765
75.69114543727439
74.03569768169564
72.76231170760468
70.15932793408265
68.6195727181909
67.07393932778865
66.41717575401996
67.60976767351464
66.94713595653006
68.8280616896955
68.94157141130643
71.08090006979755
72.26393309966025
72.59135782996356
72.7742350097336
71.42223507947016
71.80600429579157
73.49669369117005
73.62285780095117
73.44887316328074
75.11508571935671
77.75866744463747
83.47034295592552
88.69012241389278
96.01885339315216
101.95013199049664
107.95073375596455
114.56812634363915
118.69977884794444
120.1548852996571
121.20630500826607
123.08770036718909
123.88443545682694
124.68494853945288
126.18302847181018
127.14185926256344
128.57544369936022
129.70478681835635
130.5510828051017
131.1306462518476
132.56191782198022
134.51734543723262
135.51565186266987
137.648192197201
143.36005254413647
148.87562111030104
163.8801143766487
175.24953398682428
189.5208728545284
203.34341306084391
216.21116944205284
235.86062808551435
250.8400097931616
262.0096432298362
264.7401182985873
265.818901207047
258.70454786805
248.1461314082621
232.29157692103038
220.46893978245635
207.87337550075637
192.6583613625268
179.56984605621017
169.3535090376261
170.52525546860508
172.5495654553634
172.1019695314324
174.19338019038065
174.16253111260565
173.4215108628525
173.50561933754378
173.3397825592947
173.47216515321864
172.76719149133953
170.6107412233806
168.35793425090213
167.62092147920015
165.83674368301848
164.9118308353634
164.48644609172925
169.95880757830537
175.85801750116588
184.5486867752986
190.32572793488876
197.4008593319769
204.17480507958877
209.72572125332854
217.35010713078657
221.90710416696743
226.4219659187287
229.58314569165745
230.3291717994081
234.4012246834219
237.8117842425607
240.83156641734692
244.76283122406028
249.0887228687745
254.68088170694818
262.6335170276245
272.99212217943887
281.7329807922499
288.6386872656066
289.92755620059216
290.62348688233067
282.6482094019878
270.23454591860343
254.2115775565762
242.3242564536725
227.93211974983836
215.16484396593472
204.62374069315655
192.4901296685923
182.5388783237743
175.41536436360838
172.65720990294795
171.82882273542106
167.36792907348695
163.52023744547887
159.94049477170793
157.49478874827122
152.23421026601915
144.4267603623958
137.7588182474851
127.82814623204028
118.90504866150164
112.78639978854241
112.12666847632971
111.98198246337876
113.64125548010112
115.73667138683798
120.27193420818385
122.82258632479947
125.9323473211141
125.40950318543194
127.25689910852697
129.05274122623055
130.11973706179143
131.77808592278495
131.58267391124986
132.0180605723772
129.20920109243866
126.93127501620117
122.74211327231312
118.52295892415884
115.03787973110619
110.54997785745077
108.4181246293809
103.90566466762218
101.4587798325533
100.7411893531733
98.99662577489651
98.60371258992795
97.60528543611449
97.17296632153831
96.21125202847585
94.945395790895
92.19936714845923
92.01246263349985
89.4675307374531
85.51157686956815
82.55742876834279
81.44641237678499
80.41191321396049
79.89311339687968
82.44237423144038
86.81690814845196
91.48744396273436
94.18559039774884
98.57156463834148
103.87399262808789
108.74777640967856
112.96985113293947
114.03843390083868
114.27646714887683
114.71415583986665
115.56241775945163
115.25180946322358
113.9430315223488
115.27610983368889
114.84274128401245
