11
8
d
176.46646723714852
172.63866307337867
169.2137359241197
166.0652827367549
162.70829266811924
159.3275908510129
157.98632089165255
155.87394189249216
152.6085538047421
150.79762841313604
146.69779023536555
143.89839646219573
140.35523066027417
134.99501963735557
130.5842867209876
124.15268986318898
120.1751977646451
118.83116576930371
118.424030459997
117.59023590771876
116.39414697090227
114.98356066355352
114.86515053668364
114.02353627305367
113.02411007907206
110.96459063325123
109.3032038048389
107.58890864259874
105.71261394562458
104.53155218139518
104.2157362502659
103.22779841019774
101.5666087686788
100.72186402592014
99.64161711269787
98.2489395558115
96.97359935988395
94.81869948928997
92.49908460741854
89.90761530158457
87.03419796070939
84.72245403195751
84.38452626139653
84.88589562656524
85.52507654772265
86.2178563818303
87.85203086028245
89.06157544011103
90.48349063121857
89.99067511918753
90.55723620926395
91.67827071673328
91.1912917220088
92.15142354714887
92.23009245986545
92.24885791063559
93.732965263462
93.64186326823321
94.25842095919971
95.44586190977955
97.03282881001171
97.81640374844454
96.47499061802888
98.68499689979863
98.9467436581938
100.70689283125091
100.75364019677079
101.04433325908448
102.30129664499967
104.47870532609465
106.7373585682143
107.36014604408051
108.9495132964274
110.84391441152714
112.14809526912506
113.10056279247412
115.32350965238336
116.98105287867052
117.22656033959677
118.36585015980343
121.217152481826
123.58585743226378
126.79091238996865
128.96298151404713
132.66533676452644
135.18414955003874
137.33769653796233
141.23109307229623
145.11881335954732
147.61441250084752
148.23854939761736
150.4558599726273
154.5075372709074
155.7933526282456
159.52686823268994
160.35004313495003
163.08727463880334
168.13435290761433
171.90954890929092
175.2544361479604
179.49129945478066
181.96123170492598
184.0047761062678
185.3200046538399
186.63690394592282
187.8767665918552
190.13303046244658
190.9813598425551
192.2794667037566
196.82885408337097
202.06241354195654
205.50259192051013
208.24272843571794
207.37449123769494
209.11628589292073
207.68529624750687
208.50168992157586
208.752077807359
209.4215873655322
208.9300379514951
210.65871299475367
211.5649241239367
212.83819989457038
213.83097626359523
215.71552296526528
215.76658625464137
215.79790807585164
215.46041201405848
215.48173208206381
214.66840489486358
213.86503566436252
212.24819662653297
212.64695882063526
210.64580616541167
210.6731459741132
209.99631389610488
208.12636046663158
208.58976779989783
206.98654486332413
207.99850395580825
209.37897267414183
210.77976179925534
212.25709535925802
215.7667432477283
216.14114022059528
218.55667369389766
218.64952474809073
222.01537005217935
223.89028350704356
224.25682541237674
225.6034958351284
224.79151656373742
223.5578618150383
224.8542175246195
222.86772749796603
222.94223621832757
222.93877210813483
222.25659984125215
222.81683321856792
223.43185059302238
222.87566608510096
222.9300396049014
223.49967697161622
223.08871404545593
223.43380198548581
222.86179857711818
221.1665980112576
220.76133740449336
220.34025970646513
219.96646418082798
219.48517516602521
218.92031878002976
218.96738429818078
219.2016564830047
218.6868237768681
218.37305505370287
216.95486320859715
217.22863200123862
216.01623730455393
215.47217819979056
214.75201510613567
213.31136096636976
212.0314864289135
211.06506083657217
210.22663932113915
210.2553889231002
209.19156474308917
208.8561928661833
209.34946747574313
207.51234802826392
208.4398639125083
207.8614284515889
207.71803639129786
207.08203036715952
207.81440966583716
206.78471721847507
206.32316289992792
205.9253842432798
205.35470693828236
205.7243425559403
206.09074861950586
205.73201381697677
204.88532759684
203.52668478013948
202.4919905192168
203.3306110290404
202.28132329087066
201.3301045409734
201.29919113723986
199.72166682550736
200.57099127228517
199.9767680758766
200.4463316914209
200.154886459496
202.22038304934588
202.97019612657093
202.62384128553103
204.1690486396439
204.15758482137156
205.41633871312945
205.53620858788963
206.33185735940702
206.52744330836128
206.53541983521356
205.84424548736544
206.71474614236112
206.25033705875566
206.80561737065779
205.80119226438586
205.17189472973456
205.8214227273472
204.90701350935151
204.4816761607284
203.8910628567715
204.8445994584191
203.57407159716377
205.90527833767655
207.14459898349193
210.28088009077405
211.96188408065603
214.50423423364944
217.88448677329401
220.3104093192068
224.23180943611607
223.75152950022644
224.81353937462188
223.663022818186
224.64355309489596
224.14079518512307
224.8504209556613
224.25294460661118
225.21882661680775
224.59290059735116
224.77575573778466
226.1655637450086
227.04111756795547
227.70934587223562
229.09402140217418
228.7737961164719
228.31337200702595
227.06419198740141
226.41961845066854
225.64021744626055
224.3352324188875
221.35574635237973
222.80660852438558
220.66321416349672
220.279408936178
220.93198546043072
219.67227540046355
218.8126852798477
218.86493406323473
216.3001798852959
215.57215584367918
211.7381113651381
207.71601812611289
204.639526736798
203.13739428810464
200.36664847058535
198.02788095478954
195.86857627225646
194.02605654467413
191.0469190070198
191.1212574909085
189.37145845514715
185.81993748513167
182.37497338651596
179.17357399672267
