4
23
d
71.13289612099302
71.41630656470916
72.63558099295365
70.93279920852505
71.09856437569654
71.45992584386582
70.95644510432207
67.12531419960337
61.88517304873011
54.3032247675849
49.83757580876439
44.471988280347944
36.71089794595295
30.893030971624277
23.244855209557166
16.863119203024638
10.326436335042732
8.806724256239004
8.897441140008901
10.659986788615264
11.4743510584029
13.739289515379166
15.770560187893995
17.64299688854567
18.91338101499266
17.450629003309775
17.667159054695176
17.492785461785232
16.469702563161913
16.095909427682958
16.120020985513285
18.27720337755054
18.448656512083552
21.340207424092952
22.64013754804677
25.104957438196806
27.00264103187775
29.448452652217824
30.367113244631494
32.512176979212285
34.560564160021734
35.06712271997398
35.28535506229695
34.24204225930895
33.817049731128115
31.47321259604359
30.534507074096297
30.37003859825591
28.50921534564597
26.86150626350678
24.068019667259826
22.072274403083025
21.462675475112505
19.011500404751875
20.773877841222607
25.215241129520795
33.392084814773156
43.11933353856007
50.41191932021822
59.51753768683949
71.73353697599231
81.26572857876744
93.78783572671031
94.63143696240184
96.25247555988436
96.88118628796299
96.79445991176549
97.16409717024709
97.21101507081488
96.60710775393308
97.26611916064115
98.1456641563776
98.61019420327008
99.13135426442155
100.21371965179587
101.823843176067
103.42802393621261
103.90559389735763
104.2436902349144
106.78722236243505
110.53762874914531
113.26304481321709
116.91302393814598
120.29110298148335
125.64228678937258
128.5954975036562
134.02585119450646
138.4726195060513
140.93861375846367
143.03772017122907
141.584414908633
141.7509726575185
140.51923508799368
139.18995789645228
137.90621911935534
136.45607335224716
137.06964396981036
136.24940172811793
136.40339414769795
134.88759711653944
135.2733046882857
134.20239415904146
134.86115260095397
136.02579685689457
137.4690555580651
140.06848517730413
143.09312628173788
145.00058587538592
148.19508656414052
150.25505411623837
154.79252748577247
156.0540641334536
158.75471884465293
158.8788148497012
159.77669807099036
158.14594297305743
155.20251328976968
151.07272583448722
149.24100820607805
145.23963160214961
142.65473938370144
140.15718233125824
136.3828918102226
134.00075841952227
131.3729804138827
130.08038556428795
130.8789950125511
132.5841550923372
136.3943158838745
142.46936912987482
145.14920754816407
150.15644101347806
155.7816685682858
161.30940423924497
164.93921540414354
164.793061878139
165.19301829033208
165.63177566855765
165.64742337091874
165.61717024415296
166.53464879436794
166.42130343907772
165.66674530809397
166.68391990841303
166.63674663579263
166.6799014284231
166.7497578682991
166.29784724449598
166.2854163588151
167.5068840278614
168.39314351038547
167.850312478367
169.8792687598524
174.7664692240043
178.89462031994572
183.91758075266924
188.44387817904462
192.69226286861377
197.3029340981489
200.5237741556906
203.2866899399716
203.3496561798616
203.37657813847255
204.61678197914503
204.74101033778874
204.62778299437684
206.84084433508275
206.97948263484656
208.4371868208672
209.3500404847532
210.23105115795713
211.4915863316747
213.0323890190287
214.04946692850567
214.3963087409091
216.9823845974502
219.15902538113082
221.6479347369612
224.66596578826048
227.13368300184192
230.73841177291035
233.6328378070516
239.80140278878
243.01079370269733
245.66352303675322
246.6000376265908
246.30205637179662
244.9628768605907
244.50108661207216
240.98925220421637
239.9236071635108
237.7157318715394
237.658344373494
237.40801245610837
237.01991274319417
236.57644650569065
235.07258883620847
235.49553495130397
235.670261849043
235.97182881213809
236.92326921489584
236.70302574444568
235.69139989812
236.50314974537295
236.4857589332921
236.74498761389682
237.35517417628535
237.59364544812172
237.44232054809748
238.68531163025884
238.22386737991255
236.69098735335365
234.19797109920788
231.11076197540126
229.6254059875127
227.61795126980235
225.49160067111063
225.71988924681392
225.2152955930821
223.74663052333332
221.04988749559666
220.81400663631513
218.85543210110131
214.59128421678773
209.80616827233465
202.08399238557888
193.83555087682663
185.62281976002396
174.39260370618382
166.25752616410523
154.1122291664261
150.19876979280926
149.04540721530037
149.094197672216
147.6570327205074
147.1504497373562
147.94445246192566
146.69859521996995
146.4484127803386
144.32296630818405
142.64172417615794
141.29334193804203
136.94595207443973
135.39739158582137
132.54388759262443
132.6862961317427
132.56816901215655
133.39067244746133
134.39028312726305
137.4772298318321
138.6392286652783
141.07465375330875
142.71488717373143
143.3726194715017
147.02130495211108
147.82205565632665
149.39628487299763
149.23715808209928
148.3419366777955
147.32662097371792
145.13241403294657
141.88207638493674
139.5879996065929
135.38764255145557
133.13508763146513
131.401836132843
128.60915853536082
127.05094551629675
126.29563712669865
125.89513697958479
126.62066556708679
124.89325522858556
125.06328698359785
124.43951529545885
123.45311008187952
123.06608832329427
121.97138755177087
122.11518736854222
121.63130881023744
121.00637884554008
120.85558412272557
119.43482811097257
119.24929758439963
116.65883430749155
114.59545047588276
106.07575980277778
100.6307970763091
93.34371941369292
