17
6
e
29.947829292025958
29.117451263085748
29.436486102315186
29.1959488445104
28.950151436210042
29.331944570174464
29.543030607894085
28.296494227124846
27.829482193944592
28.258379230167282
28.26757275939925
27.251698773319813
27.49689929283687
26.80886877746007
25.81634932459366
25.646148932953626
26.089893352819832
24.799288941949822
24.766725221689892
25.439852861598713
26.065365114164305
26.68257915024031
27.14835556039481
27.982539894499787
28.593875928749625
28.563666333804537
29.33815361158289
30.09464660447065
30.95044243448553
31.56107999401008
31.672002498276317
29.643765105193992
27.970206724165283
25.682303410865572
23.654892648361475
21.079653543288423
20.071918786055353
16.844636574683605
13.481583761895287
12.13187949356497
9.506859793915035
9.53407985948338
10.229697881999591
10.681651293160236
10.926343528720832
13.036224196942333
14.814620601175676
16.78085963877978
15.886446493091356
15.985508470066407
17.056502645276232
16.593166349966737
17.131073425398416
18.464579253066987
19.146171810800887
20.103939106606777
22.096805290487378
29.04228564066912
33.42195235015621
39.14665379046222
43.03358874733006
48.21284430306686
56.003669379986555
61.06971624502275
64.71538836397555
64.8330900891512
66.5085199799427
65.23386681130165
62.964643022647046
61.39402672777564
60.64650111861052
58.795821583927875
57.66870883433704
57.43797550120021
57.65010608128864
56.61513825412799
55.64229359590858
56.17702836123786
55.8833709245747
57.518761933039805
60.57987494659661
64.11487115685152
68.09318694113898
72.14115039916595
74.31761797469446
78.38273413629727
80.0948369965841
82.66271620324883
86.23211738960568
86.26964843365711
88.0083234506638
88.7662404781518
90.95204517632905
93.11422520617472
93.69565779244687
95.9493536456778
99.37077619624255
102.41475001059939
106.29063088517003
110.82912397125565
114.52432261588466
114.84884610814274
113.61672791247985
112.05196387465318
107.79862127567647
100.97821044298604
95.34034987979966
90.77095757774408
86.35801322051047
81.68043000682326
75.88913974201097
70.93669498884263
66.41753213395596
66.4747155861822
65.72844599453104
68.93335305331406
72.92307045983611
79.03498902045261
83.08901889148498
89.04180592151485
93.36615629182245
96.10840178476975
101.53874228851623
106.07964714494314
109.12958889173534
109.47980993582009
108.6031710264314
109.08169682350812
108.0336359971018
106.58348971608585
104.92286739656852
103.87495590526062
104.11893863450132
104.14006915291024
104.04141079227588
104.59350360999501
104.58126524203549
104.0076647129857
105.00494803345053
103.4585843465872
103.47271599529849
102.63049238869633
102.14336890730672
101.0204576138955
100.32229013430084
98.25571356079764
96.4369083346151
94.22105601664096
93.21886934818674
92.10523761240898
92.25689345492657
95.84487353286612
99.74808196204096
107.51736524290327
111.46051602944792
117.18600516959016
122.28966863698459
127.18705803763213
134.93928454252534
140.9633531961319
146.33793554123952
147.4671844308105
146.75153139087908
143.83194256423806
137.4605635362372
129.18306770378146
123.31623070558264
115.30424675754942
109.98625960250261
104.32692195525587
96.89466576274842
90.36988187923079
86.12040094972264
86.10088995018727
85.41392050587518
87.59858125602304
90.44749641913836
94.40278844101648
97.1631437499368
98.54096315005431
100.35485052448422
101.74811905901481
103.50280225939711
104.70340160529427
106.26880774790764
105.83821878755263
107.38942773086784
105.18632515161057
104.4562897928389
102.2360807558455
100.06710106155971
98.92223514446079
98.07405734582443
94.76205871475068
91.43534890948153
89.30353824510277
86.23805378681396
86.16950355255248
84.8668447080228
91.1370265840144
99.33827059911037
111.23147286988947
119.64469999701672
129.83369698536498
139.04419801645176
149.00764589147016
163.78571014510393
175.10279391418686
183.27535402870984
185.89067570229346
186.70593132033682
178.85432085391375
167.44546137681192
151.73669064530563
141.46157547558605
127.41809439401813
118.00323723604234
109.55578378636434
92.98066511485827
81.27625954247394
73.33610998161821
70.73062229342433
70.90984943318507
78.1753691252254
88.24803261007405
103.07866327332358
112.8803922263035
124.77867051040788
134.38864298156773
143.43232530263955
157.37474462586505
166.6258889311331
174.960586061847
176.84611929222197
177.1566058936903
170.77931501639821
162.94524888274543
150.76902002178804
142.25678758844606
132.10855518197926
124.25818784940856
118.23631691669134
111.06237366588202
105.3941694248437
100.86202255040205
99.02089614367398
97.25334479859583
94.60524432681285
92.03482394799619
90.86536366802179
88.05124230297598
84.4366072258723
78.70726110766012
74.82283012497943
66.57725213132773
61.26453289224165
57.14053433202419
56.04412196520187
55.202846977702
58.094815915549106
61.55862626845518
67.39583610534774
71.3164874007317
76.36178166441302
80.06658789275606
82.40165377749045
86.37071590643319
90.58683841917644
92.9955783300501
92.71236032164177
94.30948493926907
91.1937368298288
88.26378958959135
85.53598294616417
80.6738395104459
77.48357995170161
75.90183369856628
74.4917200492308
73.38743809498251
71.13827176939277
69.19026366682988
68.89802430679337
67.40717211168321
63.21856009400083
61.44498321996344
55.54379346083744
53.29342607625719
50.32552320301241
