18
24
a
35.02574006140667
36.38720423856906
34.149764332963166
35.80462929261811
34.82982055742144
35.68325569983033
35.21277806189306
35.65060941357359
35.117191640346284
33.78675381226689
33.66313340698637
33.111187540113164
32.50389248529305
32.208472407154254
31.869018178892556
30.544254153361354
29.745479201336792
30.040477144385097
30.36419741937859
30.61573001880557
31.13245687256159
32.262675330692474
32.080980053248815
33.9531543977691
33.843800502329
34.357256570153666
35.35955080413447
37.10372314156136
37.562620384297034
38.3166438478289
37.13154992854868
35.97434798879435
34.64297615525281
30.258687543880278
27.834402594365788
25.146134151524155
22.628940316246453
20.592195276935904
17.025224321694747
13.710295953801523
11.669491178111956
11.615606601695244
11.797265096910994
11.998848819132007
15.160029659802976
15.800752362725966
17.642737551288164
20.268485506610038
19.130245095494395
20.018246712652406
20.332011864833678
20.03368382826422
20.60132960847244
22.0626622737859
22.1924540184196
23.703846878677805
26.439004697876282
34.344047929799004
39.23459178204996
46.37672302526354
52.5430704594814
57.64100779296282
66.95026420158823
72.7418047524925
77.04387444579282
77.57577575521626
79.19108080563879
76.17955778284207
75.5761157364089
73.70984450564535
72.13849788507949
70.37206261674508
70.46147971701185
68.95589694255946
69.02345916762008
68.58976363981529
66.94787308495667
66.09372775270535
66.84017074145542
68.99498620256932
72.17863234868538
77.92194206686162
81.68678821515755
85.46453500159842
89.72080835766484
93.2381875721428
96.68797902046886
99.71895288580356
103.5920770077996
104.11753348034482
104.5747544213878
107.1375979142097
108.74570165114457
110.61643018580843
112.54373049140725
114.20237418042521
119.72301741837656
122.71294467986935
128.51003448786847
133.47925015733006
135.45928642202048
137.60295762025993
138.0208450104892
134.25311356980444
129.00620573123356
120.8722869721729
115.19506514462897
109.43290757197755
103.07420656543432
99.31781194464469
91.20855845054767
86.25276042230547
80.5841154514602
79.83214461613157
78.96014186658101
82.98854426639144
87.27287828856176
95.7180477010695
100.07536160683861
107.77149052555578
111.45532096035855
115.72133587511513
121.88170539311731
126.68216049173886
130.0152910697723
130.7924863150757
131.27712109809173
130.95299455602955
128.71013244686563
128.04880085290117
126.449395628645
124.40513597737645
124.62073460467404
124.95427628267252
126.12620071279373
125.62977940112384
125.28060745874974
126.1143015913205
125.56520173471688
124.3228820841155
124.4555216712374
122.2299485832782
120.6322847491986
120.60830000918648
120.02126444982267
117.63199820502328
114.23768867783963
114.12613785612976
111.21307230968074
110.78333548699389
110.6373604369335
114.58792997328916
119.89823630695095
128.1489774121592
133.46628091379975
139.22563588471078
145.86130718739474
153.82222808110689
162.9344325078088
170.47992197063448
175.7323863176626
177.32502637870405
177.4190898373647
172.0028356912421
164.39538503973714
154.72122137260223
147.35358731392708
138.45220830584805
131.50630950113845
126.60186619594973
116.27811389276876
109.94918248353582
103.2969982621738
103.73528297321229
102.98041307507265
104.20260769369968
107.89528558249967
111.45098795348557
116.27768584312838
117.89281130905646
120.25211854619779
121.45047856511505
124.02362638680059
126.43934919707446
127.64835224730861
128.16571455836888
128.85208674255662
126.91939753530654
125.1044826380794
122.0321942685549
121.54275000130949
118.96232450314422
116.98822805867803
114.47380845886805
110.7387366064262
107.09117968328606
103.45642848252957
103.02158830161223
102.71812193436173
109.20077996996869
119.7839570868089
134.0293092097452
142.9249331565395
156.43036307046592
167.63312515972268
178.30270514843062
197.20191368231627
210.55787275418834
220.4186916652625
223.4116642253829
223.8184144914098
214.71501209376316
201.4231144092052
182.64620129828293
169.82425445146103
154.10309053029607
142.0378257694469
130.88646440812497
112.40462215924053
98.2343392091859
88.31888349851364
85.38529515538848
85.42593831651317
93.05713201915141
105.38894978643654
121.86289313806249
136.4270722393917
150.7786036466908
160.6802346568994
171.7684073819661
187.21813945674748
199.83433156160604
209.60652572135606
212.43433187527847
212.28518793112724
205.11491367486332
195.5412350978293
181.28995388919682
168.9796330583831
158.0897766915706
148.24264606215814
142.35240875176768
131.97285242585625
125.99346225360489
121.0609642032441
119.02848165369046
117.15183073968058
114.46931059869739
109.66540148247688
107.98191361456576
105.2303973421428
100.66615183773506
95.9156873063696
89.46715954033579
80.39259022020713
74.32548407020973
68.6238957093186
67.56424874314983
67.54548715145714
70.57914311584346
74.74402901173588
81.84896559929872
85.83454595875327
91.48518268442814
95.28782557908521
99.0610405460053
105.18290449318133
108.12771718054861
110.9526245102842
112.829276042525
112.96068622639453
110.42125457521351
105.83751766044242
101.89384188371771
97.90300714663825
93.83544310334608
91.2980945282988
90.24429418291763
88.1558640693769
86.06270316856936
82.64825542528271
82.19914311551831
81.44854932174626
77.10315092577386
72.54337451346035
67.57169939242152
64.10658021214954
59.17499131941919
