20
11
b
47.55856122641758
48.47983668007891
48.34563402270211
49.20662827138293
48.89322790909737
48.984761537912725
48.864679803063844
49.11225440352612
48.9027886422032
47.14814437149283
46.571358061360364
45.88811795922388
44.98463723659638
44.549246708007196
42.754101824668325
42.31438860196696
41.7129241596196
41.45572115368266
41.66187093333475
41.874108112289505
43.23123172001179
43.642730646264695
44.64478930507299
45.65406276499747
46.73491669877258
48.20087654511501
49.58430692639959
51.05490443019479
51.77439276778083
52.59787457083476
52.48553699268941
49.48322048502329
46.38286399720211
42.01150040195047
39.18715036386293
34.579824686855545
31.222419271776953
27.596367616219524
23.166735766462825
19.604263918439578
15.790530374908606
15.191610203202568
15.804177031919217
16.742652718144264
19.288467015559878
22.74024848769768
25.139455989121824
26.43762536870807
27.529362475673107
27.03022749266759
26.75905495098167
27.65341846115668
29.48659093520782
30.527212433563815
31.248118651892327
34.5961314671033
36.522720535831226
46.619259593489886
54.99064627138996
65.68191942079685
73.70760067428051
80.77536613854252
92.07576124229604
100.42482853408025
107.2155465672786
108.2381314454554
108.25088803331009
106.99578394479616
105.05995627854873
102.67315787976969
99.40120513008266
96.70386026525765
97.14449568087679
95.76747612397564
94.72605351040717
94.26933510818252
93.94541699730433
93.14841069917455
92.46495173923024
95.96153044829856
100.73818328628818
107.43521065856957
113.23791705298382
118.57564390190112
123.71782195620932
128.00653012793163
133.8347995354015
137.1934652829662
142.5465353007917
144.18862721412103
145.35746864579818
148.50611623304493
150.03179236054936
153.0380227485927
155.88805587374253
159.55649543705556
164.34175019307898
169.99281439904863
177.93488375109018
185.04647851188633
188.61711897775035
190.3067075602428
190.0909080543453
184.59789040752528
177.40485322005856
167.68706420462672
159.80952952089825
151.6725280740558
145.04555191171124
137.50564506338387
125.8598079193721
117.76883161812735
111.9049288509235
110.19448553645391
109.89539333460868
115.05442429394358
122.98927421658873
131.92328155394736
139.36625038314668
148.33507307965792
154.82977395407073
160.22517249602834
168.8217608832152
175.08246737148514
180.43500232029805
181.7942621267353
181.00518011369124
180.37309462774533
178.5880233181138
176.9455135880763
173.53667626697768
172.34689933519806
172.86501697172739
172.91650635251162
173.78609610578042
174.30176415095488
173.94020521277926
173.8756736623114
173.8508040915969
172.2542120019815
171.71917380662012
170.3834404866238
168.8122618178252
167.4191033247127
165.24944520283606
163.29144641212167
160.15489101869377
157.44331645571745
153.8493826306429
153.82447062114758
153.09670571593824
159.31486322374934
166.8966228575288
177.405591356048
185.47053331321044
193.53261387885811
202.9617482095378
211.93743182938982
225.01659647727817
236.08923853953948
244.5041859557581
245.0650352424252
244.8777816867012
240.0394648918243
228.3143365549883
213.78464399520772
204.1355187407216
192.01877610771476
182.19653544088035
174.58203604315153
160.93687613418615
152.5566329903558
144.55979183702604
143.75241301836576
143.17860512334624
146.0564770693276
150.29569645904624
155.73378864258896
159.8022456862627
164.59140148105473
167.09304196950023
168.4946035642439
172.63601100698617
174.48440934334315
176.7306129637941
177.17644812611303
177.95001360316226
176.23078022666675
174.60300664339968
170.34311007299726
168.358917021758
164.32529354891443
161.99563830789413
158.1574153061398
152.2288586302262
148.06955881120024
144.04606732338976
141.15137913312097
142.2080193062673
151.40836561605403
164.443394065869
185.91443297438812
199.51138751204607
215.4985273936327
232.21883388822394
247.7500260000542
271.2370227328436
290.76216629878564
305.24209852361076
308.8786748778543
308.88666377484566
297.68287333603524
279.7261330849173
253.95971923984413
234.37861546179917
213.69246011978763
196.7923722058578
180.8638027743932
155.48333564270587
136.07084581370518
122.00428089376446
118.50666976586098
117.5857821674337
129.431107478771
145.34065769251643
171.30876424884605
187.88547467147845
207.2265821721688
222.5702659869182
237.6637811308386
259.77326523932044
277.30769125078507
290.8716005141991
294.1032925703679
293.4575925925737
283.6543768026249
269.8591595498008
250.5840191450203
235.55626900937472
218.54441473362144
206.31252543112197
196.25890872140891
185.61690379025615
174.5302220190143
166.74221478399093
164.3827779113212
162.0104854103232
157.96793570250833
153.41615924805546
149.5727399138067
145.51864430353893
140.95069265150417
132.2698275463915
123.72845356116868
111.03839911164386
101.02160228341006
95.01125204812779
92.47380405984869
92.66003097036761
97.63550428788147
103.09478135929943
112.76280280350154
119.32418314975297
126.05410275893465
130.74749159983614
136.9989614003846
143.9924663965724
149.37913192132086
154.59144088766737
155.494545795206
155.41846584905915
152.45916032289898
146.54893657046466
140.22167089935718
135.70569256994727
129.04805060978126
126.48502111741531
124.21261363167451
120.99976577194268
119.25045071262778
115.29596063926792
114.348947888397
111.5076168937034
106.90186316044279
100.47974596581162
93.63284739930417
89.17403101282376
81.20850923978176
