24
17
e
55.89085445137461
55.495685868819216
55.53972558050266
54.49989123102124
53.77882775048
54.068128267240404
51.65605044913034
51.369176702673364
49.30729427495216
47.50624409660236
43.23432254508359
39.18334400284447
35.87914534793892
29.572342310289955
25.03473131451804
19.113990297980724
19.230085883411164
18.501077586158196
18.22065187681223
17.30151330176227
18.593040876297906
17.47837616464236
17.778741069944797
16.84360003486687
16.87220669964168
17.000987277279222
14.661201430491904
14.055005364905536
12.886380532074103
12.291956228610003
11.947703802779012
11.872757810198914
12.306926537094265
13.335888581656778
13.548147474566303
14.235799375912764
15.391880037883473
16.228212663746376
15.989531825838244
16.209850507245946
14.945058227446744
15.99209564081857
16.853487057212448
16.61745306763653
18.35272642482163
18.747760136570825
19.646322720225744
21.754282977439505
22.304494535563066
23.239221634396287
23.84632664433955
24.336242824747316
25.191384809097997
25.81213188323856
27.03047557385741
27.49968924250919
29.521417736246487
31.301761327787553
35.234789984433775
36.61527479478062
40.72855365443764
45.35282282247578
48.412117282327564
53.498005099624386
55.60658742191808
56.643269378063884
56.724405370476966
57.24151923290347
57.62306698108488
57.68536133778428
58.80402043849208
58.6862795487008
59.342051963113896
60.446051130520544
60.426061362562564
61.009167386607196
62.745827717144834
63.12398393580893
63.739236920371205
65.43382927343694
66.58200527198345
68.35226739535526
71.98683486409499
74.00798607403433
78.003312565232
84.9810183138551
89.22395850056078
94.1332013380615
93.79990684004663
94.40526636539613
94.17741966545886
93.77242581481613
93.45804296875205
93.72182877923126
93.66794443384674
93.93141429543697
92.9849998695054
93.77752172260149
94.23537136651022
94.39686311213275
94.53919888792338
93.35640385484588
94.90977724669102
95.3043816801056
96.1383279560691
96.14650804027369
98.51642151596579
100.13696252631482
102.36032347464923
103.83952093454153
105.39762796066057
107.40378446653607
110.09274557770047
111.213618504863
111.49371457690017
111.72012004663368
111.39196686664604
110.15634082488388
109.1553489651027
108.52239717280568
106.93958711771148
107.58674270582993
106.72403192731421
105.57505340331599
106.07200756007589
105.99236017877347
105.06476169248022
105.65332457166245
104.71754662405911
104.09049644870161
104.08941934090062
103.48762776753381
102.54403723370933
100.57928642282819
99.867051985894
97.85062589471171
97.21288732668775
96.73953150510341
95.67475961344019
95.97968069072013
96.88186781071036
99.02827286923454
102.95532478548391
104.34617204099982
106.90941595186082
108.84613735114691
110.38805187234766
111.99186453520664
112.89431066100923
114.38156674985701
116.046210620946
116.52569339557485
118.44753154156166
121.63625569247975
124.97171057027668
127.67035150154396
131.23878439007143
134.3543685676736
139.1463589569406
144.4325837373422
148.06128899907065
151.2905706200753
152.13926572350405
151.15701481922596
150.67213407146778
149.32334989517966
148.17741331036726
145.77986733647114
145.05649530842103
143.6549641534918
143.97852255961246
142.83345070484663
142.87693464968763
141.3740780659068
142.05227849568246
142.36887851832418
142.3895585518095
142.79406876115533
142.7556881659197
144.87030452922107
144.26579961193156
145.30352570505747
145.54422294048265
145.95812671084056
146.4722901186005
147.043070623948
147.03086719452156
147.0187986702553
146.94039756478932
146.24050485386604
144.6137587979006
145.22262207335513
144.06883798815278
144.80367708815106
143.3745193130177
141.74401776263517
140.49647702520627
140.70315479307592
138.82701548241363
139.2934224685458
141.21616192139524
144.1008741820261
149.0642166333084
152.87082938437476
156.63246487594566
160.93290029963492
163.19092613990165
170.55965143633566
175.13746794271685
179.65737564540422
180.35932170697887
181.18112197567558
176.1185053915108
167.78778486207347
156.14545172482198
148.59418000250952
139.15885806194584
123.47686337940193
110.6001671490459
101.98067694762094
103.09153701956117
104.53951611320812
105.52908875001387
106.05094693913645
107.22046223543347
107.03422769230825
106.10828818852494
105.84417887398418
104.853721364388
107.38312961083489
106.03550835801278
107.72008256445832
106.5496553808765
105.88815273907602
106.57705571189113
106.63514241866424
105.1204833041474
103.84712687362138
101.93337177982347
100.42824370621511
97.59751325962236
96.73261058986115
94.10523018886225
92.26014541726123
91.19135064812879
90.61652715886716
91.90660184087969
90.75963647626241
89.76606026058336
90.68002743962643
89.6989076691344
90.76300254037798
89.89416801951458
90.28929170960352
88.70211330004574
89.91561991855077
90.3121102686874
90.35030486836979
89.37453313383291
88.48497082911203
87.99530693729015
86.69863954038755
84.87022574941442
83.19091964350557
81.34188921955247
79.54197496081339
78.60491954940125
77.59430827895511
75.62530484508197
74.98089180992613
74.56283823123451
73.68918342641317
72.27462768953716
70.3536208058633
70.5318473671486
69.42775412109195
68.1922733606304
66.0804750507785
64.31722853925672
63.49929824404849
61.74953363125023
60.47191877870818
59.593598045878956
60.6256839684923
59.50871858774063
58.45849621145659
58.23573629035639
57.086110778562826
