14
17
b
157.61627975067637
158.66173550966562
161.06827174927983
163.03737561618334
166.20366594710333
168.34062877772857
169.76160876748037
170.7307792537521
163.57076070076678
153.66479687424584
138.57271567569782
129.5895042627866
117.04248387440552
98.04558722091794
83.87210257766648
67.55147108256988
67.6179266006353
65.95997564676578
65.75906515259777
66.12663316945141
66.70483981006741
66.05627186894337
65.22491909744618
64.83310628403125
65.94983949680275
64.04076923987537
62.00775503134241
59.68742897635648
57.61439948271661
56.54169653880679
56.936508968365864
55.76184105633639
55.610084184679096
56.390428421700754
57.522658882991784
57.13010727460379
58.81766752861754
57.61856835598376
59.28227847706077
60.253206815871685
61.143754629448
62.217428893304685
61.665120965401336
62.10032088019098
58.905142474659264
54.60464330822979
49.86483988736859
45.48420394411636
40.099866856905805
35.57826090272448
30.023659842423687
23.091935439211504
16.32300208884058
12.541445350268745
11.407119320486968
11.323011846238032
15.465537919612741
21.39165971710577
30.123024339794643
36.58992825949999
43.476945964041604
49.081179318893334
54.94432539588522
62.079067438999964
68.44421448903925
72.98498676171886
74.54798042090424
75.37668249083877
73.36032866226917
70.40865599090311
67.19533411520659
64.69086549700192
62.63164473148868
61.56002668780143
59.63657790331514
58.73358850839469
56.99489637172678
56.8138699795781
56.1166149501719
55.182484268965034
57.66557425161328
58.73198992425236
60.875784421360535
63.52077300129763
65.14453142722336
66.28557736721339
68.32489009770346
67.85687835182911
70.08866159529659
70.94895523532273
72.43201166153273
73.91844022994331
76.09356879972479
78.98271218829409
82.33429918154344
86.87179430439518
90.42260496606593
96.17994942060108
100.90146996308479
107.49155167014037
111.75603044383568
116.82296545450916
116.76263641052776
117.48520927715974
115.0888604207432
112.44283141389347
109.1392909802648
105.43088196926209
102.25523842997133
101.05639432345072
98.59186369830454
95.96342252407574
93.30319228099371
91.68596694724603
91.83490571150458
91.73704277971368
92.71533692411026
93.64323675557982
95.75131539433004
96.62526296562031
97.91326452992068
99.4072242351547
98.59735397329541
98.4094202835768
99.08973840268621
99.9950173883744
99.74057451165618
100.79180682574858
102.03161032925726
105.65499374028614
114.72072273991367
120.72162975270022
130.53397490336886
139.4036212079413
146.78636260711372
156.53637677673046
161.90625460994258
164.9229834173534
166.10600825513603
166.77537541421378
169.2671520474253
170.0457040234539
172.06667563922161
173.6753169079786
175.88527595342828
175.90882893366316
178.06952526502354
179.27966107477636
179.49746668369647
183.55086956132195
184.84667065142915
187.69394360250683
194.0146487178859
202.60758020631005
223.49430797626715
239.09493244494016
259.28757565947205
276.67553718273575
295.47630616042744
321.1828815402436
341.8483881925374
356.72472500614157
361.65829558485683
361.86715914546454
351.64077115982
338.96084218041676
317.3761936329885
301.9589254381584
285.11461952217957
261.7474879219646
244.08274772363404
230.53241766117998
232.82026977574685
234.8050532982902
235.65523505378752
235.79413432858155
237.5369286032742
236.9623128012534
236.57301466735697
237.2367731963174
237.59849135425958
235.78315379496718
234.24353288726743
231.02498616896398
227.5174673998274
225.90611520077493
225.38322741379366
225.03299170562696
229.81852465996252
238.70474918472078
252.030553417706
259.0140689672506
270.261475631233
279.5633445354754
286.9957349839089
295.72068817456795
302.33267633130987
308.89079767391166
312.704921754315
315.2008104022531
319.9902461391575
324.906974387545
329.89414036489626
334.83051277365087
339.2595123442571
349.56670415901186
358.2279673935364
372.17088641432196
384.0619367136369
392.58715078263685
395.85287484189683
396.1135255792535
385.74793405634216
370.0127915290429
345.7797861540689
329.2107090844386
310.10881864738707
293.04645833364805
280.2779358148695
262.94298317056416
248.96426495076776
240.2409418573427
237.70447058598046
233.07556834885693
228.96491605400854
223.31061897851018
218.48288048435992
214.2036771047929
207.83262221338273
198.71950150956607
187.82208974874098
174.25964852902382
163.13166115180326
155.40978743981432
152.12753655920918
153.18779692209773
155.3109589507462
158.74314763409552
163.03894264940175
167.60787881324842
172.33865493731352
172.89301868171998
174.23146071795847
176.1468676810708
177.98818810117197
179.43884801997638
180.1264048212641
181.05380748957745
178.065800095421
172.4585219140707
166.33771413949978
162.16230798728165
156.38859736750055
151.98846958628872
147.51157561425708
142.56078616509652
138.51262321321985
135.1523716817716
134.82712501111862
133.98703007626463
132.96787663630536
132.04034243046806
130.35691080227562
129.73605701156973
128.18276006323134
125.12387458366234
122.69549548448988
117.80004402409337
113.57362252169149
110.82110433197819
109.59095795641325
109.23082695749791
111.93769251458916
116.58746793266185
124.70990944022194
129.10495159257425
135.02028917215767
142.76851191475345
147.62304831687987
154.4927896278516
155.98920059353316
155.91192922462497
156.28748054551022
155.9790515399996
157.0898271760804
156.906787301794
157.1753649730627
156.37326628110964
