2
9
c
198.58887838018646
197.61567706565353
196.78800150787328
197.89455883086453
197.09161644934488
195.43306612073508
193.99405977469291
193.60239920135922
189.09013570104017
185.30308419976387
172.10446709828224
160.05375537007586
145.47121623330847
133.76869581109386
122.86772381479237
105.76914464877903
92.95900494477138
83.8005484283833
82.22493425348462
82.8100176431208
84.60198186662066
87.83676432273812
94.06601243620862
97.4781888388478
101.89729724711287
103.63545509634943
103.30522225121312
104.31846205461608
105.08921890643288
106.18809241015629
106.19206428062495
105.22957057026768
107.56549023939469
108.1243909850024
110.17468129752217
110.7093068129297
112.25735305262727
113.89498473337284
115.75463692670094
118.14067297060524
120.37186964980339
121.5032926384401
121.54488139143163
122.10632573052501
120.98752205730005
120.11165508185482
118.14695578799852
117.20659094297844
115.22123134638646
115.17050662505868
113.84832279093477
113.10692910281446
112.78011293710463
111.77126665721913
111.36978304655862
111.69714955951537
111.06527571687899
111.54870486263256
109.77852696376078
109.23699896563589
109.6847801023813
107.78366411219446
106.12055645926642
102.4346924541542
100.1618035280209
99.82888711630287
98.63365047871426
98.01220266607785
103.85295184241102
110.95245859073054
121.5248616281339
129.3384667201861
138.744723796826
146.81504463329892
151.44333330170412
158.38269228363814
163.15590094740233
170.12000867110692
173.2295157587651
177.55971899073344
185.19709804787178
192.74932015057206
201.43142888608838
207.43593562327703
217.85318677860374
228.95316579808582
240.56169940888057
257.61573098541965
269.77787277727106
279.23042143882674
280.8371061843357
280.9304581249108
278.86559132678883
275.29316322002074
270.2993078861376
264.8150213170645
260.858985525974
260.71581444970354
259.78225571098756
261.44517688932103
261.3613180017792
259.5352059370278
258.90665764397613
259.18445671986973
256.7002236377685
254.4490490004219
244.74150716880519
234.38959395220232
220.65620028798045
211.35302516350805
203.91721531074094
189.83613119332512
180.3640873705704
171.77462233665167
170.85576329550517
171.5272917761281
174.10677670014817
176.9834041052017
182.2081417073392
185.99947881727627
191.75879776708703
192.91005032466995
195.17686208861727
197.3970169621951
198.4664443312294
199.2044414258087
199.17654323325178
200.15589138234444
199.36829162236162
200.54458419263017
201.12795765328318
200.35341322703496
201.46132857259283
202.11640835108096
202.5397501586467
201.04301113231818
202.5086956784434
202.71737380033065
202.57679932517718
203.25338064332087
205.14944573510508
208.59694313629504
213.83314194955062
219.04593457157773
223.84652765982585
229.6011526544279
233.79389899428347
241.0294441061644
246.58665263870773
249.53711425701724
250.84933322415964
250.1569914486363
250.7781881679627
248.734512483389
246.97248196045953
244.52784841349487
244.33985199224108
243.34325995425067
242.76068543136537
242.6272885341378
239.48795935014326
239.46724679732395
237.87432417576437
238.40739880858231
241.28295366569856
248.8848233679227
258.80939777653924
264.87793128288166
273.38849154421683
281.3818463614592
288.68123551913106
299.43951894014805
306.842897700769
313.2700316556637
314.84614794654476
314.49628215243257
312.1999525828906
310.8252845229522
306.61053546874194
303.48071312388333
299.3666749102407
300.0347079371576
298.6210613850896
299.0073583900265
297.7948525370338
296.35080289763505
296.6897989554611
297.4407394348709
295.10758726107645
294.43517542726346
292.5981097830812
292.48322614472903
290.3041202203879
288.76841311759296
287.9993124728418
287.32357913725536
286.74878809801646
285.14236437385557
285.009716044387
283.3192344910248
281.0921146872367
277.9396383369233
274.7406041957714
271.3201457722588
266.373354017074
263.3009102446372
257.7081006836296
251.36817695900092
244.915736867255
240.14174949007446
238.9231688126538
239.36923499064017
244.0321002182958
252.3493486714941
262.723458258622
270.52960320009055
279.5145564647492
288.06312759170453
296.3670731819781
307.41947630512453
316.33807795636017
323.25729620820397
325.3816943675421
324.89944503033905
320.6847486125717
313.55392632264125
305.2071844470096
298.14293694271294
290.5762455334265
284.9437687771576
281.49814427301624
276.2868198514839
272.9448342700665
268.7073771423214
267.5860479293525
266.41104996937725
264.4166981217078
261.7483814577082
259.32348983669795
256.54187746748494
254.7050127741272
249.20689189945674
245.3004813238523
241.6399025464136
237.8310805439698
235.60775841641447
234.76675858397823
234.1879011442785
232.89116682327284
230.71230177036014
229.90289145878796
228.90100788049926
227.92578582484145
224.7198522160287
221.9939608667498
217.27235875920536
213.58766602976428
211.34490569905853
210.65407281013916
211.14207412719
213.32236442071763
220.01116770143503
226.60229793912896
230.5618831674508
237.63936576003005
242.946736804681
248.45284253608565
256.580243113546
263.5787686056064
268.6639468125636
269.365168474397
269.5460492903317
265.24115808993525
257.3918146449618
247.2711883653467
239.56733469876824
231.8294928114938
220.4450551765232
213.60192174420183
202.2202896896453
201.59557849848363
199.76023980598438
199.92459419475924
199.74306846579083
198.47656975129445
198.40476118584033
199.8352519162452
198.03598321828403
