22
12
b
48.628982502972875
48.55864908527335
48.07115479762879
47.8259898522407
48.614677679153154
47.82910105303376
48.43129828559213
45.72549721229733
42.63693924180043
39.97861942704954
35.76009843147474
32.959926072081764
25.907007193002865
22.57385953658205
17.78769220321521
17.286689420789678
15.644448602441251
16.318061564444186
14.77158083296484
15.604275853876953
16.166722781915
16.35025686363317
15.878182623974004
15.36340485330243
14.007522392388603
14.04007936846681
12.262942657194998
12.000022750626488
11.488112326314495
12.414070702700492
11.199787060966147
10.815246262266811
11.961493403014895
12.9838470922558
13.028133014727635
14.349399062052207
13.58387020416736
13.986508365545538
13.610403489994003
13.58122926398034
15.631581800708998
14.8621569502915
15.83296934963611
16.32119733893997
16.526182956201527
17.89904846130898
19.84186225101587
19.8208998674214
21.572385513012335
21.842021901613677
20.67729736621973
23.0197074731894
23.240956602798914
24.333480236569528
24.89692649732665
26.656618988381933
28.778952558417856
32.33643963573266
34.8518845709058
36.5442144087334
41.66794672180381
45.539399734061114
49.09050766200399
50.67908181649324
51.84798541183225
51.12631009767115
52.30442644969544
53.49162581043383
52.11269555386428
53.836996174710194
53.07220288215831
53.564789060590506
54.93471893737751
55.42153890003688
55.69979811852262
57.530529150168604
57.76854284028814
58.373231248679566
58.99723678497118
60.79017782306662
62.95320495318848
66.30427241801358
69.1287162952989
70.93050811557062
77.49041693566704
81.14040859391719
85.57404384799298
86.1095909055781
85.71369964786464
84.71371113600824
85.20579337802397
86.80177747247765
84.78314041876924
85.98348855349028
86.04686592498776
84.76205039582973
85.75487623357401
85.16235707898419
85.76332326098664
86.33977592671337
86.28339033857625
87.33809807115605
87.28729324734553
87.23957275049918
88.04744434137301
90.11903436928581
90.9308505729071
93.30119865825614
94.61474787087012
96.1690434079779
98.40644578042341
99.71949541414821
100.811248719358
101.79079072007893
102.42390785870572
101.34172186710973
100.99895824623678
99.58150592040639
97.79432832167913
97.11630085393843
97.33573747077206
96.61147394979345
97.45741662748448
97.08221528814326
97.25790031514894
96.42694519541816
96.89250379264128
96.45744614588331
95.03607538125841
94.16038256351337
93.24604139650666
92.51441798010794
91.81749383962537
91.39762120530554
89.96382646763351
87.94552489929588
87.25783858987916
86.64370690051908
86.3170627687561
87.45273950565593
90.7699354858901
93.62543908504432
96.13539992217171
97.64991724315249
98.88233365105884
100.85774293267558
100.69072977154381
102.72314654443184
104.7683160860092
105.05561819936344
106.92515104133709
107.69654265186756
111.64180109003789
114.31782982201254
116.61834996656636
118.62537679148826
121.95611632988066
126.7736652739778
131.58697916790985
134.57379781392333
138.20077876007312
138.0553893057795
138.52389378894722
138.09658686657016
136.0557164834566
134.67143608070674
133.29926297179222
131.0281929085744
131.2704778496197
131.00546723324447
130.41161450838015
129.02102208554643
129.8893731824361
129.32463439767204
129.81040715976383
128.74796935566204
130.60884276821346
130.6157282267269
130.89081247342963
131.48843967629696
132.53856829728085
133.2035868815688
132.54176958259973
133.26009934441436
133.64102167327064
133.58538878415274
134.38394293212397
134.20932481744117
133.25329566885165
132.70441999113842
132.38235304777643
130.998719252902
131.44213803461284
130.07246196149765
130.6961276630384
128.21074138692376
127.10847062573183
126.46124413247567
128.08452851532093
130.01183865162494
131.30401042211338
136.630998891633
139.48370038410474
142.92594419555854
146.3215325629799
148.31179600810574
155.69463168828102
160.2578145385354
163.58824152775003
165.4243957661938
164.61107047159354
159.4644463782411
152.4198793508989
143.39580638394153
136.45709960910906
127.36461960289117
112.85197674884328
101.535222097461
92.62116752717696
94.48124965014604
96.43429868060356
96.32485457738595
95.55900677835409
97.4625500035733
97.13072863628052
96.41477200783321
95.84623354456006
97.57653972744797
98.45264120768607
97.78977530318937
98.05162383587647
96.52059520621255
97.44961612464587
96.61268071794899
97.34805456617744
96.42130657559541
94.75521559990568
93.7231426528562
91.98074618121821
89.89420371581498
87.6694565603278
85.98113859261473
83.28597684324252
82.57064619882263
82.79120123801204
82.03449568019417
82.68333679939931
82.19520372774528
82.7957382992972
82.19887764768816
81.99436778703304
82.913898214596
82.08494999434308
81.06840788371609
81.32977982020834
81.66022232726066
80.89710098586782
81.44703778950357
81.44647843417803
80.01328655506842
79.8708566202632
77.70808268271392
75.86257306063456
74.35106057622168
73.13109485750816
72.06346608455706
70.93886319156066
69.40690384754743
67.80941333088207
67.48900358506047
66.42288244522169
65.94422332397123
65.65862440420646
64.31729040013136
62.629788520336405
61.66123332783644
59.0313341808052
59.400537934044436
57.411241623627184
55.97290722204625
54.83326357889331
54.25732728377607
54.680304408817655
53.865770877648174
52.662376242009884
51.790895837928154
51.49177799790494
51.29914658625573
