17
18
c
41.4331951832487
40.21698528026763
39.47044003681137
39.95111868353592
38.83131196408717
37.22165033637736
38.47317036525762
37.66873486782889
36.5256131703451
34.60884243106294
31.744795312526833
28.765685993934806
26.32151685775187
21.069147440839497
17.740535717072778
13.396600783340038
13.731180334245646
12.507064632881487
12.966774984932249
12.08717281393702
12.26456510489803
12.618701412497478
13.022921510889597
13.217296148968385
12.123932908727333
11.680287886602303
11.683465918239405
10.228014398833096
9.205157288287849
10.128084123566342
8.972061764185998
8.932603249367444
8.906542498119615
9.28988811775545
9.466821728306941
10.71643725798622
10.870506079102757
11.274226276830273
11.61584726421955
11.17427233049604
11.65308947613659
12.726643051561975
12.10091333850734
12.677117127569698
12.483503346328154
13.915973547341308
14.850904303070442
15.754147069084821
16.894276742176494
16.68803783305613
16.961158997501993
17.63302220724559
17.652208467793592
20.341065392298805
19.685297882949786
20.340445966981456
21.185621589475872
22.826254154727604
25.413091802124
27.929219743095377
30.207504315613285
33.21042853933424
36.34006653738276
38.990075988920445
40.35741675512263
40.81500266848572
42.250444510773654
41.074513715054934
41.76678049766629
43.29565238442297
43.35277156050778
43.007197399277736
43.10331790028215
43.76216295442914
44.84847622541787
45.11629737370861
45.517926078342214
46.94853340654079
46.906399496880155
47.22814388093217
48.88968685252411
50.79846335183684
54.37098300350646
54.722616093062726
57.606892295289086
62.05351725833943
65.7661708983273
68.9264543118269
69.41504228534829
69.84710285299374
69.70061420437447
68.42655116797258
69.33788460287533
68.41560327299719
68.6778595213942
68.70713424258804
68.54989246446912
69.49909672698242
69.16692027853995
69.22571308737388
68.78054705969814
69.46773494053285
70.5883486736061
69.92180294663761
69.58015198447677
69.9155594489564
73.26175300817937
73.44639607082514
74.83065461299758
76.11287308248278
77.78653646628084
79.51500283020995
81.36625253232931
81.54672716265797
81.42144972909013
82.44647158513169
81.5952149914289
80.13647843909715
79.43016136205915
80.14330733918597
78.97443795131066
79.41555866586556
77.58047614601817
77.49477093841523
77.81429340252527
77.82937825037567
77.58849297413266
77.31323641619191
77.60991347727473
77.34385704413408
76.36772747166356
75.39886467157295
74.23605341557193
74.73494771525692
72.52485817797992
71.39622672890373
71.40706472317156
69.91782025976656
70.93403013809805
69.84984918991935
71.0068109255009
73.17860718116381
75.17300846869313
76.36471420003421
78.29546687526884
80.32691960369532
80.44615738604091
82.57047154493073
82.6187950881382
84.39648540307338
84.62216892558578
85.2080290357
87.5403594319319
89.58295211803305
92.58259638090048
93.12089058343888
96.61738994440154
99.33703636985535
102.28832513287085
106.54997038010605
108.58642499418315
111.19450642438017
110.93780187607835
112.15921989285262
111.63873692926522
110.36098808705937
109.17246000923609
106.54876037164605
107.08756394009666
105.87792815247052
104.63785112941925
105.39650762092758
105.23635079816627
104.46071066066598
103.99906776260758
104.07263285179589
103.9332850223572
104.63067949169594
105.0801607602373
105.25083650420845
106.20372383218768
105.60911581088975
106.70562384814681
107.29069056961666
108.45988754534999
108.43303064761618
108.2831811901367
108.12170828261132
106.79844488410177
108.61731273415818
106.64417370995997
107.53860383742064
106.85211885347427
105.10635807329031
105.65329688281516
104.52379756648486
103.69741032270998
102.37610583055314
102.244541503048
103.72546093728171
103.03968453292444
106.1229408596169
109.59258293658948
112.14348689575085
115.32539003118485
117.17813362449802
120.9198855078884
125.77936152045709
129.25399687588515
132.0820154688918
133.2182817011069
132.83098896539937
129.1974312827136
123.64090656195226
115.04060154488079
108.78102824687049
102.60352681601069
90.64746015751192
82.27506399640224
74.92363817931056
76.0429095348085
77.92607041680452
76.80873887479629
77.98094993237346
77.72859902090431
77.31241164439055
77.58576953686514
78.074664725423
77.25596092381323
78.74372923038868
78.49178933435113
79.14688805456025
77.81729898308411
77.82466086845331
77.4497535606718
77.61351899571191
76.64345677636115
75.79563137158299
75.43796357620384
74.01497953483441
71.85155415275662
71.12791063694041
68.25529510935051
67.28273594352387
66.41883487195122
67.15392917640565
66.81562186208379
66.28715439513506
66.06045664994183
66.45803364148713
66.61558707731648
66.56166084590694
66.89019048139097
65.99800017014353
66.51738886958925
66.40135469224843
64.84441500245096
65.23029717758986
65.67956245893097
65.43895310228602
64.52333095422279
64.49932111875879
63.30144057957426
60.66543359014462
60.079475419692045
58.63965812566896
58.17794974135601
55.80614992753212
54.87471733194844
54.678894101765906
53.80635463838667
53.435502770496406
53.30925197707073
52.45649067100455
51.67903181042401
51.131485813100326
49.66421162504151
49.1803120998979
48.582681954624306
46.69880891723281
44.94842445881499
43.76765995892237
44.81984138424882
43.48247541009682
43.098043023138814
42.39436590311431
41.89176059028888
41.48010504415271
