7
1
c
83.10685364508045
82.74002143923933
83.90019525235576
83.02571374235218
83.35963295805519
81.83276991607616
82.99053027983844
79.07216473163021
74.69107096840246
68.00979492699754
63.94718999882422
58.91345348766877
48.590895300361666
40.80714279762533
33.67790567020258
33.23529700242739
33.69444840259369
33.07498284332088
32.73404453583854
33.30017408088992
33.662661338513225
33.30693653753806
32.98614633076724
32.83935970487439
31.762888035237758
30.58483767648678
29.769589631324983
28.36146055845393
27.86926646354965
27.701486735433765
27.93505045783001
28.582552325038716
28.82086159541584
28.560384960453206
28.78581188533957
28.845787707853187
29.898409856625634
29.27853938215836
29.361648522676774
29.83345236470652
30.40126386818127
31.144444794431006
31.487930429008262
29.686916834300003
27.64104436159145
24.65558216782464
22.919243926271033
20.758097067277138
17.466934610230552
14.368576767662326
11.62657048069907
8.726784954945266
5.808817695156256
4.713388583758057
5.86548129964256
7.852169311924184
10.629845072442562
15.032529611685034
17.272101581369544
22.502599368158318
24.532042623294608
28.00509422300674
31.38884118037153
34.376756216587786
37.484374768521235
37.81366446691212
37.37545228798375
36.05436790890393
35.28474780958343
33.46202704808139
33.75112400101052
30.257715355303088
31.271427791266163
30.468576784251958
28.574116543821873
28.527172449047736
28.088207731689092
27.984624382143117
27.534842252209295
29.62768418818577
30.169224965845284
30.916070260967434
31.544574436066554
32.51373463016459
34.08704169415506
33.783159830985966
34.32765656547564
33.96122600262191
35.32983520783535
36.14522870390473
36.37582560875836
38.682980922605694
39.83413622552855
42.15766273244092
43.895259611949214
45.57901818384374
48.61392337224945
50.21161573637931
54.32568497602848
56.660532390820606
58.74009465759956
59.2255157031307
58.99587371150632
58.19299197344228
55.77997740951783
55.26468590900447
54.0532005969312
50.14176589620275
50.61412746325997
49.55342965977685
47.73119692314264
46.66577701451056
45.6482076777308
46.331717606380806
46.1273512914687
46.19079792288213
46.43610000492488
47.69437013293062
48.02193712602488
49.4527368457175
49.33458801696807
50.04012596827336
49.189611592084276
49.1375685192569
50.47637876088344
50.74356643691827
50.31259713057361
51.029902549410366
52.989251096690005
57.39060746354094
60.80508327024347
65.3928073129287
69.34554325344281
73.82053995736158
77.17054356516432
81.26329950068285
82.66750472306117
83.71862086544984
83.5274409291798
84.00367434993814
85.51447162558354
85.87239646697557
86.29399205693583
87.36544827760024
88.50526631632276
89.67021228358551
89.94444579912657
90.50912215647519
91.05980211437155
92.30656776027399
94.30446000231372
97.22776642817588
100.56064471091038
111.98222158679096
121.08753082941469
130.18398568408008
138.72910460417006
147.9809971394526
161.0027492222873
171.5813984056123
179.36435385407333
180.42010018681384
180.87874572884246
176.20144911292545
168.37655948328586
158.9143410977445
151.7053601349876
142.16698920360827
131.22972189264402
122.40826163381567
115.30761565672856
116.40882779176555
117.60676386676927
118.63771364040493
118.65416948017503
118.35459586313013
118.39551449659237
119.04707862026778
118.20481969273807
118.26917124357524
118.17551461668853
117.22750629497992
115.3924607722378
114.33606229159868
113.28691163956951
112.34938640307497
112.85413898564374
115.53702875041503
119.58719809959321
125.94382375918497
130.85074868589703
133.9130895263932
139.43616685577354
142.4881181938025
146.8433770281668
151.40634869419634
155.4347898769609
156.56419926743098
157.56237890090566
160.1257432939496
162.36414756533614
165.10057949975374
167.29270473842152
169.21446338010438
174.36678944502648
178.89498994961565
186.21418099896465
191.85562399963038
196.11095072751735
197.94395087841983
198.820480215015
193.11172879638153
185.10062505372377
173.83709032987417
165.5306617854553
155.7774961722739
145.94550973234269
140.30693543741702
131.54942210223365
124.26551457928389
119.76096895292488
119.2323047429785
117.48744084209375
113.78556289825586
111.62958641554158
109.50639338419896
107.38428691986965
104.57232542135277
98.66377976426251
94.47252942954461
86.79784106437013
81.20386669026237
77.34317270124545
76.31183572724605
76.26909027387491
76.55375309576587
79.37994718389717
81.80634894840925
83.96305640859545
86.47252888700383
86.06134867899546
87.21404083481401
88.33594729277597
88.95141825297686
89.44050645714559
90.73958944403478
89.3667158867824
88.94449152439833
86.26114526673076
84.36278848453152
80.4338329682375
78.98922808160317
75.43030382976262
74.64284229689808
71.79582901207273
69.09639704951312
68.50550765918011
68.41926548102602
67.42622033370641
66.80931180542211
66.67321932997825
65.29109153803428
64.24505944991606
64.65982465921115
62.56863950975522
60.54242021261393
58.26533479885652
56.39271815602178
54.52969133569553
54.11582097927701
54.785022846763795
55.865323390028934
57.82032103864814
61.713117574669354
65.60210130245834
68.64070946595281
70.90538808592679
74.30578517580655
77.45163972673593
77.3474291904087
77.78611467122525
77.82214417170167
78.5959141107518
78.1527317701114
79.29851837333692
77.59675807902973
78.4639724032816
78.46496862230707
