17
25
c
83.09349677893186
83.05209393708505
82.13164133591107
82.61566368057433
83.83679199702682
82.67293200604708
82.76235368444893
80.67599157241717
76.9166513188541
72.41296852516605
68.42079739099319
63.40250329460342
58.880726202339616
54.133915928969536
47.994553306535515
43.734800851882056
40.62805672629832
39.51795784865959
38.47647598438465
39.99894260250943
42.69635492445359
44.905451886849704
46.23904771274379
49.2449565947271
49.00202639075698
50.85366341123858
51.02181002309905
50.96186477176629
51.5222367335874
51.06089442294517
51.998095984534324
51.63706077520089
52.28804210660833
53.491896624286404
51.62036620974049
52.31998567749881
52.24426908695846
53.19426545875067
53.545424674004174
54.11509093275545
55.139301983683225
54.7575102002663
53.83594512727398
54.77802415408626
54.23989532896382
54.57651582231613
53.612822492163325
54.246548299361876
54.30805062183987
54.77550475165373
54.55345643274492
54.184392200840016
54.72442165778868
53.99026231258577
54.10491691972345
53.58062934269422
54.259500938029994
53.519176989166226
53.79327980920153
54.24367589627562
53.84216296352565
54.28535970399567
53.85454321189598
52.522952879777975
53.227040441102275
51.88587643296382
52.21861476966039
52.77432277785189
56.16683507630729
58.18421647276066
58.370766360659324
60.777417047935735
62.51009072671721
64.79335323720991
67.8448588677768
68.23531849986226
67.67207370609235
68.92109720859276
68.80800172291173
69.17018283605574
68.2754156001246
68.5710935665358
68.43909643749276
68.50713962588526
68.1682679052517
69.2419737978999
69.11839846990581
68.82465693974395
68.96645159114132
68.92346305050233
69.06294681590913
70.29228891333064
71.28356156129581
75.5656832099798
79.37912329580024
85.63860714429983
90.36735218430037
93.88543661121544
99.67359846127633
103.92995586676216
106.63907467141809
107.90531834676602
107.78509179308118
107.36183295524454
107.14791810280798
104.61538460979169
104.30867304292832
102.72010518627944
101.43055285779651
103.1255470997675
103.24877731168542
103.99235827989594
104.08534592336574
102.77640277121152
103.21041764647107
102.75387569685905
101.0319202997591
99.12566509870585
98.12613082390666
97.13155368332515
96.75766485235836
95.53925127811608
93.01936749603972
91.4363607819901
90.20917549110996
90.27312343234615
90.0117950945843
90.76130224009394
90.71800050059512
91.22058644293718
91.81147431135523
92.76011605603406
92.3615840593393
92.56619483632218
90.74415478607362
90.37927453113394
89.66138127606638
90.32713532094024
89.92360485836767
91.9053344010655
93.43994084276044
96.10833113280084
98.0849945590804
99.7601387808744
101.33144193449955
104.05801739766528
106.89432104272409
110.31460482086908
111.66612206981988
113.11906318032945
111.96991993185772
109.97476617927728
108.39599808567301
105.98976769482165
103.69869227284826
101.67536297513085
99.26775061209274
98.06675928816067
95.1550509706975
93.57495318628878
90.21009394160409
89.66952746729889
90.98715742853447
92.19426317747553
94.18483088535997
97.60546840007306
98.84459071519252
102.90737759267358
104.59152663131947
104.58363358060372
107.66772685027412
108.81877202846816
110.88665067277464
111.64755871289323
111.90977650073822
114.28616846335035
115.45665454835621
117.64384193421347
118.75530852982487
120.1750046276425
122.6656782951026
124.59728582588265
128.29551914419355
131.32135484156285
132.9335437451091
133.9235816599225
133.1640780614267
132.61631420276962
130.82707381769922
129.60815496136857
128.28996173927553
126.70434239952279
125.89334537595245
125.66337729601148
123.72241548801045
123.73473561702798
121.85424103173789
123.02113851545205
122.00347199463623
123.23869432930546
124.95179086718939
126.73256614099178
129.05622184273028
130.21044091055617
133.93936832954446
133.76368034794686
136.06418620999224
137.61174135193065
138.7107060504532
138.92551958292378
140.12021182306762
140.87957296456787
138.9730786216693
137.80659592945582
138.4625359138288
136.26726479259
136.56541538501054
136.45917140125732
136.71898758024344
135.315840306738
135.5844723112568
135.82409935911596
135.68230264885372
135.2412105314964
133.78638596833653
130.99167131194088
129.5544374306392
126.27200174600975
122.92886284470228
122.49413245352815
118.7476735513991
117.49654423321365
117.89657561736239
118.3645502984189
117.71503204096665
117.63929224269265
116.54050295417242
115.73018973094727
116.80304513425236
115.31948464905946
115.83888165679204
114.72528862645424
114.84650544518034
113.76842045751464
112.91746474363798
112.7937198113555
113.30087881116559
112.42002448899002
111.49636686724666
111.71451970685298
111.4934696033448
111.06885399960005
110.40561902521556
109.90000841977508
107.86590338773749
107.34874522618925
107.34076826689883
107.18947981735015
107.3441559566339
107.6478529173827
106.920765281597
108.00027761097995
108.17704218731159
107.29931525622078
109.01011401978354
108.77333322807
108.39571791772698
109.23682053974072
108.90328818694624
110.30979115178894
110.78288674638229
109.17661239761244
106.10126782881716
104.15070656825712
102.25949254176585
100.66346312797934
97.605201904874
95.85320696156137
93.74292926736655
92.01026040785393
90.72686773786565
90.77003598665918
89.69616657866084
89.33321269141832
90.32266906249612
87.99181943476553
87.11625988051996
86.6662663726015
