13
0
d
164.7001505751779
163.71306577441862
163.8294073662631
164.05009580853962
163.5198596849654
164.04287838867174
164.44341111156564
160.32768900381956
157.52669422242946
151.43800156192455
147.05118614060225
142.64515548732285
136.0418041938975
130.35669891103237
126.13703470197429
121.71833713307011
120.66666824562229
119.86357935427282
119.58687702950736
117.98568072091149
117.35979291970736
116.35629941301008
115.62872432514018
114.09955968706281
112.98575064674196
112.35629540396124
109.52220631595091
107.21883061956855
105.03313819908705
105.15299058150764
104.37170894448484
104.05759611604225
101.2530619358378
100.34810680813341
99.83637220830096
97.315368967456
94.69221339147171
93.81797916201153
90.847145662998
88.2290302952253
86.08774094751105
86.1363690715493
85.1481909620608
86.38394043830246
87.54150969214444
89.16065924128118
90.1288499453225
91.95827882600965
91.62564108583852
91.54464843136508
93.07223471748232
92.66853408573276
93.15955584850983
93.4880490471434
95.03893322267331
95.20317357058656
95.52394558055829
95.32822754975577
96.87346656321586
97.858832226438
99.36877355273037
99.26245052190501
99.35488855617304
100.80624675386498
101.72799449956632
101.68245072088251
102.1889131209973
104.12412251651924
105.91961436266577
107.05323667205793
108.61691826357796
110.7443349469527
111.47458910970526
113.40703259136312
114.6988310044769
116.32262553720487
118.41480700002849
118.09015442743305
119.53585180897008
122.44300147682344
125.18538802916328
128.193659877137
130.77485216205875
133.46804519530602
137.21415321499023
140.13722107799725
143.64141460455326
145.8611842757806
149.4255819733568
150.7046866495144
152.21775668320913
154.25823869172984
157.3109151057263
159.48269867588016
162.22069625183755
165.8710297627696
169.899329748958
174.14743140632592
177.83295063887533
182.66130268157823
184.82518305652482
186.4236450661522
187.0810245592195
188.74620794755756
189.1490458991613
192.29056864746894
193.59556192836126
195.75834432905344
199.32434695277763
202.47458955952004
207.0017114824128
209.36603660596614
210.85588182576902
210.8015421297924
210.20610071699767
212.08042489976077
211.30769926747354
212.00582425808875
211.49423254709615
212.97236518138226
212.6927456735656
214.4679749546081
216.00589653202698
217.08673727392215
218.94848717826255
218.6016478799275
217.7968241646469
218.2448308007655
216.77024394052623
216.0217947273696
214.913883707294
214.8648792371365
213.97672945095906
212.40280332405456
212.072247106511
210.71834017561332
211.00194296454478
211.0097113728147
209.76327934577117
212.08049072164783
212.77208706817083
215.67106468036437
216.7506056718615
219.72694598710774
220.62999373305112
221.1792760499682
224.91153253481428
225.33652571412532
226.83856186562187
227.6724119091791
228.7027942658154
227.19308323387426
227.64514239803586
225.238092088894
225.20721466730134
226.06757538008557
225.28118118170957
224.8831414329312
225.96085482986985
225.94578376866824
226.0889151340511
225.69744955881438
225.63208617465247
225.35911664162694
225.49776305714113
223.68077202711478
223.23190778201464
223.17970977554245
222.9413143917218
222.00651386584133
222.37919997135242
222.36422321036432
221.33103106766487
220.7046528040984
220.53027922475843
220.5635742299975
219.72040319482636
217.82612676174307
218.5319761400609
216.67190348498877
215.4964746144225
213.36177272318608
213.38531635387457
212.8329472694111
212.32023254068577
211.04950777823132
211.05015108588182
211.6375009649556
211.91331980101654
212.2281487907482
211.32446273829072
210.21792927112034
209.43896711275292
209.86716694744405
209.0606879488502
208.31702694854005
208.3003850008734
208.07998715683792
207.87384487765635
207.34401241572243
207.29768721983413
207.45613211275779
206.536690453084
205.53362657309944
205.35539784254638
204.8188475372119
203.69411805788585
203.7639659025973
203.58565785363515
203.96880525487487
201.830693583061
203.69472394637287
204.23047891867134
205.14941678071506
205.3485188856919
206.50894155338582
206.1600601310455
207.19365117886966
207.8283230767762
207.88698412556772
208.14237354826363
208.19866372142965
209.36863576878682
208.46237228923505
208.8985653697009
208.56197255204071
207.63690883027212
207.87987931205302
208.62540729214416
207.67135188914787
207.75978426143584
206.13053311335605
206.45178223294008
207.74217661533936
206.3973604073421
208.45192568044789
210.3004484124878
212.49722674558072
215.53293547399528
215.95724107064405
219.71818248624567
222.3717801576952
225.52729890669238
225.89881486128715
227.75617653746363
226.0880082841164
226.67825750603052
227.25410103409834
227.68709421393478
226.29626269105853
226.27549339050847
227.3615622554661
227.0153398743679
228.80050735105198
229.359770241783
230.5761613932397
230.15187795686347
231.00477047295684
231.23025646726373
230.32180530499585
229.47097942663783
228.27688183277255
225.62061665333593
224.94136727163334
224.6635112076517
224.05220645079382
223.8213399442455
222.90181930766798
222.2804252718998
221.40947051421736
221.37723713811994
219.44569847913644
216.66484920086646
214.28972026343877
212.71941339886712
208.31143122690546
205.69720701045475
203.4672027818228
200.78370855757996
198.55341516722837
195.32736369049758
193.87765738688643
193.54772404014406
190.16143872124852
187.33452292078027
185.22800932323335
181.7547132233739
178.17904544164134
