7
9
a
182.93685405303566
182.21434961293537
182.379403245995
182.55226688757395
181.3234275022739
181.8513330417521
181.88932091272545
175.26761414828627
167.8249733299294
156.17162675275154
149.06545776654644
139.3744999724179
129.22231840603465
119.87824130163462
106.18813702709926
94.62279139498455
86.78875303786447
85.54794263841347
86.2537336302811
88.36548193189222
92.66516689258704
98.41267215678275
101.44533016478829
106.50221045010504
107.84300335718234
109.57130802144356
111.54421750017781
112.0216285821572
112.11866324849439
114.02109305005578
113.54664165306593
113.65162694968801
113.38731166716423
114.09096023769985
114.70832461417827
115.27344029850919
116.09632392738506
116.65677522938093
117.58170299171105
117.14455775080997
118.43135330011644
119.02448928187533
119.07885379684147
119.64666955224769
118.6836980449729
117.82407640882595
118.42830209114031
117.70954289554746
118.40647874930652
118.00782146493654
118.7033775963299
118.12216739975445
117.99716160855174
118.478936816766
118.23230805538496
118.0588446133492
118.05794212865055
117.15071203789965
118.12314108285334
117.85609905834035
117.86776472859243
117.82996117288327
116.34267059719416
116.16225606029401
115.94523519902563
114.86632608971333
115.17303218398666
116.81924347843814
120.32507668895946
125.11128962969825
129.2441018830023
132.68597275998476
138.56708944346582
142.53519772888285
148.02984902404611
149.68929922695816
149.74600827766244
149.61865323690154
150.06414962421118
150.3060990182202
150.67989088792567
149.84986642458978
150.19041627122826
149.26991257412848
150.12169825854326
151.08603857717776
150.26510687348858
150.10929401796133
151.00476349778273
151.0424995192872
151.2979334690075
153.59800616968482
155.31766290279472
165.39003828833918
175.6686155584737
189.58037103471327
198.11826274543975
206.4642132104596
218.8665121512466
228.899802250618
235.55002184236622
236.518323737287
236.8300761098797
234.80426125477098
233.3412093525867
229.49534637227188
226.76338701056454
225.10857015693395
224.18880056234255
224.89324286038908
225.7813540329516
225.5984485724305
226.82011150626087
226.79616161595095
226.25417102248375
225.21948929977665
221.46425480635642
218.41595213049405
216.14444390924777
211.6486633018549
209.89297391604526
207.52689043573255
202.30291645066217
199.34022469749308
196.4979329325905
197.320027125711
196.29688126172059
196.80265466171892
197.07219975538004
198.6489235284839
199.65244080556184
199.90248504093879
200.63170508566066
199.74030909196034
198.58057555065514
198.29952396533415
197.42064484145968
196.06566176050538
197.03348709926186
198.74118716018936
203.09316055090937
209.56752282137288
213.40665237301255
218.20183779519476
222.63695774688466
227.80873301863915
235.45896051066774
239.75938696813478
244.17417360448366
245.3505532422307
245.0289971851719
242.6247953231002
237.26735836712854
231.67058530750916
226.92080511494635
221.92069726870966
218.16069818739166
213.78100212169352
207.37498706657917
201.98076650388597
198.1642767881921
198.29752291037903
197.29769513417742
200.64155875337661
206.25910158044184
213.5233570559446
218.20706253422858
223.69425424395047
227.92532691112822
230.62076627584088
235.42733349869025
238.43477724487076
242.32334554272268
243.29195535033057
245.95410560540466
248.4900684164974
252.39961651887205
255.62360029361372
258.027640457369
262.97415493296495
268.7809634718637
273.12192180452837
280.54341531534726
285.52875475628304
290.3020542819885
291.400170776767
292.2875640089325
290.7490501730413
286.95227275245077
283.95179092609186
281.1277491097353
277.41491225327746
275.64394839525914
274.60126346178026
271.4647997752997
268.62446985606744
266.602669099986
265.55658162821584
267.05149749454233
268.9096765641609
272.56348860733596
277.12998946004285
280.7814877446722
286.56982612864465
290.4769694234853
293.5285787915695
298.86614209340945
302.6845278496963
305.81986023582795
306.5681143924671
307.36729851065905
305.6024658698515
303.8292367532395
301.9685611367479
299.55162024009513
297.9293294828051
297.74883952158564
296.9867589107367
297.25046991378764
296.41420359401445
297.03609754464065
296.35373021529745
296.21568031988267
294.2664698980483
291.786141765851
287.3080725916866
282.47904240170243
277.7571640180684
271.1412445933208
266.01516161171736
260.3003038063348
257.4664783876471
256.2096612259723
255.93034497337192
256.5382773471091
255.55978393097473
254.7044345595323
254.74444907003792
253.765474194139
253.23830536557784
252.96322823579732
250.99921089549488
249.30429130677933
247.58212900216213
248.08108701319702
245.71153046858606
246.56040299127744
246.13591926985436
245.17474639459607
243.60774384596067
242.94080601969523
242.98294864526255
239.97800056288702
239.28805386400234
236.79881392950062
236.0387277602263
233.9893064369791
233.40451076975646
233.67055338120352
234.73389297452948
235.44954641883297
234.71664466754464
235.5516376477444
235.71867508587846
236.2543345554414
236.32050277877016
237.99054883682203
239.17321360193716
238.76281322778595
239.75348705292168
240.1833852575592
235.8744028810429
233.33047608671765
226.37576414687993
223.7988452742739
218.17299954125912
213.36037650831048
209.56071865660056
205.48383867748674
201.06237945041295
198.29292537130766
197.15597906528217
196.40223590112166
195.80695001373624
192.96142714623446
192.67239494269037
190.05415001869767
187.9430364182572
