24
8
b
112.83708352670459
112.80315140349464
111.86649385385984
112.17887099776704
112.62585368019778
112.87191218875853
113.22635995867947
107.98387157883634
101.6706203485581
93.07856352768489
87.09930486847674
79.69389429416803
65.90893704251647
56.0989511319809
44.87989149509105
45.741606754291254
44.3091964694184
44.93051643370889
44.67509779403812
44.76525300877383
44.35415130409687
44.857412991062255
45.283842013765316
42.71322212066122
43.21547126645743
43.32340964679036
40.253910405519214
39.23901322243949
38.65869761569392
38.121568173687855
37.66787406310169
37.85728012256324
38.84234179293671
39.00303371817103
38.92548642067243
39.30892471374538
40.24539591983543
39.770223239186514
40.134943969005995
41.860366107041585
42.24924367971507
41.68621541249144
42.03057206437042
40.25874344716063
37.3538266761428
32.94338175549292
30.117075158403658
27.59131431107841
23.853011074204897
20.704149693267038
14.931751642289512
10.405849534770171
8.295944389279551
7.404672860519162
7.818211086073533
10.667055973079735
14.785519017698217
21.041661358129353
24.296981590839255
29.537332707861964
33.25515406724988
36.38718203638883
42.26445478850135
47.22021777035651
50.15968425026113
50.33072803428473
50.544241695430564
49.810144615634066
47.85490085085067
45.10420590651432
44.802777441783626
41.42882795223726
40.82382146561755
40.42528691985098
39.33937770307494
38.11420888164414
38.1823427947139
37.87784048313333
37.76800630237891
38.81807445866091
39.94986010887771
41.96313384491502
42.63478988425401
44.36581911602256
45.72617648021052
45.64649537862819
46.86214507272175
47.15394688517823
48.22107257141927
49.19794504186024
49.67952514525831
51.528351669311434
53.80497511203734
56.274147192560434
59.72225536293369
62.627782065996996
64.88965423103345
68.27308464440536
73.1367807294675
76.47434334129281
80.2741013281126
78.969537508231
79.1261423506498
77.234238687435
76.37768822917157
72.80301491111281
72.04881242608802
70.99746234256938
68.34055298833401
66.71790710327396
64.57470245969031
62.501310954689394
62.17621791445965
62.42988117815308
62.833757545423076
62.07516744086178
63.48709922918354
64.91082248104222
65.60046129070975
66.89891215804779
67.34134479253923
67.07558668841526
66.42061348803304
66.18347600493377
68.16936324565307
68.42799296654394
69.75461300712004
69.70421466959114
72.01776232341462
76.78841474657135
81.98146602666762
89.63789864713792
94.98788221497232
98.91284617418184
105.58987389713741
109.59660011632455
110.99696723646369
112.12693723739912
112.46285429514687
115.02066301976119
114.98046382388732
117.04440305815491
117.79394236471958
118.77518302143874
119.89113710468733
120.97403410878078
121.17098850539595
121.7790453745527
123.14700393003045
124.80300480102417
128.4581061392983
131.380790070446
137.22003212669284
151.06820414841792
162.54342900627708
176.23194868990115
188.57113618578882
200.29743674184726
217.9861264544768
231.6639672063115
242.7652865917311
245.3985356218444
245.20328061924766
238.98390257177113
228.9679232139731
215.85079092837844
204.62938369894943
192.40400688483803
178.02320744430804
166.01281100907747
155.95235371899665
158.51907705486283
159.43792597057632
160.01019995155133
160.076868175102
160.5268749851155
160.88788767693148
160.68680334104246
161.1484927880557
160.57975271137343
160.1464741570949
159.4185362224041
157.41154016531533
155.37327797487393
153.2459899383088
152.5950076706056
153.33592254480718
157.28568554835635
161.2281981434376
170.20440498718975
175.52534586748808
183.18049885965456
189.18767702798002
194.05744730778017
200.05512071999567
205.96770570687715
210.3611007290853
211.83426219302666
212.22332614827175
216.8546925969307
219.570835408805
223.31147288076696
225.29195075118758
230.81873662610917
236.89753856422354
242.8349902503106
252.94910126461082
261.0263290848055
266.7314589923012
268.6087276973728
268.7222898824658
261.4700321010523
250.42633011028684
234.50974164662162
223.78488778056837
210.50947440187025
199.06921910883838
189.994416679594
178.0427707688739
169.30709312673076
162.4394138655854
160.71949735922627
158.37191155702155
155.1070038531275
152.48458745926405
147.62147799089803
146.45699236263889
140.967293020646
134.09725401788037
127.60989709611258
117.71049199972302
110.39832509740765
104.68196441245597
104.11576687490096
103.36483224663341
105.03161535175501
108.074168095106
111.20576628195325
112.89861117654776
116.81718985199453
117.71539585532707
117.15248727254146
120.02551681302477
120.37226794831484
121.80518746943861
122.4824404785433
121.32490515197225
120.78808838481757
116.94308386731817
113.21569018926573
110.36651558855196
106.68565141016805
103.42027500460105
100.89339134018067
96.95315202911098
93.9193522484729
92.39505449170899
91.61477313980255
91.15991899594188
90.1438196693244
89.68488675600203
88.63150812179062
88.10730407529334
86.08048652526715
84.44300009880645
82.18460727558065
80.41727682140034
77.04971399956904
74.80446554285436
74.1299097820623
73.94773795747845
76.61077462009705
80.37917680350641
84.34364050093703
87.12701743438906
92.25539591606794
95.68052890057501
100.2278455013961
104.78625909987261
105.32223866790332
106.30908636860465
105.63570713127132
106.29974010162769
105.30516244741578
106.55636606406819
105.78881087332354
106.16708358804777
106.99661130059803
