26
13
b
11.082067933940612
12.321659941909251
10.515624716437497
10.774962308014297
11.477799935500842
11.236405736062803
11.194181118840948
10.154897642041954
8.579256075724615
7.99870383935464
7.375087822480881
5.948847323824575
3.7854145987273484
2.5203712112615504
0.0
0.19718073694321045
0.0
0.29370619087425703
0.0
0.0
2.1820667443407937
7.671687505509
11.499708768008105
15.403293305724459
21.176120897292886
24.3265879760712
30.00136585431628
34.6807015183546
37.90483998083707
39.01597707708044
38.849513090244805
35.79134765911514
31.53995476034934
26.938046138951982
21.82321357781577
14.232504905487943
10.552942185425303
7.830183941174954
2.4731668565970457
0.3043938543148904
0.0
0.0
0.6201292780383487
0.0
0.09907597671993384
0.0
0.0
1.2203212703695212
2.7105556699637567
3.2883352617101425
2.4296359520456483
3.0059622953138487
3.493533554096436
3.749193829390965
4.2868979729360674
6.581566283206467
7.856812334660957
13.874966055466546
15.777024045141399
20.573922782466163
22.88190178247456
24.76613288933513
26.500776143291116
28.234941118873774
32.08503512789837
34.33122178314875
35.18508173713088
41.922929589949405
48.702942563016535
61.61832818317287
70.4084472136058
82.68187257511725
94.51417453431644
107.17241861638034
125.39453986559204
139.88198909627812
151.72912306322738
154.17847562181532
154.4023318580369
146.08974235002393
132.15534788140874
111.3775110296092
97.0842434635859
79.59523802171877
67.28031289075749
55.93926300102848
37.164702825577194
23.457324807935862
13.173766172553611
10.817367076467367
10.660338538867057
14.67232505900825
20.251584460895902
29.4288952628902
36.32987846198736
43.490272621985795
46.93651132492634
49.35749152692811
54.76173939173278
58.364585044918414
60.72965289329808
62.03084713798175
60.31816464805135
60.60278077778173
59.870234678924525
59.210947386686804
57.958856755622215
56.71190391724296
56.1329246284481
52.52743457819905
49.75579039365636
46.71528474359477
42.521389148265776
41.74245346655895
41.05752722740066
53.139590678287234
70.1179491445564
94.81874325977958
112.47866419162223
133.39975856009426
157.83516159260483
179.0916304360897
206.04675502817759
217.2056117260537
223.5787711610202
226.13066698130137
228.88096838905682
231.16673729997777
233.0858547420972
234.39198139347334
236.51506678595328
240.00383484567828
246.77614965500672
254.95804610223072
268.0847410105869
277.1412656833341
285.2601933728101
286.51203706267324
286.9672537153328
279.0809472872678
266.6458114429695
248.86851835953274
236.17959609108698
221.99545532558977
208.28516142578255
197.81312748236508
182.4065836485235
172.4326409046942
167.86150659306338
166.09373131248626
165.27186807753796
162.74974444051267
159.23214501215804
157.3771818631682
155.19126004672185
151.48986027480203
145.85038925356312
140.56690836318768
134.2318088631631
129.61989681061092
126.14159687050078
125.92953652144176
123.76081687121479
121.42631106505466
120.09152747175139
117.2166019045576
115.71407867843514
113.83610774463986
108.94688085589112
104.22596036089675
95.69869102533484
91.64571676201425
86.46693209507228
84.97681550656465
85.5934629922378
91.59651269251185
101.89580607898307
114.63041455739439
124.65394497897094
135.60592039470436
147.56389140264056
157.82055261104497
175.30757686046695
187.39606456175224
197.21648234952883
200.5900588245768
200.2726869217333
189.8713604315444
174.19452092453622
150.42711710143658
133.02556273613664
112.80371616321523
97.4055588474913
81.4127809971439
58.13883867838818
41.108736111307216
26.236110926481487
25.264952594240484
24.118757466674772
30.55859000577293
41.72418440618632
56.37319668468715
66.2671282578903
80.35223224849689
86.95247666749576
94.48779971671945
105.33203800951998
114.66912079997715
120.64247571249751
122.69299967236107
122.25993499410195
118.4077243926582
110.71164326496375
100.41784019591707
93.55905025363872
84.72528142578875
77.84076559695752
70.61699518983113
57.99914131501909
48.164778792214506
40.02534419465512
37.47179956260152
38.61394749129574
51.34712787777179
69.40252306954879
97.15355767485462
115.81551278441718
139.5268628346807
158.5602217047692
177.3494944702999
206.56210377135127
228.82544417663382
245.25500347886873
248.2113024054145
248.6150902581949
241.8921835103428
231.06715373323905
215.72773359036984
203.6415714557811
191.13544587161903
186.16868190459908
182.80393899075503
178.8542388910749
176.9070413848031
171.35767722636075
168.08679652454978
164.26455480230427
155.62228521415733
143.7196444416577
125.34034773972103
112.14272477913474
95.48313721371655
76.82641413274753
61.62450969333072
37.43718409898506
17.78453950328611
4.020155526224696
1.5135185549559282
1.501271042857461
3.696637734729047
8.233512430205987
14.646951057899843
18.813799157354705
26.823657440283796
25.954187840321943
26.796251429783446
26.25636579929242
26.386744304882015
25.842689715703386
25.704155270798623
25.13230050706812
24.983975442936064
26.785951546594912
26.84892959508682
28.533256531490387
27.85659909630349
28.590488580566547
30.487469246049283
31.43792902954634
33.17165561623967
33.61111702227146
32.59063024706166
33.600264315741214
32.92092602767287
30.321750047923956
26.039657373182376
23.599471335425726
20.714687566705273
