10
1
e
13.33891743373865
12.263606789757374
13.767973776909962
12.747442460338325
13.447530369843488
12.92535794647527
13.35758134960641
12.13059908439821
10.805583009731707
9.148098998534211
9.000330769458145
6.38944762496304
5.3957932786399425
3.3671680938743456
0.0
0.6467328042213707
0.46734176728166327
0.0
0.0
0.2580885389078728
2.6306384158014167
9.17992102524007
13.154018382943786
18.42936634301793
24.025773393938152
29.25976435250585
35.96436366634395
41.39604977801099
45.59557758965585
45.97153773360451
46.51863985143597
43.92262012646086
37.9558271758584
31.492309934860568
24.836127165242264
17.321284863061578
12.940430174896134
8.532580878964616
2.3306913434111
0.0
0.0
0.0
0.10145359453407578
0.2043427756945161
0.6373255184490089
0.4938907399213922
0.0
2.437503945909336
4.384606868579579
3.953739923095553
3.5665890927679227
3.908997857755357
4.27298399199675
5.082011214856571
6.242655340380044
7.039221590632146
9.362863778420012
14.695698684372745
20.051762701686105
24.385252499383267
28.274470241363513
30.214416188779243
31.38697058872204
34.37679374903476
36.84193535086486
40.01913204067849
43.16384677123775
51.069496168800306
59.13754134404387
74.45550518488028
85.94438744679778
99.9738186818728
114.11542319606262
128.63779712374327
151.12228309856644
168.2825719581293
183.49635460848248
186.28206552645383
186.55271525001828
175.10136072831938
158.86285983496177
133.97101957262407
116.86202848094528
95.65773082478334
80.74161789412338
66.46642431390104
44.77538623555343
28.30342011557988
15.253684598880088
13.879744335699783
12.794530624618591
17.9404605772718
25.661164574323774
36.04424183496709
43.87558221091862
52.82712717629125
57.33972248656436
61.123336247842744
66.1522766684866
69.94409174072143
73.2119012259684
73.26834682121414
73.16312248359952
72.99691385322713
71.95845634463824
70.77049498702779
70.11255365240264
68.7783962122969
66.81321593576098
63.94876094120051
60.53806664182588
55.81483595419868
51.460022836807624
49.27741608390914
50.468033373935285
63.66891615158555
84.05234701789217
115.11752035318766
136.07080333806715
161.51647130361542
191.81359996780327
215.80940437618622
247.52348279281867
262.2061633215863
269.15066577118876
271.90257270157053
274.83437260357425
278.4232805247059
279.9291230040431
282.48720193819656
285.01032646757926
287.93450897220424
298.08184300394026
307.9746580618895
322.4101245762913
333.7162014621978
342.69416227291106
345.62562170274754
345.990327901329
335.0109494987101
321.7770979396621
299.4446819971537
285.1553127995228
267.2812467260722
250.11350101873404
237.1505192776555
220.3456229430851
207.47590920111654
201.31129309435812
199.70256071443885
198.01599812739693
195.08409136018173
192.27892381201627
189.42309011207718
186.4808759312972
182.84233317594362
175.87410406439713
169.12368826145553
162.2226072005508
155.76800800804065
151.96642271875143
149.36279281825773
148.63605985373312
145.51687981284527
144.6492917308675
141.62411630759988
139.26245174983362
136.4029164807751
131.4766162689399
125.2745809072568
116.596343386519
109.57236668936442
103.27511543333942
101.58766913134126
102.07360807432543
109.78453840472872
121.52467530062168
138.49180456326292
150.0722612928693
164.44477705471743
176.62848769480343
190.2634557524177
209.76536211967675
226.02674272903042
238.30825523288047
242.18950339360953
242.02379241107417
229.21167658514523
209.82634140895033
180.20916986860416
160.20661108857658
137.49458301385172
116.70200017871905
99.24348138299871
71.02231027333013
49.71694111087062
32.55891335662949
29.134005662490388
29.02636678829908
37.817431967551315
50.21743502580229
67.66711017804825
80.91399119015117
95.9753359661192
105.65400219897782
114.38743934379195
126.66085385600606
136.78092034894053
145.2525896857034
147.48303970036568
146.8874566960763
141.94488373435092
133.58073061938856
121.73733483843175
112.61641228241199
102.27952662053916
94.21856282812128
84.88423676761808
71.27281688358669
59.05296352682181
48.87794216791908
45.64222689237817
45.976770060390265
61.48187752255268
84.00779270386798
116.21011842539676
140.63493131315914
167.85671907019722
190.5973401338299
214.06912663332767
250.0767333293069
275.81313108665944
294.95766372248266
300.01712891359756
299.4045694056605
291.160055613134
277.7189639620404
259.2574475805988
245.4254660124546
230.36419688315462
224.16260961134617
219.69364388212819
216.50669806963333
211.59245399334836
206.67251743860882
202.38338946324498
198.0111714516001
186.70419064608174
172.41694108140297
151.49011740818113
135.2271311778202
114.65919258797827
93.51706990502315
74.94264370375872
43.5765422025395
21.26927168067791
4.95497152330379
1.517343704181277
1.3081295879830086
4.722852770633166
10.591901217545237
17.50355686007764
23.449959403585446
30.865651461113554
31.419104714362778
31.08509815946169
31.073413940258632
31.19120400329369
30.47414361516576
31.032100948217117
31.062620512896213
30.03922886886748
30.99420558953939
31.473969957789244
33.94492413091149
33.87111059813451
35.41985670137456
36.437322032456834
37.04701601958395
38.60078657652595
40.62203961594561
40.748058500032265
39.82272655380199
38.376483601894456
36.042981616898075
32.1931581069582
29.060988914186115
24.966496099630138
