14
8
a
35.05572214290815
34.968176434285795
33.762126675044144
34.673649841869576
35.20653229876937
35.24174936652003
34.74070490476857
34.48212578234023
33.87279472707034
33.87907280971041
33.5739356825707
31.943626635981474
33.24773177822549
31.529032183238684
31.20036451545816
30.039750293587847
29.985901958293585
29.079081896919124
29.72495266429734
29.810489542024378
30.322917699687533
31.351568538570685
32.1798072850875
32.3837126945232
33.14060258374629
33.51547016905827
35.44044708278611
36.078333678254836
36.68055815101964
37.891236286083
37.120854036104056
35.87852201095042
33.55734010670802
31.073791581810468
27.72798099714941
25.00013402572102
22.535786074918494
20.29273516336646
16.07793498459743
13.821098597907694
11.543818048678634
11.860284970562935
10.739163332136696
13.336848056913725
14.060349865589071
15.154233190512674
16.57671103572554
19.51573611515374
19.087356359867506
20.925662625982614
20.406390794780233
20.35886650093646
21.142175199456446
21.163246289796454
21.797995074280212
24.234741600570807
26.998256053133534
33.040489681520654
38.829274089267706
46.67599235546311
51.8072657465708
56.72650334804517
65.04091677073049
72.07103144579818
76.4554864389185
76.89777026760733
77.57496031227883
77.06209681208385
74.96784925165603
73.30563066276262
71.17508779397647
68.53603756360539
69.31804683873195
68.40214517527576
67.13893918158188
67.90544303571647
67.32217549199108
66.62277545413912
66.51096066818728
68.83633760000566
72.16598596301087
76.95589444035713
80.21265212435083
83.58299680677234
89.60049100809583
91.2694519738211
95.74146349382974
98.59337191911624
101.1314432994783
102.30416511849273
103.67346440795407
105.50319824445674
106.98095651341909
108.96112293750016
111.52322082389686
113.89245092459767
116.8560901321015
121.76242895670266
126.36047428687216
130.37078599902142
133.92824431647662
135.26156235766982
136.28169495520913
133.02901008509244
127.89124675996192
119.26528567234058
114.24948057966978
108.0347275789205
102.1336914027385
97.56266573425451
89.93769637022491
84.32558617900612
79.40097875361285
78.07467549023659
78.70332549300919
81.8725356883493
86.09711978695192
95.46165854887735
99.43512284147393
105.62705927104756
110.80487716025263
113.83637460377449
120.81437009124105
125.17722170324956
128.67143651227244
129.64486127350577
129.4454763244526
127.64439696405304
127.84476433939994
126.48626931657786
125.16476228332944
123.04828162144396
123.6301135769947
123.34325973400472
123.06399429780565
123.66227053263404
123.91261275391972
124.52709626195467
123.69967692355394
123.65830736509689
122.76467372651248
121.21469634719959
120.92450957712768
118.99483205018483
118.27969166514623
116.77518799482392
113.73568438730871
112.56365155628309
109.44443940810555
109.56724850486637
109.74463495650511
113.15050110578046
118.75774559949195
127.26678864018875
131.23449855403317
138.66611040234696
145.17384770038115
150.8651292299027
160.5595360943492
167.07579084391676
172.97666605280602
174.79391820976522
175.997686850058
170.35316289930316
162.1842013264466
152.91903842007702
145.49574234596494
136.7447182422692
130.4626705240196
123.88739105290104
114.73897811827253
108.6120411420354
103.10077068145776
101.66849874700881
101.78632266772937
103.52736485226359
106.6996078505704
110.70726240464838
113.74015582215085
117.96115873889104
118.2890780202799
119.78267711583034
123.57157350212303
124.54801897336877
125.68324362937717
126.22842809377548
127.20950417887443
125.63184820941419
122.92154023205866
122.22011518103714
119.04373392451787
117.79762530799486
114.95425175485964
112.80992193336213
109.26698057710138
105.98699644223609
102.4690287120603
101.61572966849891
100.49272276554301
107.44106450070345
118.3793659649778
132.24664970942294
140.74178928558982
154.61366447413752
165.0929605569328
176.6246757013912
194.8077033119973
207.6955824948088
217.2037650967882
219.53641777934806
220.91136483741005
211.62384178571267
199.09463656801282
180.6501350283521
167.73939643631164
152.11035376352922
140.39945647825425
128.29803678290781
110.4931455324198
97.66039249966093
86.4545540845208
84.20696871524495
83.5956185084252
92.52311293648468
104.5989543040929
121.31853934889465
133.7975541960303
147.09846921203774
158.1151141669544
169.27313995503852
185.8459933396159
198.51300863281517
207.43821471243945
209.72842423025241
209.40168244714397
203.3958093810448
192.72909730612997
179.3510690835306
166.8794810719116
155.4350491725403
147.4711923707329
140.28031043859022
131.8056043297466
124.68094450865728
118.88478504039257
117.37239669957856
114.9528953046757
112.86871636738
109.11874906955467
106.97625471647851
103.43707805453427
99.5197108370226
94.14212849401653
88.02913797451812
79.16977827617134
72.98065999813842
67.62695461757511
66.47650646132199
66.60567440398177
69.28689659455895
74.19268711863913
78.96062475159337
85.43567575139913
90.00109870573037
94.7585606441407
98.04833675330177
102.37316874540684
106.4442661580413
110.903877183386
110.2905759630222
110.36278232942634
109.01800480175066
105.0683691865785
100.90892617945003
96.21177507662198
92.52815792459812
90.25752927866398
88.09637873719112
86.97239780054929
84.86517864162242
81.90833102302882
80.90122525723271
80.6892458744293
76.35337291748789
71.46614685245204
65.79847903746861
63.47560283471186
57.275845088833364
