5
2
d
7.395517856328946
7.371374966740694
7.299384554553146
7.28250007765137
8.581492412082442
7.53934273013249
7.771223046988931
8.67052581294632
6.7879252942016945
5.9319686344260285
5.6508477917743525
4.221234687912742
2.8435355219025653
1.1410098751229079
0.0
0.0
0.6631096147613191
0.0
0.0
0.02897822179523679
2.1025536526614794
5.266624472392861
7.981731194923173
10.886259689380108
14.234603144420815
16.651793599414056
20.758252079165494
23.749352184230176
26.267585484166048
26.66221221214715
26.376213634058754
24.882324854722246
21.607448218398588
18.064459215634223
14.856203574090356
9.676985217869946
7.1547768910100515
5.6420475846146445
0.6121792334986156
1.0676491690407945
0.283450853810764
0.321378311855379
0.39247064529400283
0.0
0.0600292827019125
0.032579706791387164
0.056507998069724064
0.2527264805427245
2.3581750198946243
1.6521437688044505
2.0025568417192985
2.128061287172544
2.444997597797371
3.4974565278310554
3.5905469623696082
3.2617377379872856
4.950259724101925
8.99992677227149
10.82258011147344
14.688111283485078
15.796804851778862
16.973243256928438
17.651072128095407
19.27843152295137
21.431004857503368
23.502568388409586
24.08380593645161
29.299031268314117
33.73375197914427
41.48059265364571
48.260823801424074
55.195017749803824
64.06269968106804
72.70385184879785
86.21034072739344
95.50047518317334
102.91274438786158
105.62882306501717
104.50149668442276
98.11260261727168
89.89713808029525
76.10924812748704
66.22451343889286
53.68876588626182
45.78128328553499
38.20853793834597
25.413039160397894
16.320585310815698
8.979980347555022
7.302095441222216
7.277492552710937
9.780330616098455
13.512293322857431
19.673978763635645
25.038057739443094
29.969907421054508
31.96952165418783
33.25158539765206
37.66847919086829
40.18277424685765
41.343555766632356
42.217480514020394
40.946307136007256
40.79593818359353
40.287205814052065
40.26700379337541
39.73850184008252
38.39849995538726
38.22680757738372
36.080527105212155
34.01628155536699
32.434753070746844
28.868262603978977
28.39106068608924
28.338777218567575
35.43610090904991
47.722517530618305
65.17033529944369
76.26723200314176
90.81900592790628
108.38983972187256
122.13110330567825
140.28900456698605
148.57316926053133
151.8506200573205
153.02604560099672
154.73914584491305
156.4971481758808
158.62154901018016
159.53935860390413
160.66878600097047
162.52624254763933
167.92485201309387
173.5332134385255
181.99013734159524
188.77869655805986
193.19079668958912
194.57736588307702
195.32700172156294
189.2325130197713
180.56073279340652
169.47323477179015
161.18466902675533
150.92614943527744
141.73353578345586
133.50975696440534
124.05499380455628
117.03591182279432
114.6680869951962
113.56310694066292
112.35702213617802
110.0558183355019
108.58890934796041
107.58686037923458
105.30815595980651
102.53814051776837
99.38443899152207
95.73699342932267
90.86604515644818
88.59544416572648
85.77464949076344
84.16747758358501
84.05447505976295
82.3466310636957
80.68847678334761
79.45272440732055
79.0403216892344
77.39209594638292
74.3462339783066
70.53058476747262
66.07852551935689
60.94899641470372
58.67856623176818
58.2786054698925
57.5886549690381
61.02581747211508
68.85706747635277
79.18503820861825
84.1995210518084
92.39632543190119
99.89491800493703
107.43598113010728
118.3135370920083
126.86182918253611
133.50922022832466
136.85489779616117
136.51823740455907
129.3732871251611
118.39430982205774
101.59209480495066
90.9247741058485
77.67312074617409
66.49764024315887
55.86711929336416
39.6997614767744
27.975328023890658
18.15274596130613
15.753265501860016
16.91743546266769
21.05207398055674
27.461040281912968
37.3903738231313
46.18019618143766
54.115341237929016
59.8751391579289
65.02388139252419
71.56510264502894
77.88196757226275
82.15619309159173
83.49622512816326
83.97734322349187
80.74434715663156
75.42810641055982
68.50592184910386
62.73337492845438
57.465526705566035
53.64524365573509
47.92473277791063
39.704872431923356
33.78898491749635
28.472406157517916
26.693421177808364
25.75268083607621
35.059637904165214
48.29426838601713
65.116494952581
79.3727988959449
93.79910264181319
108.06420947460525
121.22055811014596
141.80810855091593
155.22149767900652
165.43107422655848
169.4215743033979
168.74784946181904
164.50602460273004
156.85672587656788
146.0220827931104
138.8521081851926
129.82861507266884
125.93596358780626
123.16069118110956
121.84804550455753
119.76098568932952
116.96264269536945
114.82253878309018
111.72978564776132
104.91398834552494
97.3391348570615
85.85344907479781
76.64986868135426
63.71708622003284
52.119110276405266
41.651882991072796
25.444142520896612
12.05349798289408
2.352218779783365
1.1183336203009637
0.9724305904259537
2.8590784476733453
6.337245201670204
10.141176492018086
13.710531265325931
17.5185785485078
17.38077490898243
17.36720758157931
16.573491652516143
17.244910981306976
17.57023225777776
16.09378390430852
17.335841409491167
17.179715884776908
17.37840472130227
17.975479872185367
19.225421456009627
19.725178688811372
20.135849709932305
19.894530156774405
21.431950706994783
22.577879727184545
22.726288367400908
22.336774638582305
22.343875106332085
21.92973887590116
20.185950622707924
18.12726256855761
15.479175274391505
14.219835562342062
