4
12
a
113.7351560458822
113.45151969966741
112.99059903834653
113.60187139804013
113.85871566511712
114.57960608856504
112.98546232535897
109.79599511339867
102.61876189246122
94.3354726799096
86.77361686149759
81.23331199101821
66.18347641985658
57.03163759228729
44.65089280748835
45.50627177951323
45.50502155255055
45.26747395817647
45.60567984640596
45.27827241741754
45.097576164089205
45.80507425744185
44.78432263373715
45.22411545462964
44.13360767217439
42.93419268826301
40.32937931416897
38.67151173187622
38.824156916535884
37.304349155900965
38.66326240094025
38.06376764026658
39.03499560805448
39.22605392778823
39.16613934021039
40.61858803225941
40.09997263583509
39.98775789262389
41.68600375542747
42.06609645968127
42.73646364433562
42.274029829132594
42.40171342051877
40.64358252390358
38.65829595166127
34.438098480830824
31.37916979483183
27.231560493625206
23.954418715134462
20.75727868149068
15.701758162839756
11.654961381392184
8.483560816504033
8.23497155717413
7.506561840101444
9.883102537340523
15.191602273577201
21.078129591584773
25.38066444925066
30.01180197120848
33.38518905235429
37.85836237199177
43.5680950465685
47.79050342967283
49.95553583388784
50.804154104271504
52.00711213902357
49.4426319923385
47.66692023701111
45.971980752696254
43.83492610560621
43.12540103410946
42.389878765324184
40.41763277334385
40.11525465384768
38.74449964099419
37.8573230658851
37.853356277401915
37.43549013135521
39.17319652572775
40.3263493303375
42.150455800037236
43.793997805561375
45.60233622014341
46.60593099437997
45.903865164573496
47.961171215836664
48.39863705522161
48.826957362036396
48.51571807544714
50.76180259957004
52.78471885111326
54.5883597604804
57.27533800189926
59.37868283954187
62.8966344646526
65.75675651949645
68.80568311840376
74.21253237650562
77.39008656249247
79.75630064447914
79.86765463716637
80.70432354778359
78.89281651782292
77.28129846242226
73.73400608990387
72.69121598681987
69.74728149072261
69.09918020149613
67.52123089004674
65.78748528190883
64.50805548880399
64.08146332654081
63.03101638595722
62.197855846905945
63.0992538528943
64.90958896061228
64.97649441691902
66.5162376323746
67.90904870122492
67.16625421531545
67.91324732238209
67.44999071584185
68.3804448080429
69.04915227636059
68.7085904465401
68.30897142963964
70.01932676296273
72.67690452210883
78.15957792486306
82.85830046846932
89.79024270569352
96.30032459590709
100.65689197454647
107.38726801344818
111.71123217716665
113.26627726750498
114.03941051317443
114.92551081712637
115.83441608603493
117.20997593305538
117.5436993529206
118.15746549403116
119.9407907221311
120.8333592699022
122.39287411226172
122.99514108489943
123.4178601000456
124.73215342781768
126.87178179252261
128.79905882788097
133.17923580926288
139.442861717232
152.37725693633726
164.77770878751565
177.7351347994197
190.3285912383024
202.06623066629044
220.46395079277383
234.02585825089025
245.38981901561786
247.32962042691975
247.8053646841182
241.41257867868586
230.7467061923685
217.59123075412484
207.13979104544137
194.9056211896789
179.331812257772
167.46724799730333
157.76478535651682
160.19461702008206
160.63191816287673
160.904113208066
161.9472258934518
161.6622641847564
161.71612966627862
161.1788048089977
162.60804642199818
162.13504416908717
161.6187078704532
160.5348220001684
157.7399460278629
156.54914815817983
154.28216942877674
154.81971621448233
153.80097825627652
158.7144603698257
163.2826767556745
172.65641350996708
178.13335037349802
185.6763726638651
191.3166977009657
196.4922102423826
202.71203659282463
207.25126894947232
211.9751773356204
214.72510534878987
215.8165671388494
219.22989678514574
221.4659465926758
226.03668634773564
228.0964907808828
232.15593387066968
238.57755322350536
245.32285301390178
255.3481265320713
264.63088784451156
269.5514522549491
271.48843770405443
271.5123203204479
264.23229278498286
253.09045010478067
238.12061752305965
226.52142576793636
213.62484271785826
201.1489101882799
192.19781078914062
180.31524956778705
170.92328955214305
163.46785275711687
161.97835732936792
158.5194232906607
156.67436806893244
153.85419293868065
149.35475911171773
146.58056934907896
142.6645596909396
135.10724710268622
128.4843061981296
118.44150836395579
111.83685208615829
106.08495537947502
104.58907104656835
104.50107136689999
106.52238068950157
109.22156336642871
111.74713420446321
115.57723107738553
116.64753110800228
117.94476416160119
119.05435825820483
120.81905099104625
122.33860100014641
122.90876225342285
122.77682929209224
122.70301192499007
120.74202718084136
118.94050915866909
114.67965395103113
110.67032315205086
107.8899215262353
104.48397427015698
102.43767526357671
97.10300681593947
95.36767051970847
92.92743078870708
92.27689488251029
92.5875598546056
91.20174053872347
91.01878525930164
89.12404367052524
88.39236154068034
87.3603218712946
85.06298825398332
83.72697370267588
79.72208954665574
77.04664303407024
75.83001663227896
75.10634634661778
75.54863765451617
77.4879040408158
81.02359627110852
85.0780904115324
88.44162460234311
92.56179661685049
97.33941256968356
100.73113413512267
106.44522380512439
107.76586420372712
107.20680713433146
107.98014145355198
107.23535768595336
107.2434525575554
107.339190454369
107.50621695384793
107.2921319938204
108.50665837172926
