27
26
b
71.9442580956472
71.34447077329006
71.65256396966997
71.73944614623356
71.26080305233926
70.71468467783144
70.93182644298031
67.37616082659541
61.958190089107234
54.79307194300281
49.97534085785548
43.136693323055674
37.30963780440407
30.48647346675348
22.006718702839475
14.869580686252023
10.163015954440569
9.301279657584342
9.493672828513011
11.067759331689453
11.874555644408659
14.159047610942801
16.226556502790626
19.138695570618218
18.828106441964177
17.6749848128207
17.575372714546084
16.649422629849177
17.72339903423356
16.923704803016587
16.341999741394204
17.24782994026139
18.240277235027186
21.842898500394107
22.272245358898807
25.640003532755948
27.361032150615532
28.28374583737105
31.242091078813715
32.099518494076584
34.19107868744994
34.60643397926946
34.14835882942859
34.28922316841238
32.768360865586715
31.57238832001001
30.7817626819869
29.54486332636249
28.57617805894733
27.61886795155912
25.484086601050237
22.519579201889208
21.336159542670558
20.319528005819368
20.68271645804801
24.505476231480866
32.23924328376535
42.57579127214207
50.27522418546872
57.962879732006215
71.1513345289357
80.91473393545498
94.28951191001127
95.33354689351474
94.70203988205724
96.35037112222513
97.42845518359927
96.383191750329
97.31087393506455
97.99708030256296
96.94995329934271
97.68270055144457
98.9941767975997
99.68770967227634
100.63527656555046
101.99717374623684
103.46705982454314
103.90749624221169
105.01872031071176
108.0908834032624
111.26652321154526
113.33698048817405
116.84756703610601
120.1712061971069
125.0274920074806
127.8476285669157
133.74460835123435
137.18271338739976
140.59576397696242
142.3803925041331
143.45543504087465
140.4223285877516
140.26654166970124
138.87262277489282
137.16308185769884
136.33642055308806
136.08046081778
136.15496328962647
135.98863075305047
135.38014955513677
135.18012443008786
134.55323931266912
135.07123276529268
135.62545948394154
137.29845275737827
140.53724693232562
143.23137216588106
146.44161359240204
147.91440642198918
149.83101226486906
153.31205827380347
156.6495138039281
159.16693092221792
159.36525287385467
159.92733303692398
158.4259971826045
154.81716257396045
150.96751693474812
148.61857809339904
145.70872848949165
142.17583283482816
140.5660128072497
137.47659432193123
132.89256898088158
131.08299344033432
130.50123686048238
130.1090800918993
133.11700406577035
137.280018571146
141.4173624690819
145.5031194174072
150.79574442022076
155.0435686701601
160.39436243149328
165.65605456154373
165.63137187666496
166.0845765016045
165.89364324106535
165.71192907562303
166.2569732009841
165.49915358951475
165.07444388676507
165.56743707293256
166.1676020280968
166.6595112868696
166.4910161139676
166.14002072412873
165.71764222561134
166.89395310033376
166.8960204982596
167.28041660063212
169.4285069870844
169.89553800636784
174.9898362690264
178.8604045667343
184.26324510506154
188.4018868800228
192.1318719400255
198.1832107581697
200.94739528537596
202.64497378060338
203.65418898189066
204.34561333286715
205.80096134135647
205.13943418461326
205.38279360228188
205.57382510155483
208.01288551528614
208.92348649644788
209.6912518028426
210.65834071608205
211.34639098863124
212.33624725338265
213.30849394333805
214.13876681827887
216.56693389920784
219.42844639026788
221.88430735586874
223.93852993112014
227.80393827450368
230.77718481499778
234.07737570595168
239.71765028835233
242.65440415860974
246.19578605505268
245.66653273177187
246.26034035030725
245.16766353019267
243.6425000750115
242.19126411751253
240.1778999755584
239.23413154686224
238.30351270454753
237.9151651358366
236.6918632379501
237.0852648219193
235.9556286568689
235.4044054516229
236.23838222555528
235.96699101860546
235.46640124551547
235.9913840191612
236.66111775486078
237.49193609979565
237.12229409291803
236.63514436991667
237.33273539087133
238.54205292658065
237.76949855110053
238.31751699154273
237.53140223204963
236.61709970580617
235.22877380438382
232.79491889171206
230.9012575556635
227.91508715813453
227.1863770222997
225.11073963003156
224.63069717207395
223.51420782229923
221.9916259768945
220.4826478570713
220.05969193471515
215.16314120108703
211.40269352512965
201.5892791456054
194.64736847407156
185.5108279988702
175.4438336943157
166.95424820774653
154.23602471754182
151.10200513370233
148.71864765622246
149.53294730942807
148.4114363037509
148.14866053087417
147.9297382065339
146.31695232877695
145.640782164029
145.517696013185
143.6320521160095
140.59035172891572
138.01246569113061
135.36247300748292
133.07330729347788
131.44322310401998
131.73455426351265
133.65187330057535
134.5747633707901
136.93622515315917
139.1187918258637
140.68807578219327
142.76534060764106
144.00885961901201
145.96314986883957
146.7580839466002
148.0662882205046
149.99172002081812
148.84156722180282
147.66050449825826
144.7143974523209
141.10431152520272
138.82781551890747
137.30851973897984
132.86375752766259
131.3987165442093
128.9943992956904
126.50554820119623
124.86011047225465
125.02468247675004
125.2066369170519
123.89611102145065
124.8296735167738
124.79512230167643
122.74648622369928
123.74279661093533
122.43909280055571
122.57150172001197
121.41419687040434
120.51543994975074
121.19584224032617
119.25503531533498
119.5006572715685
116.51475392665512
114.53929113171739
106.4938495612739
100.53477289163928
93.17421438420833
