17
18
c
10.995046696726249
11.885460881942507
11.27016828891628
10.07815016028988
11.710700252239912
10.90971952345058
10.820058731251622
10.5873165530306
10.323701253979156
7.8797073347034905
6.913738951212679
6.27870113684145
4.579630291715047
2.704113534609616
0.0
0.04269806902834795
0.6380144367378773
0.3412334873307434
0.5442963212475301
0.0
2.3252828234050176
7.565165968275361
12.458667609021035
16.93619382136148
20.76863956180772
25.36226116046278
31.184025109096027
35.651394056951446
40.132751772377176
40.710982287727845
40.32956860549209
37.19274004376167
33.65564013124291
27.391691406894726
22.62125106442829
15.423393094009269
10.532170819760584
8.216546130480882
1.7799268986274703
0.3761732716319445
0.0
0.6525481291158284
0.4499517401298573
0.5579864818636687
0.3923368059255061
0.0
0.0
1.7037676197982985
3.4401771794711107
3.2564087113700952
2.6910108727154505
3.747871891113168
4.326615944146612
3.449636623903906
4.192518890935808
5.933151346778433
8.585352003464289
12.571445864852906
16.538283224760363
21.55019552521529
23.361824045354652
25.915862365919672
26.980268902659645
30.32594958376562
32.97747968021843
35.82852316580718
37.1143883428567
44.04379528610803
50.80340459180022
64.25679922111463
73.411235357002
86.45298648159907
98.7362764893469
111.92714977792183
131.99412682566668
147.88898516756151
159.00324993153563
162.08494739495765
162.20255789598215
153.05144105022273
137.95743402649438
117.18863575515194
101.94978469793173
83.01007067975819
71.55888421630063
58.74957531940465
38.24201034121588
25.148265066927475
13.638377743960135
11.394754804567983
11.401003475457584
15.702482529034967
21.783651331186963
31.92464506664772
37.934965314819394
45.74291320853709
48.781115875860245
52.701585181564475
56.7965115051944
61.15089396961383
63.50224156729737
63.412044735187976
64.41030725631336
63.59514926908508
62.38775912327808
61.24653379958406
60.39123277355567
58.34811528396442
58.004067880358996
55.80853235248399
52.32637422815494
48.71932845864244
44.63604268311401
44.26002138272454
42.61074575383683
55.76376921781592
73.01716734989473
100.3459782520955
118.0001430125426
140.40910819024543
167.46859977130313
187.89153694147493
215.2999069955399
228.38228198792544
233.44351064704264
236.73390962331897
239.04215378751618
241.9365885046926
244.5006069837651
245.80820852284504
248.60236281871133
251.68581996224736
259.80635435613056
266.9532909642759
280.8376217345518
291.68802289577087
298.4832822814875
299.8105624297425
301.42775368007926
292.684814362512
280.1092405356662
261.7735851916202
247.7347340176815
232.57847609022545
218.2038158823957
206.64571228118658
191.97273313677746
181.07347508697603
175.97358821858595
174.43250791762804
173.06834569790507
168.63517650464402
167.22545226111254
165.05290285737502
162.64090338071293
158.81179390214683
153.01577133108893
147.2727543565515
140.67393620071974
135.09884236838167
131.7593487214245
130.2464766996676
129.03258588480762
127.06771761950333
125.84865962923324
122.7013784289533
121.34642272917266
119.3905851908452
113.08372493863338
109.52356350365147
101.47397457998645
95.10452924654578
89.94468157239382
89.53016036803223
88.44383893918973
95.3942700435848
106.13995096670845
119.5935840122038
130.3692170537724
142.85021297733476
155.32853378832863
165.65427246053994
183.43372853820853
196.56987237720526
207.43775574407405
210.83878890462998
210.7196578872579
198.27544695540007
182.01452683091105
157.5515966335998
139.6412964892077
118.35977342497507
101.81037218012418
85.02477563547302
60.85771376822371
43.08863098632252
28.53385894324804
24.88198218560949
26.0996370738363
32.60068208823181
42.572952562932244
58.78164632574865
70.76969333683495
82.8074119630803
91.2048888526091
99.32052581308146
110.90559612220454
120.34370320512579
126.76796782411138
129.5211828948975
128.8099174743054
124.29314209104483
115.78757103260466
105.94873336359255
98.6248338498289
89.51923751908909
82.03314621000803
74.26801624877669
61.395897896637926
51.663377308338866
43.38473369401344
40.29355986652292
40.4509358605056
53.034469186527865
72.51984864322479
101.40027321363004
121.7849836793237
146.02184278387546
166.828451427203
186.45277416746498
217.19533636792383
239.7466863411573
256.8654922590652
260.20693298495337
261.0359674380506
252.88855112303114
241.83748811863973
226.21657868101553
213.9689630740243
200.04367580281377
194.95440431160978
191.7626258402759
188.46218063623954
184.89978452333955
179.79806809136645
175.8990132453362
173.0110110642181
162.47260866380736
150.117768002915
130.1046815050208
117.78128150069638
100.70828374351646
82.01534350873806
65.13525827076272
38.00011349500908
18.65275776527012
3.637829800726238
1.1116202123734658
1.3633554096182334
4.061676652521239
10.346645103977243
15.7405497160345
22.032461063758955
26.918408499272797
26.952482138745538
26.7281130402086
26.189082366891935
26.66967628335872
26.350897000118408
26.053679713613327
26.581536332712176
26.721469715520136
26.55650271709175
28.363503784823127
28.88907536122736
29.247332969364223
29.692986183612806
31.819806447475308
33.22692279379975
34.78007439607184
35.082621057389105
35.966886019168264
34.72014971084502
33.14333780155876
31.295656505349797
27.503506513023414
24.717116120833072
21.394786115426804
