0
16
b
26.562018419939633
26.17731712914006
26.265720462285557
26.281958717074986
24.990208280024188
25.204730389365807
25.159360516122973
25.670410196881036
24.1016363857493
24.404602273360904
24.690111475699762
24.688153329600635
24.455655962541044
22.982771394879666
23.87392073760934
21.448753701634438
21.50959684755349
20.737813683068175
22.968298781259378
22.002057237620402
22.163344989338096
23.007317346714913
23.566147739434545
23.590062520656243
24.799935750451297
24.95087912241419
25.973477411433606
26.84531834740504
27.905548642860605
28.885920875829523
28.50266505288331
26.91936193194437
24.51721038262181
21.935141413057245
21.35199044827048
19.398159191200737
16.537508729978043
14.807217381749137
12.263368689323976
11.182609674765168
8.873447382022782
8.6039549668066
8.298101709457123
9.204514944456156
9.898661024329444
11.303240955690768
12.649754365468194
14.369460387396767
14.457894251006396
15.687913672373776
15.400878920389303
15.484279617944413
15.619549130093272
16.32040763737166
16.416133174338544
17.72053333520814
19.600846926644902
25.146464060791544
28.302821418648954
34.227347153048356
39.103347059195926
42.33858018058191
48.42089125129207
53.1315528739629
57.14180845830188
58.70350905019851
57.29225239791314
56.58809775827141
54.95124770445071
54.11666261500063
52.724485639984565
51.749574050987235
51.15180059330873
51.03480590019016
49.648283274784745
49.92813056354888
49.276841197855774
48.730537432269564
48.963231087792195
50.95221468575603
53.44291182609757
57.20913283957055
60.747596533276614
62.932892205535396
65.40443196946266
67.84420300744613
70.21772332044772
71.9921678819268
74.64388205353441
76.27640425261762
75.62141051635385
79.17988000273543
80.01884698786954
81.49937547948963
82.07783986523313
83.92394369019323
86.76340185049325
90.1243204211438
94.0165350344323
95.98101020692124
99.26120413048
100.43287273021006
100.85923475319943
98.92446249250625
94.63271630829469
88.31354112052857
84.67903976901515
80.3704717290335
75.71154820811215
72.62821702247457
66.10526359122254
62.09779284307539
58.734429498723166
58.070447366998025
58.635508636400765
60.409142075914104
64.21229576256589
70.18120960170357
73.91961209264898
78.49573804600318
80.90696488075322
85.33562993339746
88.32237443444338
92.27156705581984
95.81888888371012
94.9210813140048
95.21839131662944
95.12350506889275
94.08179489610745
93.46232951116325
92.55569984389308
90.9277601087071
90.88386911247497
91.80262064502858
91.77442580664761
91.6068439777001
91.63687841979295
91.16522205288231
91.72536683308485
90.84211428677946
90.74239998859538
89.99297948194791
88.98223250869121
88.2590628540192
87.45381323646568
86.19462737866915
85.3316820588633
82.46425467519579
81.2585551754518
80.58246491706797
81.6593912729162
83.91432428140675
88.46810491051396
93.22326427518168
97.08569094581259
102.26074228958171
107.36966653181754
111.76222799634168
118.50934851908505
125.19175300644399
128.7555696949219
129.89183389539218
129.94058112762505
126.32290273401134
119.48605686969213
113.53809091025536
107.9130984413036
100.26347114548788
95.81687309338844
91.5538213693772
85.64454771381259
79.8916571174435
76.62131368017742
74.82175379550131
74.35927549333138
77.18844429366813
79.13601605781297
81.7145492401207
84.30542116567247
88.0857728457268
87.73884136682125
89.28404497881327
91.03455728834406
92.64220369068343
93.8197905694124
93.42459221577488
93.62707715276923
92.63582441789936
90.94123839597606
89.83384842219175
87.68444568120941
86.63621288041332
85.59750337385616
83.58061738567159
80.69971098782221
77.46220519029225
75.43802336607847
75.73604995584913
74.56359224919193
80.4298858472503
86.18404591515039
98.1547572022508
105.14926382183073
114.41028979517091
121.9208137207846
130.87782227719876
142.96516408159405
153.79943974389536
161.5108802566355
162.37415894494137
162.92116953414987
156.92511954227055
146.8619688612783
134.4042035082431
123.73118312592031
112.03417809178207
104.20481375084239
94.52036999216419
82.09527896859251
72.03285293382949
64.202471514307
61.910848895965316
62.09736152184057
68.46215448693353
77.61276940167976
89.27421135661595
98.36134444032933
110.82473305194237
117.48772022737145
124.19755649565339
136.60879975021777
146.93709795585653
153.36333941347561
154.5686055491911
155.2707813923795
150.91632706345544
142.51912719056625
131.76279025690843
124.85649504650382
115.44552726948824
109.29295483143616
104.68780216634573
97.20251040896262
92.11632089999712
87.26833360242956
86.15133309056714
85.07183463355092
83.61785943726252
81.44882662090912
78.53756374499093
76.63564922880337
74.46526309306505
69.56616143046881
65.21722804491633
58.75804680640959
53.444030964961165
50.161170693365236
49.10679195206409
49.73516441485764
51.186288766925955
53.884289189905374
59.39220610499635
62.95333026164258
67.60043758976202
69.8987396933411
72.33156159551352
76.13655269949865
77.82502590236925
80.75314936423183
81.89637632581557
82.66329747733424
80.80988818007103
78.33737099984883
73.27331780181646
70.86735842614347
68.39111333634655
67.05447293350348
66.1284328021674
63.915312887427106
62.82335227460305
61.297233614496356
60.00073686378728
58.81967667517793
56.281509955027914
53.08991177806549
50.363305428240615
46.110267216006356
42.07620810895033
