14
16
a
150.8505331187197
150.24094869411508
151.4325831446086
151.35526476778972
149.94251880554123
150.80804611330217
150.7273768650006
144.89501656490896
138.53227080523862
127.47489282796295
120.71104986437533
111.52431148891644
101.22323408796207
93.86504173791342
81.74174198880536
71.25052423719106
63.51440197028022
63.66404528654958
63.35175225354867
64.41653528672589
67.96446881783251
70.35081876715275
74.68399095759418
78.14989486668254
79.30154658730156
79.28387349570968
79.50910516407211
80.41676688767767
81.07282718967382
80.32376381142214
80.86716552874611
81.26554116599709
82.16645060499378
83.43146954378413
84.45428180417181
86.11012783374514
87.14771555804575
88.15720625151104
89.98019040529428
92.82491466799593
93.05461322314721
93.29521943919433
93.81464166520828
92.30070081024789
90.88089972658527
91.12141126268712
89.3858842864824
89.01729030444268
87.38957008083044
87.26166158846074
86.68868235255752
86.59414012486216
86.11176764439591
84.99581646330826
86.30759902907114
84.37472185825922
84.20463089390859
84.81562175842139
82.86273147933059
82.97780040530502
83.32509314425253
81.32637732865447
77.71009087299322
77.15376665212236
75.45596932532467
74.5917309606234
74.76788022268897
79.17789447034026
84.68490169230427
93.54194116171864
99.0562394393727
105.73602037310309
111.07368356211437
115.50725520919983
120.79537543338074
125.60267240680871
130.6837803183895
133.09438905545213
136.31767087041877
141.91271800104346
147.53422245063285
154.55744152586468
160.05434839066663
165.81063754780845
174.82278324436152
182.70918854789096
197.15072184315315
206.27748901692777
214.1264964004054
215.80680062464924
215.367790408264
213.8281146799833
210.4166503695045
206.0689125070837
202.56791397035713
199.17051961411556
199.86290121784273
198.69592166277212
199.53543155311797
198.748058955228
198.88924555451112
198.9692779474817
198.20703126217825
196.59238474461677
195.46438468303884
186.7170968056644
179.45414644482318
169.66581935294204
162.26202359006922
155.90984571194372
145.64680694606122
136.97152418271438
130.99203877917455
131.04237334396825
130.70339638920103
133.07663914870517
135.1726362956299
140.7733722511594
142.75850664646535
147.05459238717438
147.96393613747983
149.15214496515176
150.48968559919797
151.82533802054067
151.2358302581355
152.4690460718001
152.99570580589483
153.09817283028602
152.83148415727376
153.3218311012732
153.25117583002648
154.32922733750306
153.75500465059426
155.2878597459706
154.8591162639268
155.3278154815812
155.51954048536334
155.25170080818657
155.5994168395093
157.34150248017409
158.98307972530617
163.21023230359899
167.28268677500859
172.49732136978972
176.06254620499436
179.4849004169728
184.3889801105775
188.46053641568946
191.9589924429856
192.21135052703733
192.45494621888258
191.98735897727653
190.13718126756288
189.4695084396734
188.01106010120964
187.14621664385814
186.62348258293903
185.80008497437268
184.5318883598065
183.60800769946212
182.884958489388
183.043537580568
182.5181180682909
185.80507213912927
191.08730012784497
198.83722371613777
203.70986346034695
210.0855424524255
214.70025710207835
219.72591604804464
227.85739908350885
235.13280944487346
239.7646711156685
241.03253863971773
240.57255255950216
238.4172105419845
238.03811521486443
235.15637998280252
232.5203993107612
230.0967537547273
229.94783901501924
229.72646814518586
228.25537004388676
227.8624142154574
227.85786523797304
228.0007757800523
226.90568159228593
226.1511253190504
225.54300671208065
223.91625139071948
222.5106125738976
222.15316066730045
221.7774431371122
220.18441699674628
220.15481356428626
220.02141995231068
218.4417368448658
216.45830516611713
217.75606994865132
215.39319440750253
213.25749916988798
210.93307421265587
208.20413296546974
204.162003842587
200.264530572801
197.07845094729015
191.3176341426033
187.91785047898867
184.13719750236925
181.9977895431334
183.260727199365
187.9218918042419
192.47170758914547
201.5684419853938
206.91886640041434
215.52088454743847
220.49475315979817
226.3670158981846
234.58255111268392
241.53390608790326
246.89052312200397
248.44747569041206
248.7061397866872
244.83323407683454
240.5603712352562
233.97433308379976
227.7400803354892
222.0961519331356
218.68367977911814
214.95665987260608
210.47277625929542
208.90243534028886
205.46474826599754
203.95864821620304
203.2954219951135
201.69455364394418
199.77625928168493
197.69287490019562
196.51807197389138
194.6826884698007
191.02527884771825
187.96927119525188
184.69895397341514
181.96569719565764
180.56574713971764
178.9875883845317
179.11445905137364
178.03527079261727
176.91393475130474
176.31988516657086
175.09019829460308
173.8445775715965
172.17367974593282
169.51636361396945
166.2395380703858
163.94456044654865
161.11178591934984
161.20008674120052
160.69358265462242
163.96519199667318
168.44140691607635
173.46874554291406
177.9262004881413
182.00740741033837
186.39182876694963
190.42174890639194
195.49290636442416
201.61018502315838
204.87713713527947
206.12745151480917
205.60242711537467
203.63973035956133
196.85158150714662
188.70055198587946
183.70627007439734
176.34127875012587
168.97099758613018
163.29025243421546
155.38502738991906
154.55210629407915
153.4861229138211
152.75345141689363
152.60791680192798
151.6993366306724
153.26872663185227
152.22610096208942
151.47327138178008
151.0954527210031
