10
5
d
62.94146343936042
62.84833985262588
62.63556910212528
62.06858712788354
62.04192728527634
61.925826323170696
62.39180761673191
61.55346927153476
61.687808172152934
61.05085419899619
59.32247837109016
58.85367665662958
56.737446750374296
56.66028325696539
55.22997684452238
54.01118486707999
53.33443839315807
52.69833218593744
53.44505978889722
54.46835047159905
54.6358014888709
56.754751144709964
58.01314822079346
59.02963073698825
59.272965166602155
60.79304298120032
62.92874484963909
65.0507557892938
66.4663177964024
66.41510297614143
67.3508217485723
64.5311995502208
59.68254288619812
54.48852492180881
49.56589191995551
44.5233519709043
40.54820478910398
36.1211558330495
29.370410328277206
24.246164529376927
21.367297908735495
20.626975112989943
20.484712276024776
21.916833970127108
25.16805911512336
27.859891884817227
31.082737373589573
34.48774717131951
35.03685127681772
36.11697968921711
35.90047049196845
36.70025355825124
37.01379130433796
38.22105563894967
39.896752334539755
43.80474255510132
48.04984998042089
60.227484316406084
70.61317456175479
82.94574062198707
93.44556398141155
102.24043797776454
117.29213137189221
128.77941823456175
138.17583664936606
138.9088826416029
138.50258090424416
137.62684556243954
133.60707667456114
130.71731439367474
127.68689072027678
124.81194827582006
124.06482917119857
122.9561089477128
121.34635608536118
120.48072031840908
119.50011944610357
117.92472762929809
117.98751958277055
123.54596640319193
128.18039664792863
138.73493046493365
144.338891121158
151.3260565142364
158.00132264160123
163.46683326416678
170.61249482445436
176.36481940344262
182.4203037202831
183.424230023383
186.35964869588838
189.64432164852715
191.9481240312345
195.809102658432
200.64514495290558
203.29630955887498
210.51151856665632
216.99865962818316
226.70358524438532
234.72113090530362
241.95773210845582
243.15376283844944
242.77790608171125
236.91156167399595
227.46646392889912
214.43525968586292
204.48016399629572
193.72946799900507
184.7101923478052
173.96393344753523
160.24103360964958
149.880965154174
142.87263015473368
141.98107294004632
140.23780108330163
146.0808987074355
156.0968407603769
169.02090417424625
178.93397193946075
189.89231423736692
198.2423556574616
205.22532979639513
215.45527326677063
224.14812295664302
230.9041757021886
232.64873017545966
230.77709500018284
230.95167169525558
228.57457253059454
225.68735543097793
224.28168305556366
220.48462621718957
220.9118783278041
221.58383746747904
221.03219919312315
222.0060608549299
222.05086506510642
221.02201198396955
221.3673192604453
220.94940726172044
220.78857260176315
216.71151724158605
215.04350703880544
214.48478073382046
212.1241242071712
208.27175683902414
204.64206665673376
201.19037873364215
198.03667448911906
196.12718083241782
196.3984512840776
202.4245353742604
211.60671958913915
226.14818828930981
237.16962500807162
248.7121785829464
258.6115757467535
270.40238893994444
288.0653497327227
301.6532467548422
310.40444515630514
313.3789450724968
313.8302584655453
304.77711861464775
291.78366834113905
274.3111147985141
260.8122991693416
244.75145667111443
233.97736335973684
223.2553527923101
205.8222653947352
193.5607439048386
185.13835926778432
182.72424816155734
181.7428240388114
185.30770975692934
190.89741116859665
198.2154689267897
204.80411255871357
210.59028197225584
213.17538667633144
215.99102018687464
220.20634206978156
222.9676814117769
225.424425962205
226.7825442875484
226.78956964211804
223.97143503636553
220.24009756398914
217.8872041993092
214.48881177739474
210.5906005484263
207.39615187419056
201.97004034256162
195.18010118843307
188.28440204324806
183.56754437508633
181.46057425124383
182.25982098990593
194.011728505788
211.25948382789946
236.68106144254685
253.92734789531028
275.183776665402
295.581102099309
316.7645487027437
347.18076866312
370.81383614122683
389.00494511093683
395.31698481381227
394.8967903032851
379.43873463303106
356.704490398572
323.8747333682705
299.69367590262203
272.3996276935834
251.3279555107661
229.5357710626035
198.8382012784258
174.3426063242538
155.55261720766887
150.26275666759062
150.89235751759657
164.56335233750795
187.0560457803994
217.42602816095777
238.5874325520387
265.2147457840876
284.65697002806087
303.73586126795306
331.7292269477927
354.4762964985534
370.91008464237154
375.2601760497964
374.8056551905191
363.5245921190328
345.67351790635826
319.50046967437964
300.3300972914917
279.79050062222046
264.05249233337014
250.9780329732059
234.9303935265103
223.56588822141572
213.24733115116794
209.07551640904884
207.0291420176844
201.14791217452935
196.78532147965572
190.65527527840072
186.16461822310427
179.62474123286893
168.5848043376839
157.928009637355
142.5083214580518
130.21239193543886
120.92966438777817
118.53547288997461
119.13660338144875
123.34758059864426
132.59974073134507
143.94329623371814
152.38849177985452
162.20002348883807
168.97391248368166
174.14258469979418
183.69229127853046
192.27105952006144
197.52149448315524
198.4674216574563
198.55034418702022
194.9579663071041
187.84480342472747
180.27330771058112
173.0669079489848
166.05832052431754
161.52937593499036
158.8935452892335
155.18671622469864
151.42282242205292
148.50908130101556
146.4963220451064
142.84519310609596
135.76035455721725
129.9419761614036
120.29974030858257
113.08397788260396
103.16741350781666
