10
24
d
208.067995657029
208.1823330822228
207.6062603129823
207.99194662641537
208.65588943521394
207.5386115837439
208.72897633849368
203.94686770650216
199.77810320799503
192.02205698214496
187.43337651147695
180.06490980035713
172.6184722807009
167.13284142264098
159.48560339309395
155.07104621313496
152.5664868383079
151.52078314042984
151.4013639180384
149.1179748940849
148.68458790431046
147.9839629365399
147.59961373879003
145.52325784895658
143.1425597034802
140.21014413100713
137.91067626227988
136.49695055261708
135.01812074359677
133.567924878403
132.81253107102214
130.87036314717906
129.6834024304984
127.46891232336773
125.98916754769087
124.5096428212149
120.8722031674136
119.04707913362114
115.05342740381084
112.43853325483092
109.50214877128772
109.22684590138967
108.31384866641224
109.3972100254156
111.63023046362949
112.36548785221382
114.7294141530892
116.4382977102375
117.01082242727986
116.82928783976021
117.97810254224876
118.07569044611795
118.07936557028452
118.92458746324992
119.45304395278772
119.15386338101538
121.34487574805439
121.97412257166121
123.7272471838666
124.7621246062962
125.37961027213538
125.74060334042677
126.58997380256535
127.88547097049859
128.28981635703485
128.93196658825656
130.2860863620967
131.9243001510503
134.0519444876089
136.2483174557512
137.98565318439321
139.97081368441175
143.38308488128362
144.00484448392817
146.30848327701972
147.73579315584146
150.3980023068647
151.6512197873212
152.7420401044607
155.9472788503484
158.86614253003125
163.39823095035302
166.19637467485336
170.17331716324924
175.2684547720397
177.70835274892426
182.3384851906876
185.66893277408278
188.2963901684392
190.9046398919372
193.51186424118046
195.64787697482825
200.2747067336808
203.61485869752883
206.63765268024835
210.93283700060437
216.0413219020059
221.05827011276196
226.7046479224261
231.07109070941186
234.65711275602547
234.86003041342744
237.15684550039742
240.19924647787255
242.18713574719942
244.12885722888987
247.1115540235259
248.52716589617765
253.36338130234597
257.9365433837569
263.79574649729506
265.98359637020906
267.7358045394114
266.60175948812343
268.62808025736933
268.6714289462503
268.99185208704375
269.40867923674455
270.4336843392776
269.36898796324465
270.7115561381476
271.91342453422595
274.5387120902492
275.8490955617057
276.66447069655294
278.8262200263715
277.7860338448261
277.98122785799075
275.96738151187583
275.6714490869186
274.7114388667403
273.0816570927898
271.65136618861385
270.8040521862887
269.67947423847227
268.12269286035456
267.984566309585
268.2203833482307
268.2283165137432
269.0160593022611
271.34168971610296
273.2716673827056
275.56936831756957
278.40993827662
280.53987104768163
282.20356745712127
285.3555809204838
287.6280420609308
288.7110288361679
288.6811218693131
288.93025899526737
289.05641721235554
287.58784537174927
287.56865987249364
287.1926393947179
286.0521795147288
286.2787326557954
285.3216143780755
286.6884413048988
286.3158237370688
286.33099098443483
286.6841496107695
285.9907125806209
285.8812152193879
285.3237150169165
285.13861421651615
284.751305028006
283.6671534710359
282.82165972265943
282.4076724021239
281.911012187126
282.30024725544183
281.89778875916005
280.12217575018855
280.2848774782452
279.4249450400366
278.35603435872775
277.57271208961686
276.5888854786529
276.0569973108985
273.8339615441052
272.24676767202254
271.1007385303056
269.4212553627964
269.1283895830656
269.5580293767399
268.4159536910988
267.7967687129383
267.92446688826647
267.87899093964927
268.0197479231052
267.6136546705682
266.0708742560688
265.8864916192792
265.64106611473
265.08703095924596
263.93211901065825
265.2171302736884
263.89337511958826
263.3929410683533
263.3405691515838
262.5319077126419
262.32209652536676
261.5366051425886
261.0687151088239
259.910471473165
260.22913516723463
258.8192048357183
257.9394673225998
258.3043494203161
258.3242962964937
258.71566469718306
258.97045285390703
260.27971559166474
260.7010849285883
261.89972505712046
262.95970942802484
262.60028240761767
264.88037212276646
265.1661124254673
265.37047133933186
265.8122012660715
266.1275779223543
265.20423267354676
265.3518569535134
264.68441557339514
263.86360768834044
264.7166202118723
264.51651001561163
264.3423857411074
263.87140850889836
263.75559038025955
261.9925073254028
261.94358251357676
262.11677919023566
264.5541317773345
266.9985952449055
270.1420439051257
271.8126381890499
275.8591075172195
280.18715383056906
282.51611954705425
286.65606516304956
288.1763308985723
287.1513268535048
287.63577425152016
287.5652824143321
288.1817884195935
288.31177239076897
289.207582171024
288.3368003445584
287.83452547013445
290.12045686784205
290.7182392211485
290.966007251534
292.7381661424568
293.0343298326714
294.77414460439957
293.8122230629948
292.86599027000557
290.3266650160009
288.8550366683398
288.7399394709054
285.6819329615792
285.60724357827564
284.7858947690052
283.94492089638766
283.33165237918047
282.50966264062714
282.28489738847526
280.97658368024184
279.1140556744542
276.79716243673585
272.2332108919627
268.7938358954868
263.63267861614924
261.44023487413904
258.29262477966057
254.96003569216282
251.46845144673327
248.5517510656348
248.19794768937848
246.44408032681844
242.40228556437089
239.3863483052497
235.31788689240406
231.286097999602
226.98578551634688
