9
22
e
140.2353971895503
136.45241604966765
135.1670453677268
132.4374120290313
129.2948068574651
126.82555098035608
125.9213633765314
124.10672282549912
122.69120006278038
119.98960310677552
116.77549810963328
115.34247617435496
112.38176944816311
107.47934375675847
103.90554804324235
99.3674430111449
96.28857135951382
93.92769084930433
94.76992062252387
93.97241006178004
92.69302956594504
92.5843582211646
93.53333452239721
91.03944663622788
90.5364592140488
88.80534157577598
87.17283546229973
86.56269916471896
84.72964206377554
83.81681701359027
82.99808286714376
81.01694340536253
80.46038405051947
80.57016093903633
79.85860663864425
78.46959954221651
76.70036189364319
75.07101474198805
73.44946395813047
70.28614810396661
68.89592547828254
67.75462377203176
67.38735107673425
67.30816328706021
68.01266408695729
68.78554988386374
69.67932405551109
70.79593078421759
71.55793161878374
72.09022544620326
72.28868231520796
71.98475808151628
72.70285375377253
73.72307828401968
72.49755827796292
73.56372502969454
73.93618467154552
74.8691151361178
75.78502020509535
76.7277227756725
77.61546746484721
77.77519818495732
78.1253907359273
78.48873348911577
79.12074058742773
80.32055194738344
80.24624120900094
81.8851784377876
81.8405733049523
82.43981968541661
84.68779108730541
85.16396028199827
87.06981853890947
87.59002014569229
89.63596961392805
90.66413283458522
93.24666274698176
92.81327617483257
94.21936044998992
94.3320574059997
96.4797936926848
97.87663562558896
101.0832617663457
103.03290525408933
104.84654568749744
108.72251237372168
110.54516398193898
112.3940433897576
115.91864210826343
117.2656624343894
119.3942829303401
119.62300887812734
122.42533502010328
123.36033719614105
126.14313993190001
127.44113089911905
130.17425210787218
133.8925112600096
137.77916671156797
140.42778589342154
142.68041376413868
145.9196188560116
146.46411684684722
146.98743562770045
148.78812047051278
149.7798573690335
151.89858694131794
152.00282247609522
153.55694365782693
157.27512458229816
161.02926097004416
164.40315060511375
165.44575770613025
165.69588349008052
166.11252626717908
165.32213139272676
167.14473870031281
166.9067515157135
166.64218582039118
167.63914208088016
167.73325893487825
168.05475800943222
169.63091476143802
170.35563057941533
171.91680075487326
172.10690822968925
172.4930765846761
172.56248085023927
171.78483281830034
171.552087414162
170.22570012453224
169.88167147208375
169.1960119787258
168.27745320244125
167.2452313079383
167.00442143158884
165.95035681395197
166.9020889179731
165.8274932989426
166.32256734281881
165.43136894183496
168.25639437292733
170.2187479592254
171.02443600198978
172.21724326638807
172.72615637285315
174.5153637649863
176.79989323731752
178.45843337565836
178.16818282758268
179.55379190642373
179.58131852780733
179.30123067668467
179.33286529347615
178.39766842420815
177.70729948483634
177.88147069701185
177.241756718915
176.69765390018284
178.56064174486914
177.0876758550946
177.76025404167828
177.7128000124731
176.7783470994956
176.78702627536137
176.34081711724772
177.3016614451201
175.77972623917506
176.18547448591522
175.98558686803534
175.70640458506205
174.89259248012846
174.7045625345453
174.2168036941592
175.6945566394289
173.7279566828365
173.06933629282244
172.73521783328644
172.89097734729063
171.84849401647543
170.84851029947697
168.79996249188918
168.25923378860637
167.61254426592734
167.57896402584066
166.80618106631815
167.7275426928523
166.6221152868178
165.5821349025876
166.30085623123574
166.72290494124158
166.22153384751724
166.0641037048997
164.6231624660149
165.19824335136016
164.81731931904102
164.389573743611
163.82299457840298
164.2999928240636
163.37261598765124
163.56108654270864
163.97952041958035
163.2092647139433
163.91363396777948
161.65245049825313
162.03601776798115
161.53934802003897
160.7898030655013
160.75627008008712
160.1454459904996
159.41544016611314
160.08862714488637
159.6053931156311
159.86263596222537
162.32806636336502
161.6875937415309
162.08271506670695
162.26453156076755
163.36459172485687
163.9293296383285
165.02999994556706
163.9011852235469
164.16085734256745
165.69524869087286
165.84514009241073
164.8383280387532
164.35969139581707
164.24673954428357
164.1835541907023
164.62285339700264
164.34048186653382
163.36163382999322
163.34605734146123
162.78925272909112
163.03868305886724
162.3916548742699
163.0997040838498
164.50128223054702
167.73253606587383
168.6623185340796
170.85391931323335
172.6001094834658
174.66620886045226
178.2050501543605
178.16058032343423
179.75688004686745
177.81483143931723
178.57281962298993
178.47488225163218
178.6845731883243
179.65224722557267
179.12273234275278
179.11326384828945
179.2568496546604
180.00619211189417
181.82094972964026
181.13767233799715
182.30829132548865
181.58820204755796
182.20966982014073
181.35275287348563
180.49056795034394
179.03046483732678
178.4944091197879
177.21264851804858
175.92075263414466
176.05310509203485
176.70308131437878
176.4974445872759
175.13295550933253
174.46109417433792
174.42819374365268
173.15139687796423
170.34460548846502
168.7079144058327
166.43225183216475
163.82554350210347
162.32327549678322
159.9006015376146
158.4541661253193
156.90999635123447
154.74001426939014
152.90822581910686
152.05635078457567
150.076794734485
147.90952662859178
145.71216981060294
143.32459059724823
