16
1
c
141.83908715858558
140.4279815833798
139.30238512940343
139.4379949202602
138.1240475306805
137.18588418739847
135.74372255876128
133.74723586682032
130.37008978371114
125.19150306069065
118.1397275108573
110.99595685516344
104.21063061527695
97.10269381679936
90.26456122200591
79.89815910606967
72.16014149035344
65.61438615879148
65.4193074859803
65.12746235459986
66.32466982862343
69.23849091014607
73.17366816119386
76.85220599930115
80.3171204220952
81.60164149842522
82.29017683644614
83.19618608584535
84.81465727473156
85.02543868621912
85.15733287213138
85.5052198571406
86.24831634537712
86.13372048229901
86.19975328406277
86.63670084968038
85.87757330914239
88.25231483893053
87.57651125218844
89.21882393694595
89.44471059382663
90.53867180210281
90.30307964576623
89.91161056699188
89.89522559417367
89.98858216134758
88.67561579049823
89.21278724507492
88.69010772710554
89.4771766414216
88.69089788673685
89.52780113744309
88.36978141795521
89.62129096549424
89.34895952774714
89.6787421998857
89.19367273306575
89.4806493534545
88.16049767518382
88.68409613779723
89.80310372040073
87.96074417368985
89.12753361193484
87.7306537743187
87.56106736342174
87.79166346463875
86.81751561000034
86.5876366732791
88.5862805742733
91.46727750406541
93.87490683900799
97.22625557561044
99.73684451540343
105.14750016999344
108.01490146426683
113.04576189803468
112.3946334266913
112.70286051621987
113.74105009645052
112.62749823481771
112.597256764484
113.63021441531818
112.61484991996629
114.15336449517879
113.4711149396122
113.21599640244818
114.0150890131458
113.12286718607332
113.82243807037798
113.7337507674201
114.15063961766131
115.43613445392923
116.42095490755649
117.85709265318062
124.89206580795943
132.12800709303994
142.13097169861402
149.33071588032612
155.25975513497514
164.9654030381592
171.88901521553896
177.12149985854907
179.2360446236907
178.8293954660874
177.75752370724152
175.44718468159593
172.83981201964386
171.71985382161841
169.80108603858457
168.66530738943666
169.4548713963754
168.84231931039108
170.1508338165109
170.36959163752726
170.57572360475035
170.5482968749618
168.92958035050032
167.5059304359864
164.80970491127337
162.90037176738122
160.07412343188687
158.57629660060914
156.61547555199687
151.80075874914115
149.97700048393548
148.5789125429555
148.78258677549223
148.53080715318399
148.40135122650014
150.3924315854
150.45913395625925
149.81139030084987
151.65989941332964
150.98075554720415
150.21840054594912
150.88358402765044
150.09142833126182
149.61078516381957
148.46832591653356
149.27668538245658
150.44813549522385
154.29964882523967
157.43477539269526
161.38658777456195
165.09272661343542
167.73619844336784
172.50582688378245
177.67854540500582
180.53636306866022
183.98476905255978
185.4523191840022
184.5562643569985
182.90316382531944
179.5402260975332
175.42439509919504
170.5311104355802
167.05584691410647
163.27735165224533
161.31749328099977
157.41803715538447
153.02475373441519
149.87838366401127
148.91231320527788
148.98141480743104
151.15458256353793
155.50543382376213
160.92624079709677
163.88163509834624
168.5665760455596
171.7729283982145
173.37841032514248
177.3452642593134
180.15107816772698
182.50291764027307
183.89820953744476
184.64259091494236
188.10080510167438
189.89425993841624
193.13759709927785
195.5597955654392
197.56804463232044
200.90580022739826
205.8873051038922
211.04256344957915
215.64931779712174
219.39789087693103
220.35141948158702
219.2642485949688
218.01188013968002
218.0186833039219
213.46874582514104
211.45583269684553
209.29124035830014
207.47921659199272
206.41476207120897
204.3759700735814
202.98636120797272
202.6783004382213
200.55586816036262
200.167616531547
202.00907011592093
205.07134982744657
209.208263196827
213.27211962245028
215.1610919336122
218.9644963289163
220.7583647522413
225.28575700637472
228.84794202098823
230.579861517571
230.65656846659724
231.56690071021026
230.62234465099093
230.55182940163988
228.320725582414
225.71822851463256
224.60818593186656
224.13439455667265
223.41328466741174
224.47790868742865
224.04261846971636
224.2402483447343
223.9947811512474
222.5857923684411
222.42982480405718
220.4669969919829
216.7713751349662
213.20146545826543
207.9086665893553
204.11051112006547
201.0128405291188
196.34848467861394
194.62523222759623
193.11571063670698
193.74901112005486
193.10771813775568
192.7031090713788
192.07704219790497
192.18123886921205
192.02979844339876
191.0912554462186
189.54190884810885
189.45487196413862
188.58951172999892
188.0700920343394
187.6371470147288
186.3835474510618
186.15603061642938
185.40775125780843
184.7087834570183
184.06171203478905
183.02278948930302
183.0981638508266
180.92522482889365
180.0937856668852
178.87663410254692
177.2967854112795
177.20401851462074
175.86851805676196
176.34727567619277
176.30615171739325
176.95454060938758
176.71469693114673
177.98653203276052
176.72887106143912
178.7258220255998
178.30070977710892
179.0196831772633
179.36319385840838
179.8106179047784
181.6320535174536
181.10889791471695
177.7576702991837
175.81458221721655
171.5218382674954
167.56696023834593
165.8814636086356
160.87084701705012
158.25681539771287
153.54757725060517
151.43070977090036
149.23415168124262
149.0418118459509
147.81032048064645
146.84885899991758
146.62704015410677
144.81517259239888
144.19859380564301
