16
20
b
19.82951014175308
17.017538152910944
13.776428355191035
11.159727153309218
9.248656473024644
8.678200627204152
7.758803281599684
7.3882673178302145
7.8969809500354975
6.853849685320353
6.447972976792487
6.693466565431104
4.951871312792425
3.597272788757624
2.8221842035598095
0.0
0.0
0.0506521052909962
0.0
0.0
0.0
2.0649100270647516
8.08115958566139
10.749244568429734
15.783871184087674
19.735620983655558
22.43511223237136
29.177635988346182
33.1466960822893
35.39757918320249
38.08748596832993
36.63374735409224
34.19552776196899
29.797078234675652
24.846051387278248
21.601819675943705
13.128614062789527
9.750565434311435
7.11511477878367
1.4729404143516032
0.0520093091032562
0.0
0.5639703638944422
0.09145015558771619
0.0
0.4217905277249575
0.30108106094861437
0.2859982715703321
1.451424178189131
3.1715434221107968
3.090086784309052
2.6032710216129806
2.422831413390456
3.8534948522843253
3.2112188385245704
4.105092101040753
5.730893227289322
7.388243677121693
12.54383300172076
15.686085410933138
19.410168563463838
21.318879190447653
23.317816672340008
24.36343183948799
26.874099126903232
29.75914903426095
32.03244996397795
35.04640129045639
40.024832923165704
45.97463040448184
58.130237820765096
66.87973981349657
78.39809052447902
90.35377696174766
101.77704511168564
120.183727432565
133.5384273740008
144.93822182929523
147.58699588542018
148.08556355924983
138.87788830218545
125.22077717154335
106.52863658274846
92.05428363879895
76.03418562316453
64.12290624899325
52.6292236246727
35.39218582861989
22.00908016524709
12.409219402261503
11.628509840711862
10.05196149851748
13.852343603783758
20.007020783566404
28.262245770045105
35.7517604534981
41.85720336608037
45.44857595370475
47.415865876951
52.08842859468706
55.011777659572466
57.63426704962435
57.88195004323622
58.14393193313511
58.661205464982
56.16427457430759
55.65705020759328
55.178169680319925
54.72308447055837
53.57586827557978
50.24623202912613
46.87468206452761
43.44678510179263
41.604723809687016
39.12209720279744
39.59729206652816
50.89383195898502
67.35727937889772
91.1921236767816
107.29559086694637
126.8243830946409
152.53609240948305
170.42829256948858
196.23170067251002
207.34035929013316
212.40776672985507
214.44184288639167
216.6335633130032
219.1355590075138
222.19785057282982
223.37613322190774
225.2082524749084
227.84642973376143
235.2644472734428
242.48970851669682
254.28242957629413
264.3571139706087
270.72420569651007
273.6206809118418
272.4526521101736
264.0074634693761
254.386124636148
236.8339470469762
224.84355621566326
210.32378170445588
197.0704583930485
187.30293159002935
173.942969983585
164.62306629944902
159.38870208406158
157.1958534357297
156.0816702094289
153.65773257730567
151.68748185279787
149.92703397166164
148.26156234503668
144.04018663278558
137.64777101939913
133.68818523682177
127.33412985282062
124.17770135151247
120.05981502310236
119.15848495344386
117.97409646502953
114.77840151638814
113.58440569392997
111.97029727326304
110.35619362966806
107.73136970826422
103.90232213703248
99.79273043880079
91.67815529461454
85.2308895148755
81.77974388254047
80.87405588949652
80.65634224189245
87.08147780273943
95.24296656620136
109.09719111983388
119.11329410364755
129.62318628586561
139.99004533608695
149.9228641251808
165.53093271488876
178.35825015850125
188.57004142033304
191.6616777549436
190.3897804558248
181.1526891497017
166.35789514892323
141.8323840869429
126.71382193418299
107.75405326519015
91.7181123675753
78.10679696557888
55.460967656266455
38.790863671999524
25.98791966634745
22.853429771348246
22.438878122189074
29.71139330107676
39.13383479414351
52.75212735655362
64.26314214128547
74.81856369632604
83.26466050310134
90.45915489532472
101.18072267782551
108.82256737123853
114.94014565042752
117.21338284539475
116.34917335603396
112.6764492415761
105.35787029300317
97.07456353553144
88.15314609479981
81.38255131801908
74.82483061014058
65.61898054734593
55.395532052482494
46.610037330935434
39.093897024352714
35.736208358527634
36.47532260056765
48.415015786346274
67.17594442347867
92.10548729337606
109.77333800328935
132.45478456075531
150.29738711226025
168.69049818279225
196.95003393303435
217.88504349957415
232.66617770054893
236.94956008002063
236.68477776348578
229.00058419413685
219.06292408673698
203.9284316355914
193.48448622417712
181.72528922105846
177.0040109698763
173.727613536087
170.85034426730905
167.72216438718917
163.19200497435756
160.21026475802879
156.48776485851315
147.34422451005645
136.13053418971893
119.59649756895685
105.884634638246
91.36120568990893
74.07244266912707
58.934196710834
33.67714493488055
17.136126694351677
3.5659586985922354
1.642076525355617
0.9119219693714488
3.6874102261761674
8.817212037482369
13.835259109779367
19.608036446441517
24.829170157550788
23.582501054544306
24.067602659937513
24.036299650977693
24.713246589388465
24.264705740518863
24.41884760526441
23.748948050341255
25.301110993302213
25.148463281524755
25.717202888236272
26.153329917681514
26.576241672740558
27.587746709438992
29.18527971499414
29.16407566111149
30.55121008855009
31.691740021618337
32.189926724020424
31.484717196682496
30.853802946872744
27.926749556856695
25.128920600217022
22.396141986619405
