22
7
c
12.609478423684315
12.990456597312486
12.297468946513758
12.422630382172212
13.073432335098968
13.711615778196146
11.750141630260597
12.004795643663382
10.675118609951127
9.322848009282156
9.144706607321579
6.262229998460708
5.085404094637867
3.0587317873910402
0.5445048865694425
0.14385902262164585
0.15724769056567386
0.10587470117738407
0.7845519876324053
0.0
2.697735342242726
8.681596107308588
12.878447788753544
17.705953877926405
24.002761092519684
29.096215330836436
35.29390660226462
40.463310426393946
45.69154783301648
45.340553341487336
45.54325842013629
43.19833566192673
37.54642000933029
30.013163825385686
25.948651832418005
16.79881204653065
12.049322000191527
8.842307327267823
2.843207673511711
0.0
0.4370677941109264
0.0
0.0
0.256613187846107
0.6399627354318761
0.3362186120088407
0.0
1.6478950634627836
4.005967118850834
3.6885640776415545
4.252943797289612
3.3752736843368503
4.036778191540683
5.308082241295262
4.8869061255599116
6.37002170508003
8.920152330550598
14.67676259843275
18.4010743666379
24.069678414299364
27.154090227003238
28.75722184149143
30.977538158865194
32.68833451843866
37.0734437411552
39.61369596730397
42.02944940155316
48.85840523095353
57.82239191458864
72.39021773647555
82.75019184598543
96.25611643766166
111.39211605386575
125.58981738891413
148.10545571274818
166.18218782613707
177.38718457382035
182.45314680432438
181.83727364076913
171.3086445702398
154.49807492309736
131.7290969960561
114.05143442365701
93.67839313811183
79.74190171066296
65.576713808304
43.011059138796966
27.158668186788603
15.400367794080422
12.564989314480483
13.111252311886469
17.175448186260528
24.622083819165294
34.626487168752476
41.81361954226579
51.60685474399926
55.618495763690824
59.1732599519494
65.00106196037885
68.66672504748466
71.33402640908557
71.73637047890145
71.51709512412503
71.19592848360556
69.35826995681462
68.10691829789262
67.95488359848218
65.89281443896476
65.5373292727552
62.941829451145715
58.651173830452734
54.53601575948906
50.61537186394358
48.72624477461746
49.46202898426559
62.42136006134815
82.08095634641295
112.54212725751762
132.64731851741897
158.20783816629213
187.97555879190685
211.03128775019925
241.24456775322273
256.5485962299175
262.83829646342383
265.21207155542004
267.56438073080767
270.9010891340547
273.709077096268
275.6382005823561
278.58443013809733
280.65620111035105
290.0876249354904
299.33308828835425
315.02033675956267
326.61140011105743
335.12635045041293
336.8330664553871
336.5248334356001
327.6338568549198
313.6906323843372
292.32420528778516
277.61409505374945
260.458461772216
244.06247116618619
231.34799150971213
214.52627735007044
202.95017203036
197.10771413821615
195.52384413892807
191.82933942854902
189.58864905757562
187.5125551845978
184.32565093677965
182.22748948292303
178.08909458734504
171.092443966656
165.68118365670023
158.33650900044503
151.8846887240808
147.787165533419
146.37396893765236
144.87248694776054
142.20836636988744
140.63163665360074
137.65603857772842
135.8624315104256
132.98043471052512
127.88810409961765
121.90503380276787
113.72969931922603
106.31629455093174
101.1473652719281
98.37855577272089
100.0910556832744
106.64180685638357
117.9521934942163
135.2993145288662
146.1145953797255
159.4469600186011
172.67368619432426
186.34349748091614
203.73600950875115
220.56908877539857
232.6103204540225
235.36611445437896
235.6156089550592
222.18820498031442
203.55084424690745
176.40357930687316
156.81920699035416
133.52147571103063
114.05714396713216
96.50275063711146
69.10895855469019
47.9323215609562
31.607600452976662
27.298428636461754
27.570453679273083
36.32439557964668
49.31712054860312
65.25381929105646
79.08494494372468
92.99222716454905
102.36744624218238
111.76569070235307
124.62510528645475
135.07230365003613
141.92455244509105
143.9128692423975
143.57041061058504
136.86936310660278
129.68842529539674
118.63521431878858
109.6829335260507
100.10592430608996
91.8185227060671
81.7253310417931
68.21032464295487
57.10055437576187
48.06418317258861
45.00214047944123
45.850334721376285
60.97359708817237
81.4289367958812
114.43427743231592
136.93916726754014
162.5448413922812
186.14087067996186
208.9821388357845
242.74956718069237
269.77928564674903
287.5181282718865
292.32048437203235
292.369975468801
283.8767794885288
271.1920379258398
253.39806667090042
238.96054353706472
223.03067821229732
218.2608126079118
215.2235922574765
210.87952372328115
207.72467940688222
201.37854188562446
197.9224801964111
192.13158106478173
181.01438203286938
168.47082337171838
147.38451206174548
131.75127616644963
112.3494115624278
90.9937142503525
71.78269581837752
42.89274354030314
20.552113167987216
4.831955766399097
1.9461914431495613
0.2543140629993288
4.797956171474323
10.672954398087699
17.665672194127723
24.493191084814082
30.265336934089106
29.629646413822407
29.476306791244102
29.236909783040947
29.24795096889954
28.87067919443136
29.981866610702358
29.001357114131
30.553900960464645
30.871852800542378
32.02305184194308
33.14823572045604
32.98061606204399
34.589814815966236
34.65389731883296
37.155388408342006
38.3306637077318
39.68748862451026
40.00136533751123
40.54140109972328
38.02635629537041
35.4781547688351
30.536466071476827
28.160985829483472
24.084442926731885
