17
26
d
64.89102037523324
63.72839960000411
64.5689156795439
64.59373644795238
64.7359475529961
65.44783619219551
64.48901523890115
60.08599284262834
56.49512553071169
49.38490700347463
45.46857921082181
39.213784922947056
33.419041048293955
27.2551575983597
20.64924052490118
14.723858582491214
8.938947105343328
8.610251644262771
7.926414581791772
9.959088831712325
10.912424062219484
12.465023533109562
14.360567011261015
16.42266224783577
16.170038086595618
16.744602571120623
15.78731544497648
15.365377169558682
15.071088783638134
14.975870135797553
14.749305033597304
16.398636813787558
17.573975085426152
20.3075051778139
20.42925670797998
23.772290932186838
23.873091019133152
25.352137066760303
28.126561813704917
29.75865460211136
31.4365234323965
31.26228279703617
31.169587805873746
31.84277541910234
30.338012495518246
28.53141890815276
28.415420013314915
27.274648293334085
26.627015482900497
25.030273480411733
23.011693364919893
20.35058517073347
19.072709530791407
18.369439605156604
18.32279825765495
23.051312253637896
29.39023965777159
38.88993018574992
45.41103615287885
53.059089672707664
64.80638900671951
73.76370565564018
83.54935180847139
85.06080613859507
85.79327650262493
86.53607142118308
87.03788256354387
86.78636173289195
87.09518944863025
87.63056225640173
87.86201004645564
89.30567228525682
88.959056490904
90.52861416695622
91.38602548083537
91.93054608474758
92.98291888298169
93.40877875248195
94.35641582070919
96.5313875510084
98.68480599237729
102.84604340407296
105.54795802751161
108.07866928341417
111.63655736153717
115.59887578043404
120.23438765314795
124.76602091750036
127.34444745162715
128.05818774144382
128.32635754048056
127.07238942771541
126.31985721196926
125.03335176984449
123.83370641063566
123.11990126838111
123.35568091693827
122.58184089249126
122.55457111322782
122.19339665205348
122.29843185493189
121.25997060073317
121.41682510292338
121.95062257079505
123.45750654628132
128.6086410916007
128.8894946908094
132.29033288971547
132.64851245802515
134.4498874353075
138.09164126828517
141.6607218461108
143.6885583385525
144.31135995007898
143.29800007116935
142.07510052236768
139.38184333280543
136.13848131270083
134.8117987075212
131.21415950531068
129.1031056014379
126.41858210928353
122.92621757786613
120.28180342967809
117.3306783801021
117.66670964177995
118.12306605258259
119.39320826374092
123.45875346909652
128.22313212032174
131.33275084362063
136.00188639201917
140.96609799352012
144.5034108488098
148.82788827321139
149.43356307339707
149.82473378123166
148.72498789155946
148.76539673475438
150.01527194970538
150.63632146789575
149.91719102007048
149.82257068566
148.62167863291518
149.53902864952474
150.0841533947331
149.5530481149844
150.56315579900308
151.33235939211013
149.8473591361091
150.56974884652237
151.66093598268867
154.15106079498838
157.6092360063892
161.57216561612503
165.74934640754688
170.57200901446507
173.9253694957726
179.2268365366632
181.87526482725573
182.86572808436927
183.63886213121285
183.41643191317044
183.7489992568753
184.14848733867748
184.4858854848185
185.50787719664797
186.9988211229669
187.2077240581977
188.27551135694935
190.09570469933493
191.11812883471583
191.99285213132157
192.34322580722753
193.61640535836534
195.8942185173008
196.25301509913086
200.1222077087955
202.4028421104516
205.40440728358013
207.4947091054562
211.79599122063797
215.66965241259345
219.13878010091562
221.20510820140717
222.0948277355314
221.71369471512594
221.03969412795817
220.17110807060527
218.462058328456
216.30112616077193
216.2815012954489
214.09881345010035
214.59949820870597
212.50464843661013
213.02950227031909
212.83043350875295
211.8045716937909
211.67863944429146
211.6426262530972
213.09146255723363
212.75246423867384
212.64630121855507
213.4104646702669
213.89513581784885
214.1730373940361
214.04522039440997
213.84371374553564
213.83824339451695
213.70530889319437
214.64401542032084
213.80836479929766
211.9098564625798
209.3117438456164
207.030832673646
204.90560621153924
203.57113824741694
202.11090170014134
201.60733873093915
200.2499800317505
199.62275288085692
199.00385531946958
196.9874833793488
193.35810225690688
189.11284668707088
182.39632371632277
175.33586476868197
166.95800803614804
158.26153128787303
149.96827016638008
138.7312963109075
136.28825739795596
135.34210651660652
133.51206452404412
133.41115147762062
132.87958492886372
132.84301519807553
131.847384622427
132.1095066152572
131.4468551987714
129.03953823660208
127.09720367164762
123.24870461319716
122.71232507975218
119.76462461826286
118.70021095043711
118.72964613488652
120.17123406179107
121.84824414217579
124.37416428799911
125.38761020673788
126.7239103216675
128.93575500890068
128.77581937657916
131.30641031866816
132.49206982317506
133.95817720143097
134.37758519333624
135.03663372315657
134.60980549987
130.40325198607084
127.92090370178539
126.39272778424177
122.64948051582493
120.69827179446784
118.17045123618774
116.13783150215303
114.50415844100633
112.70566272409604
113.51548625880727
113.11867677802992
111.67282363753766
112.29509499362396
112.11944014417632
111.67154712947001
110.62389844757973
110.10888372790558
110.23329719407346
110.18725892148737
109.86471053985264
108.64369871350418
108.45266605702226
107.38624868534126
105.06713776245505
102.84674481022941
96.08373282420415
91.23540539827832
83.97570617635314
