17
16
b
33.38048993583641
32.63058605199542
32.27775880264038
32.92624927933911
32.816108657882474
32.79541800132689
32.26512392862128
32.55797781610407
31.867457546387502
31.94569680365167
30.61659802179632
29.763835106995593
30.51702446085878
29.58835365117311
28.646956146098695
28.304218843424685
28.4560190943453
28.21330573664513
27.903818751534583
28.09991645069989
27.78204647482106
30.079751787724103
29.58432808167316
30.116483972845643
30.56362010274747
32.67484456238405
33.61512962884041
33.45069902391398
34.880979821492815
35.28381718580837
35.17337839289613
33.72944037684593
30.513050613342624
28.403814578593565
26.17022681331035
23.07117813498882
21.23473787001028
19.766482059869862
16.566739714945125
12.602911050241374
10.579169517643015
10.532630315426278
10.282487836433981
12.152096376582419
12.568204408694891
14.920797504563705
16.387782078326595
17.898428580958107
18.984859783324886
18.915752575744243
17.918071053755998
18.590612488769505
18.84411194551471
19.67695515186175
20.721940382265128
23.580825983018226
25.740685010259835
31.670422217591838
36.726943149424976
43.04553744658543
48.881588022395206
53.900651632825806
61.565079581376715
67.344610113123
71.67769127030654
71.95064102734334
73.22490457279038
71.85766729495619
69.61252057937847
68.77042589197994
66.07433603639785
64.59955261395335
65.4167820707229
63.97418135883241
63.6396188476826
62.37876515122723
62.23620017456122
62.8221878940458
61.05603507928185
63.81269840279394
66.87630737139602
72.06867882594892
75.47610429371453
78.76833580214348
82.60697851214606
86.49156337269982
88.72865404682604
92.88558318530812
94.69138977292674
96.28972243863079
96.47269814693291
99.42426243955879
100.68853360626456
102.0488037558878
103.71127734792415
106.56911226421587
109.22017358022103
113.34095121267113
119.02552674769244
123.24039418794449
126.3686801016164
127.04378019529868
126.84563073739042
123.95639763756921
118.73089017697643
111.86989953958101
106.7370582189534
101.28483919102491
95.56366734531866
91.01503321143288
84.01703386436732
79.24882851418782
74.1862655178673
73.04688366200652
73.19659574144443
76.80742277222883
81.81896389251055
88.57344994053493
93.16098822324709
98.4351795942489
102.39613414168824
106.920742344159
112.81216415811627
117.00542432357055
120.15810846919365
120.65229981791732
122.11295750894703
119.61197397190398
119.79275238957419
118.09391360795681
116.39672922978423
115.1140573701865
115.27867330863992
115.75871615588834
115.65588215910347
115.91691772653937
116.31089566330371
116.2085552616254
115.9991453918342
115.82106235901607
113.92479665380021
113.33826369688569
113.8892577550018
111.81376692324929
109.42868556147258
109.53791245313857
106.54746604329618
105.52220850643157
103.6176011541653
102.67743908444059
102.58376864056646
104.77498887399047
111.27991444650989
119.36700528940851
123.97257694190613
129.7747305591071
135.6157645766919
140.09446483905597
149.96531881343452
156.51025189332367
162.3380474332549
163.41622247923962
163.71516340928085
158.15591007268603
151.7339444971905
143.25463376817652
135.1872013488437
128.08397627033952
122.08420845590771
116.19728149803143
107.38744698401848
100.9454556529458
96.75462931861811
95.96867311926133
95.1961618212213
96.38533947893954
100.52158908549418
102.8636757422246
107.87959766674894
110.09974164530976
110.58475593535461
111.85336759086523
114.44108382959944
116.78306541264945
118.26061908891168
118.85336031959062
117.87346107289264
118.11187824401479
116.01059280898808
112.85504625758665
112.48924079307398
110.0930815659507
107.43136367464824
105.10076286675147
101.44253723715732
98.11551084518356
95.35009127389534
95.22575716226027
94.19166961374134
101.14533146358735
110.03597624988946
122.44770542043001
132.83735410376968
144.09634211709434
154.8137054377623
165.16959311993483
182.03753847902297
194.21101030787347
203.52109839293757
205.8818182338327
205.65008382953164
197.71352760802014
186.5559755790423
168.68127303216232
155.7301824570158
141.792383050303
132.13540758460837
120.45147967199892
103.98257059593936
91.90060802754608
81.75603956163548
78.4646849970869
79.08345576466131
84.99507550241921
96.6170923568013
113.30696275598791
124.85343054900308
138.86529978747348
148.47111923429605
158.38308663542708
174.34420479011527
184.63240218349029
194.19769736484997
195.60016136887114
194.95210265337124
188.96411771588615
181.33444047320913
167.1417647587736
157.57547838725657
145.5945719992646
137.97864330354605
130.64853916286611
122.91579099645715
116.65528294401561
111.40474075708596
109.08698506196103
108.17134341411261
104.79520174933373
102.91666375109764
99.81124060798906
96.95268638144142
93.85205847968284
88.7821995895109
82.78180151372518
73.73200260042275
67.65932367837179
62.83205178843471
62.684253370913595
60.398654084094304
65.16163630444994
68.66552729173623
74.75965324480786
79.05157787292757
83.89497023299903
87.99584169030862
91.38839697621506
96.01875196476
100.28085133425004
103.10213738151477
104.22773300554815
104.0864701657396
101.16821904432706
97.96004505783442
94.05459159185327
90.16909265623961
86.11128643873579
84.2493851210314
83.03273630521507
80.89847969441654
79.21689397187899
77.4468522708717
75.6333213113662
74.33518118777602
71.29771933854852
68.07993132382857
62.1347431079881
59.61068628402731
53.31349422340048
