21
25
a
75.41087621882485
74.95057963081142
76.08688469271256
73.94287603903147
74.76485187703938
76.68966986797318
74.68731408029723
71.24592925349174
65.51107382917904
57.76518824946956
52.18524467186633
46.49199746367294
39.57899321155348
33.00212803421445
22.961658265453146
16.297886706668322
11.068891724385749
8.954907756167238
10.192314215744107
10.600467874858143
12.21780549161555
14.657948551970046
17.159201305464155
19.507358870181566
19.385507194950748
19.504302505169182
18.29529305828468
18.05652796586602
18.369429543292018
16.882327654847817
17.702109697267865
19.1521308329723
21.326353685490712
23.15935234902806
24.10506559402041
26.616683194153115
27.160570449075227
29.999445718486612
32.001945452549656
34.190949987715136
35.702149880410644
35.97229956428118
36.42395894094324
35.87674658296177
34.683674392094765
34.51327312700193
32.85932510348717
30.750809841819798
29.86385294960932
28.258672008322314
26.604195768328747
24.021113592080873
22.081624767033702
20.75331953105677
21.14607294531145
27.147813294428005
34.40724649687374
45.695168159452194
53.34328370042422
62.958147826085074
74.92812595104627
86.35713511737515
98.85412383548488
100.5872681370257
100.48307917953493
102.11541951914806
102.10166402111076
102.68168132861685
103.25710247175313
102.88779497927322
103.1261443335901
103.13650583849379
104.41913226146337
104.6600342330711
106.29053929275165
107.40212751702141
110.0396902583772
110.25735025951093
110.52504679231986
113.17238156249043
115.68169421415747
119.64197220445003
122.2768683753314
127.12970066633672
132.45138589659902
135.8019977939855
141.5859243684723
145.8264624472134
148.22557627828755
150.2573117959768
149.45579814404837
149.48788113026242
148.65301104506537
147.30805157576927
146.07617430752617
144.18414728192784
143.50981683562534
143.8878347823515
142.44286339423405
142.1886175108603
141.69769754236822
141.79227041333297
142.09190839600814
143.39384376298077
145.94165913401096
149.096079922649
150.83405276906296
153.06714361424144
155.8699484904382
159.5610564076732
162.63702802774168
165.86995676212763
167.7500730714154
168.49735831433895
168.03712663014335
166.71823262756672
164.50703506348125
159.62031893342584
157.5708191211298
153.49372019844478
150.71124971026023
148.2167446378197
143.74639298568252
140.38391001628997
138.8221660323666
138.18637163881172
137.08913333313876
139.95925879116254
143.7791345582323
149.62163586351147
153.76862255440338
158.78337744323446
164.28231728531816
168.78230172766754
174.545634741793
175.20412964686014
173.83647904961913
174.6576190054584
175.50669300997419
174.9457062291354
176.27958007104172
174.46526453414475
175.61927460747393
174.9924918267299
175.69184840604206
175.47309965651945
174.62665972634522
176.1767456886235
175.47011345483256
176.80133648422859
176.9482819550535
177.78040443886505
178.7432869172989
184.7614709626817
188.5904399350398
193.30693003113504
199.29005827561357
203.45268305916372
209.38179354862098
212.240378793887
214.92474086863893
214.88257898321154
214.58037863753916
214.740218734227
216.65372497786035
216.92290488744158
217.4507243334663
218.00248463480784
220.20242736037684
220.21449151185362
221.6071140178182
222.37790751215826
224.44001277430908
225.2448063299067
226.81147377386986
228.2008734498439
230.48421992481138
234.71232297811156
236.42140651730557
239.81259904012896
243.146323318315
246.25167507267557
252.79023980283827
256.6935239187053
258.79435427314763
259.515614034194
260.59093309844735
259.3818258729153
257.3593332345053
255.93097205181877
254.0982382485553
251.9705120725812
251.28781866118103
251.00077774719347
249.63001007652397
248.9184352353466
248.93893974334657
248.83072905869062
249.47684909059342
248.8929462580492
248.15254407569282
249.1300523786783
248.7699991898653
249.66594471964558
249.1386257660767
250.71946855429672
250.0022023212447
250.9196771714568
250.21405315301993
251.7015648954118
251.94805109862347
250.71825448646274
247.74327366607673
244.85095548771983
242.87715763187725
239.64133773398223
238.1506642279872
237.76771074687534
237.036666894799
235.38355659018958
233.9120226972009
232.73710219415372
230.76821059851693
226.79342701809452
222.11635172750456
211.6673803881821
204.87973914824687
196.8559783196288
184.44346404634646
176.2383578175818
162.61584382546428
160.0970232026558
157.19425679930515
157.5285418883847
156.98058461261763
155.7281122608984
154.1286017851579
154.72739959627782
153.97568805938198
152.34957297893746
151.82662965848343
148.35114962932278
144.37190913743598
141.6768026404453
141.05124955185357
138.92843214285105
139.612000972222
141.1419874103573
141.97437987551032
144.67176000181558
147.6268567779579
148.29638186782276
149.4600397890009
152.36538064916482
154.01486267289812
154.9575698169555
157.44693531687247
157.55584872196917
157.93566471333418
155.95080937611147
153.66265002138894
149.71595954188552
147.2459427708727
144.12980132463673
141.21784527212208
139.3217588469634
135.6136703909816
134.02807557547493
133.0484290842635
132.92279086455287
131.96508568337444
132.25953910784114
131.67617406539793
131.05353423916912
130.1161859395574
129.93620241513338
129.48669174339395
128.96181217310598
129.70411678101624
127.86063396495994
127.43787793099234
126.55276389344307
126.3189617016891
123.17853791040056
119.43121641973472
112.44791953029151
106.37860606647455
98.99206856702118
