10
21
d
12.42235936370101
12.600474194793229
13.507683702591944
12.572804158572719
11.053451950570079
12.107377266046784
12.828020132655944
11.083478171200758
10.923785323610293
9.097005202805708
8.246191091637186
6.716171098532204
5.205289832447434
3.75172366369683
0.21370728767169456
0.4420304927065781
0.0
0.42074372499040263
0.2640994728672191
0.35762695711452325
3.265852267451588
8.276290989796538
12.955656252205085
18.511938131118363
22.626306922326357
28.06359194970187
34.23504271811054
39.8505202182339
43.282576265685655
44.03140336138566
45.18825993900768
41.16342034305322
36.76510943059675
29.869948730038217
25.072946060803723
16.13333922891013
12.999056694484597
8.221286047485396
2.3132453594703404
0.24023112724868204
0.0
0.0
0.0
0.0
0.0
0.0
0.3752853974253389
1.34598999912865
3.863114267802902
4.820695775712224
3.254902142377294
3.531957742604611
3.885113972429541
4.816323940655578
4.7734866098339
6.500971537487118
9.547632064204832
14.282645915734882
18.417322955529475
24.401422228285796
26.94004668985499
28.678936315513255
31.527644736390588
32.918155552123
36.69991532002401
38.53557119594368
41.71301157600067
49.05337483589935
56.96425291827381
71.01572722628174
81.22719179432109
94.9532643327853
109.10944573546969
123.52408466320558
144.52748071832022
162.75443973195357
175.3039915014257
179.1629523879394
179.60980541408847
168.0625030342287
152.59881331246225
128.601246553876
111.38691601504087
92.77942891118641
77.7870950984857
64.6782728561262
41.75225893750724
27.053215888055124
16.102360243334427
13.200646838876413
11.442413431278366
16.959971791036185
24.78713591025877
33.56176452963505
41.98632613030702
50.49537100887793
54.73854111715072
57.80588421959699
62.99983217732905
67.103091706735
68.74297664359878
70.72148166830463
71.03807724470246
69.84049021549629
68.49906161328067
67.91082179420114
66.71347634981316
65.78532608951011
64.35254590952232
61.419724119878026
58.10921396156707
52.990789827766825
49.20792999785708
48.276288281489904
47.793569611076414
61.023326530839896
81.04567631204706
110.19236451254243
130.4704894098672
154.34992601147366
184.6392442983446
206.25348258201964
239.14150688534076
252.60264672367418
258.262150562548
260.22903048766835
262.72991164466316
265.7834584420253
269.2207701253299
270.3730253820547
273.888082412961
277.5795864822729
285.3820513917674
294.81921615755755
308.5707948348216
320.35834895032787
329.77629249634543
330.5387113661708
331.94881329568983
321.63207519044045
307.86669087418824
287.5553670938652
272.8829906147952
256.09535342867315
240.15036440419487
226.5709296243978
210.89796264647572
199.39973504719163
194.43881815750507
191.6237467920464
190.81400672581765
187.48515188085292
184.70177123247723
182.56072395364995
178.79018870673576
175.74674112549857
168.3657276785609
162.71699419270522
154.46595281763948
149.69908423894694
144.69790937789148
143.39628471829312
142.24231571910238
139.6050265133973
138.15243961353428
134.4725847017115
132.9223543929795
130.40224304665477
126.4176267832339
121.06884034465955
111.03296235955526
104.66022407103833
99.5058862286886
98.2525471253247
97.42798266918865
105.45700036440365
116.71093099579348
133.33559497420455
144.35498657703852
158.1134084434793
169.702931688083
181.87973109663642
201.79886608908308
216.94321198456518
228.66784667629216
231.77645764841262
232.41520799376707
219.33116613247287
200.78658866011526
173.47903962020447
154.28190229466733
131.3974369930763
112.7470872857308
94.74136619054528
66.7384291098269
48.0267695613761
31.52017007760204
27.775707579774313
27.486573521778755
34.99532257889766
48.67565335134289
64.53481550188144
78.13037590144666
92.20020595134679
100.8884715611255
109.11179625221851
122.34089973833049
132.4925662781909
140.34910175878875
141.73884615421437
141.84388872699537
135.64346494267664
129.1243046152597
116.6372812199588
108.28248847435093
98.16096007219933
90.07941332489376
80.92113727852416
67.92585011484877
55.13316621652444
47.28200905710816
44.44534011660878
43.870368510098395
57.79040009651012
80.10083828502448
112.52093722055336
134.94049057576436
159.80397717734894
183.85493739941126
204.9005251545593
239.25009291292193
263.92966104422385
283.5144764716428
287.1905573787317
287.29601055886275
279.0142555305852
266.3923338198782
248.24360291154073
235.6891371767666
220.16385244235113
214.8414193709153
211.19073937970316
207.09755038639474
203.6176928589592
199.70505199988085
194.41443967444363
189.4544342924664
179.55039410862864
165.88114509043598
143.8097657050946
129.06214273518592
110.0043403576776
89.39541845261881
70.54115678489563
41.85288232166569
20.55476679825652
4.520208961737819
1.3479770082528313
2.018498852237976
5.248957541302668
10.60884268830675
17.68650598956192
24.893978213730573
30.218134171526213
30.3702161314519
29.266179951698206
29.504359605357525
28.852818051501764
29.995963662152
29.058096617605482
28.448625840109845
29.830676850357257
29.793992691803517
31.161884783596975
32.566340421831924
31.954896700187422
33.892580636331274
34.23719140778127
37.119930020445594
37.62488704748652
38.919465141887024
38.88734733523024
38.726635916530526
37.031906087622936
34.75575865682761
30.148312004749314
27.31233948635101
24.177527171044623
