24
3
e
120.87516251076056
122.05806013825256
122.10096840618301
121.53973425717014
122.34433692463251
121.98313546811347
121.9574781824715
116.16951089461693
110.66940014327534
100.84181023579168
94.41047433610835
85.93045643224848
71.28154731774364
60.75858754168699
49.48692168729367
48.34110515105317
48.69945428145672
47.24004469704345
48.912295220259104
48.080575886347305
48.56064561122269
47.612424167214115
48.65857012530351
48.56593275085031
47.30051896436071
45.80590330934322
43.63956249851018
41.84972773719306
41.177741548601944
41.213406164496455
42.076437036406475
41.28261953628814
41.13907098022122
41.14297651652748
42.80106168916979
42.86268205791359
42.37964010582936
43.4487316432316
44.309257933632594
44.13784214462701
45.4993852251987
45.345755419213
45.518268095171564
43.27602715991225
41.395209328337884
35.79019960511557
32.777908325629085
30.056181701849813
25.726820256988304
22.584523950713773
16.588922718343095
10.972858845112745
8.689775462981103
8.560321670830664
7.434424288147031
10.813482481027556
15.872841040112892
21.055986762806253
26.400508855736174
31.731604193938093
35.64898898085724
39.7636774457627
45.507389701360935
50.57664032933849
54.56418498014222
54.42332556857763
54.223733315996114
53.25201772093275
52.40678557182234
49.278562522320634
47.890700214843385
45.81318242348862
44.026721801219395
44.37357081005944
44.513003792898466
41.667159217188626
41.40830410669845
40.86125036261289
40.840755476046155
41.42684727832707
42.917124281477605
46.02573745925376
46.1385540062848
47.74372658985578
49.23154822940905
50.195034283876176
50.16183911042325
51.09233106238186
51.890164330942376
53.35485508829062
53.46834866471335
56.432432357317815
57.481367580138674
61.27615891582333
63.15505484619549
66.82038032081556
70.86547166716687
73.0119389420062
78.80094195104127
82.33212954557474
85.08705476005852
86.58816656001703
85.69987923538325
84.41046305136601
82.58851556602927
79.3056819280862
78.0550197649552
75.15256539661412
74.65543112184943
71.96704323581005
70.87047210911693
69.34743069710433
67.01749835654309
66.7938402917601
66.91254773435593
68.19103236614338
68.3638180609252
70.05303432154564
70.19375165432226
72.28328621769975
73.36833834001284
72.19073951935918
71.72042355509731
72.79493269551033
73.30984012732532
73.79839173937874
73.07935172511152
74.72925624550548
77.51265625251067
82.79978067010738
88.83285547935328
95.93464235689143
101.8143963317529
107.65232380550347
113.98483997745748
118.96582426430973
120.72088436793211
121.12364597159478
122.56309037238314
124.02978069203539
124.55426753094014
126.64432959463475
127.48405753572676
128.80897460270867
128.9963990861075
130.737032803514
131.29847916826148
132.06749020291406
133.6766636199241
136.0721494173465
137.47992267133395
142.5266131647881
148.61725758614907
164.24276865930636
174.85230482763154
190.24611596679483
203.4203528767811
215.97401925623308
236.15884497039974
249.9402554351647
262.148203623607
265.6037484351485
265.67646741031547
258.25014895398516
247.87273494885073
232.10565849837994
221.53234992817644
209.71147294465578
191.99430995113363
179.89492246185767
168.72637147588281
170.7515010427552
171.53264487399733
173.2398930954436
173.1908267846102
174.18037234579108
174.08489199050769
173.2330074143093
174.05736899645572
173.94554378975542
173.36915173875371
171.77794787576522
169.0958206891319
166.34057463616296
166.10805371739792
166.15356150243386
165.3507669376085
169.92851869004434
175.49329369956607
184.60337054128144
189.99885590820202
197.96002249491843
204.24466656819294
208.88012266677654
215.99054699472137
220.81428923441646
226.78485874846754
228.96554369557737
230.86496032703346
233.44858321983529
238.33735578556804
241.50042358152933
245.44808429757703
248.49861449133516
255.3079979746963
262.17925240331317
273.1314810569767
281.9804686862134
288.70850826943257
290.3525921201826
290.24493466863146
282.5645860421571
271.5660396055889
254.330714244738
241.48356557016015
226.5120880185785
214.1959919993277
205.23857090405892
192.12523797959335
181.9328717768304
176.52351817552452
173.73882059425284
171.23655245710322
168.00516622337386
164.04846972322846
160.22283316468102
156.61939825257573
151.5778906963238
145.29179580114024
138.07114842471543
127.07020774675875
118.66471444079507
113.9314039318005
112.19762120270445
112.17998368041513
114.12166668991183
116.65450236146434
120.0988726850872
123.04038154077432
127.17363746416346
126.69208816587155
127.82032947132777
129.00126045804564
130.49885851277304
131.84402767776174
132.1056743935569
131.70363727803178
129.4153418803421
126.30501688693676
121.33566725805376
118.230564127226
115.27432323319593
111.43763571708148
107.63438508528735
104.40027309204278
101.08742379474214
99.1792473429138
99.21876424770025
98.63392046425575
96.9186395472753
96.75055472514771
95.10166006556653
94.88382693151429
93.92096086500933
92.19774050854929
89.00492270019697
84.96989814113297
83.03003787255304
81.92005222361064
80.28002508423796
80.48657570080859
82.62061901797344
85.9829751654361
91.77527441429712
94.36471834809335
99.31208940601256
105.04466511452645
108.33482640174937
113.81328065443647
113.96029074135336
114.37191739847555
114.63615959913074
114.47003917842187
114.57342914815615
115.07787406903915
114.73238735840086
114.42679594983105
115.47743685554124
