7
20
a
8.272472467667718
7.688757216807394
8.54718268838973
8.40691491164134
8.162584748163127
9.252444260345797
8.5820080163108
8.42109028395152
7.6896153462118875
6.7221742941700535
5.629548845153319
3.5750888109468058
3.814867811710896
1.8699883882237502
0.24833259388172524
0.34731551701634833
0.0
0.0
0.0
0.4398487952008366
1.8320936767537062
6.659122926237268
9.34164722808135
11.50011818890788
15.365549363240632
18.865840905901234
24.300089676262214
26.938954128498285
29.20798053581556
30.604808310063543
30.17697863201276
28.080399061013008
24.904247574930658
20.266238022376665
16.29625190240343
11.179538479358557
8.364980649978584
4.972710702491056
1.5164114884570201
0.0
0.45103756731547023
0.1950892706612845
0.014974737405548572
0.0
0.9786538619743808
0.6298563354572865
0.39706209522293767
1.517660576989562
2.3374096461395766
2.918162357873993
2.741011862186059
2.3854667435344643
2.314973682619537
3.5612708424247903
3.9332683526408667
4.386815620261536
6.35915395633794
9.754827443603263
13.098088580131028
15.694778024710834
18.41163531666865
19.58752376723109
20.502073445421306
22.350114457819807
25.082129707876867
26.54000700576851
28.544268068386696
33.322633541838236
38.934739638518174
47.92708697609303
55.504810911599186
65.23191485172076
74.11946516258976
84.267629495496
99.23190812225306
110.2107805623113
119.85415430666227
122.28279295671976
121.63374285645244
114.31885760916073
103.51065343474806
87.08856594886177
76.801697871426
62.630632952649044
52.352835017659764
43.55773434056745
29.3956601891906
18.884687082385714
10.781096100724232
9.253967541399033
8.129623010988938
11.767475740665848
16.601955262196864
23.765690422848998
28.850387983087444
35.743487470431184
36.92504910511799
40.43064320769279
42.33856972831315
45.85940503570964
48.026380693329614
47.22027838503774
48.52088557732171
48.23726673990451
46.07618404888759
45.909416914221964
44.815482055230916
44.82285491160178
43.84310645648885
41.68283691611784
38.72463595590562
36.21939841433412
33.529471238362675
32.46251678095475
31.25390771696643
41.505669281757804
54.799633959459484
75.04302717401258
88.20912592019987
105.65283655755032
125.61100257567486
140.63768736716807
162.02961789461398
171.2944701799657
175.33232876450487
177.73576740355426
179.07384951823965
181.74260611323788
182.34436514961746
184.9942905418445
186.73947013395565
188.19509477771672
194.91513693428695
200.6279177126578
209.36827292200906
219.14749022010704
223.15931603016358
226.06176747820902
225.57996185129466
218.63576309246645
208.14733032599008
195.0898926154168
185.27495744053797
174.2230150226283
162.72103014441367
155.66807139848555
143.40732482932913
135.17534523036903
131.75669737412989
131.37425147907
129.67581372228636
127.69117186096983
126.02575556466265
122.87986353080427
121.0538292258315
119.35895839646211
115.15667746419741
109.71370645627474
105.77374221294394
101.31889999338173
98.44950625276023
97.350646982502
96.72862846899412
95.7306759198433
94.10468812432362
92.95130675166669
91.37664914386917
88.819444010886
84.83067411398333
81.77067533956128
77.21220709331365
71.04599611957826
67.35953872437966
66.26028421209521
66.3807945295202
72.3039178509887
79.16401912820204
90.37889177676644
97.41943791033488
107.36751751795948
115.53591928292947
123.84356070763106
136.53144494519492
147.24219363953964
156.35488890400478
158.03965901625799
158.45564766099614
150.45637970378246
136.7487271379355
117.89263883903661
104.95558381649641
88.37713754392949
76.0829604087456
64.56306743621097
46.26674286309666
32.3112021243832
22.077208207154456
19.069386049172863
18.914190902442932
23.893804694827313
32.03650934942707
43.7819411199936
53.43367120906987
62.77006263998942
68.9059573650813
74.32109236713586
82.75962591138817
90.32845312790806
95.56346983060641
96.68661825534754
96.23140264622296
92.75756713746112
86.56551158467634
79.4606076223244
74.03792414578353
66.92243699573882
61.1322401352909
54.796263790467094
46.00480304621294
37.00170493691732
32.82849192414905
30.547826282593505
30.020427249586927
38.92814542840212
53.92526534936188
75.98364935399414
91.659166710825
108.63063211619172
124.45206154086507
140.93473355526365
163.06536091152682
179.05489928159076
192.2229832249534
196.20097239575776
195.72274346704077
189.91986517236077
181.0522644437135
169.70827601308235
160.2573591582394
148.65941087515438
146.81643446798046
144.1246494683101
141.36546812937593
138.28170899123637
135.01840307875437
132.47787371955454
129.6568959050722
122.80072258866377
113.2471855468702
98.67069206112339
87.13721008667014
75.8618188658915
61.54207187542565
48.66595794587426
28.10150983273145
14.688765700073413
3.0482666904613276
1.5284801251913311
0.6262638089562509
3.42183268883829
6.608669545982554
12.229002279131965
16.170784064827014
19.913930936660186
19.5981174837068
20.699795076439006
19.273519213759002
20.143241894373602
19.367314427611163
19.961421189118127
19.690602166681433
20.13692758237312
20.839937067201156
21.540742592942234
23.05953698061363
22.800773379291925
23.027488087306974
23.506238625688006
25.43010566396481
25.65660965255242
26.298897390476817
26.00378164949678
27.132564892849548
26.26757867630247
22.89144569815947
20.398653530627836
18.197382319825522
15.928209083739494
