3
16
e
153.26523985170067
153.27647240092526
153.77071037495074
153.92448349997377
153.0517755123154
153.92139059298873
153.06904644185389
147.6929508196893
140.78472903534072
130.56446593480797
122.66565715141543
114.20391936546464
104.15605910954795
95.21532115935169
82.51151388145533
72.17395433193843
65.29491320857052
63.72699372310907
63.67860075776827
66.02933093207601
68.71385208630095
72.63336978885829
75.11516196308703
80.68426714679045
81.02239079960353
81.05523095238274
81.51823304387887
82.52394674520815
81.3547419680131
81.0374558571791
82.65294582069495
83.52802485433881
84.75231073163854
84.71407973460063
87.01763588739115
87.70218383679371
88.34972519866265
89.9254912096339
92.91441920533843
92.78619140049271
95.58889654596479
95.52501357924318
94.15995911993133
94.9059802803235
92.60083566623096
91.85622048988775
91.1077658466394
89.71690700229207
89.38163778622287
88.73801170527506
88.47322415963593
87.99321121743841
86.76194097779785
86.1085596664906
87.30640736188485
86.71290535764096
86.51697412453917
86.33112261474733
84.04439370345571
84.72027293945389
84.29142295281648
82.67339155847525
80.29035645308828
80.13283253281399
76.7453904651816
76.79666459813463
76.54105300077315
80.00783326825994
85.62892191456856
94.61385942446249
100.75148824603399
109.08124035567704
114.842579036275
117.86990143989843
123.69960084230443
127.79869313617775
132.0825192237601
134.8766869159666
138.75298116539912
144.53999076915764
150.75357804286617
156.94482556290362
162.42633525310646
170.17481588504074
178.69058410041114
187.29683989002416
200.68407821515132
210.11095538393096
217.45274094768902
218.774685498799
218.83694905650725
217.95289992901033
214.17837138471728
210.54574582051595
207.07334875992538
203.67726008836746
203.69194564379333
203.3282955140159
202.88152857207308
204.04883227339124
202.14081464335985
201.81778840480908
201.01577007086797
199.85075383292738
198.40119724174517
191.57859613008867
183.5412976945094
173.10880789215295
165.11470389103908
158.74675990142993
147.9125338068765
140.32558748471604
134.24734554476422
133.5190182520986
132.8275347408484
135.55752585715763
138.08757202335707
142.89390714712772
145.54002770951934
148.85309040888433
150.35411127214152
152.34584288184303
154.22498550176792
154.0431612730886
154.7435178874945
154.90114478391965
156.66990813702608
156.62315619296203
156.0608317008671
156.07891838699382
156.59480515463656
157.68943136177873
157.29597128805557
157.4723090749328
157.92996895195418
157.53645726664934
157.9574588779748
158.36470510727057
159.64365638107287
159.02840822919745
161.47018899090162
166.91383146493501
170.62116719516325
174.9124778243865
178.88577288640454
182.19261435273955
187.10533202964803
192.5803009390723
195.49728843668026
196.21062737942125
196.44072097784274
195.77966905087897
193.80902287750052
192.96536050453523
191.30512348023018
190.75199367220142
190.60558671822417
189.7649297811038
188.1026206746168
186.89459605681694
186.84238489273486
186.30194414071158
185.95374177906263
189.56482747705462
194.70178912901838
202.3004399113515
207.7820791828164
214.25268306548193
220.2798042626862
224.98332712131574
233.3484675603119
240.2447780366745
245.16425614875604
246.42539755511743
245.31473532354758
243.83876639256272
242.11572688128572
239.38012740498846
237.07677455862282
234.29354019434356
234.24668331410732
233.62396653416835
232.87747936714862
232.7214766741444
232.63632141479053
232.90219980544583
231.24509898082715
230.2485073714467
229.34107300390835
229.47020750079525
228.05765148815806
226.67543462302177
225.7690126883172
225.0319773548103
224.74734500706313
223.71177212560713
222.66834194016684
222.24739509841737
220.6872566216796
219.38373308954664
216.69128631181158
214.68274479820863
210.91381039903868
208.91026930273128
205.0855596156819
201.72621487990264
196.24950905113698
190.89858979589363
187.61174191766423
186.71486874147513
186.413608625544
190.50425656670947
196.36278031864202
204.85630903281123
210.6426134575335
218.0651923344997
226.0985732664915
230.53926489235636
241.4868955170425
246.97965820506346
252.12900889463182
253.19012805906888
253.5715867490754
249.6830028851344
245.8085480709659
238.4438125756651
232.72171840137779
225.59290378472167
222.36908680022844
219.85557851096863
215.3545068247073
212.53213235421163
209.74734779327102
207.82385842098498
207.13494598605632
205.6189109584531
204.55666411344106
201.15426562009247
199.99867554280766
198.71966278341594
194.8077795422293
191.6502464547802
187.44343566194738
185.28495145057659
184.03840261137424
183.68083049979015
182.04774486529746
182.24668602595412
179.298127139955
180.25411339737892
178.0788534846751
177.31981172862857
175.4797720063453
174.14489115135584
170.0499132686829
166.82803344221006
164.22272695208187
163.7561456707163
164.44504233185435
166.33479017420117
170.3455016472104
176.8184982819268
180.45833246476212
184.98887592090853
190.67497334255575
193.88537682361414
199.81898928084647
205.08941822898993
209.41915803782155
210.43500694938373
211.11358556585395
205.92974376350674
200.88818859631775
192.45937144156827
187.64373996357506
180.57574720701268
171.78561430095567
166.3349408848297
158.27382096962896
157.71742516469757
156.4815873668365
156.15555945162365
156.18735551926102
154.81581463028502
154.47940533545002
154.7846714499801
154.57248298777014
154.76243116764144
