3
24
d
93.11118995170895
92.86677523332413
92.49974892644084
92.38104399569957
92.84812678186326
92.65016963391538
92.30638397974185
86.73500671312979
81.04394977252731
71.27831896150231
64.64227000980473
56.00919580810164
47.452760599898056
40.452671170213975
27.94991266773436
20.16899048028432
12.279230224973777
10.987719448716044
11.692855795442211
14.055855380397594
15.155432561361641
18.66192765578981
21.28844761432031
23.92190921693648
23.524062299183882
23.247673819227778
23.025079281956845
22.209528453969124
21.60196659394417
21.37774987576681
22.46131118271265
22.641484965356238
25.039095022566944
27.89924664340474
30.327880464213024
32.81519862953316
35.37971689614961
36.82815511802576
40.38373587689086
42.43459899057379
44.43432231756101
43.87238515934671
45.78454791349865
44.72563262561616
42.94820412942437
41.5077272124018
39.69262724388656
39.09831005736405
36.28511267140773
35.61997873183328
30.86451661042149
29.62659593764278
26.372395208045333
26.767220355244525
27.20449031246971
32.23159466395777
42.33321790649474
55.408026020834996
64.98918151007393
76.4302018310092
92.99862258574457
105.3160021498592
121.78028350504786
123.3180034952138
123.95899888539995
124.96247149108625
126.39176228749388
126.46758866439913
126.78858373615921
127.17305569369499
126.33162646144588
127.01710982548771
128.2101870351694
129.60674761755027
131.37005031201477
132.44435587007058
134.15995390256
134.3569601560186
135.77343727578634
139.69235282231503
142.87955938756633
148.01551788319
150.72138914148917
155.70661339319324
161.4070914147129
166.9869627524662
173.24223032186265
178.43693487390908
183.52667046896374
184.2914603923824
183.66278987315945
183.5891973326194
181.71253172149187
180.21907784354968
179.05580717750735
177.30745797152701
177.3435176436479
177.43110872781412
175.05800151627705
175.17152344360687
175.21997654373612
174.986071915329
174.71928484773719
176.6119292568965
178.48817297629498
182.20508007481953
185.1055460939421
188.8432931494385
191.6466084164378
194.3738274480205
200.29566309321012
203.50115097988922
206.53159074064453
206.84629537130698
206.98749566669568
205.4667997096971
201.1574677453098
197.09088839527107
192.64947699178518
188.99140838015637
185.81259329363462
182.2973933169409
177.82686335626065
173.63236183503318
169.52505208134266
169.51329351875756
169.21858980716624
171.44213582697793
176.43134842567758
184.24615023129542
189.1239170075341
193.83924763521532
202.7361826047705
207.1179947941237
214.7157261281285
215.06186497015665
214.9131199719675
214.57634603008398
215.43332446083855
215.6781549389168
215.24446679578676
215.11607347438238
215.32187164508343
215.4296935581281
216.08371021317063
216.18997315876905
214.7752403786952
215.52216366931748
217.44984745455469
217.02234225467686
217.5656470669372
219.02323998220876
220.31713320196752
226.52031598078105
232.33527667951154
238.72503034273947
245.28587399191886
250.5539537386692
256.88104785651484
261.75563814599883
262.486040005639
263.6400812081991
264.63825426361143
264.7882568142288
267.3437024595446
266.95162363319326
267.891698989669
269.2105677673642
270.10995751602576
272.36190800173165
272.559848753371
273.5263414908451
276.3238537315826
276.6360347871069
277.10462050157685
279.68709945817017
283.3875096330451
288.31012835655895
291.04355537936226
294.82174944034585
299.5151093270586
304.1033550078282
309.62939751129875
316.1952679660932
318.9881203540551
319.555399746556
319.6961544945317
317.8932399149044
316.5050450162656
313.6877878734079
312.0248611287325
310.32910513211755
308.8095501771222
308.22208571457196
306.68067798257096
306.94841290373483
305.4077290335111
305.8035102647654
305.19326395702075
306.79988472200154
305.91481248736017
305.8258807207158
306.52549719966925
307.6381659808851
307.1761511098714
307.3427951951497
308.07669704780244
308.6489758087811
308.71881758902435
308.9275856593246
308.642771987293
308.1153742220135
303.9611626456292
301.29928147465273
298.2829364967013
296.20791492540565
293.36713942211827
292.8770974758593
290.9312856972475
289.9517004125863
287.5295192038966
285.713422714431
284.2018249627664
278.76476979288566
273.10789541797067
261.0541717846269
252.2222898798197
241.63206038549458
227.4895097289033
216.1141808323816
199.235030798342
195.97731166871498
194.055725263827
192.01421799593464
191.6719349980628
191.01346568303367
190.6043960255494
190.7293142208759
189.74246920359545
188.344406239243
185.85358998769664
182.21511463537533
178.2726750991295
174.99498409397913
173.36050960718052
171.60451484650164
172.0918993278121
173.39667444355908
175.0872180169488
176.8780997186839
179.9234054956746
183.20383341406404
184.66543564655305
186.97747241870312
189.67622359182832
191.66995837116207
192.18497338772585
192.80036173624006
192.58308787324492
191.40310503235196
187.64372591182564
184.19478941029075
180.50110786797333
176.9621611831574
173.69743236733385
171.57437177960682
166.90950717843793
165.84193916899608
163.53432538543123
163.37480599011448
162.44640645235597
161.0173543939102
161.36468963180982
160.30839199600405
160.13085539974395
159.81917328260445
157.8849284950137
157.1558594782286
158.74145413240328
158.01475711365077
156.74130080565487
156.16902194304075
155.25195644922542
151.47071584116333
148.19056838000634
138.82141439468091
131.29829983050928
121.26299223076677
