17
2
c
119.64889227278837
119.4281071344554
118.7581587943077
119.16502989897938
119.70520588263142
119.56826008356587
119.7075122184722
115.12697943365285
109.21419358081822
100.12632419521765
94.83592591072636
88.60360653553006
80.2576049726865
73.99192195852586
64.41674021929146
55.923449800309115
51.573274294500415
48.985247948852724
49.0491639621937
51.58006155918807
53.316287790935014
56.12339551760804
59.17999560161399
61.366491447752765
61.90898317186387
63.32887541187655
62.77814819639388
62.352148880947546
63.708403875996446
64.2399286168913
64.44838570084752
65.82998684526301
65.24824065373717
66.4198193883425
66.9957907171923
68.3701071124207
68.83992549454332
70.21446919288097
72.01818792181066
73.1160061403138
73.25041533320604
73.10951917398144
74.82629949885234
73.52868303266271
72.13699872060536
72.06017015418861
70.13229481877377
69.56370552448367
69.04867910465848
68.55087767798592
68.50959749379645
67.93523752812055
68.48393922088613
68.12232986736248
66.718871864599
66.6085561915129
66.6712034556403
66.22776732777272
67.08939774835623
66.23254498544806
65.53176946815597
64.64488870575468
62.448796297832146
60.291192950924454
59.66578698817068
59.28370259857985
59.50636459293581
62.98388837674321
67.16680649369243
72.91901303971146
78.75768331003601
83.40842650730113
88.46831609044243
91.84314075568902
95.41663227009393
99.9129706060282
103.66926791128142
104.48794650832328
107.4615666013292
111.45758569120537
115.73358650194453
122.14444198455678
126.06209332044679
132.51683510512817
138.68476321315924
145.37563108494328
156.7838588845342
164.0804663516222
169.65706011902734
170.32697799228202
169.71981687928823
169.10562567762574
165.72408292459966
163.1150842884451
160.71783160128166
157.94742247585245
157.6527473076901
158.16264875181596
157.63122801680558
158.64995527098534
157.36399495962192
157.1067226674939
156.95657522866284
155.07916634431507
153.45526073436554
148.82980676020566
141.36030829185947
133.69068754939764
129.21403446396002
123.03860597076336
115.66663188456147
109.91483368146154
104.75478130029813
103.85387219637478
104.39983016436126
104.53513442058528
107.2396573752646
110.41178782420808
112.78470392860984
114.65237536807162
117.58869592073442
118.58858745475595
119.96572344257426
120.99353815327044
119.74370737639903
120.12553419082796
121.1377519241313
121.92809924480324
121.37386629604035
120.60974860337501
121.93268552288245
121.29578710326514
122.20202146850532
122.48362797443701
122.39942758019755
123.3305337765031
123.01177395030241
122.09711918542237
123.9840182662553
124.12498332492648
125.72476955240636
129.9649480423345
132.53931203631245
135.39959630924875
138.47221511596706
142.05699720058786
145.17411351664845
149.61047962223722
150.3962335525471
151.9733480201597
152.85722506418165
151.70042813174553
151.0747319393795
149.00906887165752
149.0805630726316
148.10360040403887
148.3995422380659
147.38743007433519
146.42288688553563
144.79787681830868
145.1068444843323
144.0125097078901
144.55507606843545
147.96953118576525
150.6621230917872
157.12163526738368
160.47717855312422
165.42860856425273
170.3094865335193
174.58422813082026
181.75918373406415
186.349892205606
190.4949921660415
190.27884049430807
190.36806096446702
189.90555222293662
188.20776054175732
185.03783889244173
183.8794819883796
181.02589646682986
182.29236539579347
181.68005600846226
180.60660280761562
180.3289277509039
179.75173981066203
181.06319234105237
179.14249797300658
179.89081446238356
178.414428115016
177.2991608616236
176.79576255422842
176.19256083351894
175.37394981784163
174.48889763058293
174.32850260197105
173.42036927751738
172.87506854111274
172.60894009669397
172.6909217792548
170.5878073386977
168.28796820255673
165.73556904065623
164.5720000590598
162.05166949201353
158.1973525927683
155.9440485356257
151.83770330933018
147.3939461110256
146.19100855052855
145.38230817269357
144.66491313633125
147.55139642137058
152.7196903857883
159.59350679241572
164.73445709357486
170.1484067638635
174.5030126030349
178.898151376089
186.76899805371576
191.73539961062428
195.73876489433454
196.13406044703365
197.58973904661931
194.4384235053644
189.90393303819647
184.55653754235212
180.80222487553544
176.61173607630946
172.6547398894621
170.7866859214012
167.11746182691724
164.24302666431618
162.24403653610375
162.4843813068124
160.61406161474943
160.0029284378986
158.37405232688474
157.60217053524067
155.87220054046026
153.6881566850904
150.3372260640951
148.98037115973258
145.44933942137055
144.36604822911752
142.53399218894268
142.37075992229398
141.96752572531778
140.78769077122936
139.9538538556605
139.06368324246802
139.1150404988403
137.30825757612305
134.92037472356418
134.88562035373187
132.2193282564902
129.41593964474635
127.69570601491236
127.44731655639865
127.22720561196499
129.4915668252184
131.78796459853004
137.03255284888138
139.86868824331137
143.64962714964258
147.2489324585069
150.84205888852821
155.61050446206866
159.26815309365242
161.95125027236475
163.82281684005824
163.2238210236103
159.93102909357705
156.66740582601545
150.44900791753676
144.40258777069337
140.33493490680053
134.1820579740899
128.9764368688457
122.36196808310277
122.56079295943336
120.87318913417432
120.50307452360377
121.21280090146489
119.67843444707975
120.15446367499631
121.03559391376422
120.51607725515548
119.49691332674756
