24
3
e
104.75643872584094
104.34644233273171
103.44047732723058
104.29283033272652
104.62340093790323
104.58022147740488
104.41747278429648
100.94739025064567
95.98372947254003
87.70169353657909
83.50923417788324
77.68090672885904
70.66195392505823
65.9007552750416
56.45815681434513
48.468693943050255
44.6366642703532
43.33333096221352
43.729438757479116
43.774726848987655
47.02020060603764
49.61546809258611
51.946218123017
54.35087207970161
54.8158957669849
54.19792655510395
55.46319936592718
54.223813542321004
55.48038581875418
55.193795013138306
56.2733215267355
56.840161596513056
56.91394732232497
57.785186932939524
58.31405383173985
59.983320687731094
60.39939052977537
61.14329320634169
61.56292915851312
62.46496125757308
65.31836065939903
64.37982839732403
64.10688112033596
63.0279863618033
64.03929277799804
63.177847422726025
61.74276072042195
61.68610015151769
60.36902388858258
60.61757363963455
60.864069111692494
60.571827444327305
59.30603014840972
59.58104709396303
58.95216751850733
58.93352765600854
58.7189389201535
58.69917513797036
57.96251789218024
57.083127050968024
57.00410721532665
55.922247660928775
54.87738685153531
53.092324669413294
52.59297602796332
51.689056515396445
53.30868887661432
56.17530814130327
58.51820028017475
64.88318632708267
68.64488988778167
73.96017794586898
77.16616870498314
80.69098676004769
84.33870032238966
86.51979469364015
90.71639205064928
91.97712863276705
94.0096275299287
98.83014436997844
101.75027434476941
106.37993758524368
110.60463577096272
115.89346554817385
121.53624401557839
127.17824588970556
136.33004110801744
142.6168728693749
148.23027885026988
149.1465688029701
148.6675029311396
147.48699955657642
145.3595596238721
143.2992378791615
140.43827675709431
137.95593545617257
138.2766783780029
138.55441885819727
138.1889699621234
138.35062936300267
138.11247025939784
138.27232394082117
137.35561334119046
136.53308937688107
134.66567039529636
129.76257432931706
123.36905117219388
117.00705213852642
112.29739456891802
107.05399016005639
100.56428953674191
96.30696538523148
91.74947146292835
90.69004241429582
90.62528566312353
92.25674669879774
93.85185883955401
96.55403436722382
98.63768940630888
102.624201969199
102.63980395049185
102.42728071387867
103.55569506500794
105.68941330115588
105.5313106639521
106.68916195808681
105.43408009039402
105.79983056596552
107.16389025677265
106.1914718273379
106.57390706531014
106.31006816541655
106.35618278855273
107.18484960850914
107.20955003460303
107.35176203803012
107.68102066972651
108.22094843412955
108.55758302423621
109.25943254971195
110.72286256629887
112.90612468657012
115.36429752268326
118.80806736299608
121.30787756876228
122.57729290365741
127.90115854518761
131.0455393584184
132.7831927072073
132.74701433217322
133.1316257042329
133.34949230274918
131.62084153984168
131.69566685889032
130.47069878652937
128.4140361080569
129.5595365927008
129.5824436941272
128.48350581413155
128.09225581678842
126.4915436103231
126.6488133926922
126.70870052581249
129.17190193191738
132.45374183744335
137.29267884348695
140.18485498534747
145.00175052472133
149.09318465816847
152.95332816504427
159.35633084655873
162.57980247190113
165.5841466162003
166.09966981252362
166.5907923490418
165.36427403521307
165.04207599922614
162.8553614531985
161.5126424358866
159.7909066481527
159.30938380152017
158.66358453764508
158.38141995786205
158.39011763743017
158.50674697475955
156.70240152111862
157.77817757780898
156.8924246364933
156.566067423105
155.08315991247238
153.65511238776259
153.49608937068237
152.9923737921389
152.53570702033483
152.77141689942258
152.49031590545218
151.6657620751874
150.20917740016964
151.1096379163173
149.24279760452745
148.115114705006
145.18684339072695
144.59422624846502
141.5819506490714
138.95282303380668
137.05859782795338
133.89983346184047
130.53809664662595
126.5955152402353
126.49538143709077
126.49675065929237
129.5146984042544
133.63059522559976
139.25577318757774
143.39786433463792
149.20830860194997
153.02193814330985
156.51660775124245
162.2158047398574
168.251992587494
170.51224201001858
172.08563071030846
172.61922934439522
169.55889721196436
166.53127923111913
161.2310030063248
159.22034630221486
154.2077182953168
151.20218650840312
148.41239832869846
147.41890024535562
144.04509951235752
142.8673561479114
141.44888674935078
140.54970984268044
139.38409312896482
138.2503049711788
136.6295328163219
135.86317497920237
134.11217731938632
132.52297158014252
130.88883967871868
128.23676477967672
124.82273227650552
124.29878811072626
124.51513964136822
123.76196559755769
123.64164058166472
122.89688614964342
122.14355748510219
122.0769883424037
120.75617572892098
119.51780717985656
118.7069037181337
114.9438942367612
113.02651341071385
111.58821659823454
111.29938750378966
112.75839561523907
114.37120733426563
116.51579858427976
119.30168719416831
123.09663871991144
126.17594103134802
129.1932479428018
132.6029150041669
136.29132933453792
140.3388989182356
141.31795041658853
142.49062864225604
143.66051034751695
139.85766413576007
137.1413662476004
131.51354696536947
127.49624292555849
122.18404296575329
116.9982234773422
112.6445766239064
107.29714674284727
106.90104953508687
105.62539527016392
106.07995372136051
105.6131516812
105.86186540315968
105.31860822660543
105.27097709477782
104.989311722664
105.97457039724003
