2
25
b
9.092032013021257
8.46097085499865
10.255636909663586
9.92974656084388
9.783570718905102
9.352190636793209
9.630521421230247
9.351474847870328
8.255034180844772
7.287236287808798
6.824701674885319
4.97315472383553
3.535561257621851
2.8345602822992335
0.21886491213569553
0.562442934502881
0.5059353476612427
0.0
0.9060975758518
0.23348040255037458
2.6592096847381748
6.756352418187884
9.295434226302788
14.242703785786512
17.56156201540141
21.41128630785244
26.861185457880477
30.281364613303307
33.439275761813406
33.23943184544737
33.65076817619277
32.07903468749921
28.178696271400355
22.9125226961727
19.512134145320854
12.371886626323496
10.117586546281217
6.963260936098016
1.7335833639963596
0.0
0.0
0.0
0.0
0.0
0.3948257313332988
0.0
0.36140623785565
1.438117832154629
2.939884759949436
2.4788335249208417
1.9040880764249746
2.685873446554621
3.034731959716998
3.1348070759568887
3.4523253774673224
6.4306452306365935
6.733078072907431
11.589709743758718
13.486842332986676
18.374466981905282
20.468960421947685
22.241572312032115
22.590582902074814
24.231245985805852
28.256939396257444
29.589583646127824
31.037995052548023
36.423813157971864
43.80618816518697
55.150189454537085
62.71600344994022
73.39101323583112
83.80173514272782
93.99705528262906
111.78120908687201
124.55864160478866
133.80749149198382
137.7226245546761
136.0006074184548
129.21870886401945
115.69951077629972
98.61504676648867
85.58862769894789
70.60076241124258
59.80090088365237
49.44689899153509
33.34129439387437
20.681206814141525
11.882172809631877
10.548431026025924
9.43573179628158
13.370780323262808
19.38294376143035
26.202962634151607
32.27676562198052
39.30479353969496
41.27429357661429
44.183082817598816
47.60906408607347
51.20682967701725
52.676324774585225
54.5040973968168
54.1668028148912
53.665623468723766
52.443243193350526
51.05776360126361
50.450260777240906
50.084704768407015
49.3123230893244
47.41718431636678
43.85016439884585
40.325574969005935
37.62682516476622
36.56337217609762
36.19596239678678
46.86804899328425
62.38971979625885
83.82896733420819
99.58152618517325
118.12535791325865
140.1922739864481
159.1538563829482
182.17031121022313
192.0272119837302
197.40870861991922
200.2125814037327
200.90928624065364
204.53591916853475
205.04600782192588
207.35288266735228
209.32551742870007
210.98977848829884
218.52795315931
224.58609495470506
236.13241576663452
245.6468836287713
250.54013615918655
253.12461603520572
253.93839483670584
246.63431792062073
235.5874272963118
220.24919847566858
208.61257103558432
195.9199803875397
183.7057085320723
173.70883734783752
161.59477624206235
152.5133669214154
148.22479421536127
145.89596494529295
145.8186604026542
143.2953869994389
140.69683897257383
139.25536511030452
136.88587142604797
134.62130076598658
128.6080447155483
123.49741085525822
119.08911534968924
114.92426924501943
111.97599062071207
109.53761070826268
109.66328061974716
107.99217992982122
105.79983227678885
104.90243249610917
101.29653954844069
99.15623704345431
96.51274786127206
91.64620818108155
85.47255409204539
79.62057506324213
76.20024180058958
76.13905777706492
73.56703377760108
80.12671183231362
88.88149256497401
101.43525358557265
110.77511482552681
121.70242704608188
129.5543289552672
139.9752793362834
154.00670688941008
165.6153550390631
175.38288069055992
178.13581779233144
176.944400954774
167.83855042012962
153.452087016755
133.11252508617386
117.22601639265788
100.69048936370437
85.65946437493626
72.88742812479694
51.13354080437041
35.51167149390974
24.224522584650682
21.276094785693537
21.49881726179292
27.352952955363243
36.29703414407112
49.37923733149107
59.678912924628804
70.4040298083671
77.30900739730583
83.88090333446411
92.98780262796538
101.41674714489591
106.79218605727793
108.48563445476917
108.41575392290893
105.04510939559906
98.06606878172542
88.87942350812666
81.95135974484249
75.55808904023452
69.63934139033907
62.19746687628215
51.01708837185674
42.324926434692294
36.275872083786496
33.71738122593226
33.960637148009724
43.72149291704774
61.78506500902207
85.65132960846456
103.15794723682849
122.9061536164008
139.42549796709744
156.60782042237125
183.12721187448244
201.6284052379669
215.2129168927261
220.43228160438065
219.3337067086577
212.94469557494133
203.0562346800984
189.4090996162676
179.83962443743422
169.21434427109017
164.04913452508114
161.65728562972106
159.51751305650055
157.0445291175018
151.22139625756265
149.31596631599356
144.89464335383082
135.8782379807439
127.11019766095787
111.64107158983697
99.28384972591115
84.01356626854891
68.96756506918751
54.29247699962417
32.03508025425239
15.72991725576456
2.864979715371475
1.0959431991592976
1.0319173053735238
3.612805979039825
8.007648673981919
12.890059961950639
19.058369145866816
22.409468572331797
22.59636715791689
22.506279698653557
21.82316921120633
22.43846805208052
22.538631082044002
21.288620344206315
22.649644795647472
22.167408733867394
22.557097372488187
24.740168835123285
24.765402212696223
25.297861857369163
26.47389012951013
26.241101169046264
27.23956970720652
28.584969933760227
29.570687561344194
29.82880035844628
29.53616710784032
28.8795935879206
26.162385745340156
22.56183868159029
20.921375071461235
18.279747295401357
