10
13
c
195.82391372036108
195.7575830199496
196.0631607265374
196.40698123530098
195.85150162288883
196.2886742313142
195.5028796745757
189.5378692981032
180.52460893155856
168.12487534925077
160.36530342973546
149.66858623308613
139.1975327110156
129.19786720835077
114.24534772173264
101.85028921064641
93.82857650727566
92.51501792732921
91.46132640326637
94.5187843665462
98.86120224830022
104.15893417484816
109.5891705612031
114.42565545567588
116.42822981462372
118.67185286031783
118.85310003045046
121.81264820944963
121.85227461742583
121.82532251296846
121.61309489259028
122.84262313622054
122.06223576250973
122.75071957887408
123.26290717375839
124.4622381692587
124.40678508740706
124.38782735043193
126.87765042255425
126.68169557733975
127.52909023554915
127.24426721473534
127.94275438020726
127.82581362365211
127.89013065574602
127.24259780974205
127.83956862696222
127.81318943679119
126.90363969239125
127.17580672334765
126.88059079388378
127.53414119977535
127.23818178983558
126.77515210373885
127.16579288141125
126.54540862853581
126.77938245994977
126.98527613099634
126.7001849981281
128.21285930072548
127.15024095144386
125.99854686343184
125.87529757402372
123.86779075878145
123.47406952701391
124.93443262728995
123.62016759287143
126.72115339493843
129.96313182136166
135.63408677832467
138.02797048525022
142.27128481291743
149.59870086580278
153.69351036399092
161.16690221906467
160.25466020614428
162.00831893243927
161.0909067851716
160.90204494505392
161.9690966357573
162.65151525655483
162.1118427358396
162.359247143364
162.43207618500753
162.4390868554952
162.23802194410078
161.8232723786646
160.76671359055268
162.46708954114968
162.785597515017
164.19451981853666
165.548878190602
168.38501182937802
178.6349796072005
189.00894363837546
203.9644931353374
212.9237985140587
222.2024092504273
235.00837427580618
245.8618157559926
253.24098223308076
254.38856246118488
254.52628582870713
253.8042405913964
250.53771552121398
247.73371431456738
244.25456229260135
241.31928003830893
241.34924878853366
241.7630406053373
240.80218116712905
243.24253371893502
242.57188223586866
243.49320844394302
243.1330172977225
241.6416966405138
239.03795914957797
234.58619759095404
232.07780117785813
227.75660351049382
225.29837857920083
222.7049198758602
216.7992245994076
214.59190484820908
211.32872152539616
211.10008074809986
211.19968296924498
211.61535107888795
213.0056675455668
213.13365509153041
215.51733121019106
214.4603827932827
215.8435926494081
215.16443018361548
213.14103543435982
213.28070409563279
212.46422962100237
211.04761583177776
211.68956057575983
214.55125404941515
218.69412125182478
225.92346059540353
230.6402190015064
233.2299246346147
240.2552586811003
245.20019475055705
252.7165358587907
258.5850608000198
263.3274175859813
263.9308932413708
263.5795088229384
261.45687750758094
255.39857185778678
249.87698973229647
243.68676569483608
238.84710412895367
234.31181549094572
229.84424559235896
223.75558380933415
217.4639531761191
213.6962002940511
213.38885598829643
212.8874046587574
216.34660420741938
220.39117181107292
228.96670919922894
234.66383355608286
241.9497458754236
245.81678470422838
248.39880897591098
252.8118018803307
256.55950950872705
260.29577320294044
261.1097862347609
265.1370641937506
267.79534949086315
271.8165522210756
274.71185529506766
278.17080200003085
281.8823171111986
288.1324200373741
293.9888609262041
301.4612298827626
308.4991386494971
312.1596643340258
313.3387937874559
313.93488808307626
312.13083193953287
309.76385852693323
305.3487030523883
302.2569473914756
298.8517830521481
296.3171242479547
294.24853824224584
291.73889892763407
288.6989209554771
286.75543514861766
286.63516907726813
287.8112405200685
288.6002205348685
293.08830680924495
299.2614778273975
303.5934403201253
308.5549295278181
312.0498533936236
315.1921872681855
321.84554258617453
326.5638217975289
329.23620658733125
329.83104455946625
330.61081019315327
328.5407576780088
327.2414697471942
325.0880068445449
322.51968319432547
320.28250295217543
319.5327012701008
320.41091801188696
319.87192156719516
319.55326527620207
319.5407499325248
319.6739931436478
318.9258401458654
316.36723743894146
315.3168047246035
309.7212479160268
304.8325721801163
297.80858633536866
292.35939444191763
286.97658933845656
280.9326528270937
277.5276526008021
275.92214668513833
275.75542136026786
275.58554414712086
274.45959940492395
274.0451016535648
273.8593014178872
274.1405496166932
273.1393753332178
271.56372047832554
270.7164690560899
269.62858911920733
267.87558801136873
266.9593889461577
265.57778446295964
264.9021917573186
264.6439515761505
263.3275669484154
262.33066468474976
261.4213781394241
260.0711498365133
259.1691863690468
256.4418360527863
254.46388221772108
253.87535805996012
252.61619221197031
251.66836483530687
252.00439039535922
252.27012969825915
252.49263023435623
252.77416067562493
253.14131360999943
253.70801699053112
254.7114749265365
254.53530251022153
255.65626895455148
256.0687690862451
256.85805653855044
257.13307930126757
258.801893598174
254.94823443945398
251.07359978059412
244.41791248334218
239.87772528216212
235.60526607669578
229.80388618764826
225.94602182240396
219.7562877935335
215.19148503088113
212.72379915771714
212.4778384485955
210.66450639087296
209.46610727353752
208.59224189462108
206.4342202954159
204.96335172529228
203.38175302434647
