27
23
c
146.01683884473175
146.33978283830518
147.05562073295152
146.618286436035
146.3970208951736
146.22869298895782
145.99486611830957
140.3633743115921
133.56081785664793
124.08050529521493
117.34409913800596
108.97208685887551
99.37010124395879
90.84918046569496
78.37295155586304
68.550480235336
62.773905450088094
60.92213957838671
61.00017795687654
62.41820322381111
66.55770447958756
69.41435335933693
71.88213273619284
76.24278839673433
76.00210730396593
77.64987607569996
76.96108760639301
77.27550411756312
78.18478070805057
79.1306140109678
78.97726612075408
79.7286553073021
80.49235415340307
81.89912540986629
81.63100554790874
83.3380448412887
84.5650045900473
85.69110533700895
87.49967263773088
88.23104292931441
90.09153617076625
90.45291502037708
90.57288367052416
89.07991712288695
89.1057598524307
88.03390136778927
87.3957369513957
84.85234750755404
84.98907643646048
84.48932389988313
84.62065524271681
83.55472492370984
83.5126140700594
83.78163845796331
82.43234198807185
82.04261569971845
82.36885413074651
81.28526048018068
82.60335636669629
81.09985739382738
80.43563922052356
79.40920580892214
76.15631903114306
75.87468306289765
74.2249911402434
72.00994365283202
72.12083943066935
76.27950551149793
80.58197425073097
90.33165260336709
96.6151600543495
102.84479968828737
107.96124129071346
111.60088965078138
117.38864336475046
121.9214456168151
127.27883080138291
128.6910718681792
132.52899647834917
137.5377241958433
143.17062171185248
149.74639614286696
154.7649445917052
161.1090791803899
170.69905851329173
178.46284716205068
191.52085230541093
200.95290478822207
206.49469066844188
208.91864658232544
209.83627578766348
206.08860043292958
203.12588174998498
199.89964652697515
196.31644085697187
194.075780977888
194.08091559641593
192.54341395091478
194.11432341044633
193.80363932187106
193.32958300390067
192.70902647144638
192.12835939263599
190.2208361351255
188.29365172137275
182.1355440520321
173.66823054073635
163.5531250642299
157.23804106003044
151.33852645880293
141.42571208119287
133.2624056997775
128.32097446843537
126.44731006830773
126.20816033083945
128.6645511873131
131.94048088197138
135.8125909609165
137.6067742190671
141.8746920956415
143.15517947054357
143.98116133624242
146.77569371715504
147.55687658463577
148.3297999324817
148.19757108125646
148.53261466263297
148.73840336275148
148.4438575475016
148.72808720899926
149.02676246247844
150.17062173695433
149.79805002749129
149.79238069344626
149.13199575195054
149.77794598777973
150.4277288699362
151.16209972545582
151.23459946928523
153.18623891560893
154.3620482075296
158.0053526887248
161.8395627688906
165.93338317468667
169.76463368284772
174.18306704921181
178.95580856433742
183.08064213376431
185.72812918119325
185.99610845276584
187.10845180994826
186.15127608831676
184.53185068127817
183.42360317418203
182.17626684781493
181.39912569588728
181.25355470156862
180.59450524024402
180.10164742598252
177.68271320666253
178.16329074298187
177.0920006919493
176.85816904894565
181.19436713870337
184.88422951236896
192.56667879787983
198.0458345362718
203.13611581079988
208.78315804249826
214.71473409585198
221.8371439900062
227.22717899510738
232.8512383260375
233.37613954413837
233.91090096856038
231.81161402894705
230.51231386638335
227.9862753116762
225.16033522342906
223.34097248468663
221.42522171363308
221.48210874615503
221.7159789211044
220.50349749696295
220.50703672122546
220.41201528815313
220.63022447832492
219.4893999376732
218.82264632167158
217.54691855771108
216.50354333373528
215.63462244511626
213.97279798308588
213.69404202335951
213.3849826341424
212.0892886484929
211.37950088441778
211.55158223514582
210.25467604398506
209.42067497320622
206.76427220368447
203.67188843787426
201.1671089945257
198.12750465011925
195.66542433548844
191.1058495601707
185.64971693231763
181.21583233883862
178.81491870718327
177.42638604581842
178.50508776732985
180.6191064744274
186.89500382825855
196.05330909750813
201.36974287475687
209.08578222972739
213.58050519173116
218.91062816831263
228.01772607901177
234.4695258140053
238.87359277938026
240.7175235129372
241.07475704938582
238.14096466339646
232.91948268194125
226.5253995566877
221.0078198310984
215.5587932477285
211.7560843822117
209.05377215247623
205.47568934249693
202.66195593047297
198.65284067762673
198.100944033559
197.44657624696387
196.32418316660514
194.42504802843544
191.99248335227554
190.87577866966862
189.47108914764556
185.0611422002982
181.79036223504679
179.42359665442137
176.4648417286426
175.71861529809348
173.53107500943528
173.6253391896453
172.63094384082908
171.8656881074793
171.1591456140831
170.19915913829695
169.17344258506125
167.05328361969026
164.27067691787173
161.05372910224787
158.8462994192783
156.57267925114962
156.78732707897151
156.09772135312517
158.68380515430425
162.14768085229605
167.97537488118752
171.97204968481591
177.13573006368313
181.40780828836571
184.3177039662396
190.23419406318422
195.631570615697
198.4805167469648
200.41745546324145
200.26403379112017
196.10591007848322
191.14406233780556
182.6236016376925
178.2686157160558
171.50930616742716
163.15023321720034
158.08607358827334
151.6294475375436
149.95293811132865
148.11675697262558
148.16974481604313
147.7967641142161
147.25427069316942
147.77427569071384
147.09864743338784
147.03835514009626
147.38341394236147
