6
22
d
55.30410013887624
55.08251903776535
54.755798304043346
55.085169966369136
54.52176062001095
54.23190130847506
53.306827331278406
55.34160355624228
54.27976621039865
52.48110762998379
52.106188389633886
51.14913313162262
51.777223673776
49.921133677936055
48.240118401201514
48.35366022425091
47.01160011399212
46.192834280307316
45.59527154373336
47.40356038192635
48.26258520355453
50.35146124278918
49.501980333202454
51.05087701971734
53.41317678416425
53.339431370831335
55.80287062307748
56.49680342744422
57.92098370284892
58.445835959768246
58.55968673512163
55.51159033067236
52.15579577171166
47.205188719000006
43.861842742279975
39.16200615303874
34.63613379299963
31.61937873005234
25.585786726851175
20.88172380320653
18.484213831949866
17.290399213309943
16.9653385936351
19.90348065766056
21.6367253318708
24.19108621331934
27.215311132017625
29.935515838869424
30.453416131054134
31.99126549159779
31.06384118807065
32.17293310370911
32.00295955517711
33.90427068268707
34.852424580942
38.15677649936927
42.37476416825365
52.50791607255803
61.78189412189476
71.995842271025
81.46947120802551
90.09633596648919
103.96180266515773
112.5305674067552
120.85967251541446
121.04498724297932
122.14775786372606
121.47523848063135
117.84425379410608
114.00567929365766
111.86705635108243
108.66719826493002
108.26205414089249
108.25716940765874
106.00081859779644
105.16153771017527
104.2281593977233
104.6467619840899
104.78171014169774
108.5931707068032
113.55302702753485
121.4599003943232
126.04319022560695
133.0644035623265
139.03160455876267
144.0915970751394
150.061547105823
154.32531038698156
159.0346361725197
161.67477433449432
162.95927689855557
166.06953306160366
168.99779123116875
171.97003826068993
174.4146152629515
178.24627992895688
183.8978403353914
190.26674887411806
199.4430403869653
205.39116102121983
211.58109108348785
212.8934068535134
212.54234864331278
207.2893275201096
200.30522223400877
187.64717561683943
180.20872097661572
168.97151606217625
161.0926325129149
154.1630962183763
140.97568074328336
131.28847278384018
124.66628691137011
123.85764288992853
123.08203247304785
127.95304382769064
136.0211714000641
147.74057602911572
156.6139212526576
166.40405039739667
172.5611262404108
179.781015345631
190.01223991724447
196.8463833594745
201.88631837661518
203.20825274072465
203.105072864464
202.15711375516224
200.22916591203338
197.42994011577386
196.60382924312657
194.02058323592422
194.4505043284658
193.24769560136622
193.90411815587652
195.3971313059038
194.33759180448394
195.3209951169243
194.31595079423602
193.51195187181017
192.34941245293533
189.82726474213922
188.41391324227436
187.30783421578184
185.9604988046607
182.49281930725675
179.61816669831563
176.784602011382
173.28538524756874
171.26093980584483
172.58564911822654
177.21531597518307
185.0867458345053
198.9694458972659
206.63990183963844
218.30961062952562
227.98111480724742
236.9306115462066
251.6902426194701
264.1641224815889
272.6266946269702
275.38837690848453
274.379160353957
267.8030628212729
256.192714018142
240.38576921544026
228.12449510488725
215.09052862619964
204.1810236727968
194.87806027795307
180.61999621018052
170.1664727976472
162.37673291328065
159.15754859711964
159.8466415313084
162.42514788028785
167.17109404299373
174.49443689579067
179.1109231202962
184.47918588664854
186.3294720208779
189.20247860323306
192.3070839168466
195.73915246136787
197.96048964172525
199.3657592456747
198.8525559917139
196.64278877102916
194.07474531401735
190.34232269772565
188.07293933129804
185.0230158378718
181.51851079164692
177.61224556553816
170.96901958828894
166.17312729065583
161.4482981085916
158.21632695572703
159.51252305360813
170.75023487303613
185.45714550420516
207.4300973092162
222.9323925379679
242.29664631187103
259.60785647779994
277.1878088523642
304.01050503360096
325.62529808584463
340.936954456562
346.0034060783021
346.31437250493434
332.4641294867558
313.45662786481984
284.12522904726075
263.47501673005036
239.01264044943764
221.01246917765638
202.22979121369562
174.57697754304183
152.18208139648362
137.43472518162704
131.55188509592716
131.81431103738322
144.80389056522384
164.06351694601747
190.17799278729112
210.3388585723795
231.919948184414
249.68400174716513
266.33579639605694
290.99350670450514
310.70180887124525
324.9772942056375
328.58042944943674
328.1688140334239
318.55168189185935
303.1645666955039
280.5211029090579
263.4117860362779
244.81196152813368
230.69411214132683
221.11943844673863
205.99061630199273
195.66535673832647
186.53813053313746
184.3815328527315
181.74838081123332
175.93010125992365
171.90732507406784
167.01669826395593
162.52140972360272
157.43513711115096
148.24809814628918
138.51240745129363
124.7606135535987
113.69296694461619
105.92429385697636
103.49816555904351
104.22572219055733
107.97046721449053
116.21850480760105
125.9862619664312
133.23830253726186
143.0851344889181
147.89340412452827
154.06107127910403
161.31223237208494
168.68134668776432
172.1624570248572
174.9724943650128
174.33554750364095
171.06261497231586
166.29918690675768
157.49518872101768
152.21352120275796
145.55308280986796
142.49736121901128
139.07884198261146
136.96084469648957
133.0085034092718
130.36731680563645
128.76437671172954
125.59236603856995
119.8692110742866
114.02421265989521
105.95069811706502
99.4712582621614
91.62183141583705
