4
13
a
189.42848810012737
188.7558496907923
190.23745273636197
189.6313630604233
189.88822266060163
190.33335361011942
189.80739452040334
184.034892111948
175.2829887602173
162.36657012640032
155.54923932109472
145.2260513529679
135.05305482393698
124.27523197639738
110.89128984712518
98.43224989745089
91.18853970510685
89.67166422467037
88.2884708428412
91.37677275754555
96.78227508383516
101.67889145643689
105.87790684199548
110.34767789990443
112.57467997225682
114.62028090210768
116.4139586757543
116.85935240574135
117.41680071049129
118.2734787214138
117.8974545645341
118.65988777179466
119.16346019226174
118.9530471621578
119.02406360372137
119.74210189124317
119.74208989096324
122.45562612188242
122.64395374580809
122.98821444630441
124.6156850232443
124.76238503066907
124.3524355484274
123.06157723037305
123.89056525888367
123.35329416831264
123.011338526191
122.5566399398638
122.43915590531037
122.9463419483351
122.97560329230478
123.3625810954902
121.87057616197264
122.92039701276926
123.05170144751729
122.71178512743218
123.13402954331856
123.27811647206354
123.06414433175597
122.9420827933929
123.38085180235073
122.51204294761382
121.83333311774514
121.6204352227223
119.49880474534127
120.8504764763191
119.56355130580194
122.59670127660578
126.25968872601014
130.1374981594692
134.54218943096694
137.6595939270922
144.30638180509808
149.86592356095275
155.012318569271
156.0669399279216
155.82623770386195
156.32751651305443
156.07261020743618
156.19779018556073
156.77487443109857
156.97679456052592
157.36419686601386
156.75764711665678
156.36115908847472
156.4848596477878
156.85900662231066
157.2524205349197
156.8042878258222
157.85893485403457
158.6292673850693
160.3683352423229
162.11695500692267
172.99335386667093
183.28436751526843
196.30222287065067
206.46742629518133
214.26647494103557
228.00465373611604
238.07132047796722
244.71621277326847
246.7301038108059
246.98337208762567
245.5059734457828
241.21211676340542
239.21346957306406
236.12220074672027
233.46964049684587
233.72998638642002
234.5144906989847
233.92301125860416
235.61359632953514
235.93952284340645
235.95872199626186
235.78570697484315
234.5583273969909
232.20787277563707
226.837668555369
224.12658175684004
221.4115401376101
218.7404505716234
214.71351791339913
211.03043453673502
207.9893867095351
205.1709964044434
204.4812437069481
205.22409765059575
205.73139939408588
206.41214139360704
207.11436786099628
208.15942003514942
209.09118133143352
208.30662753171276
209.1270199910968
207.0635550292921
205.52105131777216
206.08630899092822
205.38440432476756
205.40087992837752
208.89890520335936
212.4178579022186
218.98800936249077
222.53828159215428
228.10437115523968
231.700767728396
236.40332090304017
244.69075000559047
249.66911919548792
254.20342986162723
255.93331811237223
255.77890381966884
252.84472449413767
247.8627568691778
241.12323719484786
235.99374181023884
230.33638256319
226.79028417084388
222.7326033542508
216.1933485413035
210.7201728044723
207.39245729068423
206.12020894996624
206.11795795563896
209.3642398230585
215.24635482122335
221.88696601321976
226.85747744450757
232.84801655007425
237.22584836474073
241.7047973625993
245.16379602151238
249.45197701911582
251.90547051102092
254.26200974240666
255.37345655515944
259.4767251984968
262.11912218837404
265.9631503240277
269.0769172781704
273.9680507948264
279.41990181716955
284.52345473579504
292.4548785513339
298.01044774381506
302.82677490850165
303.723932632109
303.93282039671146
302.872356400262
298.3849221909181
295.58957362491276
292.26223066691034
288.93351193132685
288.22458809261957
285.6460204359343
282.22741084228426
280.16903092779177
278.24146312187867
276.8367662689684
278.21168378627567
280.71561946087894
283.8434655091563
289.0727276899551
293.5828200228083
298.48559189216905
302.93234550515706
305.38988256007184
311.63467434156445
315.3936571488201
318.77556916142134
319.88320858083307
319.4656556671578
319.18927961374675
317.7726209897385
314.6458697242603
312.07557038316986
310.70591003437073
309.9519416336832
308.3479265285466
310.22606901818494
309.8688504215306
309.9344305974413
308.6662967414846
307.9741480805399
306.6211839052929
304.41854002829007
299.22456386221506
294.6549973415693
288.97163191374136
282.9964952191471
277.6832760684843
270.59331455827794
268.38514914684833
268.15006131298446
267.42004181227134
266.600021548032
265.82736912841733
265.2217090817665
265.85236054148766
264.9244226696445
263.9944026714484
262.8581177884546
262.2228393568226
260.7452556593529
258.78680703756754
257.64082603565805
257.0684811558224
256.5457628582561
256.1033489646867
254.71357365282327
253.48125966546695
253.98458491253962
252.49512057154607
250.3160150596404
248.68972562815583
247.28479377050266
245.3341267169382
244.06936151451026
244.2207048485483
243.1022559704012
244.30045885355486
244.51655841350973
244.5209865475001
245.72590816080532
246.55718816171293
244.63199370246505
246.37698755321458
248.32729284640607
248.8781597274856
249.92589087381484
250.6202519622127
249.78089361145192
246.5617365839505
242.96168482738685
237.29062364000626
232.57435243356926
227.6189792708039
222.12890744454728
219.25794627361722
213.07782074417395
208.9049691214608
207.44186203123766
204.9732764348298
204.43066176297813
203.33139692039651
201.86780341202822
200.55669722622778
198.4669298051968
196.98885410189845
