25
3
a
16.445776630086083
16.54925301316803
16.446504973076383
15.758830818660849
15.822817622094043
14.983408778801827
15.474249229914575
14.584072721140496
13.336935857986019
12.422274082189025
9.812294378967632
7.349160824650008
7.600547411982735
4.049868525417311
0.9032287505535141
0.30247346862624364
0.0
0.0
0.0
0.24362773935974574
3.1911060561125097
10.29118709339598
16.23846681386671
22.497722725130984
29.664667646580714
34.94505882447773
43.183532556719555
49.00116133761651
55.67448893831942
55.98910099705072
56.00683651021806
51.39172779258061
45.96355831375888
37.81459979934737
30.56294012790974
20.856338324320078
16.52955508767443
10.850834163227397
2.746388063307168
0.14564821123650143
0.0
0.11935232541901421
0.10554941605411203
0.06756573789931167
0.4243491897058581
0.6235284235777969
0.7863811178097462
2.2881630563177477
4.77165547631499
4.406019806449445
3.9942688704394747
4.979351241311749
5.108393856620572
5.686095251744093
5.397067834174854
8.246112536147775
10.865520716954103
17.953072577002427
22.549704013670702
30.410110206803
33.72360145422557
36.5747683574462
38.241902441928644
41.240009881934306
45.522893088921805
48.95571793071614
51.25279967928556
59.97728222423849
71.41763431706023
88.46270816193704
102.137380949032
118.7176572548907
137.01244051834067
155.87267361585725
181.8226336573546
204.39758471897727
219.39351258440965
223.4243442025396
224.2345220378339
210.62445609266524
189.86884380984608
161.9005056238015
140.34737083349114
115.40783873869528
97.69078008810767
79.9834746158987
53.916188113586536
34.19980953059716
19.832868559230437
15.698273737905646
15.838285964871472
21.993168361586847
31.330637786755638
43.18080030843705
52.97512293750213
63.500939997681
68.25359233431529
72.14223149339038
79.48045665085114
84.25154188316779
87.85238575755916
87.33531068223951
87.59018435273872
88.06029958654108
86.42016297048148
84.19474301880867
83.04542342608214
81.43231676643009
80.61070758445626
77.29852715520948
72.45342569710611
66.95343915904658
63.09267624003834
59.33449474942241
59.99909014853
76.1673849228628
101.44455006672476
137.9341307856348
163.80428034655827
193.44214569706867
230.11366243523113
259.39013759171485
296.7041205109725
316.023740930841
323.49258174399006
326.413041684261
330.0665240385411
334.4636203326856
336.4744143299359
339.7714230404048
342.82138047919256
346.5976226376103
357.422291082206
370.09955987738726
387.0522966296958
401.10906162147523
411.85560283288817
415.53886703892715
415.30592396650155
403.60607754938053
386.2770281198065
360.60351123865064
341.45410234499167
320.0205661178069
300.23149147281305
284.8835621763566
263.79860967345246
250.50101895199734
243.20586908439847
240.77418798411637
237.48261353357526
233.57920272699906
229.69670716096797
226.90091875289426
224.1179648348095
220.25792711342035
210.83828615071477
202.80527942457672
193.9207419357763
186.67174558870312
181.98968587583738
179.44973938215583
178.6622996738934
175.31117661176006
172.42798618304573
170.19463975476944
168.09317790346864
163.41565709360086
157.5215793878154
150.60352234531115
140.07800439224707
130.93217725981668
124.23226174318918
121.48609669789467
122.93462953616987
132.107088551209
145.78289673996932
165.6622573755922
180.28949558742838
197.26322261891963
212.8751028005866
228.5193860875502
251.89429564672426
271.38462950983154
286.699602040672
290.8691227176208
291.062904641775
275.55454618497214
251.3713332466067
216.30091623585136
192.68228826802076
163.1258578464351
140.81567250453284
118.88201574504673
84.99239122363073
58.48634681894487
38.86754697515468
35.48248419821432
35.34507721271037
45.169186705556164
59.423410011626935
80.8862908292864
97.8137210004651
115.12680142420193
126.64007062718791
136.7401588593759
153.60098150172877
166.63881314580075
175.77820894594024
178.55862667654372
177.6502566655835
172.27748136089352
160.1901123860036
146.52725787065947
134.4619133597896
123.01519200275409
113.73785479769414
102.04152548066193
84.8451076317521
69.99555633460085
58.735970276782844
55.57485497802885
55.34125695633923
72.79811634295261
100.43122792908541
140.96440852167382
168.16770140198122
200.9226532108458
230.3323242018172
257.7502878324749
299.48165886683046
329.90437130783556
354.3429353891697
359.98148374951563
358.94721919717824
349.54480486198867
333.3386187384156
311.7356461684794
294.12722100059307
276.0697707849566
269.049970907455
264.2753451307845
260.31837647432025
256.00140014409544
248.36449495706609
242.90502936894416
238.63857487437943
223.31488019422852
207.41524558461708
181.28972529922316
162.82304539976403
138.10618368265688
112.32069762565344
89.22009285564293
52.1330672400404
25.559891369606692
5.550575836302029
2.5669711882627
1.449554657015638
6.318884717841341
13.953964128694432
21.600103756971585
28.813564880400246
37.05910353599325
37.09325711840116
37.11171493756913
37.24467854203972
36.594352123356806
36.18095776213928
36.84956044132972
36.19367494069658
36.92853062549214
38.600273333167415
39.55964447878573
39.03412767279455
41.156274975269426
41.824404883171255
42.99947202236102
45.87147093233209
46.32936626131035
48.619917887905316
48.0435373165932
48.97037687223778
45.51226250680675
43.43231753097933
37.36156326311023
34.0556140730614
29.76366018542797
