24
21
b
101.96308401688447
102.8999298159784
102.96398487491774
101.6724797723267
101.76519440994798
103.49631109352717
102.82804164640567
98.14326366023494
93.20584751980904
84.95783421595851
78.8866229161447
71.77403055553128
60.56172798646149
52.06761335286252
41.56853690003349
41.685142219011304
41.0575504577005
40.62348095658085
41.57211235725182
40.88955586770912
41.01282142029544
40.460877954705204
40.52137269019787
41.01672442536014
39.87447911307849
38.179560569902065
36.63252032693453
35.73947917875152
34.5001043145223
34.29360649248245
33.91982368890301
34.41684161504794
35.34782889954491
35.15971349641828
35.48002344898772
36.10730897725474
35.2168202794491
36.46992203791083
36.522228460601156
37.85262667810299
37.886704849567856
38.8374859703809
38.69495223540402
36.84416202153692
33.785324087363115
29.76168479293967
27.976951929916954
25.28121410476988
21.93914337787658
18.378561599952562
14.085696650978829
10.474377975157621
7.581302429775207
7.373419965791946
6.8396079960842595
9.110699996615422
12.987690059334316
18.93266944451925
22.55056596994397
27.11450106365972
30.22315835628556
33.10048709694692
38.70953402703162
41.779489943697435
45.17885792750599
46.03392134321327
45.1602007443733
45.29646931056978
43.37991471736317
41.853676573499726
38.47128228948545
37.15448494628884
37.425519932083766
37.358848674071425
35.895649693204696
34.58424014137232
33.878657764092395
33.3814009260124
33.943689969137985
34.877610601944916
36.19965532516847
37.7882327058957
38.41339352617529
40.59666182012758
40.82679186452685
41.99688774085365
42.0683394340232
42.72858741464004
43.54377541540117
43.71469436054116
44.6874713742591
46.40306905805229
49.531755635282046
51.15805642460703
53.58676241718341
56.72484704026895
59.52626490118882
62.513643310052686
66.3872022997746
69.46608880544241
71.62985907098137
72.34409462160902
72.00537185218322
70.54128746015422
69.83276660452881
66.50802060307774
65.27395241029676
63.189239108488394
61.67041365948451
60.067459478008914
59.19163823437673
59.15617218433235
56.35035129598535
55.917522062423025
56.44956525292588
57.15641536908349
57.33544757957475
59.4084947668053
59.449917582171075
60.804211141523254
60.862314206685475
61.503461008109326
60.94924826404854
61.400137156555196
61.83409978725338
61.558540953797824
61.761006235275715
64.21443256413268
65.26008253778535
70.4433167408945
75.14217696994
81.00871990697082
86.47223013092515
90.80150979549902
96.2190537019155
100.42748290598054
101.2377269133399
102.31661558567913
102.47675076886281
104.22002224256516
105.45538285923189
106.79533738457559
106.64768297804216
107.36875132980846
108.48161872127935
111.06032557554018
109.79064208317449
111.27252893177662
112.95602398093979
114.65564662409474
116.16865675805663
119.36266090444757
125.32178214954392
138.2177395532934
146.61068752416736
161.24141214975975
170.6221328906017
181.82259082054787
199.2068363064431
210.8825446388637
220.4732316788254
222.89816385084535
223.3783846359767
216.82967188637622
208.95881716363033
195.80142923330712
185.62024393834514
175.33931722000273
161.51178933421207
150.5911176350611
142.29384971105733
143.15238969712806
145.43923796031555
145.15055959529494
145.9912926439283
146.50925777650974
146.69636526309858
145.83718321724763
145.52867331328602
146.3820892209906
145.93799387571661
143.4475082384888
140.92295616010514
139.99175924208973
138.45330396031707
139.35268487920962
138.42929406531616
141.95045347741006
147.6770095156251
154.21519563956008
159.9738571108796
167.03690889020407
172.09015440094728
176.46543809775326
182.09232732175448
185.9690247919358
190.06140935507452
193.0534130805773
194.2508036127893
197.30951873656957
200.02229974611427
202.91709884251452
205.68645038351417
208.66104785572477
214.7199248754414
220.4044398520091
229.2612173311627
237.689733162174
242.61779841746844
243.6485112724164
244.21849235364328
237.47435764820437
228.09059914601733
213.5425307227481
203.5236026893818
191.80940401724078
179.91349943144365
173.06097744840554
161.82787177581278
152.94770819693963
147.40684288891933
145.38354938794404
144.2051046947999
140.126334588052
137.6782985779875
135.5669913333369
131.6283052058361
128.03037080585037
122.06043203351203
116.5255322281917
105.94258503959567
100.43422916288064
95.29125885952452
94.50491511145219
94.73083680252176
95.95673172353209
98.30457208137881
100.26041975350812
102.85217679293065
105.34891008983425
106.42675973334686
107.40122844007735
108.22878287593197
109.92922296702909
110.74933651858915
110.83357131928548
111.61829939842816
108.81744717312951
107.0586163062351
102.49949835471804
100.0667026336375
97.20973239493544
92.83940296160578
90.5969166749865
87.9419664317453
85.02783497273425
84.46545228368082
83.51304956444777
83.26226917001037
81.77608155009236
81.57375204360635
80.64153904674562
80.26136180931671
79.44680017742142
77.3662944019059
75.03783291579893
72.58720638180046
69.67841946083354
68.42960142874361
67.12116877914833
67.26709755136167
69.20979990475189
71.13365340482406
76.8583324034399
79.35870639119577
83.32104211635686
87.80598537033592
92.2719255870644
95.54363874682926
96.13821665310542
97.65368070330753
96.65271112003721
96.37428463174011
96.11059216377848
96.44129397826511
97.02260643823985
96.20629003915745
96.29120238511112
