18
17
b
49.15866293816287
48.15180953775892
49.57387235444909
48.86253584322683
48.574847246196114
48.86570129557048
48.93808114052891
46.379397319813734
42.72828083001072
37.59583739957667
34.39458719861819
29.69605213363183
25.37088576103486
21.35032428300378
14.66959180248203
10.356544960007328
6.955804232610453
6.783106090752059
6.272046829861441
7.3324323708884735
7.841267385428627
9.393066490677384
11.67084702380873
12.149770275862364
12.546172672251197
12.205195758012616
11.68513397701443
10.668524624351768
11.257565086885633
11.524723359687664
11.422071886540829
12.271437119525826
12.957240508222453
14.307574479088645
15.760506276685636
16.462628752381793
19.00859339345278
19.178981890894335
20.850195375280357
22.218944113679985
23.6049204384344
23.5899928531722
23.699847834678142
23.206905056880988
22.91383804538633
22.152033146979086
20.79439398647259
20.13911201864842
19.363864650322128
18.102228161467096
17.570830756990873
15.285412358822224
13.386757445558258
13.873921576654682
13.593425506804223
17.683997039899452
22.03334559918625
29.852542366539577
33.981186305667116
40.19496928255889
49.14690620534215
55.14261367874159
62.80581446358367
65.3293353890613
65.37037531766916
64.97367629626541
65.42305492982621
66.06193371821388
66.51254742796945
66.26180575562026
65.99196318859751
65.90917398077038
67.50588914023551
69.00780638576984
68.01519541671763
69.4800339785119
69.92024657524014
70.55452805802852
71.2537431342498
73.34778105810382
75.37897294369523
78.0277839281378
79.96579206067352
82.69427019251043
84.08240320148137
87.69868621394599
91.48947645742781
95.21658677578324
96.80778588630844
97.14171468389196
97.27264958144173
96.36579604814496
96.55398798316284
94.83596302902328
93.35509520590405
93.42884106951374
92.8574363087923
92.76496304719983
91.95139494435631
91.71393473876469
92.00147881039615
91.86348693706758
92.4388875898775
92.6513726741937
93.78598779297187
96.06868665578428
96.90048709793867
98.64820722150411
101.66705471817149
102.2391024090487
104.79135668234404
107.07288970068831
108.40643758823155
109.67678970431184
108.7160632327885
107.96740918887062
105.35071748147158
102.00361183348889
101.19270445683851
99.86129671039296
97.02965291093179
94.65185755776271
92.63685755171613
90.8154605974816
89.0311333852161
89.1079533601909
88.47683999184794
90.45834981307657
92.76793135933633
96.01052243770084
100.3696978225942
101.48127683644759
106.93589403441966
108.81517145521072
113.16085629136302
112.44838852892315
113.36715347929204
112.43774169418501
113.27650624348443
112.89591877112599
114.1473706620953
113.3072563281457
113.21468379997809
114.29637566440124
113.0841547954488
113.45026232827622
113.81508451602457
113.61942119089515
113.31486743863917
114.74865369183622
114.78453361464204
114.88448127873605
116.51707862754992
119.19803654114595
122.07730039329053
126.32851584170888
127.81762870317618
131.26931654546027
134.20122377176634
136.8746945754315
138.7170523423514
138.85702246618297
139.6703628707566
139.00835641919443
139.8678628277768
140.26733738997962
140.78872481428132
140.3754856954968
141.3782660144406
142.82628895220526
143.89662297599386
144.38221236599338
144.54949066310797
145.2490688785662
145.9151622836941
147.18736634048685
149.35532976779552
152.51014350110503
153.0089320192408
155.3469492011728
157.50516278825017
159.38634985657856
162.17709850167276
165.62860141466305
167.94334294038714
168.47286834964228
167.82005400211523
167.15812162625048
165.7473075146324
165.1056808941162
163.34567841159307
162.90078998116073
161.82576201635533
161.347722159341
161.59032740425312
160.21797399829737
160.41671549068795
160.87452707575127
161.19439031208347
160.1897609919149
160.5017143356704
160.49294608572225
161.53169487231284
161.36824719637778
160.55253559352744
161.5097079744943
161.3843452588953
162.2839506984013
162.20432970503384
161.892410185776
161.64730619872054
162.08916544824646
161.01651635768647
158.45531109790255
156.27787280354215
154.80688037127294
153.948654047271
153.6857425682653
152.98116166509232
151.3465947364052
151.26899949143026
150.0781630469036
149.0246431898441
145.84657373411267
142.88380548265246
137.71510310023808
131.6251581348759
127.1650503048313
119.00004353895196
113.19004040973023
105.2251421321458
103.19688525570042
102.02604835905235
101.61171141936457
101.32763474385106
100.91590959470675
100.6036709695991
100.47170514702007
98.90783260022728
99.45065683602363
97.5787582476556
96.26343770619798
92.65809810125627
91.69689220210392
91.00910118567143
90.21487745704921
90.39419719960496
92.0174353886991
92.8651248712377
92.54670913835479
94.93526414707898
95.98865021883395
96.9703812379046
97.22199318060223
100.01487919022706
99.88483960468044
101.00309478765038
102.12073631027626
101.04910802431344
99.7406348391107
98.28109847934722
96.7240014821211
95.41773216988643
92.73039910842867
91.7177988273263
89.46764431171223
88.08389333205179
86.31572973127899
85.96268513388834
85.07771076829067
85.51585849321256
85.70582019805242
84.71519330305249
84.72314607551792
84.272776433644
83.3790698700488
82.6348326883165
84.17127075293318
83.02288713408946
82.84921801585801
82.37745078906069
80.18680507306722
81.53717487329185
80.28144611941946
77.23711167872192
72.72052092134648
68.47699675342076
62.482503183704324
