25
21
c
250.54461456722632
251.20298209294677
252.05771303323982
250.8087069754901
251.26000386030606
250.4929411983227
250.41756921505583
246.44487243032816
240.6136840074756
231.45451205572488
225.14833107798881
219.40189279418985
207.61668237285468
201.76819439060088
192.02874934443645
187.67451963104514
183.16041707123904
183.56235490489644
182.17717380899214
180.08570402830486
179.59455334106698
177.94895514902313
176.23452349114228
175.5956139139714
172.8521023302901
169.71187704556655
166.7544651016245
164.05595279629583
161.94739190627115
161.19611882605628
159.52421909717148
158.26334494582892
156.90984565589247
154.32118302654985
152.34138835776483
148.89642306559006
146.33774643267787
143.7260991240935
138.34792786436023
134.104286521633
131.52916130594483
131.46446404530403
130.9638564131491
131.74275170242058
133.3669677610152
136.3249043651895
138.0144905148063
139.23485354221947
140.5604529528536
140.8299473953898
141.6169639966795
142.5120103797232
141.66739821000036
142.65659154662376
143.3519502775494
144.54933891618197
145.19586746637242
147.55890925867615
148.6252051630069
150.39546024043528
150.28284862896425
151.33518353252975
153.15838045690052
153.80527122466646
156.15724785264877
156.4264385698603
156.61571992629646
158.03640576868335
160.39905109277078
163.6737165969024
165.86450725276754
169.17040018438158
171.48672495584907
174.57534223441127
176.09979458855426
177.66358765121717
180.26100602839543
181.97215131018896
183.97536668139037
187.42317282220816
190.40099841706828
196.14783605409124
199.45107229805924
204.79770969012722
211.31886089739345
214.40874626060958
219.15940695998748
223.83755973137193
228.6559791417729
229.48199133781426
232.84507138811662
236.74918123186814
240.050845889372
243.9088361481187
248.6454444329215
254.44380513270326
260.2266007582262
265.659644603537
271.8462631170324
277.5265790798837
282.74887040097946
283.73267153265306
285.6416529993345
289.0370225592836
290.54632829854194
293.3156150125018
296.46056179853855
299.80731623681487
305.5547636754952
310.94762418169915
317.42822794558816
319.4649084132484
321.60473588562127
322.16380720502
322.2997857859592
323.66050638971046
324.16460788468265
323.44526937975905
324.3282543945477
324.479025403751
326.60809946399803
328.25241043098436
331.16700984361324
332.6030529459464
333.95576974445396
334.2319413074875
333.55863173507873
333.1689150682489
332.8906206874584
330.4322544970025
330.6853719329435
328.1509393136003
327.0267210835962
326.07329020250774
325.2130311992877
323.3224018156778
322.38023905422784
321.3837433928319
321.4978984789961
323.1130777741813
326.6211169765003
329.6965754786221
332.1710689927613
334.2945952352352
337.08932678157714
340.3304129288725
343.04369909982984
345.72504665464214
346.45599279211814
349.2521801743564
348.14250958997195
348.15092764265876
347.136786635901
346.40700628360526
345.4323773200112
343.4308861684456
344.5119875623967
344.6119464979034
345.54202619351236
344.3905137760383
345.2785468363016
345.7845116924564
344.2883765473797
343.5451592816472
344.4547583383124
342.94689654584954
341.8787117535308
342.0015833090946
341.3232135942095
339.6012821097663
339.3156238476529
338.41256633351935
338.50804442238314
338.41470055359605
338.49725204282015
336.9245605111468
335.35209988722556
333.5777691785515
333.45205356598154
331.53626671730194
330.45092719353886
328.33657154850954
326.3490470234137
324.2472343133844
324.5657822285826
324.13999573529503
323.6526439136666
322.0072247539831
322.8979595034716
321.3178679006998
322.2912700908156
322.0857049099728
320.59263157770613
320.37825948148856
319.93435554018174
319.47282731414464
318.6415142092195
318.45130351434943
318.07961331373764
316.64389888202004
316.5783483001581
316.43385424604395
316.62309373911955
314.3967473568885
315.0343193405737
313.3022678513076
311.6306644734718
312.4227532670456
310.20833185096956
310.4290507098434
310.4687441945785
310.18493653311197
311.9280307025676
313.19097059068054
314.8968843411005
315.28877896845125
315.6808251638132
317.5183659938967
317.4961890658417
318.5480411449382
319.4320896103151
319.42982887297734
320.0175560516347
319.22257603106334
319.2534144263728
318.65610688724
318.3273293790311
318.0809904867336
317.86980575966464
317.8720926263495
316.8783327165222
316.4670102869025
316.52890707745075
315.9291542932662
316.35902153177983
319.0246492445365
321.4447339810068
324.9372847398021
328.6346408297576
330.98671849394987
336.33280673305904
340.21257704880225
345.774648243851
346.4375747361242
346.4187539051681
346.3011455347634
346.80199813460274
346.8993910236445
347.6289272991126
348.11322883138405
347.03706616767755
348.24752060426727
349.78994456019456
349.3266178846507
350.3957806432731
352.8978940009844
353.5985041030176
353.6891895425473
352.53818637456123
352.3261933593504
350.7879063275767
347.6707144393258
346.94826803909615
343.539464196669
343.13263517996467
343.0248286658162
341.6419077552189
340.9021506234284
339.9506856700062
339.34700052476194
337.76586872284844
336.2059516273312
332.83893981948296
328.02367974332816
322.4621994619054
318.49673648800973
312.762884273935
310.62941554385463
306.8630058486289
304.2939537438108
299.0392687595533
297.4308369651872
296.0225076107159
291.0265007037074
287.0865251956109
281.62211270626494
278.4101366612546
273.3853614141767
