12
13
e
97.41917316836837
97.05984097150998
98.3793864814408
97.24688583827965
97.88070918457078
97.061874756223
97.4514787654706
94.08182554063617
88.30920031387754
80.79795854018634
75.19046046381956
68.27859701664671
57.48974404786131
48.99911402148657
39.68635245427451
40.454883296721114
39.534680076795375
39.34277375329751
38.90474075379798
38.95560856975521
39.23963873453043
39.27599999132869
39.16060821463545
38.847871160831225
37.74353259377232
37.21201184044501
35.724028666353576
33.64437797184069
32.920324498776566
32.631879455422016
33.03523280490283
33.83470677924239
33.40498871060194
34.30870392767358
33.75292903079824
34.46206746713404
34.19766039621638
35.11295190648325
35.53246362361229
34.61682349510673
36.70146883704984
36.2967403398773
36.51166934961591
34.92395425323856
32.220213457265
29.251865818414142
26.80441507699136
23.271340091314865
21.524869998921506
17.84933883938969
12.651625015540972
9.297428584142251
7.102663569856975
6.683712172155677
6.974501828202828
8.789566240812906
12.628392652177885
18.68887411802523
22.11301921293677
26.544376477755343
30.26356585402486
31.981232856645526
37.154470128562494
40.902792629561766
43.45834079381833
44.407543260672185
43.17539813669452
43.47998930097353
41.575581948583746
39.31606048785975
38.502224484368305
36.178334757622494
36.28778997091298
35.03181580381171
33.72207531967448
34.36988140839374
32.86043739883549
32.81337219317305
33.44638656864825
33.44282929382113
34.82901847699684
36.85256172147714
37.571303839560855
39.05500022529211
40.00665116664198
39.79112451432046
40.52294232799605
40.72758448582008
42.29420081101307
43.01351853099614
42.650558061457474
44.549534449139486
46.693992660391054
49.893335897728264
51.866003846371136
53.99091929484701
56.18548616775873
58.63036529752145
63.39185394459129
66.3272376052707
69.31209364190724
68.53823829537019
69.23762813617226
67.78653376306397
66.47038185742613
63.999089013260175
62.07082420804164
59.972898240953796
59.94888631642714
57.83384053521936
56.450167879451
54.94566981674206
54.66081844937698
54.12957718571678
54.252726872690815
55.01798295662577
54.84522717575888
56.42531302690588
55.823544799358935
58.16277004043103
58.610690473666814
58.381184240953786
57.27936242281175
57.94351315742169
58.3919285916095
59.206631676341175
60.01531515606992
60.27887855477914
62.242363129812105
66.84598158235039
71.70383726782124
78.42453582649149
81.86210938873289
86.22771692233187
92.45942394301035
95.3416483266805
97.499304832888
97.58988481244582
97.9195703062748
98.89202433569483
100.21504929706835
100.86915136878581
102.08137771476892
102.56142158025267
104.6610086135417
105.363318434755
105.81988648278616
105.53348240198774
107.83793665003758
108.36416528494567
110.74390044599033
114.31987852074339
119.55968552987669
132.14226471357097
139.98963046547576
153.0346652150137
162.9182399468436
172.53853885148018
188.55886777562694
201.97817136238254
210.64688739390783
212.96365276672955
213.36026133126077
207.31456880547904
199.09286619914454
187.27291656437376
178.89201786598474
168.13966868157044
155.07587355130667
144.60422332340016
136.80335149896518
137.41392483808508
138.15718632959667
139.50082496108573
139.2878199463388
139.61418825763562
139.17101545029004
139.09977045621721
139.84500132938913
138.94789665094868
138.3371137757204
137.4166310049361
135.18453030324875
135.4781585207881
132.93624219802973
132.74438910351185
132.29952297759877
136.26793918602726
140.93345791658928
148.28692717625975
152.9903608950125
158.86549166075687
164.26340706583397
168.6758269373106
173.6515680325449
178.30617132588648
183.134079435857
183.92950902450244
184.72709850897124
188.4207908719504
189.98673780183918
194.27352220013975
196.5964454732922
199.41567255653445
205.08788350111246
210.64242553264776
219.2589713918677
226.45291196234103
231.66224094362462
233.783961022521
233.36889980965947
227.0410261489273
217.91304752713225
203.77399405986816
193.51436160515593
182.5447504986486
172.38142717533935
164.96680581516551
154.00802565720227
146.05963285096428
141.98401178017463
140.32809160713458
138.20084470563532
134.95548402211142
131.51662534163418
129.3648386768409
126.66561180419258
122.42327489651674
116.17780630829161
110.91189065798478
101.91152465010234
95.02913325458934
91.45427864894883
88.76455794945812
90.52605327733743
92.06355294207529
93.96367231759952
96.41936726569378
99.3160473189566
101.09642083914866
101.73115286180882
102.83519547900238
104.68309156577064
105.10594422947537
106.32117463784907
105.96462371781853
106.5613265518931
104.6992529202064
101.58149645290868
98.28121459658075
96.63838799229069
91.75055547109513
88.86925113751141
87.14571482599159
83.62973764911172
82.15413935205619
79.20153516016572
79.34296843905031
80.00885391947789
79.53197897717185
77.57154111365739
76.01693293559627
76.338689557148
74.20862096014436
73.293952644554
72.01593720298553
69.82280465370738
66.92600034893074
65.41167079867294
64.32637214226952
64.22424243657149
66.21814201797545
69.47695682771442
72.90954145418053
75.69701061091067
79.11573096545504
83.75818265768108
86.7547355195914
91.39394273176173
91.81102767117439
92.15220024450763
91.9744526431497
92.6638184464839
93.85933783925049
92.18708339601568
92.86443485550956
92.47093616989764
92.77483066077247
