6
23
b
34.85606780780964
36.31985253307384
35.38822817729955
34.63680166733136
35.815647423688105
35.91244654682387
36.08359947274624
35.34718999367106
33.8139007643997
34.21036067907085
34.09356058726857
32.5549659750151
32.83079839896804
32.12881651497154
31.487178922679625
31.023902648038835
29.675399861712584
30.937457426859446
30.063866988308575
30.837410232592294
30.88050920567843
32.679398558108986
33.04754854802848
33.44694300526401
33.99372404528037
33.87421889228601
36.13936204611354
37.28504538112157
37.49721571013928
37.23873061288644
38.80085698983749
36.233309592541914
33.39121017262134
30.66463697757
28.01748958643025
26.008674413532848
23.66503361673149
20.450646225699163
16.091415902445096
13.907947609338166
11.622080185295747
11.428503309075234
10.777697761894844
11.674731800083075
13.572861133596566
15.180420996632476
17.759920482703038
19.739270080994995
20.177201137050552
19.74536213285862
20.79305903784498
21.065986799679948
20.96398743520917
22.163565915299316
22.06598888275306
24.548082011902977
26.123030898117165
33.26548026920411
40.173444308268586
46.42193848458072
52.74021827444073
57.93700765103548
66.01523742638734
73.18407911921622
77.33458053684893
78.20708306966331
78.26455818382625
77.24950570024765
74.36257105521204
73.49944077982299
71.43386653235017
69.96845171734502
70.51822977827156
69.75563621574805
68.9867812295718
68.32845496335196
66.9983989277336
68.41058801800959
66.93141558543464
69.34660636569077
73.519298021754
76.2811798914504
81.11304345940665
85.69022866050538
89.3289291455221
92.80029180030962
95.95985457380556
99.39543275238618
103.14472828187657
103.92803100254277
104.7505773756024
107.74604941080696
108.6382749185819
111.13417745358794
112.79557852583976
115.01315772931781
118.93578396334233
122.08214558288768
129.35170106560557
132.7057601455867
136.77105620748864
137.97585512627631
138.12031800469362
132.60653860838954
128.9070214741995
120.99997362906132
115.3304406022586
108.60320444243301
104.36510065155977
98.97610413943269
91.12521171260289
84.28849845594976
80.69271708676972
78.98748535826438
79.28105965640763
83.71020585857153
88.52427294850432
95.36345520566597
100.04713064264463
106.78753801269833
111.31922807370219
116.33475463834726
121.80249536201548
126.852343909372
130.1459452436492
130.78101584750866
130.1284607730365
130.24311722377846
129.2802413999994
127.43400193698916
126.00778692517137
123.88238710429026
124.33896395122312
125.42955037161818
125.02487451801268
125.49551247016433
125.10150334534471
125.29447062319682
125.76979983812349
124.66253554740629
124.23197335601931
122.42823346977359
122.3974665532497
120.29412187240084
120.62719061913303
117.93516956367633
115.38979070197796
113.14460451585197
111.3783630866077
110.7347948729861
110.83639480127714
115.11609655067352
119.67809012804209
128.73325490389988
134.11109348242394
139.717529469326
145.8764498655221
153.9181298999149
162.54700707458804
169.37331937364408
175.12829857903134
177.3080533863773
176.60615485014227
172.6698565561086
165.1861719712067
154.91328734578647
147.35090437131512
137.97756142840382
131.93246210358524
126.12913754185472
116.16718498133923
108.6061641737838
104.19096953601833
103.03029464697083
103.008368831212
105.87564107164323
108.12982723599447
113.0894125461393
115.69849456470705
119.06705611161388
121.1959528921081
122.32329787129677
124.63670161201676
126.96257239618288
128.34127459497415
127.73200696147252
128.76979855854088
127.0498426972621
124.70661527584463
123.20467091932305
120.49771539997018
118.63220090537745
118.29860715181275
113.61695378415229
109.48219038648494
106.79954216263239
104.19266743880966
102.66859529843948
102.48153801180653
109.2195939760436
118.47192183079208
133.3150614394315
142.6618723894063
156.57918638052357
166.36761071486248
178.48483873750678
195.8990222091577
208.98282190547206
220.4984282782632
223.1664581654433
222.80386777827377
214.20358380837547
200.961462525569
183.82366331754616
169.7527040035704
154.7638025566579
142.1907613876761
131.13917996084004
113.60180826625371
99.30197616292881
87.95870193049825
84.99890241479233
85.79771711661296
92.70098386784174
105.14235745472078
122.55439867821725
135.2956730585258
150.29743889237002
160.767617311449
171.865614130404
187.47842200352184
200.6874990410349
208.92521691282226
211.451122322911
212.4037224616209
204.64059789550066
195.28702897266646
181.007390688653
170.95969921348708
157.4555442130585
149.2931460720186
142.158740685464
132.59872424458982
125.50334637676238
120.28703045966624
118.71489244522083
117.11631443849308
114.07950997810238
111.16554124112682
108.1861879596359
105.0395734772867
101.18120732026483
96.40482646616911
89.76104833854713
80.30052600200321
72.82809742184159
67.91652733530931
66.06635889832705
67.1689894916662
69.3902989847967
74.8764237933291
81.12931165463885
86.17311346745402
91.84769629143244
95.3396457631647
98.38507482394299
104.6036489564357
108.19249226538673
112.23925246326434
112.21185034265373
112.95866510153087
109.81234811593943
106.78024688857901
102.07894952929442
97.45219202731423
92.66017071590903
90.95713566759584
90.0662453066953
87.27704057536056
85.74524233785665
83.5572983809834
82.36267971170022
81.28052407238302
76.47368981005658
73.41353118211545
67.06108921195506
63.958736753444484
58.699001231420645
