5
15
e
11.507397265244633
10.949474837091476
11.546598954056009
12.380975490033963
11.351203078345524
12.06580761588287
12.724279289315584
11.005229325436618
9.72629190160641
8.984289342188745
7.678409431499027
5.783599607667144
5.011516491145018
4.243892079506613
1.0131019067286724
0.0
0.27797791324148896
0.0
0.14339661162168948
0.0
3.187121678881778
8.013635285528743
12.479759283000579
16.693192689283958
21.645930989019185
25.7350269061622
33.320251196361156
37.212853484887255
40.89664664633553
42.91645474078327
42.25761170886872
39.04493154556087
35.19463040117579
27.422828357305242
23.030162152955317
15.966801083070084
11.663875742892314
7.629689991003985
2.613906328990025
0.0
0.0
0.0
0.2671327125276405
0.62707313473656
0.0
1.368094789620794
0.0
2.245645031287504
3.3056654682195283
3.3157489121771446
2.3350807138776095
3.8684707904563536
4.107208802669076
4.73894760181744
5.549086812786856
6.00845738809564
9.03762467916371
14.010459803678101
17.67200355249322
22.459040765138617
25.574642855222436
27.206464732069623
29.041718123576384
30.862215454162115
33.67170868274634
35.86346283504386
39.13930870928537
45.26666741496853
53.14617599922536
66.85676217986679
76.77187744939357
89.23649332003154
103.50518268572571
116.88941840833161
136.7143372898061
152.0035930250429
164.69357961908617
167.43147944697304
168.28155984631348
157.69659868474176
142.19540669387845
120.94133176414239
105.65472232746897
87.88986179034218
73.25140766545152
60.45772219646272
40.388384150503114
26.709339495654376
14.3239888403169
12.454560553808294
12.961463314324904
16.78584676260882
23.628870373542284
32.61633785257481
38.477133925517656
47.12765308906917
51.74304357766045
53.340660788465115
59.143119864030346
62.26705563916209
66.4515718741854
66.72805843909781
66.66409325612304
66.07525128111536
64.16111463796284
63.42680690230688
62.47891865357738
62.44130629774072
60.85250872905466
58.418910496632364
53.81777123209158
49.944032317068924
46.790349728793906
44.174605938151224
45.229915371196746
57.47789158158863
75.3894455499784
103.14787793843024
121.87886912159951
144.9841678962221
172.8689199125315
194.1813460146802
224.18447923597063
235.5646801831436
242.6054386054155
245.35515689158635
248.454272492975
250.63686759738295
252.94055567833487
254.00114704727457
256.9497919629297
260.07969723286857
268.0768602413627
278.3346163610298
291.252707691545
301.51355329818
309.63866373030294
312.65899500758053
312.131959477881
302.7044290837062
289.4669994466656
271.2784267340875
256.7909905328764
240.84064919398483
225.6165710716263
214.3385795077923
198.3344463728431
187.64138970534486
182.45580610984987
181.09525908455646
179.30343607820635
176.24830357858121
172.9469864039144
171.14692887259775
167.83226903183842
164.67958504109947
158.18060421849214
152.612281928236
146.49640397128005
140.95486650923075
137.92828195804526
135.4253870598213
134.14159668880683
132.08572791944067
130.0910041686009
127.82810580763771
125.57292144327744
123.10040752738932
117.8273487282711
113.46181766791211
105.5053596577728
99.94630004290984
94.13555805272651
91.16127658398233
92.44391295629188
99.21224003335396
109.29578288837777
124.65120631948137
135.9387874078375
148.12489854355385
160.27450597712644
172.0778877669971
189.46368182568935
204.15310929702073
214.54599371601
217.79456406732245
218.09926468750012
205.58539686482123
189.12795263872098
162.5397885991017
144.71252289943794
123.02168841134039
104.51472900646431
89.27573516756819
64.24156146820778
43.618985564807694
29.343472824600575
26.902299659102596
25.585826048297257
33.626549354450695
45.16313365419476
61.2514049827895
72.82092245901502
86.8120535886506
94.30503331633669
103.34918251542584
114.26646271290943
124.49362672734256
131.21549668441838
133.25291778774
133.93667539722705
128.5566947884395
120.5214794619634
109.45375199829796
101.3716546998157
92.90486495942602
85.0541204909265
76.25041565922373
64.26209726409516
52.69966752992957
44.41557883464146
42.03747235526274
41.29870746539616
54.95153856706659
74.80238562927146
105.53844008710382
126.38725451748843
150.46463376440857
173.35524224922165
192.7013224064347
225.36946175286954
248.672880109529
267.3483762001091
270.19899430667067
269.3546133274448
263.187715768013
250.25820130050494
234.30073389638184
221.3257916660828
206.99556372056725
201.70773622879997
198.65453680377988
195.0057352684017
192.67205955933005
186.77975930302483
182.09203198926085
179.68069231822764
168.36975140222367
155.23513691580072
136.7976792194258
121.56193723020473
103.358773808093
84.10612492773105
66.02133441432903
39.87644884029677
19.051968067257622
4.215016021326946
1.121510656576416
1.1213861837494448
4.280464810166656
9.015536774868806
17.12977009137814
22.213940953192974
28.810949586142655
28.746601094998187
26.859373670234717
27.42279295506952
27.201222521802624
27.748569393455988
26.490527413853336
26.982452228935923
28.626123597891333
29.223358481484112
29.510997445143374
30.47856806464769
30.665376932981033
31.795491708190866
32.96737699380142
33.667718467117474
35.30560230077661
36.0174374733925
36.68425717866401
37.28453543290909
34.5663861654747
32.58423718585679
29.032613758540798
25.183878172619448
22.325186858870833
