9
27
d
208.17297482505296
207.78305556746605
207.8868486841569
208.24685264707844
207.76060891615424
208.0843685869375
207.17716458650622
200.8474058964171
192.9954726430887
179.090712362112
170.34330563310309
159.84209158667858
146.98532887601584
136.97716763804902
119.99274676447492
108.06547550929646
99.99159733276889
98.06154935400646
97.48881821116282
101.29157062086968
105.14778620015103
110.84006330013673
116.20000115409155
121.63363874465786
123.23170986647169
124.91373568191568
126.40682094413235
127.90939595311613
129.52337268248544
128.93651489764426
130.3230146330923
130.1642050690244
129.86393739876098
131.73623488463645
130.49132438674962
132.00854189125545
132.27616759930726
133.46831524069944
134.81869112128487
135.1852137860823
136.1804946735033
136.2433451858586
136.02402675899987
135.85257905323655
134.9429447518324
134.9478723764433
135.67392274255607
135.98771506968708
135.2124987705437
134.7460165486202
134.70993360475217
135.085856372903
134.9798160564377
135.35741640161763
135.5406356125529
135.05774746931795
136.05722332418506
135.49677619666585
135.5625621415657
135.47375080348385
134.60131716485708
134.479252332696
133.92520665739463
132.88717332376254
131.19345229614868
132.19919337241504
131.37991021786388
134.5719854084506
138.1336758499478
144.37632456003408
147.47046631252203
151.53783810807298
158.33599087803023
164.6673009159539
169.7019856115974
170.19366514058166
171.63086471235513
171.17966912089503
171.69135243732785
171.59609813129572
172.15886189622898
171.3605674951345
171.96846232672425
171.7642698718193
172.13743758196296
172.009912550094
172.1705407826922
171.77680117108292
172.32278842958857
174.45656134535614
173.08103818096788
176.39583765235454
177.49800261324694
190.10335351345643
201.74402202620584
215.8060533730041
225.47746933682896
236.9261544754392
249.7323076956574
261.178522510293
268.98906378157
271.0732529012905
270.2892441007903
268.1482971543258
266.63777909316195
263.3934238875529
259.87416568119477
256.72136317857485
256.60430562267305
257.1803834522576
257.7554854440895
258.163331770148
259.3659826276696
258.79910750719216
259.0124139517997
256.6340105554228
254.62272795045416
249.75519476179838
246.69811071565297
243.40475380377143
240.119907979593
236.3224085045365
230.97159841165677
228.55157327403754
225.1464149361572
225.29986033225268
224.17935343255172
225.21387583462996
225.72498224518915
228.10091545940088
227.9957233625974
230.08900082229525
229.75144015049023
227.47333461309606
227.39941749895456
226.18568696079743
226.18452341523923
225.44259376087788
224.68809710327346
228.82309918788542
232.59978524250957
238.59345672640217
243.93937454967727
249.77429887935608
255.53110741888221
261.30027363668086
269.0191275864663
274.64442720522
280.15655109046975
280.2194488982457
281.3803770600923
277.3280670571772
271.8797886788163
264.75765372968135
259.5167408360406
253.6775260259718
248.95778425696946
244.333838064773
236.4392373564281
231.42592238666504
226.65980550342118
226.6252479571874
225.66011871517267
229.76735754252107
235.41256298305862
243.29598422848315
250.38260510139952
255.7730516770629
260.1476625308701
265.0123832803563
270.5910153295992
272.98500533133495
276.5616077496829
279.2708709456319
281.2156710736297
286.3881368524671
287.80532420871975
292.70546393861514
295.48916930779563
300.48639507174494
306.9373661088555
311.8368181760144
320.9328905624732
327.75456878116273
332.5502613194773
333.74355693256
333.6002593884758
330.95503849801514
328.38898619321327
323.75507136757625
320.68311338254
317.18288898708056
315.88038829306896
313.76560953619173
310.05479279407024
307.0381429732858
305.1333226100405
304.3226551466137
304.99094265825136
306.7485395627367
311.1362939532548
317.9052389668678
322.9050535231337
327.6993578577522
332.2815119947304
335.04573290493977
342.2602136440014
346.97008555374293
349.6971521642065
350.8133124408156
351.1274990356806
349.32610987067807
348.9321318851976
345.3500934733591
343.3611228358276
340.3693229080873
340.8769011166183
340.97958835847174
340.4624074285134
339.6162304812628
339.9181735542627
339.43606036390815
339.28722289841255
336.33410740222763
334.9210955175574
329.12372085766873
323.1229664482241
317.00107934417196
310.6038597325818
305.43193502938686
296.53285552886507
295.38219270781195
293.3545589022898
292.602470671691
293.37866565410803
291.04173619164834
291.33602391830897
292.23952191273764
290.3092205194986
290.3421734388868
288.08266078628344
287.6129523967249
285.6812127022889
285.0009909107523
283.4667881706948
282.15542756031306
282.24887807328577
281.4156080695727
279.8805904415132
278.8846248075233
278.240423565462
277.24311070668017
274.9871320778299
273.3668896851336
270.64599850433956
269.3836998932188
267.9280268709594
267.2294397393798
267.10865904940516
267.40636726591623
268.050921632464
269.3552530393859
269.88937844621495
269.93763859655314
270.64369401688595
270.53565445249393
271.72086258709123
272.5660637581119
273.52700089832916
273.8014189059379
273.09959751244014
270.282691096191
266.52941773964085
260.19058183616534
254.8765397846888
249.7081674469312
244.16870042731185
239.27141744693918
233.7662527145411
229.66481922382835
227.16252231567492
226.0646901273331
224.06254764324788
222.87133855291665
221.447946133706
219.12825925856046
217.35568213252108
215.73990327687838
