13
3
b
120.02477068227782
120.10671497032759
119.54893336132992
119.44336061503589
118.42534160320143
120.49134667503758
118.70435862361528
114.60524758750121
108.13075209695032
99.50138499975513
92.57723191236389
84.6307250185419
70.62378068028373
60.21380438856722
48.57637855524679
47.98423952135103
47.5580865042849
48.126353962354216
48.62133557252877
47.93769466433612
46.54484506895788
47.78192873786752
47.28770787970888
46.803711154145255
45.44572289151745
44.7112259368032
42.770864987356894
41.148659095652434
40.36815159704122
39.78498111177918
39.55646353677967
40.29421015360746
40.03874564169245
41.33248489882488
41.80317573154752
42.21972348657381
41.92709614500071
42.24255529774112
43.462448827239236
43.85577082378427
44.12678056394711
44.75046617788097
44.497345923766794
42.83931933202631
39.54612480090858
35.405175987301504
31.649629685037105
29.052905265819494
25.54468291476472
22.483876786025792
16.794710085112996
11.222334500018688
8.634516601786524
7.8622385805507635
8.803985383484038
11.110999989938277
15.282268443240328
20.858463469214456
26.11334719170866
30.90832175584846
35.79966248689078
38.93501748004668
44.97171710201657
49.567821148671236
53.37038330792937
54.332803146254484
52.7242773444133
52.35713084230984
50.53803068438314
47.990369278057784
46.78533000122711
43.91107835154484
43.60278035101883
42.898054289935
41.456667011798196
40.44111315504184
40.5345521333099
38.8120687702353
40.07367389219983
40.45352976714068
41.613064710701934
43.44566935550706
45.9949923733279
47.29829179538227
48.6645125984957
48.040512482857174
49.74028278579148
50.10791335197812
51.582182417874336
52.663648171303585
51.822615406405475
54.26020195381006
55.74035124471589
59.80652702838717
63.03203629709129
65.11504690376539
68.41369707320858
72.61113946729733
77.27587921405862
81.17807876064711
84.07039066763083
83.80607851680668
83.58886752025593
83.12408134573748
81.28528961367292
78.37120187925875
76.29412222583024
73.38730563099188
72.21651878545485
70.82646767188793
68.50431042779631
67.23696900626109
66.1332942603725
66.06617156484653
66.65065447914988
66.42635541304635
67.33470652229991
69.08011741441331
68.77390504710978
71.02230311860721
72.19184803017288
70.67309326876686
71.03046879711425
71.16598369356572
71.42959029629598
71.95182035794534
71.93955553714699
74.33823024229852
76.30639446899163
81.36540821108996
87.01237619010048
93.64930238777826
101.03936653490695
104.76650916668778
111.77362100088904
116.8288814641016
118.56123523843603
119.17513789336238
121.28681790366281
121.6341361179613
122.88218060925195
124.27778244292801
125.33232589466459
125.79358817085671
127.22846851145304
127.41005973535272
128.08685517306193
129.7324494995099
131.1280678718108
132.8419487503878
134.59925393497946
140.80161469983375
146.15413823414215
160.65803717951152
171.74120257262928
186.85626015319104
199.3035717771276
211.43816989646317
231.85149944557946
246.50840072479014
257.39005237852257
259.8963344268099
259.36063232144846
252.95801296622227
242.88108339172453
227.74959113680362
218.81079186286934
204.76235561864686
189.2023220108565
176.41345601718444
166.3250510001119
167.72625445830369
168.58928668342864
169.0430203552714
170.22518820014932
170.73065006817745
170.46947896649715
170.35301421190712
170.37540553471462
172.00195165672244
169.8310094649348
167.76548833791915
166.5131229078108
164.17068727107005
162.260744089901
161.19537860154463
162.1024471486185
166.4995752879232
172.03913330105974
181.61302379515794
187.76031709981817
194.06674955560763
201.44781421918972
205.89936333142435
212.99568192826737
217.2523257605337
223.83892373827098
225.33823458310792
226.40584269617077
230.11092377471877
233.0028730565975
237.43943547292326
240.11415277934827
244.38305815493936
250.87555576448068
257.1573785471303
267.9439040628425
276.5721901778515
283.63946318833916
285.0707104849443
284.8549957171768
276.2156853813051
265.7541375839511
248.53255600718396
236.71027079252244
223.5094414583248
210.38170343306228
200.71155804355638
188.41595032559917
179.65082481449028
172.9926749937867
170.7515344588786
168.0124312669612
164.54642938190221
160.9027717053865
157.42786689546955
153.83212024560257
148.83242958396613
142.9445143663924
135.51245957112607
124.98625493082224
117.04622717815629
111.54504932335063
110.47725552893736
109.95924806016274
111.07586875375742
113.65906914557708
117.78600392491973
119.46164278600388
122.61451648301593
124.33149434486134
124.99515126164087
126.7390351034658
128.71639340127058
128.9438969548329
130.21088486772592
129.7740542402161
127.68087784859796
124.36238615182155
119.84349513475672
116.34696569749175
112.71374139461798
109.57299169998178
106.08955859314443
102.95796845902159
99.34002533330883
97.11798741027421
96.80762464343097
97.90858372017144
95.75661868867515
95.00792869706484
94.24981227031836
92.54246023154498
91.81281655516791
88.87978560046399
87.03991642270704
85.41550479474351
81.12636909336796
79.39769719969722
78.20985279976959
79.00065818399023
81.2447581027519
84.9543435003224
88.52678963721141
92.96792619117223
96.82798459169368
101.45402319389392
107.02093873390628
111.32501555387395
112.1007539090724
111.60099218815881
112.4589811179011
112.60057229805166
113.35985821569233
112.66723271950214
112.63553305022756
112.86483069320604
112.98771782247786
