0
10
a
68.60773905513538
67.18225272175258
67.81943454154523
67.92743705791433
67.05895378959787
67.26051996411518
66.97049040432044
63.93358034087095
58.50224263657724
51.13694087714407
47.097009750344476
41.61563327970713
34.74569799684869
29.272039411731967
20.626452985117712
14.949337781127511
8.79355279398441
8.559083977950593
8.351587958727135
9.467343278015603
10.71991024842028
13.16268891145915
15.622427185624458
16.658454809306928
17.331178193929567
17.549352687568103
16.442423461569607
16.47252934336259
15.96066795471317
16.430866818983713
16.303109467916276
17.35225620004422
18.15805066278772
19.998251169331702
20.941275913646017
23.62509810000221
24.39427464656767
26.59592828990663
28.74960605169494
30.5754276183748
32.75628721971265
32.86361662971357
31.94644957789419
32.4138899258316
31.99512441013494
30.088491447054864
29.149925046380627
27.850514614274672
27.11720769692392
26.009023306787967
24.21431897162359
20.899586241317927
19.533597673364426
18.447375773897125
18.479255257653328
23.343043154083446
30.56164286994837
40.76590320753009
47.081834544897355
56.004257455439145
68.35044856430342
76.70714369994717
88.25639229600863
89.91033027564143
91.15966219832295
92.11048859276627
90.55021785811668
92.9644355538143
91.46113017595042
92.12798786125651
91.44693496074409
91.73035487131692
93.27010174118354
94.88675169791796
96.01002988945739
96.09419743717591
97.55324612487603
98.09625576082846
99.3406476190273
101.45965362342946
103.17323373690654
107.28755903521215
110.01440892214974
114.24274271798201
118.57484716891737
121.54204422018455
127.67016686833351
130.4578727765624
134.20441765396262
133.8174603784378
133.61217142630352
133.78354669268018
133.3615113197889
131.00223336092864
130.78348405368283
128.8458028984095
129.20168711446024
129.2339286765255
128.99852660014466
128.1130056276574
128.03613116234658
126.75525470582807
127.03149397100748
129.1426430296905
130.739356351189
133.4086625718999
135.02394640486025
137.67419757042657
139.36863939970735
142.10319328371864
145.1535744627652
148.62724185968224
150.6675097961764
151.4540545392282
150.53455974194398
149.5558996158897
145.63696186137577
143.27641748209194
140.51826184108174
136.94374553925346
136.01736228267623
133.1280431075856
129.67206513891892
127.21936104509278
123.47705588658427
122.942573046096
124.25158493249815
126.34895063445998
128.92610091920028
134.11413643222534
137.0815667605433
142.49725240586457
148.18207573118752
151.63475398447045
156.59810879497837
155.64515691512457
156.83594135947078
156.21157648985738
156.95676850538638
157.1881594129137
157.36296158269394
157.03872337705258
156.11764187173804
157.8525687719486
157.84079150117842
157.47210560449332
158.7379790803174
157.65516882720755
158.14826716553273
158.77562887825582
158.24865975054558
159.960677187803
160.45618011244605
165.39534714285716
169.67655008188225
173.69313332622323
178.7762188846576
183.04474253312
187.07008403685262
190.65483405482192
192.09838375123283
192.3171162205961
193.31527447507924
192.9946562849785
194.2624296302446
194.11180944712228
194.89024955169967
195.86503266615705
196.95695119808633
198.6959622524332
198.7624841114948
200.58487197855646
201.44858234889912
203.71883843244126
202.44743975344846
203.7749808355128
205.98347555292239
210.8221994596972
212.26574136921278
215.49079999860933
217.85599178078837
221.40210352360702
226.03069525358816
229.11454377754697
233.23374464685367
233.39615307499193
233.01245849621958
231.95311364647299
230.44082587589253
228.1335359754959
227.49376695382276
225.4280261817497
224.90344833905607
224.69767685343186
223.77365438304645
223.4319425476952
223.44724890951375
222.88493821228096
221.63880590738682
223.03848795396252
223.05049947136493
224.14326653240707
223.07775074794938
223.4884531601365
223.6502389884305
224.07145612835782
224.42901520432952
224.0533509341238
225.35803805780535
225.20207412170294
225.07791728720252
224.6452915774424
221.70648553259457
219.47514168391925
217.8125206721849
215.1377703276694
213.96242122914518
212.49560139784046
212.86898066306867
211.2959620915928
209.06001462228105
208.07024993265355
206.92302812016487
203.0392036429134
198.62953213185807
190.25724135828028
184.0584009707364
175.943091395212
164.67987109534144
156.45338786914783
145.19701984147687
142.88458192012064
141.43892292516375
140.8686693921973
140.6566403943768
139.58633610987656
139.28190563382492
138.11692465817285
137.61722064477155
138.21545252791785
135.58362277401983
133.00590167697135
129.77291048312827
126.92636613551186
126.12973721659704
125.5882289083258
124.9700645729707
126.3536646866983
127.83635701002189
129.49597283223596
131.70489906665966
132.9994400583664
134.28630671277978
135.2784140135057
137.38702640775517
139.27032618787663
140.17133466661934
141.58216200256774
140.81089009666482
139.64666369652804
138.09771097858993
134.14778235319778
132.29449803527461
128.9883851108136
127.25951467727806
124.73097103460127
121.60244378957621
120.90688079659863
118.96633263348737
118.86180478755551
118.163658166151
118.29489811967487
117.36645009027464
117.80816140380213
116.09606092532545
116.1761457303814
116.03501304899451
114.3635054719769
114.2443975234581
114.23219148826527
113.77032639730135
113.53582144715693
112.67987408423583
111.20154180724134
107.52377751903741
99.95083278210024
95.20267313211633
87.99975294174533
