6
20
c
14.558510424379005
15.205155848387392
15.576779515993703
14.745204097935497
15.763870023730464
15.685182566752546
14.392239562717124
14.685642185940626
12.62653037848878
11.27079801755268
10.865734131176708
7.82697263831761
5.5148777003246074
3.515229152669339
0.25187187091912844
0.0
0.0
1.1644573647311953
0.3757763523187009
0.0
4.045729902351108
10.91354266642909
15.243417540508391
21.054042489869104
28.2403401223342
32.573483674058025
42.47163088694944
47.86329339205281
52.67462700744481
53.67847036001913
53.231534410295076
49.599004754285026
43.064740493559
36.62039799664117
29.661620281005757
19.132161155815464
14.432295549437294
9.759926772007011
3.1135859048976915
0.5466386779638593
0.0
0.0
0.3941549869039725
0.0
0.16839143141760546
0.0
0.0
2.2363559576257694
4.050828359541157
4.1956093213300525
4.331580496143703
5.2511003239222305
4.532117449199206
5.005358290359963
5.740767424556693
7.862749191823308
11.25999423426062
17.23355206520827
21.91697710505742
28.329660519819715
31.35980114411173
34.08888048889339
36.71999173464952
40.069249698040615
42.10478612376363
45.502690759661995
49.23932998407656
57.54241788919418
68.89791382363335
85.52561293731263
97.60901075457251
113.91464345323068
130.51221778554205
147.63037035429323
174.25873333317867
193.53988905198665
208.5334408589449
213.07227107069158
213.01394676759637
200.14208439528127
181.85283164986743
153.11638016834453
133.52497684448076
109.72487518397143
92.69989306193894
76.39560294031062
50.67311490150699
32.22913889297534
19.23403711083244
15.437023541061956
15.426029397806596
20.561616259882086
29.775576143046326
40.70030238472014
50.62127680963303
60.70611925285047
65.37770481138138
68.64430446363811
74.87176583282864
80.84080535303065
83.60444417188685
84.88954513347298
84.86086705355534
82.58013467584755
81.60139742285858
81.16810902470827
78.92897723866011
79.09645938843184
76.84562737096516
73.61359738016138
68.04257954839164
63.599785194155906
59.00606061698361
57.09496421331215
57.1515583701797
72.67328237901977
96.17378893002096
131.63327880139497
155.12922740093896
184.78900781395336
219.39743673216998
247.73255441876447
283.77811365223005
299.73609004950805
307.9698262942386
311.51186324653776
314.92479884753305
318.36853753907985
321.4211034972589
324.19772570791946
327.2991696403866
329.1488596346226
340.7934597045544
351.6853088412504
369.0052727640974
383.53153677134986
392.64593477786224
395.0950740710394
395.0053952130933
384.0438871689858
367.26060398266736
342.9572996887883
325.56159056244627
304.90630240438
287.26443515015796
271.43401192118404
250.9688805267409
237.93575611628148
231.9911483985359
229.0563447677016
226.73360382480837
222.2118943449404
219.87375114043286
216.21052343924757
213.42283198462462
210.4422283996624
200.38981796222689
194.24009067620142
185.27036227319516
178.54795432987063
173.05296163909048
171.55358250825114
169.1532567827448
167.21912798741587
165.27306196641405
162.61085738719564
159.05568644329603
156.46770018077106
149.7935762694031
142.82325955741456
132.75879769062817
125.57789878457524
118.80482693719927
116.69950434633685
116.7090831813841
125.3516140483668
138.58608852974135
158.0952387721117
172.63446339746875
187.83139330567516
202.25887452293685
217.79496451719618
240.9017118346815
259.63936751819176
272.78996592233005
277.6984559018365
277.47102553617054
261.57350280568335
240.09964453117422
207.15474294015516
182.89169353207942
156.23526798940838
134.60871939572337
112.82452678972058
80.74152911520879
55.580881326723095
37.31756472809238
32.71259707749729
33.770749634384785
42.19496176642723
57.10761106590401
77.00033161608664
92.5581768766819
109.49986987163905
120.69345798577193
130.75170283983138
146.1397620523142
158.36571832886634
166.21729997203204
169.25665344600512
169.71224039238643
162.79618173971116
152.9073471194909
139.66034854180901
128.8081520988732
116.74286224782009
108.05023549515646
97.42781282325959
81.27020109391047
67.67267345603933
56.305995281673354
53.4998573120646
53.61965496059959
70.55182725696233
95.91907291283982
133.4558255921807
161.42924160596408
191.6024546524199
219.51328451274048
246.35632313301306
284.62197490148
314.50727482028674
338.03962327437745
342.68912284946435
341.804172848652
333.2680272016982
317.9144276240249
297.2298410084835
279.94021762647395
263.0982085847007
257.2868644075817
252.2464072371324
247.3960721104446
243.0863363267567
236.399007228361
232.62981913765645
226.8812820176099
212.67272947572434
197.40238756191295
173.1050564636323
155.9300332003585
131.41485753374022
107.79981734944097
84.43917531052506
50.53550898926722
23.567651403549053
5.2837839474398445
1.8848731451113074
2.19181349551859
5.8188532651015805
11.93945915204358
20.082546744603224
28.188186814766905
34.6534985568371
36.03183181768575
35.13609095689952
34.677363074223614
35.21283574064734
34.97599889739583
35.37171423463412
34.13733403897953
36.16874390688208
35.80537147235842
37.724053839093344
38.39772974263355
38.8466451168529
40.434020008987005
41.73653214929978
42.299475185645626
44.95025892140739
46.314875939869914
46.60494093206927
47.352580403123326
44.75242460627683
41.143917804444065
35.56800958779175
32.405946158254565
28.516782673854408
