22
19
b
51.45278228713014
52.47822149370076
51.19840612032639
50.59309754637657
51.90306910015307
51.543157047085664
51.24317363452105
50.41124983956197
50.85410961924828
50.27477561962024
49.30320716302182
48.72015542443368
47.61469482977322
46.45497832133772
44.901678474837084
44.834492754297536
43.4742024597877
43.060535324509544
43.03594625743664
44.79535207668231
45.612839947224145
46.36923150775741
45.73165557784414
47.400609815125456
49.32570500410645
49.77765526502512
51.916361987629394
53.346618548059475
54.58446653237271
55.0625774355214
54.542840430477156
52.20644394801488
48.13852572850033
43.862719269193455
39.85548965621557
36.86899513914327
33.301006715644654
30.574512556379663
24.520108555245944
20.355352999298017
16.22090218904994
16.41733630632469
16.749697125279308
18.9501504189904
20.837827847504588
22.627454247085822
25.133429161725434
28.77825326142114
28.697188226302504
29.116913261037663
29.374518414630703
29.338488976950206
31.058500069957613
31.862704273626576
32.02696643875029
35.959877214987515
38.36295892463825
48.621388513027306
56.334488321824566
67.99852070077004
76.10444986940595
84.68032710473318
96.81695184104515
105.17920249457272
111.95888387442905
113.16706337811033
115.1455296231441
111.65050561635357
109.66195413966597
107.01336691166806
104.0904525873177
102.47713399324981
101.0954140975156
100.87671092097952
99.58790388124406
98.77867655035023
98.11872732703743
97.55626067015183
96.58634430180031
100.35187613783933
105.91249499209982
113.51374798023667
118.77098342120475
125.07109032646476
129.4898264455369
134.80376536208718
140.02401359217012
144.56052382540653
149.3387086584617
150.5428102528579
151.18451836857332
155.2757618277821
157.65434471655183
161.207644645417
163.38754071746385
166.62170652884058
171.47009523055112
177.62378779052
185.33608069868302
192.03501031674097
197.4522788211876
198.60421738983612
199.57406518711036
194.30673047733447
185.8071351954377
175.20049358684054
167.91929380627428
158.2709406287984
151.11702029129944
143.00749072362999
131.60169550464522
123.69253293984251
116.93918925638704
115.87452963949256
115.01202313057584
120.20276877387877
127.24642596176459
137.7132640019156
146.07320634688278
155.5618644433477
162.7829534162397
167.60777818101795
176.95462105435067
184.4389343677909
188.38115092903206
189.13382106885965
190.2434099117591
189.20398150113243
185.69895208643496
184.9809787956645
182.57891129535912
180.9652306551997
181.2859448928059
181.5737290798866
181.4898064391835
181.91408630175846
181.1378220905191
181.94557738863259
182.6153030284674
180.70773379207768
180.0054125708216
177.76162280383014
176.4649771159096
175.15563642867087
173.21271537772827
170.78079276383824
167.3573524066052
163.8888023962669
162.33390386300417
160.84529659030713
160.97867155217946
166.79740920414955
174.12671422478664
184.93880647253448
194.29203405715074
202.8618654889878
211.8114021441866
221.1720535852457
236.27591785148962
247.01922345912956
253.92628462211937
257.796522352058
256.5318470413695
250.17371317594325
238.74008415324244
224.5986652160415
213.4009894500802
200.7802235330912
191.1374825637921
181.02032767306056
168.41110685452608
158.7822461056628
150.72655351181825
149.1914440860728
150.2729733714207
152.2534185005017
156.8455308758885
162.33070734067744
166.82887603954418
172.42024911514278
174.40718168983824
177.398431271303
180.5414123756596
183.35792654310546
184.65260077998457
185.66428834269087
185.64811726816168
184.02116872245097
180.63726054634583
178.81764656192024
175.27295927867635
172.71072431242166
169.8034075944584
164.7911335149567
159.3148079358468
154.31909516253313
149.76681621954486
148.40026046152425
148.0053158560534
157.82430425311705
173.51272997361576
192.9012607153758
208.04217857994246
225.67784209714526
242.09767524445485
259.13376952403826
284.0685891654824
303.8662295491758
318.7446453029316
322.47769943536997
322.1174422750231
310.1915576765249
291.88089540638873
265.23636632354896
246.04976879322928
223.03717719977
206.86262916338728
190.2566700061692
162.1837215813603
142.67200707558476
126.87006579690015
123.30585945421767
122.9084801109531
134.35260855035537
152.22436622136505
177.40163431043877
195.36218472458464
217.60827803845996
232.86579190590678
248.49031406106317
271.7134283988994
290.28136073127826
303.61454033973047
306.66138508243444
306.3497477228981
297.1709441302742
282.63097794665134
261.94505918937426
245.6232041964639
228.87398362793382
217.46002356999713
205.4400800508187
192.76452571714714
181.7907747465616
174.56656521681654
172.0419548930909
170.04732430178012
164.3860306388646
161.01055135892682
156.02028079963537
152.8749546293989
147.3370212775657
139.05851764891833
130.098347588982
116.660511803534
106.4530199969462
98.92393040210322
97.72307583361093
96.99601932684726
100.86795908875328
108.59151289104659
117.94049011010192
124.09674437702382
133.24394682720978
137.08784193921164
142.10281000664622
150.95077226508752
157.42317722975852
161.2082530872801
162.6947146191206
162.45683821621458
159.50162713562955
155.007374376669
147.13755158055318
142.3388800299953
135.37462757932988
132.12121824286234
130.43266017701472
125.66095159872401
125.25234633791305
121.96013701451999
119.39387892359134
117.02301439101737
110.97612784790846
105.53053009633999
98.52039412701106
91.23822873820878
85.58911952314934
