26
22
d
64.86075294242538
63.92176260124655
64.79614881789576
65.1780977428822
64.67015847848484
64.81459631433302
65.58979009473157
62.396805259482576
58.80054209981791
53.86580689924261
50.32871514322566
45.61478191718947
38.26498203669995
32.44137590042999
26.138409609667995
26.62139031816835
26.20466249561381
26.13363392696006
27.097892070155655
25.76831470739241
25.735297661124413
25.134948125707172
26.176558659723767
25.329189713298543
25.061308451337695
24.387034455016657
23.048765020502778
22.359069207386522
21.852217791993798
22.738522735909285
22.069331858734685
21.61675980036254
21.7384961895614
22.068450096497767
23.432979977557743
22.615379461047482
23.33485942413379
23.632606874290115
24.027103509842643
23.314529385877364
24.97502647945817
24.15821891380398
24.64422536896483
23.571314232700903
21.27844837061063
19.43171679256666
17.877253161908225
14.652276166386942
13.192707356898655
11.396713204948547
8.13811291220885
5.8401264349832775
4.54489279569478
4.274073858741886
4.039111043120629
5.568039832165037
8.188544595604004
11.9207534632606
14.616503510962787
16.744409410463742
19.071925327895627
21.42516880680012
24.42162037708144
25.859878930177786
27.957359928811943
28.444810067892522
29.357920122454065
29.323633404937734
27.059069434158253
26.41339894065678
25.77067329081657
24.197537936392212
23.759909398197383
23.01933525484858
23.26244355291967
22.906019726227946
22.18328383631468
20.8977173007814
21.220337549616424
22.01893564825901
23.74547706684452
24.366778612000264
24.619584938220715
25.548695656308464
26.302161799506088
27.086182103391415
27.32726679610635
27.49302029675542
28.322384854032467
28.604257373985625
28.112394755392682
29.745236012482195
30.18913486880282
31.93521193429211
33.35984060368248
35.69913827007052
37.487239648679555
39.14892456783599
41.61572007585314
43.48600716218483
45.441224856390214
45.98147575398003
46.23042220639109
45.48961206577265
43.554563219734334
42.104742428776206
40.90934877779614
40.355235177726456
40.24451174781534
38.83888821239466
37.0886858463202
36.09911294726567
35.55146940652705
35.908814516168974
36.37391051754526
35.91886519195287
36.23958553131179
37.43469033340381
37.64227809171322
38.82960998121276
38.34926780796371
38.59571122760833
39.37029732670851
37.746471578868025
38.91166867992707
39.050713840594334
39.36028503366134
40.290452557552534
41.06133790650388
44.07523786519656
47.24922954532556
49.95983481848794
54.8201259068206
57.66049189446645
60.450928737351425
63.68455205125019
65.6254215287758
65.05694547168517
65.47765757801275
65.97527387501906
66.4798663426235
67.92647492928425
68.0372222358999
69.07144141794835
69.20366494352034
69.32247790720318
70.36854124905767
69.5994165207023
71.63274934326
73.04380684187407
72.57332642922049
76.06856872549211
79.6618737625406
87.10991052620786
93.62961972515728
101.47092854412926
108.50486507905599
115.50718975744115
125.68450310772974
133.5564482580911
140.8438469341931
141.71763471005139
140.92376050341343
136.4588955946
131.32959229579623
122.86785547342289
118.09714918283665
111.86112658926503
102.15228561616819
95.77129047964546
90.49784660172887
90.69785404449709
91.61264783767729
93.08573951970368
92.92891800132678
93.18695998302303
92.25677970241495
92.36809398373354
92.15681979672311
92.97322902127027
92.04734746837751
91.13080764045101
90.2787124134919
88.97288521640392
88.44364484311559
87.21476827115156
88.89975051025294
89.61722912777114
92.99979601567215
98.40151391080902
101.60248276711316
106.0195277834651
109.19107270326963
111.51489293268183
115.36980042958332
118.43644183430047
121.30663953133796
123.61390325625104
122.01653664762199
124.55216376945924
126.76884217249571
128.72310736870597
130.20506783785675
132.7625156867082
136.08261688162938
139.71886553948866
145.09734275729238
150.03309043926998
154.41001170360332
154.76544423002514
154.89053531656253
150.8078110609538
143.78314524549592
134.94206536554282
128.43375189530002
121.04211824884865
115.1502565223949
110.29359478250947
102.30197485986005
98.27141068489787
93.30567059346784
92.03274559455869
91.72092249291268
88.61469274938001
87.8455792508704
85.63319413271479
82.65435493851197
81.47288673825413
76.78159159188561
73.16204067248577
68.14671077247439
62.9673035054962
59.69599526098307
58.012670434498645
60.01051455395707
60.46668597355119
62.41712778323874
63.870226661397766
65.5528604795714
67.11995013275502
66.82620482695107
68.89025303573932
68.39866398768673
69.20434739377835
69.79640558460137
70.01385465312741
70.07062869157996
68.67672908822567
66.22268137101263
65.68816000245268
63.498896930805856
61.10964806330693
59.14615699063003
58.324778282647216
55.631392587233584
53.95714937819879
53.247547611780014
51.91208402638683
52.87004048013001
52.58727247133687
50.40614427743145
49.78608918073279
49.52524206612994
49.96378353188492
48.9655665855776
47.88607793192282
45.871329695925645
43.57537466167268
42.86124562531864
42.596957633211275
42.76001764574751
43.69909578488878
46.295166571060676
48.84210738484892
50.61181325877802
52.76197107251565
56.11169218500455
57.607616320660604
60.62998955599124
60.35415797598877
61.197000934556016
60.903420177347996
61.098657184085525
60.86901437767269
61.51127662655014
61.971956489066386
61.68144168150132
60.31988057251003
