4
19
a
147.399184757472
147.3848536809671
148.4519559749783
148.3870262818369
148.72011590993782
148.02319806139565
147.48593994007078
143.0703463300977
137.27537727120253
127.82879081675416
120.7279203138592
113.5237926501543
104.7847833517232
97.56061318042018
86.18200888788574
76.57598341808173
70.8752920838678
69.69977940964733
69.28518828342398
71.41738815460212
75.91536880271553
78.3019795542915
82.98684576710428
87.05414293465417
87.25435405145245
88.88483942045312
89.26710582471743
91.81005407165598
92.09727459082322
91.90899934406357
93.03739454862027
92.11658375377925
93.07625089117992
93.45991641261624
92.97478241530328
93.13796462264222
94.49618894267238
94.26998214006645
95.45558062683708
95.79511953308462
97.33105977003537
96.49278527157122
97.12761242060398
96.61659747398323
96.70247102212282
95.86141573992391
95.67372964797948
96.26772594967774
95.60270696414621
95.9571400495883
95.31806352050548
95.60453487804195
95.92843710690045
96.11842997477791
95.76456987803923
94.97768312744168
95.83456621169948
96.56987493770083
96.30306482931344
96.38639510223716
95.7480540718852
96.00887189173297
94.91673281591261
94.11484878256906
93.63082661027164
95.18402741148479
93.91584327166845
95.73710741727523
98.7865717283606
101.82417436041769
105.01823997467844
107.45229913370393
112.76219082589
116.22913188108099
121.23741377410153
121.80269156794351
121.72118045907162
122.04342604426455
122.37077886033178
122.23176407597829
121.76869748431126
122.16931256784943
122.49388404526081
122.99626901804464
122.74583265284986
121.55199645823754
122.96664199025616
121.70430139259602
121.34233474381479
123.09815338397524
123.55519666884813
125.09260093413266
127.00642506047446
134.95622270772654
143.28482400071107
154.23633404195604
161.10342444929313
167.11240960367738
177.66954085087764
184.9897299835403
193.02197429986407
192.87384888974165
192.33866891629563
191.25245657513156
189.73936465278067
187.33796714126987
184.60655522584867
182.5482517480394
182.71523883937053
182.65143202333354
183.720075665351
183.40224911009975
184.28268154689658
183.9424817470339
184.16954725532662
182.42792313833976
181.1141938396133
177.53371260463288
175.2471674083179
172.2790427081661
170.03460129325714
168.4414663174635
163.3829875007091
162.04354904548373
160.52514653665614
160.42021110693088
159.1092901642266
160.987673948311
160.50508844384427
161.80363444986924
162.76374104986792
163.68282165120584
163.58581260307122
162.59461378075358
162.18896580145378
161.29773347069965
160.48580201138427
159.81903179562707
160.25592840946948
162.11458097405114
164.84643614535779
171.0828555728674
174.24150729165476
177.5072109990039
181.49762052255772
185.04670931381798
190.70996174472154
195.82842285925656
198.44305545048263
199.2623239730968
199.21140865554145
197.42201929417334
192.9401243528308
188.2466152224263
184.54279914403415
179.6666078217915
177.76421230044033
172.58668196419623
169.4736594501818
164.93950849166595
162.2150652222717
160.44204278104468
160.96732965017492
163.64208320314964
167.65778394764337
173.3778715445132
177.8534650068781
183.44905635193962
185.8733314387914
188.87247021449917
191.41442236073058
193.58735914746646
196.60685517885065
198.45943263946452
199.8574539494602
202.1155698323428
205.3021121733958
209.18913481062023
210.4524778603495
213.47906962824948
217.1752568026437
221.72674286679668
227.43195193516578
232.47995249767197
237.2013435614788
238.06626479752998
236.91484548841282
236.13497192379265
233.49342936544033
231.05616633075257
228.1141289220351
226.13744562000977
223.78213626574544
223.76698705528023
220.63323140476078
218.89352641397312
217.64666679931554
217.30306133443892
217.04792557913527
217.58600592808105
221.97023080407538
226.65288770977648
229.27058195285503
232.9571083682997
236.0876834347916
238.48123967299227
242.96246360842377
246.10403786155462
248.77510899158747
248.93056349131103
249.55644850654198
248.77410241474635
247.09953886641128
245.9116070251773
243.78945670129187
243.44594273493865
242.434674909951
242.49865136910893
241.43129652399946
241.5304526286046
241.4633469435221
241.7168258011456
240.3416224958632
239.5437623833929
237.86336408715744
233.39761137975574
229.60877086804535
225.67673101092717
221.23891468403926
216.37907840949464
211.86889163494914
209.7110907746197
209.64241229074497
208.32470233406144
209.06306901868703
208.33816643350343
207.56560288474705
207.2904880167079
206.72672966678732
207.23577028182544
205.2377151741602
204.73426972050896
202.44740586640515
201.63503095768962
201.21414789674782
200.54060166321645
200.47264597018037
199.97046968560753
198.79514960316772
197.6248559944425
197.36032674667314
197.1568845522123
195.7450694640469
193.89903257699262
192.96051024616958
192.26470326263222
190.66418805253866
190.58513289443684
190.53537471165964
191.72343719790013
190.35938473677487
191.3305217674945
192.829976085356
192.08332225759534
191.96969217586758
192.58535601309703
193.33589222420096
193.50532197592688
194.21087843151847
195.11626943316097
195.0507266150041
192.38386849701902
189.87187364688134
184.2063295016232
181.60759323047867
176.83204799603953
174.08130671378578
171.20324101520293
166.76865000771716
163.6325283956578
161.29753658824606
160.88322805550254
158.85040786251602
158.97025004345744
157.96848826842037
156.7653072469782
155.0475506937807
153.64600500124195
