27
3
e
130.74342120817778
130.92160116083363
131.87736077236536
130.63888415676647
131.19519627313525
130.88970747037416
130.64773478213428
128.65731460988235
125.6391603655949
121.59635307595914
117.71187076490898
114.2261300763969
109.65201195875375
105.70450972814686
100.25445788838759
97.10924399441973
95.53548508325684
96.01878786504913
95.54267413943961
94.49042387306329
93.46518570241862
93.54606534961022
92.28351102125437
91.91975977100262
89.52643055205701
89.49469510114531
86.96222406544109
85.66885200507058
84.93677778462455
84.12460017436399
82.7778618182628
82.3749368092623
82.28159543135804
81.1939531364152
78.9089548029795
78.1114237013912
76.39040969162585
75.55545535612144
71.65380589047345
69.57933659001048
69.19304996103523
69.06327781101056
67.67098884336765
69.29204641596449
69.17667585176247
70.8037864191214
71.79366529025415
72.29331349771982
72.77771853415192
73.73436985620883
73.50411850891155
74.02362348988758
74.13141715617195
74.43045213904162
76.14708661444172
75.16178737355075
76.74980574213556
77.43721815701355
77.7550227782408
77.57953843975972
78.78340734381499
79.72093553337022
80.93821316293717
80.75336261030567
81.97830424943855
81.35252599248709
82.69283088660083
82.91919225337278
83.68090756813253
85.69805100128467
86.85991128221607
88.89815475026043
90.10016385495325
90.77379302607487
92.15759810497543
94.82096699056518
94.43295052255385
95.36324215711556
95.8849881857057
97.89333430472375
100.2895127402119
102.25712884644973
105.02151348154023
106.90190495278338
109.56416114972528
111.96774325489146
114.64130902895114
116.64151577166253
118.75739534765387
121.03570129240065
121.04524523929848
123.07876268159535
126.07276992500127
128.26263748362456
129.04219291128217
132.6010769871954
135.6312429203608
138.6670165779497
142.2289008148912
146.21246056973473
148.09446509056121
148.0237908770646
149.71784498481807
151.19330921827606
152.28293369371252
154.12894764560633
154.31874082570943
156.66770257711778
160.06705174067025
162.8134244052936
166.8822394637079
167.41112608282643
167.70390183733352
169.0178287528501
168.9699857256502
169.22374307653197
169.37400450720716
169.68425187538352
169.77766851580822
169.38817744757856
170.6831390450986
170.2713303787102
173.71599901950813
174.0634663232991
173.99760470438974
174.92680536312693
174.9898589529167
174.9093618443493
174.1288057235251
172.93171769767628
172.35421099616167
171.69857750093269
171.26361563825373
169.8458156898492
169.97873391909584
169.6203368508583
169.14186039453958
168.1377946857989
168.46273284137365
169.68709549495412
170.2367839786666
172.90823411093072
173.7202290835633
175.81098311629623
176.84235985684313
177.79588735930568
179.02642298604889
180.9532572304029
181.17885881143508
181.04643182250314
182.25036844635858
182.01204763550317
182.87885521920396
181.29632986638313
181.02068564085423
180.65149497274405
180.50022761200745
179.3865501676081
180.39021367194897
181.2191461099346
180.47401639195778
180.35274687717333
180.26799895874686
180.9972193900171
180.21202155743055
179.10439342415052
178.9274100007375
178.60860487943194
178.32418885166862
177.4644700411045
177.41996991612805
176.58978285966734
177.34617786211808
175.87930014387675
176.6476016350957
176.0454973254326
174.82052401107816
174.37880397549998
173.95535030677846
173.40729886252637
172.24980711508928
171.56035553393832
170.394491183524
170.37820698398951
170.27287307000043
169.54247032314095
169.86362939502095
168.8534179717168
169.59849802967383
168.47299084049146
168.50008771471695
168.33503660105472
168.23015289313605
167.48280955516373
167.13136714417388
166.66017151425532
166.59370421614275
165.8585269120169
166.4654930649156
166.44346542187643
165.4654993122357
165.31858283850804
165.63273267491334
164.33937529922085
163.81446899835424
164.19812705125457
163.19142912197344
163.01009448675478
163.07282784069236
162.79901852909353
162.19474121698715
162.24229251623746
163.9040412815
163.62112568454324
164.25093655758016
165.28461625496192
165.1354054766308
165.66208372232657
166.09616452366762
166.2587138656564
166.58186698769666
166.95784607141968
167.21410103954315
167.44911062362354
167.4325839612339
167.40065035761828
166.6379532425535
166.02256389253455
166.4060392148871
167.00832512660074
166.14967024417305
165.21603805074707
165.17571106769913
165.7282626912489
165.99493600111595
166.37749170232016
167.49926998789047
169.94029527039552
171.40198766397052
173.26484886207587
176.13617335960163
178.59268944758747
180.9337959086584
180.77306448518968
182.3254499313349
180.95227873297023
180.93617306007815
182.04939241779886
181.80754195901451
182.53617027738156
182.1857842180689
182.23415879276737
182.40260752927776
182.26540072679694
183.42976667573208
183.9386746352469
184.91051481911586
185.31024685134685
184.94341885022962
184.73321482685535
183.45210869929033
182.1618382336081
182.04025839851326
179.99119223040586
179.9955917408422
179.22511145356745
178.46678718910928
177.49777043163664
178.6482681732002
177.47684541341957
176.36608963926736
175.7907448753363
174.10477982302857
171.5392855832173
168.88174112389768
166.6776961292959
163.89615373129675
162.28603552381134
159.7916094232788
159.27034196588343
155.90170396772095
155.45126590662744
154.1378870025986
153.58507549196767
150.6616891592374
148.19556503881645
145.3469583965891
143.18456780052762
