25
3
b
172.4358109799302
171.55999173500788
172.23224242211464
172.74376619338784
171.8504718739958
172.42448704231882
170.3910210525132
165.39803874796635
157.0677129261443
145.37391264416655
138.07515946912307
126.59103359448777
116.36907453756933
106.43134185658154
92.36124700660021
81.55536432381581
72.85884770162944
71.81078085612614
71.60149147712129
73.79954122910965
77.00934164910964
82.37774808365086
85.8118850143089
89.28695476775599
89.6605682774737
89.7076699046721
90.03608200085435
91.18981811338251
90.34120072865068
92.73783307848157
92.2976514682782
93.75602039577682
94.67518148841188
95.22367957827232
95.84300588218206
98.2682267567541
99.71166642163853
100.98517523934802
102.52250882798589
104.23821342500248
105.46608842797527
104.97167110323478
105.37548157725742
105.15527816240328
103.56724146933092
104.30599633287623
101.69511839759062
100.9423489035393
100.47476095786381
99.28295780957379
98.71133841859586
97.96012341597616
98.17631458608246
97.70326645901113
97.14910468847214
96.00346693630055
97.12112781278317
95.60596785063588
95.69586646435108
94.63815867012552
93.47284036373127
92.16892683246995
90.52890309104207
87.16698333246542
85.94903852880749
85.01643837089817
84.59121954325272
89.4683077993543
96.44442767192068
105.95014994751556
113.02277550671462
120.86314176098048
128.01473506837723
132.18694886278453
137.60089881334082
142.9847532087733
148.5744748157584
151.1628970235296
153.25491784893694
159.96519108564854
167.04466815430973
175.24496925167657
182.26877172815944
189.84954304819408
199.39251101653025
209.79991491389083
224.67103277185777
234.92809951357802
242.56829484024166
244.75377252581296
245.2483403119135
242.95019377055974
239.29896314884272
234.9908185551072
230.88902688103047
227.34230391194853
227.25069327509507
227.31784208676498
227.14779855651108
227.53944082316585
227.70518744000736
226.6946745265357
224.57288521598088
223.73371270753302
222.22787929180151
212.22570510978233
203.42314390059374
193.28020772153772
184.88973268711902
176.6211395200475
165.42051125350156
156.62556457861461
149.11536079623497
149.13334555250893
149.17556655420643
151.48964273317125
154.906063795403
159.34803197061242
162.6446483331651
166.44421877380233
168.88671216654458
169.81501499772727
170.5932746146924
172.97269887976265
173.66805384660321
173.23757013471257
174.49719388658986
173.38876492477323
174.7925383137596
175.17038976235256
175.05091720175528
175.50772396125356
174.70259233460834
175.56485334359974
175.91519444574806
176.3053419809099
176.62290763027977
175.67139505700908
177.16644408794687
179.35663351367427
181.8487953763772
185.9994469697811
190.76525586729244
195.81873094097264
200.21322270449343
203.83882523789774
210.64477963640076
214.51758252443113
217.52203767772994
217.73975309909622
219.85292223037342
218.7562541112003
216.71011838443377
214.62721690715634
214.60640089848653
212.89162204218675
212.27377446871805
211.44882484400802
210.70393843954508
208.77876775736684
208.64156689067465
207.7156730941805
207.25512550269468
210.86997871281847
216.71388686879894
226.56519272085765
232.0123380244434
238.7444319875675
245.5186676940537
251.7231889591138
260.1913975231633
267.13355922814884
272.9107667138447
274.80628493352043
274.70473052180046
271.1851612891027
270.00682298870294
267.0225889528926
264.08120288734403
261.4255750384291
261.65669905643193
260.4342367993208
259.61465005942307
260.7762302158614
259.509285098307
258.57689114193704
258.796135791151
257.42616783333364
257.10540816215797
254.78927463012795
254.55040018367364
251.9783034558844
252.21970359755906
250.6701218288931
250.35951000999995
249.53770320358825
248.10803088611195
247.9381902150575
246.58273882428273
245.8133390133042
242.5372521831865
239.86687009035322
236.3715409394186
232.50499027584192
228.70696739621476
224.24259661663527
217.34098259930303
213.06749676861995
210.4663582805861
208.6836666738778
209.2224509831886
212.4030073239109
220.14027343529602
228.58079249850303
235.38625001340654
244.83778397874843
251.4897019974163
257.5710735170265
267.6816831966881
275.3234796356545
281.2768383432131
282.2122630153237
282.8743299781235
279.8967738724153
273.4727161628036
265.4605274635461
260.19258673256115
251.95195975855853
249.59351113369047
244.82903052783388
239.84992966129843
237.4239124823352
234.06320020205018
232.2637089327339
230.98696156716179
229.8132041571542
229.03339946621733
226.21208977099275
224.378280205586
220.90030119253396
216.7463410984273
214.52319198188533
210.84330177683236
206.50721172337208
204.31260823058844
204.40548217936964
204.22935062298438
202.760872351898
201.91353534895913
200.4898336040609
199.44913129913613
198.20371041158754
196.61522245228724
193.18767343671496
189.15140137917248
186.79562487681014
184.26231706703823
183.63658948814415
182.72666452750477
186.36296936596736
191.2435587464442
195.99996088726152
201.86745375470906
206.6105501564324
211.36511134706694
216.5990993518606
223.68821870169018
230.1128530255237
233.59609245384846
235.36209014740368
234.2166511324363
230.1592130426442
224.61795480072607
216.43113741995398
208.6641959016799
201.12843172949874
192.9600591485237
186.016978860044
176.8854035857292
175.21770789327505
174.46598189246416
173.63237267254047
173.7484693710979
173.28124040168544
172.97469735106296
174.03213763311916
173.2820099157937
172.51155147068442
