16
26
a
91.35955079090694
91.84828464696818
90.22975026872895
91.6310653840465
91.29347597477913
91.40061196384268
91.25504162792895
87.49431148755373
83.01951626961184
74.91708987502496
70.01687090489953
65.17382215090177
53.61822100397597
46.17045704757456
36.481495920811156
37.155270902332745
36.264655699217315
37.013574175728316
36.277034373705426
36.267136643300624
36.5581895335332
36.08185132296736
36.671348973334
36.670943169683014
35.202547437867494
34.026608882038836
32.494807617891624
31.469938932381982
30.097232434685726
31.129991967401544
30.409798212181446
30.929350371926102
30.587304966725707
30.683684699907072
32.64057346774751
32.65829163286057
32.0402734690373
33.01721956172221
33.25987144634326
33.13817672041181
33.86743966531904
33.819980251249795
33.5308987521096
32.85106518449907
29.81711841579264
27.24178073075464
25.26886343936151
21.80495535438899
19.19425405822501
17.620366630297855
11.700264079150577
9.105196246188896
6.024193484099451
6.134860288536588
5.756971557255971
8.306288659661385
10.971802777137365
15.31535373551367
20.066359888220532
22.932971945935282
27.117295613296072
29.488244461478857
34.72389748242342
38.38736305839858
40.20491324530081
40.77278262521081
41.09365074882849
39.50658224244826
37.80262120481197
37.60917594863559
34.60806624528551
33.50899404139598
33.64344398542065
32.39373267412949
31.957600015809106
31.10049324610171
30.71194253363477
30.722849633701962
30.42650869896802
32.6850001370807
32.81779710073414
33.914697734927735
34.92649306692998
36.108669029105144
36.587013439870056
36.83791969783112
37.427381072383575
38.172381232741955
39.2020882114092
39.14168403285183
40.61072164030282
41.31513168288085
42.702072625975674
45.49410451750844
47.97875519299948
49.29117906358757
52.49016392202393
54.49103997831051
57.71148160412202
61.663072017728744
63.50418318651674
64.2217573442827
64.63079280897826
63.21762992250693
61.939522579221475
59.092931510449844
58.57590291801558
55.8323658565963
54.83310388497584
53.438050888551096
51.64322338814496
51.18476407948817
50.31436206414445
50.791277482570095
50.36181562605145
50.33987966216869
49.987564762874534
52.025844570639116
53.5397057868938
53.21059264291957
54.90873472503254
54.57794910118117
55.069121411784074
54.61325927120306
54.36379559530255
55.36035244610951
55.77364871076207
56.65702693922433
57.98539362598189
61.70040249313453
67.10548954555371
72.73297424549362
76.54445526561602
79.34481515640202
85.71460882419181
89.05052438099557
89.84045747903724
91.08384777157
91.94899187588163
93.57966211229873
94.064953409466
94.96777699673342
95.08121510455825
95.97304283532569
96.43125503815165
98.27015979169079
97.48656322772536
97.81267850281753
100.51781987677413
100.22201753893391
102.39236482866134
106.79949834695789
110.88256251523416
121.35922921464427
131.83209679350273
141.61968990395636
151.65917903330535
161.77761564873913
176.53452453531193
187.3063301207854
195.60472428711935
198.04128953498312
198.72753637419365
193.15848284676215
185.06772893658948
174.1956735159452
164.94140855453708
155.62918849819084
143.16215363030074
133.99971447462727
126.37075325619648
127.12461440717689
128.5354790511425
129.5769501297227
128.89163924106697
130.82918352709115
129.87684368084007
130.34568657533168
130.05033346329904
129.57423951591466
129.38963980895673
128.90867012505956
125.97035217403707
124.92295746018307
122.7377525423506
123.41310608181195
123.7100730613882
126.43640624076941
131.3386851128149
137.6535577688331
142.1229463479494
148.5320844490588
152.61444073434828
156.65740241561778
161.37927495876949
165.52908642292482
169.69897764054286
171.13823423567035
173.0420348337171
175.22050611623638
176.9492896884846
180.33482324118862
182.43363395889466
185.4496454521298
190.69418135242
196.53002565070636
204.12670738320435
210.72959081180298
214.59971534480923
217.36918140851174
216.81101214005335
211.30213238405386
202.07298710197512
189.18267537383971
180.81615387930236
170.4741616391313
161.59744586679656
153.14262519440342
144.4823072822801
137.00523949458417
131.62420059003213
129.50906228557963
128.14738067229294
125.22345652448315
123.35146928894761
119.44619090613561
117.16589531218344
113.46042505403894
108.23333414379107
103.57965439335358
95.25058273866675
89.39732642076486
85.0261840689802
84.12403566145623
84.45706399211839
85.18697909471099
87.53353845462725
89.43175559260027
91.64023009193565
94.31893195187664
94.14638277781475
95.35505851423719
96.48748843956396
97.81067245850045
98.26730480079213
99.25604699683974
98.15873313397822
97.06831559805994
95.52397884460834
91.37815527730633
87.35934685404713
85.66584818781219
82.82711452002843
80.54301849493024
77.75648423363313
76.45163535308536
74.79093853090629
74.02666362101087
73.02425085643621
73.00471479552917
72.14576805870423
70.93927162380153
70.26325928603791
70.34426685308841
67.98851689903617
66.18764791231409
64.38058371373141
60.97061422959347
60.55359516237236
59.071815225062956
60.36169908960538
61.34463125136473
64.11030558966361
68.60075458176912
71.77576383869174
74.5289153633512
77.4385417169948
81.75187409649953
85.03884130422719
85.22291112063898
85.51197258119758
85.18323608098977
85.71558303041265
86.34612026811625
86.28454003921024
85.99471107908325
85.77115457356322
86.49636843402116
