4
2
d
97.47730874779688
76.56355706361518
60.92246089770489
49.16727347371135
50.21922748595052
53.40995747810263
52.60657507862196
54.12159290170191
53.60777004861188
54.81282388772673
54.45153472338923
55.00721721163505
55.01880988936476
54.15050895030674
52.87523976243329
51.275728714835424
50.43018026803061
49.853791873836784
49.81622788012247
50.61938255788808
50.474607335472065
51.37100256818974
53.71134275977996
53.92020045174884
54.07973997482842
55.933572312705465
57.44709297740279
59.20978236510178
60.281465204772026
61.32506906457225
62.6927718990582
62.566188842649325
59.70788199354183
56.77353548125783
50.44283773199796
46.79359708277717
42.52394679938867
37.53926942147146
33.46463658937829
28.019027979985605
22.78626924813114
19.294842453634747
18.250436940273215
18.39407473810102
19.923639120987467
23.060886109073703
27.394554574493483
28.620635773431115
32.122964380932636
32.9033832306381
32.72747348197118
33.50417612086166
33.81879729832162
35.60861320214284
35.558746019174414
37.02238176669755
39.7217442347116
44.154113988868794
55.918720051138784
65.57806685109541
78.17905426534904
87.39545198028118
96.12580109529272
109.92807049630015
120.4797160723978
128.20145811173026
129.91942709857395
130.10085296101445
128.2329904641884
125.81610925494428
121.20547302090031
118.70548875610802
115.91893011637997
115.98826456923868
113.5736704990977
113.32912705198314
113.28186705323172
111.86303587247383
111.73986670939811
110.53904469473768
114.918476412942
119.78824240238562
128.70877436326813
134.99228907562528
141.67171231969164
147.97339056510867
153.18419968301092
158.6505795779762
164.86292138408925
169.4093494461458
172.04584387437689
173.76341548183876
176.86122079385504
179.7268436462213
183.29579228901193
186.67642020001693
190.4370447508554
195.1242037727453
202.93074192868193
212.2273205131923
219.10241391527407
226.3117649339891
225.95542546562834
227.36527469099298
221.6742547756343
212.9647662781908
200.55303619621466
190.3222541013575
180.546798783224
172.1275284575516
162.89312043905372
150.505032384154
140.43908916667226
133.21446805792976
131.47991630317847
131.14712677187748
136.96452363303231
146.45837199460937
157.98447756767516
166.6334121661698
177.91717915840428
184.31956641888826
190.8517510558966
202.6225937700386
209.70560733503604
214.69219138609344
216.79651391064527
217.00043633722808
215.8019832585341
212.4972652027588
210.89809319666162
208.4810677800494
207.0152324781553
206.4073132276173
206.5761380055649
206.1507909109289
207.26942873416994
207.6138550323374
207.18240107895994
207.4249842869666
206.96515303649545
205.30488294120707
203.68940624864527
201.2437662700133
199.4677358726985
197.90789798174004
195.19718082369437
191.55094375928581
187.05782249278766
184.9287701288783
184.19663875905346
184.21657008556946
189.68653223249686
198.77316974019874
211.3326744951061
221.58661702495573
233.0037153098787
241.56807888858634
253.6458391982672
268.939306874805
281.0290164206723
290.4277019397841
293.3980632542285
292.4783331513799
284.8507577169467
273.5144142989913
257.0591307233329
243.06836341751412
229.70534761935247
217.9948441698803
208.28705171881415
192.6688234524516
181.74665528825517
172.23098511854695
169.80539535691133
170.4214251912172
173.82480347194743
177.54935107726092
186.3918897278708
190.8730058333198
198.24665462192445
198.42783011753414
202.8480581825989
205.49216065570874
208.70223305138825
211.66494253437114
212.3605610326215
211.91047528820658
210.25429010491817
206.34650078672414
203.00757337531053
199.94789594782603
196.5582909928939
194.2458488022595
189.07023829543027
182.2984413272729
177.22290857386412
170.59752471032624
169.8427142626344
169.55004681966554
180.30965036817332
196.87147630179325
220.75062190714453
237.2921829240656
258.28290805196144
277.4738345748528
295.04915734896025
324.1216285431861
346.4553624515263
363.69781168952704
368.10661325708963
368.1826335928582
355.0870768656741
334.2416511356135
303.5606764548414
281.1440182551927
254.51319104881307
235.13411908794106
216.17049317397553
186.45753953950214
162.46182103658225
144.63756133461575
141.06246412702978
141.03131409283446
154.12139327480634
174.1117319435601
203.73397766466925
224.41627285071596
248.94884249377535
266.1757561628295
283.5437117704009
310.4325352974372
331.5868125170486
346.3675538888498
350.6470116293439
350.4301642495167
340.5398269075679
321.6648895013193
299.1702455068714
281.9632890026525
261.7954172139253
245.5880748833837
234.94595909957445
219.75763520329977
209.13886984420162
199.52564295085858
196.58291208493097
193.43488541111114
187.72782967774373
183.56121237762503
178.10801317709644
173.11410956145227
169.54737980173383
157.4703499833966
147.76396038426358
132.72273701183477
121.51164097435564
113.22715355917565
110.39286154160601
111.02014602309139
115.2127131281025
124.73976605044571
134.74305944685787
142.96297115108655
152.06131267883072
157.4039665841404
163.61223961166303
173.12732346745742
179.8479671553628
184.19798432798598
186.00061257933615
186.31527069716395
182.05913093449064
175.44766649090576
167.869387167523
161.16908328310663
154.70979610824193
150.90221157947727
147.9886532802086
145.15258013026437
141.9492385112218
137.11069432331155
136.932786571639
133.89103769871943
126.9981759916881
121.13847826974497
112.35411227450818
105.43383826967131
