12
21
c
231.7462226059303
225.94178859135963
221.68260834200805
217.3311054493668
212.87354285937647
209.24734637185594
205.86750611357465
204.89213765836374
200.4202509886918
197.2249557186014
193.26197363345693
188.06327445123682
184.35940096119975
176.85909833772698
171.26411929357224
161.7266024788524
157.13776088629777
155.58190051365514
154.11785848702246
154.07028802718204
152.62596387087817
150.99949096935356
150.60585529328404
150.94776441285782
147.69646049319124
145.4573473210103
143.21115659397051
141.3945887739114
139.73708193528958
137.45169440541005
136.19595846648343
135.95687493669124
133.40151679596352
131.35964248707134
129.90946777498806
128.24105604004922
126.1792654126243
122.50631819328619
121.88063640363939
117.24228178406051
114.57168596586543
111.04141699181038
111.37924554448351
111.0965907699107
111.54960936955511
112.37942463415163
115.70363525718322
116.0351229085246
117.82179820009013
119.02840541164116
119.26632306319803
119.82007670880175
120.36538675066079
120.1520094359804
121.40774909745625
120.41535115409498
122.46702977637044
123.37841530651298
124.23140763442689
125.27418065629976
126.44892012934037
127.9058128179243
127.69105297982955
129.6453775977527
129.98688374678352
131.73365512710927
131.7984499365846
133.05812744833392
133.75694210356284
136.52978614175333
138.29563595947954
141.11131254992102
143.08800257987406
146.0358537329527
146.81217936738287
148.86623693030836
150.3975671474025
152.91722493024506
154.2625106936041
155.28926913886502
158.16133169777427
162.21258517456687
165.2345298650951
168.22435464359472
172.38713076950273
177.7187745615998
180.37105537768338
185.48731580430058
189.3039452889952
192.4233412698745
194.68863388884634
196.44178042538002
198.5677939116955
202.6052166414409
207.07462748048528
210.4477213621836
214.70425867891322
220.46408475309596
224.94054211783123
230.44508467847066
235.53861817913096
238.75857004776668
240.61297550436996
241.78948608489534
243.37994889875205
247.07018912986686
248.2169819639646
250.7865284674667
253.46410177113748
257.7097054973687
262.8295427131853
269.2334176873111
271.3352008652608
271.7230401478817
272.2530822711939
272.53328426073637
272.73107449455966
274.51236312011497
273.79715463214376
275.1102282426799
275.6609916955881
276.2645628045545
277.7812668471959
279.61345707426
281.4954656892015
283.2979871884792
282.528709179385
283.21367575597037
282.17846818953956
280.5269335961372
279.7539820800401
278.40097042961787
278.0735961281708
277.3736132839025
276.03461773960584
275.26299194410575
273.44921339805325
272.6898372418676
271.99500746666155
272.59805282222896
272.98913068375634
275.8105623757344
278.81463176272445
281.16530756548195
283.48458360156934
285.4062392719788
287.5669282942297
290.289643745106
291.868501903969
293.494347863411
294.7556421226141
293.7914164445952
294.8306714239107
293.5187572890275
293.0888121917275
292.3244047702331
291.2225589585055
291.2175233940505
291.6108285935721
291.0383049744219
291.3258943313429
291.7536882382385
292.0228524736737
291.62873563588363
291.2981389716813
291.2606178744237
290.25562251262306
288.8164497694263
289.3433316388281
288.1296529708901
288.72303506347765
287.19798839889484
287.213012837577
287.4144577156569
286.7549095107485
285.58512603946235
284.6980402659484
284.0630746308112
282.268050433389
281.82467545095176
281.0829576362159
279.1154112806045
277.1443629392709
276.21423740267926
274.39264843010716
274.0263230232267
273.6700920003395
274.2242320555508
273.0537228156298
273.51919676118325
273.1158172028002
273.1149831195331
272.36186012950753
271.21879923858637
270.6163831741385
270.3129607632802
270.8695711309856
269.4517589003555
268.5973955745969
269.5537297930269
268.45241257608546
267.83204637519447
268.2040576160563
267.1848667678749
266.82303721661316
266.3694767673143
266.3670764827872
263.974760600429
263.44555324635314
262.01135817786223
262.4202278002279
262.3665803848145
262.2283779887592
264.1059756669169
265.33278957893344
265.3503146061042
267.12014312112143
267.0885364942597
268.8618046844272
268.88200882635465
269.5284892411388
270.076745851069
270.62820245056315
270.9212375152566
270.44484943436083
270.51807167998027
270.45648338440617
270.479151702332
269.77157222625567
269.2092464493374
268.66968658102076
269.1799947391604
267.8065738912402
268.0230457861462
267.7675350856651
266.73603242472484
268.59606967266814
271.50421655927846
276.18129147382143
277.7595843643385
279.7657244996778
284.69411859072665
286.8771737860826
292.4095246305066
292.77585351665385
293.0484843579273
292.95095463346826
293.8152360396851
293.9973122780979
293.8579046999571
293.9241018935405
294.33594351644274
293.51573977060013
294.27082607325656
295.87475814006655
297.5907666998713
298.7566305473464
299.1419099213096
299.34100010969047
299.57118974197454
298.7177851886723
296.2017258549847
294.8265814740806
293.98647964519375
291.76885519371206
290.6238404065934
291.3678419227626
289.3324968916972
288.06575999783655
287.3131371226293
287.81048124175794
285.44918111104715
283.9681993435348
281.22848700849306
277.27129153765435
273.39231143940395
269.0957706503784
265.92412667099836
262.7359814971758
260.537781993036
256.7278555527496
253.4812575961386
250.91024799561347
250.43089065936582
245.61174968263882
242.31571116739246
239.10325538880713
234.95286180245833
