6
20
c
28.395359137894904
24.505715010675186
19.053466113901397
16.139469493364665
12.404038340526386
11.754935793613704
11.557945071343928
11.178291766854334
9.829684912419106
11.434116185103965
9.134037780207077
8.798552302083122
7.217857456465233
5.588749040727727
4.151542561539124
1.2985194254448182
0.2547045242722878
0.0
0.004461560775030157
0.0
0.39506689673004797
4.001637635563423
11.020854879035804
16.18108196899628
22.025520575230665
27.837951018137595
31.76363244132077
41.70267550707919
46.589211313609155
52.231448221690634
54.43398655974048
53.62422615502666
48.785931503512174
43.76943759280155
36.001465735117236
30.205740741608906
19.62580340475051
14.700846133600491
9.403260555081058
2.218524822412276
0.4425196395025581
0.15129623551177285
0.17540280997354635
0.0125232271185039
0.0
0.0
0.0
0.28353017426412597
1.3651175798004216
4.120744931782541
3.789022275009876
3.9846458771929956
4.449129693288817
3.897719582670396
6.046178136835369
6.933810209995074
8.3014325303468
9.93713386160027
16.22037476990125
22.101771022596406
27.8616431424351
32.282014685286136
35.37787502462654
36.40603427119109
39.68784918291148
43.75113993681531
45.562764727958985
50.15167789398258
57.18476507992409
68.25202737267347
84.69569405738604
97.03035915518296
112.72424028241663
130.68561918369448
147.3578257334586
173.3254894984505
194.1797327917022
209.52299573562988
213.4563357390214
213.20916432549888
200.40541128409652
181.69370893612756
154.1837131947171
133.98947969326852
109.93258546814585
92.90686890199393
76.98999069144254
51.053030221797904
32.939476298726255
18.778861731472137
15.618935601764914
15.285698004026374
21.160430339510526
28.93243292693002
40.86414714146053
50.34979661535903
59.91144905974324
64.9690936170773
69.081083551798
75.55962846784853
79.87980220750511
84.15698619543825
83.90652492214184
84.5224695889498
83.60296932998241
82.67232801549567
81.41043200935493
79.81434130251617
78.12800442684234
77.88591608721876
73.74140929966714
68.43460925718368
63.58057369607358
59.68691144516166
57.23054203426206
56.712231682067525
73.33192708242832
95.83160153560713
132.3290810638251
154.49424397581328
184.33636203326705
220.59157209626014
246.82645804663076
283.63206533581115
300.71992270122485
308.62198695744144
311.01353079923706
314.33560953825196
318.45534745061536
320.41053270920173
323.97890608256296
327.10273196732993
329.94231306563756
341.781724418479
351.42195011672163
368.8679292324189
383.3660753232152
393.28659649788784
396.2361398160044
395.785451466309
384.3129270935458
368.3554694302473
342.32311551460106
325.79695153060146
305.1672279118737
286.06924304905164
272.0394332261565
251.3828463210069
237.68775330328924
231.42243856960513
229.50882963884354
226.371984309802
223.75115159297582
220.65014406386408
217.05740798501967
213.29568536747257
209.4634792761599
201.5860380568226
194.36052030972857
185.33840847797512
178.8002408872852
173.251613760387
171.37162255846374
169.48057196306658
167.37643050452397
164.70481302688026
163.0460251809089
159.74133201707767
156.1053867999958
150.27101977222077
143.5996218668494
133.32888539809304
126.20782851872596
118.18329812641754
117.83676729919748
116.27293765257801
126.19529834835186
139.26631363347596
157.8612451033217
170.8221214818588
188.5837208232921
203.37925912794205
218.36235553509178
240.57991066715283
259.7408443199114
272.50473589446585
276.4300414317077
276.62822173175505
262.74215401582006
240.12595109237998
207.62227183193795
183.1634796373511
156.2930200723614
134.327129450461
112.12181550254243
80.66661868041349
56.427341603743486
38.18281222122635
32.93032495059566
33.492395853516705
42.83235901492768
57.929836812498436
76.99909480201487
92.8613973762054
110.5631141705236
120.77185360622461
130.7106831936608
146.69659235132445
157.6112360085445
166.82590245173137
169.5589646167647
168.37298502133902
162.8267876101586
153.24100718271103
138.61539563936648
128.48086902991705
117.55938085773276
106.69132814529036
96.05681449001943
80.59629902278837
67.14348475146691
56.79481299630734
53.07346114207459
52.49801387413613
70.78853204347513
95.92730990227568
133.26712700159493
160.14409255535693
191.92604556824483
218.8083751647679
245.52421339870247
284.3112034120639
314.06172884538665
337.662450350449
342.7007291570905
343.0528148235755
333.0119006523071
317.41649279193507
296.29391541317534
280.24665980344554
262.571699767601
255.48466489029684
251.7996731298177
247.6621370431024
243.87506717663942
236.0578166986084
231.57748431504046
226.72692835352575
214.51152259379668
197.90787945049576
173.12709371175887
154.56199592595885
129.71705546389728
106.07801304016144
84.71022676091607
50.85401348770127
24.917656622105074
6.246730479488703
1.597876007165607
2.230634593029101
5.568322578326053
12.085046159305609
20.60007986008884
28.51160874474994
35.89022051687748
35.053193431541345
35.796035786601614
35.44728357506986
35.188020519791365
35.32204570789121
34.720885806640624
34.17708589402891
35.01688493916711
36.67062193032622
36.790025774121425
37.686163273822416
39.2648850503987
40.02553415771889
42.040633601019366
43.00894414278218
45.41656463400307
46.31431375867559
46.59629404442632
45.912663644322244
44.89517730032075
40.33598942094265
36.30892414926989
33.0684480569404
