4
21
a
119.31550073851251
116.06238434414341
115.47878112711584
115.0081411694395
112.85719064864065
111.34794499614601
110.01169473900005
109.24905071975077
104.58842066919559
98.84193351003434
90.12692722738429
84.00586104774256
75.3980640247303
64.2851562807217
53.565985417105885
40.865403552792294
39.22926245420351
38.40963997714529
37.86832729319614
36.30148593495751
36.813785337430254
36.90242109822393
36.18376639808181
37.04294027558678
36.4190062401563
33.03061241067407
32.37171230393106
29.139717105830208
27.503186897563666
25.432947721983687
25.545703534131373
25.42423999370749
26.2218715942325
27.699013370356496
28.933038033860523
30.635695531392617
32.478562418327044
32.6199552674085
33.282350745851375
33.206204255715306
33.3131034086002
34.6935995477351
34.72664926115087
36.50073284655995
36.87865252031577
38.76431959606218
41.84635358863957
43.77638765464935
46.68799955921906
48.447877466804265
49.98198211942797
51.529915875519684
52.29120250383408
55.08281522251371
55.9194726565929
57.5233530209525
61.39856273177463
66.79492267556105
74.37881615991661
79.91005588981287
86.25863070626717
95.56474692175783
103.58279047358137
112.64472897172602
117.40035180563027
121.22072576436942
120.20140200176651
121.94991827602021
123.6492526198636
123.76592936687678
124.08663942232717
125.08992801237765
126.6914602224845
128.51449700310476
129.75545749085757
130.84144541202988
132.51075351666833
133.54325987938827
135.76860811858347
137.698613323909
141.0529662866024
145.1598446447985
152.7813542452228
158.86257915045329
165.6300835280453
178.76917842867044
188.76149015308684
200.14707993212775
198.76753386800027
198.4837900500013
198.64543698954432
198.35706979671085
197.30001412162645
197.82155891279032
198.66159388846657
197.66016044494455
197.3138827121085
198.50151449847814
199.05526720338375
199.05062946398505
199.59193823976923
199.85079804552274
200.45500604267798
201.42291975365694
201.61305636938476
204.7747135015426
208.22568808751143
211.7129989066542
216.09436028826607
219.6699374824102
222.4347962557012
227.72196500002133
232.9656639476644
235.59937508984856
235.99427532073804
236.01847316616505
235.52513729022573
232.5876794214259
230.85176410586283
230.07169374783504
226.66604857544303
226.59275513277208
225.49314851540902
225.30677669677576
224.19289301953765
223.51201574613887
223.30610824705553
222.98067486239694
221.51007964108763
220.52142820671227
218.6993460083593
218.01910415188675
216.07429744035744
213.9459411278864
211.81728804895957
208.6195545193761
205.1995528315409
203.21456450768363
202.67855362685793
202.50108225220356
206.08904227244767
210.35614157259596
215.77567536901051
221.36844665838427
226.90275850158983
230.70085765495034
233.48822328359964
236.48244838097298
240.2526673082756
242.93918082761243
244.74478327627867
246.77288608952165
252.2041309593554
257.0676755241313
265.5067262060763
269.94722278371177
276.7676661309664
285.14486514143545
293.4323020804752
305.01097537586827
313.780116967948
319.8928639367389
322.1827820119896
322.28865243837106
319.6963597138677
317.1039509506174
312.8821985579629
310.1720187392274
306.0052360397061
305.0726816957685
303.0651886378271
302.1476585744847
301.8638464937952
301.1870755370551
300.1234277486221
299.4401225800164
301.5193200605991
302.11496067585676
303.7540757032947
304.87798106562013
306.57286789610276
306.02392566118647
308.2955247827817
309.51903373067177
310.86333185742666
310.8196441593979
311.75451490988195
312.194949443602
310.3878197350701
309.41598659015995
308.07190743875384
307.01328335539847
305.87127418293323
304.4354415677632
302.9868049780487
300.44739386467916
297.86821339520276
296.2665699676551
294.5154832694157
295.23243297832187
298.9583175722261
305.40123371007394
316.34354762467126
322.7385048419569
331.900211359549
340.2888513665585
348.2301698163418
361.41350923468417
372.6727262544624
381.0351258238249
384.41647295825953
383.2497513558654
371.85233636885965
355.80847493265793
332.4420363809869
314.80253845744124
294.1528487159486
261.46181443425434
235.52843786793258
214.46772833605186
220.47317491789462
222.6219064282504
222.9613430350199
225.2904926279552
225.01324853493998
225.97012558985406
224.59094875378253
224.92076991607146
224.9900490621401
226.2503634975169
226.32511759894908
225.65566101210777
226.15597998463932
225.26813428986478
224.25124447454743
223.81552895913666
222.3424930565374
219.73168479451078
216.55537103494527
213.30472794422639
208.59564234498956
203.39311729269178
199.16554512399645
193.70453229002325
193.0855812137778
191.7873769769348
191.27521682075863
191.0028368031626
191.80351338614133
191.7133764362019
191.15156446552677
190.10854796203515
190.317106649
190.56658919080633
189.78363591510794
189.8160223105641
189.7827815212078
188.83897089108524
187.86581705296663
188.76788186532397
185.37434290916775
185.28559854999705
180.18117959387902
176.39294290494786
174.04338075314016
169.2333920001769
166.50829388335703
163.0189608902943
159.84542447349304
158.0236420870873
156.75312367425857
155.55972070147615
153.10761253101032
151.58929411067456
149.1798017443037
146.52180031815527
143.70484807743193
140.70604330256907
137.58525389828935
133.50914885982047
130.84706586894032
127.79055992058609
127.43870620172727
126.61583051334223
124.59044363764893
124.19389355720365
122.42266186912438
119.87027726473903
