20
27
a
217.38842329230823
217.74784001726198
217.78876603094096
218.36772502238432
217.7402633967498
219.2015996623642
217.68126445761635
213.00394528420887
208.73035702140015
201.00346922184838
196.07411033890125
189.90857952667628
181.42136855235407
175.11836693727986
166.70857419941436
162.3770885491966
160.36179127025335
158.2806718715314
157.82867600650135
156.24167797027707
155.87430757659726
154.49272518141873
154.36153362692295
152.44465149211194
150.14280905577044
147.36539681748917
145.4114017521976
142.6642098323929
139.88993900775625
139.48776894089409
138.51019103259335
137.17853831635028
136.2204802605139
134.1971976339822
131.9104626431702
129.45398117996902
126.8436084882748
124.9036303032807
120.70689229335086
116.32795669028884
114.13843534820153
114.53349583849003
114.39934720784865
115.26344514218064
115.32399129635704
118.33842304319323
119.43480610773113
121.39570532681535
121.5775538992919
122.89743678068992
122.58205649120127
122.36890767834528
123.6930662089825
124.62386993302039
124.99995911604515
125.91609486581783
125.8428686553203
128.4219269501836
129.42895273804777
129.70679034679134
131.16445816957142
131.76129330984557
132.7125366852139
134.08628171980615
134.0976079312883
135.2892389313522
136.8231841812685
137.1849845825957
139.13180110662748
142.3951028973666
144.72718175536045
146.65138533131176
149.0290529440387
151.86787529258038
153.1699056861935
155.33564131311635
157.0284236121967
158.28768188323056
158.6567927776591
162.88011431267788
165.03577276741052
170.32893854314986
174.79159418555378
178.26821218942564
183.5125120994411
186.0091624212844
190.96074541653832
194.3407905599253
199.11782037899755
199.61594951855287
202.51986219433047
204.92474310316763
208.47162824477275
212.72665542685826
216.3384699323484
221.05017510219778
225.49544247628808
231.42488081809356
237.44301102160352
241.66000744868717
246.13488612174336
247.49604119603768
248.68921913956336
250.22656578271864
253.1584064641095
255.77299802958396
257.58935914915344
259.6245519991022
265.38079380230073
269.50268348572985
275.33586112880676
278.6789404842928
280.75680318621414
281.0058550726481
280.58796165627297
280.38850974562956
281.6112315224406
281.575474468318
281.4082607787206
281.9034320458876
284.5212555397273
285.54598472975067
287.4724234597606
289.438603613315
290.26134925969257
290.82597781930025
291.5357713938099
289.89041937361543
288.79302995905374
288.2933386735884
286.4396148257238
284.5534857481221
284.89546601089825
283.8898766903431
281.97361525140946
281.3471087435927
280.2108940622231
279.9233150791611
280.18543026354365
281.1496519633475
283.2869132034646
287.1073045078131
288.6208953450898
290.61950798731897
293.49442128242737
294.9278596670174
297.5383081163124
300.409587051087
302.4433417078228
302.77905219656145
303.07347943113194
301.9414088158979
301.46190304798273
300.56932753323144
300.2444438390853
299.67149058177097
300.1038237133806
299.27301179577023
300.12628898706356
299.05449161724255
299.94090204775614
300.03320617183107
300.362358186585
299.5129080410059
297.9473933897726
298.15937508051496
296.89425623366304
296.4342274169745
295.961252344223
295.4983671897106
294.819880799484
294.3194698675099
294.373573020402
293.8094768260663
293.370178100319
292.7543010875877
292.37778985698935
290.4330754809596
289.6441805789296
287.2498006295647
286.5927693661868
284.6190015882682
283.7600364620402
282.4834104623724
281.21045116046605
281.1327190271671
280.7381602824916
280.84917373625876
280.8143720694262
279.72165419102754
279.9639122877314
280.03547005685
278.35311646505465
279.01022348715975
278.3967286313901
277.2469888203994
276.76329305771156
276.23079968224744
275.0939575832524
276.0089705434376
275.63631548128865
274.7500706640352
274.5665328997402
274.24734215956016
272.37910130691205
272.82770010317626
270.98389481689503
271.55893784064205
269.98131166602093
269.04623622909673
269.3861446582441
270.27859422293307
271.72589328767936
271.4869939912536
272.57583983087466
273.80957095462963
274.2313819236278
275.4003014771684
277.0216565752841
278.00607270501143
277.2185666979582
277.67497638420497
278.42303187321204
276.81274800879646
277.4393573737762
277.89570687573365
277.67464128490235
276.9630538193844
276.44533261291866
276.3117314306042
275.42686746557433
275.0491867919087
274.4937405687865
274.14016486103833
273.6177063737989
275.93358401982476
277.72962535297324
282.9372675561664
286.3948345518943
289.0210602728299
292.82862582239085
295.66194940512634
299.60788124164793
300.44982626883996
300.89123935571786
302.0640142704669
302.0153288689104
302.1793184055311
301.8778414816041
302.30839128148506
302.34380324301713
302.376597103861
302.99163040216786
304.5796831401072
305.39257354025426
305.99278236676963
306.55647222826394
307.7155323291037
306.4241959927073
306.69421888791106
304.7454238224099
303.0548144675393
301.34602169345516
299.2424971777595
297.6942790566702
297.6463095051204
297.1411089136008
297.0156117560634
294.9856044282044
294.170190159868
294.0019855829521
291.61603511559485
288.66970855391054
284.6247235075915
281.1400306071385
277.3654101726616
272.8174266332868
270.5927558008936
266.65281781510146
263.66973663157665
260.15863619239695
258.67038233154676
257.49865835905797
253.30462014520083
249.55158231571625
246.04742800506344
241.7229613704877
237.4494235077112
