4
12
a
209.92487330408133
209.06459049422108
209.9653455343162
209.23968026934114
210.83140658970237
209.91336701884728
209.5963874529886
202.88124064414154
194.56148483119745
180.19668112305564
171.83001067524717
161.45515308758445
149.4043368966628
137.88083390130058
121.28229971407583
109.63568487664449
99.75947837291532
98.39306683245954
99.42120876068891
101.27621109819914
106.37754183014272
112.39124075239484
117.82162390199574
122.0705485967434
125.1409047471158
126.19335959912667
128.04756246040225
128.72246415629323
129.87716710758846
130.53427632450672
130.6911279402872
130.29666394313574
131.58077455995848
131.3773997181918
132.22895274504455
132.80796680370705
134.23536201525525
134.02416717965315
135.2195255166917
136.16047025278297
136.11254238717999
136.212716217332
137.0653732300472
135.95843138760281
136.97381415645708
136.6928515628338
136.12665019761943
136.0647490754621
136.32751678458143
137.4471722811771
136.63778280115952
136.61215928296392
136.6028542205661
135.8750720689613
135.39701686298716
136.79044492889193
135.33331732918248
136.39110493931264
134.88097487916568
136.07816464587412
135.8363805191545
134.89881915210592
134.82498744126843
134.09917011161468
132.95851044183723
132.23308491806011
132.60897759944794
135.7005688093363
137.92432040018784
143.92931780142243
148.47086180800724
153.26320555399587
159.16460676512915
164.4729428676231
170.91557252456846
172.04718324127097
172.11388238311733
173.96646075452753
173.33628068185365
172.97607417839745
173.2226176084536
173.41898061247386
173.77948310954838
173.43006050412777
173.56610974860047
174.21419794503413
173.45881705095965
173.7842028433395
173.86684511075777
174.92946637306483
175.3132777458275
176.3457969150714
179.32537049550066
191.36034870981047
202.04398855486042
217.2669960632207
227.65492742715094
237.53035398104976
252.7756193126914
262.5373092779335
270.9132161195381
272.2206507862329
273.36731006455966
271.3453847508327
267.5639531213054
264.23200554682364
261.30821021209556
258.5801837012854
258.4278257052176
258.40563507967227
259.6692499419991
259.87343714064644
260.51615687827547
261.52671969461784
261.29087728307985
259.2024556375243
256.1369591913735
251.923179804072
248.7184561657122
244.23158701099328
241.3459853039763
238.20121350588826
234.22580652642395
229.34894643366772
227.18120351852153
225.55448939106398
225.16329878508563
227.21647440617645
228.89586246423664
229.00951745632614
231.24093568321567
231.29707272668097
231.5755561510199
230.10328835062344
229.68032035416888
229.24862353755046
227.86603787113745
227.5129817048714
227.33809947525737
230.37253205439978
234.76752598959905
241.88484903696977
247.17786392939996
251.83681703149855
256.6137003078952
261.9673909870196
271.0179299424028
276.4084858022662
282.1676386843777
282.11103893125636
283.36450437818485
278.25722581172516
274.47614194152465
266.55040002973715
262.8245582752299
254.67980901471606
249.96439724033155
245.46285103164388
238.19955397611182
233.3862855889636
228.44963436787424
227.84979409903949
227.33681097552963
231.15526157830047
237.62839318726486
245.53058288171815
251.203031680637
258.17382005459496
264.2475939638218
266.19640126822475
271.1342054404004
274.5448281926066
279.63640446868635
282.11881377564094
282.22709639983987
287.5711173016313
290.71868615565944
294.82538143011664
297.8251912969398
302.3548336084195
307.40559492167796
313.914414409798
323.1259471159028
329.90898027056426
335.35225782951085
336.684363272934
336.53302974819195
333.9155526608054
331.2795593134687
326.5239335038329
323.80195961167595
319.1909191508652
318.11816061173835
315.7190631537365
312.74807459568433
309.41506213261476
308.09641752615624
307.3569219105736
306.6429655881339
310.03962414551023
314.02195156951086
320.25523828913276
324.2726925936744
329.2885664745895
333.8835380665359
338.88626574930765
343.86760502085747
348.91689167885505
352.87698525495273
353.53017308802754
353.22500782662775
351.00701613624733
350.66115830903965
347.30661351075065
345.0251762551272
344.00140379688014
342.7538898273504
342.71390434620645
342.56243612128304
343.077550464537
342.13910373579
341.9749615508548
341.43350404332136
339.2304302924995
337.35357151907107
330.8793987295372
325.16331215926544
320.5542785629099
312.37133445538024
307.1865992154053
299.16748561594164
297.73255347818895
295.49686887931045
294.74133134026704
294.97508122988387
293.87109106223835
292.9033102129892
294.5736364112987
293.1509872261917
292.16235804620595
290.9340196662
289.8609726758353
287.7257806875139
286.2341478497363
285.5039176994378
283.671576086717
284.26868553931655
283.4068729119187
281.5843082470227
281.31153779051624
279.6398215552349
279.41780397784925
276.909886226539
276.1088537924054
273.35076946988124
271.04590279910764
269.494355843072
268.9165655943604
269.59974358842834
269.9202247729138
270.115598227139
270.56756772251026
271.38459412817673
272.08639805069225
272.10623840345266
272.64391058113137
274.33562299899717
274.8670726556638
275.6145954214552
276.05045948026276
275.843978965455
272.15026622205784
268.4801168768106
261.4034222932134
257.88448967504644
252.7117069230053
245.98592111212238
241.98347506186306
235.5585501943696
231.94316742626359
227.59828292695005
226.57626441565122
226.0457077059507
225.1193102685918
223.47297134869714
220.79810379725845
220.16370896664708
218.7052184079287
