9
2
b
13.203950895568088
14.152278131300315
13.450503661821228
14.164565838690557
13.308015954622281
13.8236051201738
14.822213020639358
11.812634494157079
11.833467690833977
9.742320070286606
8.879889363667875
6.730723198370065
5.630652174589689
3.3645516876159065
0.7010918875616593
0.0
0.1984066549419241
0.4138076268960523
0.01773331224520524
0.04326365824344299
3.663604167943964
9.6660783860112
15.195300310374865
19.759127355091167
25.93751803784113
30.33117241280565
36.88435664938777
43.41194263288698
48.301283596451576
48.28078647141913
48.55629336678616
46.27399541112916
40.21848929457914
33.110248892490056
27.312856783417246
18.14927979617384
13.42617953262244
9.587557498641182
3.5972586588724624
0.578729598231796
0.018645321328360078
0.0
0.0
0.5232140730582143
0.20664463317786352
0.2743132550470551
0.8004504334622304
2.0907117543276255
4.282739059757358
3.6669015477267255
3.6825712605357106
3.6738458179780276
4.840401978793705
4.547204851518569
5.359338233220483
7.627542525247294
9.399564590838148
15.947843205275758
20.785865493538857
25.749233823770076
28.92166960045478
32.10232551988012
33.94914040040446
36.577530402805195
39.97286053772063
42.2154800325334
45.22986749769596
53.630085007596385
62.06557407893712
78.78200707366426
90.16194658256131
105.05989571291691
119.97109176004422
136.71418999237892
160.27284917408264
179.2766315359263
192.36847910344108
197.6056985592193
197.03582200821904
184.06214560439187
166.33777262240935
142.00560584967738
123.3355683210832
102.29181339747981
85.74875573751282
70.4769749064305
46.617180803270045
29.36166559664113
17.016705632697533
13.553074309032368
14.316588495149942
18.745370691875177
27.527388389326305
37.6083782867519
45.961595650721975
55.80106571554021
59.53729058716282
64.1463965613832
69.27465590158964
74.29060054202952
76.67456837681216
78.70548432425585
77.68392514197453
76.50722395265451
75.76115589355904
74.16576899777921
73.61969909983539
72.47622293011958
71.49800556513308
67.24727691086117
62.81886293098488
58.37246026987006
53.8488426608506
52.39514901953905
52.60535071330063
66.88278932213976
89.15863325081419
121.32261585064349
143.26523630389977
170.21412138766792
202.6418545941909
227.7790308882463
262.9106166579315
277.3103420477575
284.0398640017233
287.33761246314026
289.65338124011095
293.1173103252843
296.9319281674525
298.8603753513297
301.0034560832208
304.5515820698758
313.5766485641716
325.22378995456285
340.69946097943944
351.83110668498546
363.2676799954323
364.5103078756799
365.1150254572875
354.67279209325267
338.8400972854427
315.9716845927513
300.8772849959262
281.2710926110257
263.7426281870404
250.3269986534231
232.1728021481571
219.95679925750335
213.58325706501407
211.0838248222859
209.44386609318317
205.51497343237102
203.0250599358603
199.78608816691107
197.13073844555004
193.4796909679387
185.10754706670718
179.22029064277316
169.83829274210606
164.5820060828003
159.73696111475553
158.4495221515951
156.84996648017685
153.32330566251784
152.24478521407778
150.5310295365822
146.87039412870007
144.72532286347464
138.86416929923243
132.35785660647161
123.85663359610281
115.2888565580082
109.89295558404721
107.6612977084222
108.01604476546986
116.32632037708011
127.50849696815095
145.46708169562248
158.51106205537116
173.2264584327171
187.3569852403871
200.78601477816014
222.1408576602655
238.7936828803369
251.20045968600806
256.30206667346476
255.9044433765515
241.2503815594649
220.94046368429932
190.5736279608533
168.65475805145033
143.43229918826853
124.10208961578604
103.54556130878511
73.03949319559703
51.92366952580576
35.112760723869705
30.727824193497803
31.198158387483264
39.0735090883507
53.31576238382752
71.34892357621086
85.83619533734587
101.65464872078478
111.65460110281097
121.14922292258129
135.40013977784545
145.15060106618384
153.78547003136094
156.52672006109472
155.91645991087375
150.4236253155111
141.2024585516162
128.153279301514
118.7064692617288
108.01871902993679
99.60195815655942
89.9462162511449
73.8027384735547
61.534991609687665
52.923444513494495
48.4640810027996
48.71354561593734
64.72028783339839
88.57411531060602
123.85270645698596
147.61227882377335
176.44607942244212
202.19873024422373
225.40754378090222
262.6603969973686
290.2624466881591
311.4923069662376
316.33101298653327
316.2572518291919
307.44127324354963
293.17376600461387
273.79377737282516
259.08664232430937
241.92222274526972
237.1176466413553
232.07707584227242
228.93208070943052
224.12968595166893
217.74030401794528
214.45237478865874
209.16943035115386
196.22892218489804
181.34976201960566
160.5229921271528
142.7228071098755
120.51523970506467
98.47403174221469
77.60894537648528
46.26058053148512
22.547756737445685
5.304962006043419
2.034002358745383
1.994743680266706
5.790971241948981
10.865541011340648
18.5412277534724
26.59119542152059
33.63229673201696
33.40284035013746
32.41234666991943
32.53961214079994
31.062837997296906
32.36294017323375
32.594221230073984
31.823378311111536
32.21429898727795
32.72800986538022
34.645611112356036
34.56404502740236
35.65345690389655
37.49257474993701
38.83408135906705
39.745864186427
41.78854606163953
42.9869722011026
43.4557491359367
43.33535355478318
40.07291575701111
36.43116677061265
32.356494749396944
30.27445273807147
26.502775698500553
