5
12
d
187.66196787723626
186.5555471462697
187.56884268049282
186.7278103404108
187.03747168750698
187.28779668925978
186.34136094211573
179.96092069129097
171.4357381572424
157.82930343742774
149.31923427565712
138.09886440479278
126.18650718812597
116.41546009253445
99.62107294092662
88.08538416608683
78.98020662003461
78.24432373731466
78.20905209639676
79.78393765037939
83.71943578557678
88.73925575864352
92.45572100514647
96.789403647748
96.85689452186543
97.82408560762084
98.16753454683393
98.48985304753887
99.1080546824657
99.29123376703731
100.76153407757002
102.00675692435671
102.48936613334358
105.25611635916887
104.0043048303402
106.30745080815989
107.80383404068284
109.85216505357019
111.67639118975963
113.00288335838665
115.55633111731255
115.99212042222437
115.9907632587511
114.12765605358791
114.08384671453236
111.67856258359872
111.24393526443264
108.88122137758842
108.85099894254459
107.80224270037695
107.79177512728374
106.45464435880825
106.64263557129706
104.87415655204322
105.91063034619411
105.21448375751669
104.89712013381809
104.32408184790131
104.60055642472321
102.983351061647
101.62928270874916
99.94082615818051
97.50676185944982
95.91726467879352
93.31680873691937
91.6641564925261
92.51755580931021
97.83254158633946
104.85080172950612
114.5735865861083
122.82731942286233
131.1507849277534
138.19978988056633
143.68260736682956
149.26606197233698
155.10110800960393
161.2832731464818
164.20470586506877
168.17092748657635
174.08767789844947
182.18321153200822
190.33632310404494
196.7063560135044
206.0401989881077
216.89905208011203
228.1616123209752
243.27095232743142
255.68043911462564
263.55863478130124
264.9597129970376
266.1195143661127
263.5631080955983
260.17528706378556
254.84891797782848
251.1350607681915
246.26212392929483
246.33570583592922
246.37781701647086
245.7600370164653
246.9354574066691
246.1553763819992
246.16282553550136
245.2123824907411
242.23701129181936
241.46777993786853
231.20782886717274
221.1128347414636
209.29854489341497
199.54527530508858
193.11804096176962
179.9804441036285
170.02365979586034
163.57077149719638
160.89842568171042
161.1867426759662
163.8401851554983
168.01169115643705
172.9269077153734
176.86305480982557
180.65797931586172
182.86219611018188
184.5418675678393
186.89780294436085
188.36115428251674
188.31996291057774
188.63964077987472
188.5130644326391
188.79074895412873
189.68168395421398
190.36684455791374
189.75667964815602
191.40415074841786
190.9866202076995
190.1160127417168
191.5583041481054
190.71862676986612
192.09306499826042
192.72591075180736
192.80184464210225
194.73285982705858
195.44461316073975
203.07057039879916
206.5661140655793
212.15762516184398
217.12426709308792
221.3677935822644
228.51551057094943
233.24595310070248
237.3118982445967
238.216426127134
238.35936384487172
237.640449436967
235.59250858127047
235.02047320822723
232.8166747194532
231.34307407079652
231.3299194250542
230.251200566409
228.8348277635068
227.73006747949836
226.25096856725312
225.84308218763368
226.25110826182257
229.69861037631182
236.7941953482139
244.95068179795732
250.86499834192486
259.5605411723317
267.58972339533767
272.81841685398587
283.22327232778713
290.5602506862426
296.80718161403547
297.8614660294671
297.4555005735732
296.71834906935453
293.97266175581797
289.61359202550847
286.56438633649105
284.4612879676596
283.45899966725693
283.64373797135335
282.47487289160347
282.1440169904125
281.787213814268
281.8612183334808
281.0016199134546
279.352205368908
279.0744243265583
277.2001575243766
276.56016271553034
274.97908761455676
274.2724774723423
273.56506257800373
271.7427323310827
272.21697196672017
269.99917056818305
269.32673156395896
268.56896983261873
266.2028143889839
263.59412732471077
259.7877303065753
256.5218840416885
253.14109379591636
249.79517736416378
244.55298011308767
236.9145948965403
231.6412215728434
226.98844817644618
226.7571462790466
225.73744248458127
231.67593988162523
238.20050839410678
249.35237999156814
256.49198335927554
266.07973280622116
273.87453589948933
280.6708586699705
291.41717092753606
299.7621857356778
304.5621816216245
308.02065239321405
307.355930985205
303.2911221518138
297.9071171106646
287.7117536598997
283.47581092166035
274.8737614517026
271.23562837982234
267.173419432327
262.23516508577245
257.11971901642625
255.0789749164417
252.35996397045201
252.2937521399464
249.19845266585025
246.90957367853375
244.83381864211893
242.35094955179167
242.0977171695031
236.21130059702068
232.18466460170316
227.68221493399318
225.2369173523797
223.55114210343888
221.64894426944224
221.68387857394555
219.4196102224732
219.11422615974695
217.5052326890456
216.65348467976426
215.43412192222968
213.55486802517598
210.22443679015348
205.83452244597726
202.43861749018873
200.58208583220036
199.93347218966517
199.47661642204602
203.10245744369868
207.19179818602484
213.92043001991274
217.8751983637777
224.74422744342465
229.08011569211342
235.68032410069262
242.82552579579107
249.05795354571336
253.89074773624665
256.4637213323579
255.3895972415691
250.6244601892231
244.76119321717013
234.12619111685964
227.23315271997097
217.77594673435732
209.03978235451964
201.9841862894947
193.23450431344773
191.30818100606876
189.19936506566563
188.7528519847502
188.93691036639697
188.4806621408656
188.05111815660183
188.76566202691467
187.76044765048596
186.71178379443438
