24
27
a
81.95151882843497
81.33035176802186
82.27464888922529
82.37482004066342
81.80791047934713
82.01552246502892
80.69179943224704
77.20563716893695
71.99834144578527
63.106952196499506
57.528838781617075
50.30742418340531
42.24455042749041
35.38033967600485
25.213187114455902
17.39203387973746
11.807165944807345
10.93330325191115
10.648675476787858
12.364757804344967
14.262697424928252
16.30172977083523
18.86987495252444
20.596055893352275
20.34253617718525
20.52963436626318
20.437823962450796
20.686901084816167
19.868669032570544
19.53419028142749
19.139969822214617
20.251799717990934
22.479678591631735
24.69032050238035
27.001490619367576
28.20229571338493
30.45877400410373
33.41178854908899
35.488976169446175
36.82486663870941
39.78043898515231
39.91058374485867
39.54418302602291
38.784395299897966
38.383461961428004
35.72249767388076
34.68040403490735
32.96077700625031
32.56458145330882
31.201274709013703
28.16935691943754
25.7161244722194
23.096296615094552
23.210675257362837
22.562637248778433
27.828624334266404
36.17470790917238
49.52255142947532
56.607839160384316
68.07501239748362
81.42647282494394
92.89850331742846
106.00368416001086
108.66319623951722
110.24388667633384
110.17283938177623
110.51461188522887
110.73357409211359
110.94699815690794
110.81184781075349
111.73123070180252
110.93406975316974
113.7699202139118
114.17371723688983
115.98830381805666
116.92281087766052
118.46479536385232
119.23212936099549
120.07566579508438
122.37394985872947
126.49649969608942
130.09656185353492
132.52729250667585
137.7067754469008
143.01884790679657
146.94186282434134
154.05090984524884
157.64257466724538
161.53978195184786
163.10613967388173
163.0088912880981
161.52623653276396
161.2305481296333
158.9645873242788
158.02103948569209
156.89306103756965
155.39871214280643
155.56750186025474
155.40888853875694
154.4149047561976
154.10176106932028
154.36445774334203
154.27479827709223
154.9562035840843
158.08381670269054
161.41480275071416
162.87880988953023
166.13227151169454
168.69495699340877
172.49906024070322
176.19292042221844
179.7444086191594
181.023740690979
182.9332000495247
182.10185201429326
180.79591630978402
177.11812979092258
173.42893625996132
170.83547350677821
166.5748877592408
164.5433636504986
160.13227503517072
156.19982492638334
153.5811607759626
150.1941818048064
148.87660695172028
149.422133717954
151.60011858930355
156.44652143744844
162.87886949690957
167.36241741470573
172.50584636998042
177.8248988762635
183.46772626542779
189.4970269222635
189.0939391754387
189.64897780307703
188.84645350549872
189.08783713575642
190.07138042391787
189.94881658228277
190.33499895863844
189.70471095649378
189.54105681405719
190.46940868020667
190.61348019332908
190.07796106936863
189.47669331925638
190.14469955772446
190.3926371750401
191.44213103875052
193.56061805923866
193.96753111632097
199.97523803205306
204.10262715701882
211.32129326604533
216.30571618657464
220.61968555211539
226.18704016090524
229.7710709467386
231.46417320292227
232.0725991978663
232.74536605280517
233.72768903477655
234.58283736390965
235.02503744959307
235.84920703566226
237.11889413678745
237.98787092819438
240.03617475143898
240.84923541500194
241.1471976958255
243.54458289447936
244.16934864654544
245.45401929273444
248.1094533928768
249.8838005155155
253.75165204518578
257.2431273960235
259.59763684721923
264.5047469605526
267.4611773186289
272.5710700138573
277.8666190235235
280.4615957685627
280.9487760336174
281.56550261179734
280.93135991309634
278.3691897805792
277.1426436126151
274.17735784796724
271.8978585931774
272.36623563759633
271.8654073210424
270.15851962950245
269.68283866252784
269.361939317714
269.5880915772131
269.26585573367754
269.4989709635463
269.350167997914
269.34605621018414
270.8129435302806
270.8487370037892
270.82640565562184
270.64855655680736
270.9028849447328
272.2768531637834
272.35723528321665
273.30918753419576
272.4230151819281
270.5498693176592
269.06682309741194
264.4948094302254
262.5836222049398
260.2293955542819
256.88187929903984
257.4407717937001
256.92636892910355
254.99405674662154
253.33121017463245
252.05385349025482
249.4914926319961
246.96671439607414
240.3140993276224
230.5407297732734
222.58598942669093
213.76567946977102
200.62979822458092
189.73001241535042
176.27163099878004
173.1578482745323
170.60166064200737
170.73037313107295
169.56273726858848
168.3102010344196
167.5824367105313
167.90952265286086
167.38258933425809
165.86784811101697
164.7937881621823
160.6263067172297
156.94875525491892
154.35136592245343
152.02687866155028
151.18504696073643
150.3328794698417
152.5929651710971
154.81267770201615
157.10169936037437
159.22143708289428
161.38611271517524
162.55875234169775
164.2225378592478
166.2583581719708
168.91897618909113
169.7436752577223
170.59890004560478
169.89198206862488
167.30718195769487
165.78466651024505
161.93131385914208
158.85107240471095
156.03613121727005
153.1827603083512
150.38330919425
147.5568158046663
145.1865114606622
143.91614703986195
143.9658805763684
143.51025544774689
142.46397081042534
142.3471957656192
141.54948836526643
140.90984057539265
139.88781237849912
140.30036014275666
139.0369066906316
139.41065460696856
139.29006662850512
138.00308098002202
137.7535964725789
136.5743886951383
133.51127186202163
130.77225822339236
122.70041136190638
115.15231542235658
106.91237415210281
