17
18
d
85.97862482103018
86.39202764853911
86.65666185150191
86.98294414691661
86.76876227675648
86.57729546383285
86.2241041294415
82.88735940737439
78.71958403466915
71.47224989927895
67.24717303391698
60.475493885249925
50.33683286457579
43.50914892446689
34.359790167409656
34.1509457032633
33.97672720017867
34.63055650154156
33.88419961001547
33.96418611399368
33.770009284225075
34.11313762532214
34.52632095327118
34.39392347612785
33.640929422829124
32.19720395752594
30.962733247973492
30.3126513045467
29.817363509219312
28.516628506646867
28.68535771220968
29.465164359184854
29.523843860467306
29.737227067393533
29.109780383054858
30.745644977025673
30.894422735366863
30.394482323348377
31.66080600054542
31.756476359241088
31.726967344725026
32.626877333242504
32.451646533696035
31.628065319688332
29.524817255560123
25.51289993416451
23.90530146660006
21.171035202693268
17.955666593098
16.071773307621346
11.841245948840083
9.283407560434904
6.041887176750846
5.1380356232742255
5.690318264922423
8.39514220883909
10.55604198165443
14.984711927813589
19.307313962419716
23.008580167011242
25.70893813712478
29.101240056266224
33.059797196058
35.00550897826685
38.88034257209714
37.730363004023424
38.86089684293711
38.536793199497595
35.630578060681195
35.43089802680453
33.94007950813842
33.336404211562616
31.160579043375215
30.343891299745884
30.364127270641813
29.18255630386066
28.595935224314815
28.140524811804458
29.14969282011012
30.466743971615138
29.670370490841297
32.61817162292284
32.490088127324746
34.514377556314365
35.5143954297801
34.475140197470594
36.69758059955581
37.27064419009603
36.661212499550736
37.62583969035043
38.34896996678409
39.92669738522468
41.05750607982887
42.673702477340925
45.165134853247295
48.17417128139981
49.547136709949456
52.77757031514434
56.22518122219372
58.27083211602589
61.01187612283122
60.79684324894868
60.98524060586905
60.425659826601425
57.749028913823835
56.767014664738596
54.70891632628962
53.79440853883151
52.18973061277265
51.23787726720566
48.9848844908332
48.21273002140634
48.43105513659631
47.53359087030961
47.6882057028502
49.151429591232514
48.859304197208324
49.6978327281099
50.811783380875816
51.75748022332671
52.5148257289368
51.79959915384315
51.22852286745629
51.48202637996098
51.49334051582741
52.43886202549642
52.5061557384661
53.961269818869695
54.555865596281485
59.20110971834313
63.392473026437635
67.71510075576005
73.62155376959076
76.29942427603552
81.07810231903794
84.64543073298859
85.57004690098229
86.17876944196477
86.66198317636434
87.58403270148963
88.72708137850178
89.832753989611
90.69080137353563
91.2978381236855
92.59654772490185
92.50964418068133
92.66836756781379
93.5817862172167
95.07094027289382
96.37700746973188
96.79311466942602
101.22958211470412
105.55759441368376
116.35058375100309
124.5185924844268
135.31375448577364
143.17905900238895
154.0788990806789
166.80531374844895
177.98698373225616
185.97464270748443
187.70905694166518
188.43430970048038
183.3629255871327
175.42861030861476
164.92716174352367
156.6763690926605
147.99722346046028
137.44069952105914
127.3999647630812
120.34216929960779
121.0313942839771
123.05335801490851
123.17111042612395
122.44570627436133
122.76686238004656
123.76410053523664
122.12979627436438
122.99590679551086
123.77414376070196
122.80344371502014
121.74914486364192
119.89235681316214
118.93611460983787
117.70325114393414
117.56635584651967
117.54238319128937
120.14365304085187
124.68809049056182
131.91273749505916
135.3967857648384
140.66972088458417
146.54245572564292
148.96461753819827
153.7925709058465
157.7896445694087
162.12385306641167
162.8821225490161
164.2876806731471
166.65523457993865
169.02505103441638
171.58508405889214
173.2787589045092
177.1636248857255
181.03644046542792
185.70960014754678
193.54026295637405
200.93535843366683
205.02383381641178
205.99762408823122
206.79375093727288
200.72783844525227
192.32186098454076
180.520235217348
171.00415542404565
161.95607066012704
152.94555390177248
144.92799038942874
137.04379312126514
129.55442224744493
124.87565439922548
121.9695726372094
121.31522346567759
118.44964030617376
116.22467670567978
113.27102511382215
112.51843286501317
108.76554482854384
103.04778542332294
98.58711094509046
90.79725393579876
85.08653809765336
81.18397454658174
79.87968571254078
79.60332860616582
81.45666072265456
82.9099865065679
84.98207665061378
87.13713009973685
89.24425092854071
89.8181613301732
90.29570240596043
91.82124214974698
92.85537476413138
94.26205018149187
93.59897508674338
93.3353572831637
91.52396712199565
90.20998772606137
86.30172387166057
83.71893459795868
81.34656628454593
79.5258315592687
77.59518307062841
74.75981355886033
72.91622011368578
71.14570371866762
71.30219221905173
69.94826879461176
68.62641545006537
68.45669248751703
67.28948053887329
67.27763574181077
66.36607490252166
64.60167843654459
63.422785766577555
61.37688773106802
58.1857170977651
57.672803577361606
56.75172543278554
56.05620617964787
59.02799936916122
60.84883262332524
64.10097604660221
66.53686466539234
70.21187325565798
73.92297479354016
77.11401014621046
79.82552649181386
80.6066347475074
80.85437294873695
81.36948982801957
81.46443795671085
82.41408022370275
80.66087758681905
81.35967666428932
81.18701326859642
81.31272676516298
