1
6
a
165.51041742824432
166.8360654682648
166.23192933124332
166.62048835665442
165.42254631675542
166.3637469313339
165.9495859962056
159.13574153741453
149.64551032809942
136.72161998127933
129.13478181289938
116.95920933305511
97.4374397759868
83.55138253870783
68.20269618595455
67.09124708613018
66.47895674555524
65.32429091750878
65.85920083862645
65.3005453443982
66.1305540554223
66.50447829490425
65.77761729995366
65.15117089529014
62.89798602276067
62.642787604157895
59.101412094571074
58.19645945579602
55.130928025417546
56.188676931854665
56.04434998750965
56.159136881386544
57.28538814885908
56.77511788420396
57.04709309098617
57.95730443486362
58.27989699854776
59.35261940467957
59.70043542670606
61.16554738189236
61.60970872256853
62.44899315495103
62.682840512112506
58.844927643341585
54.41871549884688
49.14130795973719
45.149187446999925
39.5083885829527
35.01996333939872
29.98638377081552
22.65683475044088
16.736276882620103
12.951888322766312
10.855563032589544
11.484934284443021
15.8513963172136
21.898287410073884
30.41036987238751
35.90784730900008
43.49403212361108
49.3585178273219
54.08172446488102
61.87859082448845
68.59970268718345
73.1085905409472
73.69049273011802
73.96886279741429
71.92168025623893
69.97241828002988
66.81048394684956
64.78332046841156
61.34069656468131
61.232238254687424
58.70611822933206
57.80633643554273
56.301091851044674
55.841722999371555
55.3394715285148
55.74975018155123
56.36887874640273
58.358346759805194
61.856159339205675
63.38299541735395
64.51408793087347
66.59367100724796
68.19522277840096
69.36120182337682
70.44381261739368
71.6256463353506
71.39800168943303
73.24753183036243
75.75052621256165
78.92522464554747
83.6987028872706
87.4051098446091
91.19595115765357
96.1196725298072
101.06001855796794
108.26325660391781
113.58593494809399
116.4705949769336
117.28880638676428
117.17834121350715
115.92555905451239
112.38755104189454
108.70068140141686
104.00223624839435
101.59370076864278
100.8329670206884
99.13968787603228
96.11247471679522
93.65451206267103
92.21541990254265
91.63431267017275
91.66415868171296
91.56607246723499
93.67404489392023
95.40609761533325
97.31001218185638
98.1833908454503
99.79001279844013
98.40029755459375
98.38772412672793
98.4021189547907
99.6990237391663
99.92759229440504
100.1459896265706
103.0817796528162
105.03657153604658
114.46786826140494
121.71212002890007
132.1019559519321
141.14465384688066
147.3339465512727
156.46069592408693
162.3149062367647
164.73009235893957
166.1767108827206
167.0552851042748
168.4802121107751
170.14078418521518
172.44990489159707
173.7739852641266
174.90682619320782
176.74036579938257
178.6337934597776
178.96980978333823
179.96769234603724
182.25852296735562
185.50465539675386
187.20745133243298
195.09248090587005
202.94272178627187
223.2605071328727
239.0054510147223
260.1238414082543
277.0170294930129
295.0184996615051
322.2169826613334
342.37110779578916
357.3701731416349
361.7116526712671
362.30831401930476
352.1068358775136
337.29528728206265
317.5042722190313
301.1132516869584
284.0131236689755
261.8752326615575
244.57813212925385
231.4735896707389
233.36167084725062
235.22804161092617
236.5329129693576
236.66976355001108
236.4889223510527
236.52762068343827
237.16749210605462
236.69197716872864
237.6792383564196
235.04186228879485
234.74962829469084
230.34139688563985
228.27052925775195
226.57581339023469
225.20204861737793
225.05792812965112
230.74062270427916
238.15434493331057
251.20952219083233
259.7738315154126
270.54500441095024
279.0393249014642
287.0668732869941
295.1743741677776
302.3324041165917
308.90380219734925
312.3074234226067
314.9243272357544
319.56560015026264
325.45252271128567
329.61109381556423
334.2272640753475
340.0467434915668
348.49941329784593
358.8019455419135
372.1283202284353
385.58148141390456
393.7157213455787
396.23400853820414
396.20986256554596
385.5055701749864
368.94662109376446
346.3392546200757
329.9130772842136
311.1658839467411
293.02139273015706
279.8604418177985
262.5877119278656
248.94587216322083
240.23882549778477
236.76178420341688
232.87178060570517
227.36854827952305
224.30048626410928
217.86585189227924
213.64983569429384
207.39554964303463
198.24522078146936
188.34218407897788
173.01543708757652
163.21381815731206
154.82204357001277
152.7660510244456
152.94215826356856
155.92753316316637
158.4870055395503
163.51527820926938
168.64196594011503
172.26979598221055
172.90005989671275
175.15664731901063
175.1379487930935
177.98634964290818
179.39143386268117
180.80016312005645
180.6638616301769
177.33732477907768
173.51603414423127
167.01287202041905
163.02713427219982
156.82492985368253
152.42269384913953
147.84069985332064
142.34200687531754
138.05889255314793
135.7583261441619
135.3071731509378
134.14061280426085
133.28980106534195
131.4600461773167
130.31446942730358
129.0013323024265
128.21059395975712
125.4118391248943
122.14802352448082
117.00518979475224
112.38742721897493
110.40695833704282
108.56507121730597
108.73473142015638
112.33327181100341
117.49402855976243
123.43162547957895
128.90988849789932
135.31020277888328
142.89881896817684
147.52346225851517
155.27371197294352
155.52465380338134
156.4772558643022
157.02785902250017
156.9855549719215
156.90042255600576
157.223736003573
156.28042317248162
157.3954495718686
156.86597521524067
