7
13
e
196.05141303449548
196.48103972505402
196.81131379607132
195.56908508265397
196.52231131646198
197.60055992153931
196.0781033054477
192.8085800180236
188.58601015364334
182.8354848158445
176.97693775717076
171.3837419960807
162.91581713777765
158.11181471966293
151.1626704211153
146.86842323533205
144.25345532808913
143.74055839259177
142.18101012513418
142.111702412311
141.05913671874868
139.45398085338235
138.37582150237014
138.29309258559377
134.95754455862527
133.12694000023305
130.94764779625376
128.34074671817544
126.99611685847533
125.98863936552627
125.23027487045562
124.12923062622093
121.6723070593141
120.9983394082784
119.20585208834888
116.79344107560375
115.55715926160872
112.49430718147148
108.6494573883868
105.70445184851684
103.03677484299563
102.56135355484146
103.01679334462976
103.61951037409098
105.27194492250416
106.5047880893205
108.83256271082571
110.0834527058827
110.41173979815497
110.63137370543953
111.42654737949964
111.33925975045368
112.37977288238417
112.00774458331422
111.79460521901866
114.16413037186065
113.77221137559108
115.78541824378016
116.18477109239537
117.2095580904991
117.77930021476982
119.047200657823
119.24760217913571
120.74919409869193
121.6365415848407
122.46977970656155
123.83036689489032
124.6823464003762
125.98128423710344
128.47962952337846
129.4127901667436
132.0063947048626
135.1335574036543
137.0097368790965
138.33067728952554
140.05399961316232
141.66237072194417
142.9731244854343
144.13395730264676
146.35813109422858
150.6041693533161
154.05726176450108
155.93389902426216
161.54982264929268
164.85483919880474
168.02153200697765
172.34458098166104
174.7314684591347
178.36288385825347
180.02831647897293
181.807206923134
184.86460981288985
188.1962140558951
191.1904178306231
195.16474825225364
199.05559701117716
203.8594379375672
208.8648918225583
213.75462033344914
218.11023371701816
221.69026771032287
224.0413258353775
224.7917867839483
225.55405712252457
228.39453843799942
230.0849305590751
231.28758540631833
234.96133791642276
240.37359112382336
243.2436844524951
250.1305118145208
250.66087998997617
251.95616545398383
252.22752338781117
254.0943569186056
253.7894667577051
254.1826632840202
253.7570725093486
254.278670919662
255.18291510559138
256.6098662706304
257.64759439902787
259.33485645519266
261.52906595471063
261.94090317061256
261.86345813275653
262.7659883170788
260.80078362753085
261.8968416659859
259.47532257636425
257.7844037799832
258.028166486767
257.0665144905768
255.53489324751672
254.14951162606837
252.93188223610957
253.5566338612477
252.68617657793595
253.0609632691884
253.33813416091454
255.47498864055694
259.21157498330257
260.0231477777163
263.0101703120129
265.4579759599407
266.2761942125341
269.08163218222626
271.41328769246394
272.4063222908297
272.9652648059499
273.91120668824436
272.5808112820445
272.69257066300867
271.32392846193113
271.4743536637529
270.36741337931966
271.29261862460737
270.1127869250768
269.36958907994233
270.8507649362331
270.70724341676384
270.86640867918635
271.2549488873101
270.51363195659326
269.42139766956967
269.30858144695196
268.2313966545136
267.4717299957854
267.64285099235286
267.00186080876983
265.8832452326376
265.5213437956847
265.06455639090007
265.2607880443438
265.6435017413068
263.70897695469455
263.59098112186433
262.0928656231315
261.4521960388868
260.42557848274174
257.7851504596539
256.5635891891528
255.5831604510246
254.8804566097224
254.54025605657932
253.80034794427422
253.65635467145898
254.41304576170887
252.05681546469484
253.56525202528323
252.9903999675923
251.8535936611292
251.36336267112293
251.1554890916141
251.52654305209555
248.95301851352295
249.15623339014704
249.73072172955395
249.98704719257017
248.94322047945644
249.1311911167883
247.69524625084588
248.1596561240236
247.15076278003608
246.37022149479878
246.28435940715613
244.71199660009106
243.69582717320682
243.1694200195356
242.8729895227851
244.43344889268053
243.92795677852249
243.4695731736147
245.28815286727502
246.15313933823526
247.0453455034804
248.50768282696745
249.4775175366539
249.24583868056317
250.5014499590617
250.0010445398067
251.1257541651912
251.36723726127025
250.38565597742328
251.14640262426616
249.62476719051924
250.014760612518
249.73632304113974
249.42478645604407
250.0341948466355
249.00106459176448
248.9607216536809
248.25060252487043
247.7430417460088
247.5623901357717
249.46790612955195
251.48931947907928
254.78463389499476
257.7307918367965
259.82145283777845
263.5150679686457
267.4207432203488
270.5106641780419
271.5305181189986
271.6254073313972
272.0098963346058
271.9884410785663
272.4847204119563
272.7852874593475
273.259952119188
272.8838519841042
272.7842888732375
273.6019235418541
275.56877819249166
275.516347508927
276.2904938744732
277.5421620109388
277.4307113818702
276.9804575837456
275.9652431563965
275.2858643877445
273.217972964066
271.5660329079467
270.3258589629674
269.3743819270009
268.74448936284415
267.3385206471607
267.6065947901029
266.06211999752196
265.88199232925103
265.2833115770633
263.55319272486855
260.62115635891195
258.1508644736644
253.55625519825503
249.92769011386272
245.92267982514488
244.68274965481834
240.91056615715505
237.80375088422488
234.15002440284152
232.8902374219478
232.38233233104378
228.49031836871904
225.60824742371162
221.06626375912842
218.27767477731047
214.5910530646825
