19
25
e
23.592073884399188
22.033905343716977
23.046730436233943
23.13373848197324
23.58250611482237
23.61380852244416
23.307674882530502
23.906247727676643
22.845669377820755
21.860527199979735
21.132025014263004
21.081107744892076
21.722343374588746
20.527737116286907
20.34366110063516
18.969032513410227
19.475031723094713
20.1996695778467
19.99668378400989
20.155089740867083
21.16608990949896
20.97255734865444
21.395924690945137
22.2335105119846
21.049065202292674
22.968674886220803
23.571560989742295
23.870474576754244
23.885554073239433
25.175407966271255
23.715476707873208
23.860939153778773
21.682121184451873
20.22264414516066
18.489522331678916
16.612602286656646
15.327897306748662
12.249549270295864
10.902817488364944
9.754945474622486
8.3480977399398
6.348695393430047
7.571597675788336
8.709120083416302
9.307564205533543
11.678796260342223
11.536961320204448
12.260692684513733
13.349041691485052
14.352866446379611
13.301463835025611
13.435447291839607
14.305534713406763
13.531443188699223
14.19251302561626
15.9554539899928
17.40142054507978
22.176944307450682
25.939121749763103
29.815838456784256
34.217056313507435
38.529876553628846
43.74855878429417
48.40992921601452
50.98057671031632
50.73514841345639
50.568447478312876
50.37372773317558
48.94413767854456
49.13741480164896
46.47355665248246
45.664182192517195
46.158426828711676
45.88024474039115
45.71012911226626
44.05982574542714
43.9146404115768
43.490213107328486
44.24202389734738
45.91996440512131
47.90675271520848
50.730816408444966
53.81279600597231
56.02062026416611
57.911275062988274
61.41227938444759
62.65330491094578
65.66500888619942
67.45392597143379
67.79687373864377
67.8281063948024
70.28321085833127
71.14036944572504
72.1497006798788
73.34880410606682
75.19583333567502
77.20566374136985
80.9066387552566
83.52818650513159
87.37351796922982
89.25850835481856
89.0224941278211
90.39322489260883
86.80326725766432
84.12408749829589
78.87804351052625
75.5044826973076
71.68382366364015
68.09306599357554
64.88622380633191
60.0461107090147
55.65146759134972
52.23738827904823
52.155541150113116
51.21689847823297
53.58632524197792
57.46636356529518
61.62295523695647
65.51300855275576
69.7321707374581
72.34098460532725
75.51447216656312
80.44665764808416
83.03441201184378
85.44874364310893
86.36336617569174
85.4817735256541
85.64047973545382
83.88481797390662
82.48165628295932
82.59424659045023
82.07443884040039
81.72125821422888
82.02930447360968
81.0136679238721
81.84521388119052
83.19614087034921
81.88471536842071
80.42207431641695
81.62344151321697
80.50943100589367
80.07664422847168
79.81350140556448
78.97063052888795
77.75356898643983
76.85293139192699
75.88191662270984
74.25475880298454
73.13527523386695
73.03278495260462
73.037899952539
74.79616266379092
78.4772432564479
83.83862713550631
87.4931153670535
91.32161176542978
96.56633180901912
100.53455063683116
106.39895290736989
111.27026622251313
114.21662266097509
115.95548730259502
115.9568518074288
112.15752207324883
107.60672277957316
101.15897852520183
95.85821311921835
90.47205941835313
86.21870240682854
81.64077981644658
76.29416864628608
71.36681239846482
67.90339063092954
67.16167207297197
67.19529366097484
69.84873850578897
71.12364443254268
73.88520301632401
76.29499733939053
77.91214199698261
78.67118781238712
79.59548400871999
81.17319463852076
82.60267574225956
83.05999229527852
83.58254790238136
82.5104939215293
83.10174694300193
81.16746053359128
80.26429806334411
79.60555989135928
78.26270773290999
76.87151660993429
74.28970609353038
71.86577358982773
69.37961768562681
68.04149085915644
67.10226034392909
66.58995089768264
71.01004610283461
77.84797167034637
86.86193702918321
94.76383507636078
102.55230780463664
108.99667652150801
118.25138283690639
128.980176556235
137.798324470562
143.0583176383989
146.54623704271813
146.41657502424817
140.57798129408502
131.79804189825683
119.72381158039191
110.59724703461887
101.24268591994941
92.88201878652687
85.6196523083509
74.0598203273158
64.41487699588146
57.51308151018874
55.66257428478499
55.323254146828994
61.53880075986771
69.40147203263957
80.70192676495057
88.8260020686476
98.65673574062255
104.74315776886455
112.88167219302039
122.93185059553554
131.32631071273113
136.5504005397497
138.91501090734172
138.471969805509
133.95905838129679
127.6217455874139
118.463965224711
111.62777293268695
102.98180063310795
97.73648809209199
92.86299937064769
86.96897353718185
82.85916056547588
78.27792866012476
77.36560420948626
76.14830815159179
74.53324622271107
71.32767100356891
70.42144764991617
68.8136338912011
65.89570069131696
62.91809755982515
58.20574160081628
52.70655203979446
47.341497238720734
44.769174588888916
43.44064609440746
43.73358450648841
45.25561797665054
48.44358442512816
53.158959652360515
55.78224225414834
59.856539084840534
62.49235203893963
65.18163352069185
67.69779916648247
70.47693678353647
73.13275823820068
72.87849154121523
74.97676007897869
72.08033515069435
69.34109955900962
66.1279140233085
63.55546921295324
61.10847547567469
60.16643979124042
58.37510619061379
56.84559689834647
55.97257092871334
54.855579927849746
53.777628861392685
52.21738708444649
50.0686836324029
48.22510902558689
44.14103551821057
41.64994506718411
38.29759435382055
