3
12
d
41.01687852328637
40.59585047093238
40.61141306061764
40.454563329231334
41.459761176801834
41.12294057702295
40.925239528336206
38.36415682304228
35.85945159295303
32.24948359690127
28.171996824646712
25.9279413989164
20.153656084679284
17.331184447874367
13.088158753941146
8.381140790834836
5.599596285342451
6.1028494766839865
5.513235941374378
5.83781440207572
6.81181192210807
7.947755342538007
9.107087710582487
9.753657364739317
10.55516855910305
8.847786998579869
10.303450604229702
9.654102835864718
10.33382790137479
10.061609768680912
10.003516461887614
10.328886670224811
11.272864288455624
12.472219952891285
13.428988848922419
14.315911494239662
16.01657457703285
16.375864588085452
17.753989204426528
18.924596594610705
19.897177601336782
19.38547758248021
19.47752245783021
19.210352926319153
19.621270606063323
17.564717541889756
17.635406335655865
17.24005534992902
16.439998971635013
14.819195744228193
14.336081154709358
12.794779131312389
12.382893634836204
11.42812706061072
11.39943373631373
14.02242277454425
17.967551408572
24.197463803424505
28.745912741940508
33.494919196631564
40.77912873760619
47.45062930095405
53.572972436337515
54.91587198022146
54.24211396228325
54.90607524724093
55.56991194088957
55.124647201424
55.04306154949579
56.05274832327629
56.04960153814586
56.140173355167704
57.22039414497385
56.313684334375175
58.07356648750622
57.94279396033553
59.36612511648089
59.82796605250741
60.228169128784764
61.30756861617313
63.029969560809484
64.35774043755464
66.74631901901152
68.39639558002264
70.79259718260727
73.74747680098365
76.02561754684791
79.3913809715891
81.03143574983194
81.03184472187299
80.88873793014812
80.46470899400619
80.06798055179351
80.14285790147747
78.69185068163617
78.79185298078237
77.94655381052695
78.17621852186889
76.9755809369361
77.73897854094398
76.47449252556476
77.40369899569758
76.81388086219864
77.84309022797073
79.74821466528796
81.29904428076141
81.39255834360064
82.32797613544359
84.67332698831954
85.75733013236793
88.62046836070063
89.95491647871516
91.30671834260013
91.63618449812863
91.45311753600734
90.61915984176531
88.43407411467246
86.59519672408241
84.94752862946923
83.4859025996627
82.21310363058161
79.96455251473907
77.61162900832521
76.49077670689134
75.01518277679044
73.84948201214851
74.54961299354574
76.04583548480758
78.29424565104934
81.15890081340653
82.90650493548752
86.26111085575852
89.87327366219692
91.24340944938095
95.00471694999351
94.58516744087947
94.89595889813361
95.4288839388023
94.86399481869975
94.1636658537039
94.29222227910734
96.14199204778201
93.62271920357263
94.70648967348734
95.29400400539569
94.83777843482548
95.57522622878116
94.71463491829441
95.04688283998807
95.19594436937011
95.70989045789541
96.49683955436807
96.91927909110946
100.14677911240521
103.52896637638511
105.09445921888741
108.52470248431167
110.24127684469771
113.6599135142054
114.77082057577802
115.20009684749219
115.59706124085173
115.80676934787977
117.22284505667504
117.33954309331959
117.62428343309199
118.02264788799073
118.5559994137083
119.95808633221287
120.38379382013235
120.49238398214543
120.34607798725868
122.50138653074558
122.43619679534635
123.76360920582025
124.3580886750855
125.74070692046907
126.87361832493663
128.66648351650636
130.58090578978582
131.84402598559993
134.34296464757804
136.78777407564343
138.76850410329357
140.02479017762118
141.04578146768034
141.20644989053235
139.78675419369117
139.32164379365557
138.23959126518818
138.34323134630282
137.7784713918607
136.58502215616605
136.51223307760765
136.05288288501865
135.09751770087883
134.21520686830814
134.8042201406315
134.52370673370808
135.21376487033424
134.6893889216961
134.4096704651823
134.72842001456678
134.8304009719347
135.50611749353288
135.12850884634128
135.86448107925085
135.28969261750885
136.2590019685191
136.01360545506108
135.4591481046812
135.07386607247258
134.56345887704904
132.71709574904358
130.65937538550853
129.51401033115528
129.0319270364109
128.4174298051421
127.73768826398191
126.99446998882738
127.44346903780281
125.43570695854278
125.78875980002537
122.54824379468295
119.42504694490304
115.5175276249044
111.51816800645545
106.82526426504052
100.38788872587088
95.50400133475152
88.35152826292429
85.32155879303299
85.05566011177775
85.61577006216999
84.67686382161199
84.54326706070087
85.16274939227944
83.67765411342872
82.6485703746722
83.540765255021
81.70965940541574
79.01674004796182
78.58538289633826
77.35246227682173
75.07629905028426
75.56444259434662
75.04475427514333
78.19285081876592
77.95550122907602
80.00064857703906
78.8609945025342
80.517563683362
80.99055886047823
82.7701220395189
83.33056980861043
84.0922192023399
84.4670809438596
85.67623883906361
84.41402532588157
84.15127731912409
83.9901719884117
80.79807172594496
79.32271340736044
79.18982353277823
76.12061398098868
75.56499182821483
73.784815843273
72.1611088475414
71.38485707521626
71.99854815217553
71.91680702656328
71.7049704518637
70.9742284390296
70.75607186384572
71.1602884759028
69.2465695310898
68.86013878908209
70.5215288174053
69.54604055355698
69.4066388795727
68.2947757609128
68.76356127532947
69.41856578603452
67.40631528960405
65.2613162149443
61.0997357311107
57.902914887290436
53.52850791351292
