22
23
a
167.11323806040488
165.315930282327
166.0326736790647
165.2009161683065
166.12656149245726
166.62527220536538
165.4283698469257
160.25104063735773
150.97667098811615
141.03813057828137
131.83874063624165
122.79382738923405
111.49281075064978
101.5513136421072
88.65997144690625
78.19172283509096
71.24597472017709
68.72886398368583
68.88826922032251
70.15255738330109
74.59789450518564
79.5440066823884
81.9715933704992
85.34137571966082
86.4808341373896
85.73920216659252
86.93664510604495
87.45315317928144
87.9038943344992
88.71500557920265
89.36117324793749
89.86852067746622
91.40654042675122
91.6081527435048
92.42391308712149
93.35262991996913
95.85310057930569
97.11041480780634
99.78541252149954
100.23702279498316
102.2265221855587
102.36138780745397
102.39005192514354
101.45289593265457
101.31751881623097
99.79820039952999
98.4080851901687
96.88619154640023
96.8952663767473
96.12952096926658
95.05616400628628
94.19515761438953
94.86243293916546
93.51417946490969
93.93247602312205
93.8179920831397
93.43840693717397
92.27565751172668
92.96134269276455
92.09633653862464
90.9442015451616
89.13933749141671
87.29011397816653
84.86291166510735
83.2040826211083
82.26338540452674
81.86257555781255
87.67435941277829
93.06794288759016
102.59428857916944
108.57202236473496
115.31936740774556
123.07731716864578
127.85029775380491
133.6890412768361
138.09752585677475
142.79617869316533
145.8515307798157
150.10763966333613
155.7280333178907
160.90236978039604
169.41909622144934
174.76933350223953
182.6937880823793
192.98450978047936
202.73557959442076
215.59945532881397
227.24108003252798
234.531186543103
236.20004662512588
235.59564297882505
233.90482097194277
230.61038473953954
227.24640461157483
222.50209104146893
218.520834993978
218.0294590197525
219.69072032598476
219.71724539231553
219.0946103725336
219.14410182321288
218.10840670246174
217.49646778823873
215.55137423792746
214.2450503384815
205.52437504478576
197.33607548389983
186.28074031190255
178.21385775094342
171.09525366873441
159.68537810169622
151.1035291623923
144.71679166504754
143.11411689036765
143.50107090509664
145.8061662863097
149.30873200995137
152.4536708293561
157.13379662819995
161.06823155992598
161.89042372013907
164.7887052550601
165.88871916732856
167.14584504181036
167.98181877903676
167.11867935635453
166.75930916946757
167.97019443078386
168.4743244228693
169.03804405639048
168.25910353639216
168.71550356600753
169.42967279880958
169.37707390003627
169.98222740310752
169.63601545270043
169.9805654924614
171.06329214561677
171.17037389810943
173.74078116708873
174.29941830354312
179.44735543197572
183.33709479525524
189.0507878010739
192.4096923285222
196.66320661384898
203.55582974024173
206.78151372805246
209.52631431454242
210.63410031472753
211.46351730413767
210.5268428752513
209.2155352355196
208.05730274344663
206.00134248951625
205.86580046533822
205.16272102940707
204.04767737577131
204.1450552175677
201.93244376545528
200.61456531538963
200.25837156024997
198.70369821585396
203.87888834066925
208.7848020593473
217.4262959336849
223.46705115537355
229.47812309894766
236.38252231464526
242.472189756272
251.36629895098477
258.341889089766
263.6171971902414
264.4745145314441
264.6071133305726
262.83157635457775
260.6778156583609
257.2738929079917
255.65099100737945
252.4265948075807
251.77473660966226
251.31199378652724
251.62595019086257
251.73255551418185
250.66320905069446
250.08601221098522
250.41891528219764
247.6469686996913
247.46726724044947
245.03504704433857
245.4406521123251
244.20019180762978
242.69658704781605
242.53324397155393
241.84699402435626
241.08678652804213
239.8407651995978
239.13909868044357
238.55639187128796
236.5135985167262
235.11743376009832
230.66741204708902
227.04330490164824
225.23485757715292
220.9182319470146
216.99111847577348
209.65618377721833
205.4500008577246
201.98156297748105
200.63339673790495
201.02885135972457
204.9618065606431
211.9654556508628
222.4307653171059
227.75118303204775
236.8997180777982
242.3570866210671
249.11389727382075
257.89706725967756
266.0182097352607
271.8746845275846
273.8066189875301
272.35276632242557
268.79596151701026
264.92399216715967
255.92318340348555
251.60710995858014
243.51829768967
239.9549835670972
236.44080181604681
231.7884002799376
229.32086442322722
226.4618041378226
224.21968503819292
224.03437348409685
221.7271059269353
220.93785996598652
217.79928466949778
216.8140338097635
213.58947315532131
209.61325623547086
206.96753630678117
202.16447316106476
200.6447597005494
198.19017936018906
197.61564851892246
196.81311947492804
195.29238720577257
194.49821648847927
193.35111950717317
192.502600385878
191.6120358556829
189.60795001746797
186.65632067171626
182.61057671600165
178.7449470665872
177.37093455591523
176.45283538881546
177.26305201057696
178.81101544171773
184.51867133145566
190.02807094408212
194.78250109225982
199.3202370306095
204.64340223075513
209.13909036612196
215.68686199789937
222.17061403241877
226.06505809487746
226.45240103167552
226.69018895253416
223.35810114464707
216.95513867328714
207.3659205644898
201.34202010314425
194.4033224403619
185.55825195330334
179.6974388783795
170.77700306041913
169.9132916675453
167.80770992257493
167.58278621557398
167.19360527594304
167.7430504766679
167.07839203488206
167.29175848310538
167.02893360361384
166.86374906647686
