12
5
d
149.02770870916052
148.53037662162686
149.50423760135857
148.1853581855557
148.94582056213463
148.94678495089994
149.24941090692587
142.6716825749457
134.8980143789064
122.71379598409048
115.96116291988355
105.39186405452757
87.41914379261053
75.2000919862381
59.53021974452296
59.55828365100934
59.68155742430033
59.165943170557526
59.501807304745206
59.72298713840446
58.831521916851806
58.2125183047558
59.40451491706146
58.91270373895304
57.5355683622303
55.09064217228868
53.759841348888976
51.19054249027941
50.677397339972124
50.123961550633396
50.70609064150145
50.358268163925636
49.8398956984364
52.080337314909926
52.93812386413213
52.518414833602215
52.689736438950554
53.35071350228491
54.474891609250015
54.77117379817695
55.81698618324126
55.436292157821185
56.35325678528031
53.03816160956411
50.3039569223989
43.1793168084635
39.96963857365031
35.90576188665049
30.78416849847355
27.726414863954204
20.257759583604496
14.781034427953436
11.260389589648057
10.67337457797111
10.458328409435353
13.577613617522466
19.049479940604243
27.51581786840298
33.070939472270496
38.815552972861774
45.094188488724704
49.5730204227908
55.61233234749824
62.50299150527865
65.2546710916176
66.49067863067869
66.07494896449299
64.88383257115237
62.002926460952324
60.907441543810705
58.5864660941131
55.42670829845723
55.00057906942059
54.42723058875712
52.265090245068315
51.04023513859361
49.603241381391676
50.31069889724443
49.643705006314676
50.63881863062336
51.940590866939544
55.50579184177195
56.998915857173806
58.6240400064836
59.936429223743325
60.18828486466222
61.63824494302055
62.82189274238726
64.25410348066309
64.80087340525317
65.66843531690247
68.146975170206
71.28936871814345
75.50413201046398
78.440652637512
82.69334705146862
86.15015751312312
89.28703034522383
96.08265390893146
101.1000171638105
104.99559912482567
105.3074851608163
105.77610377529754
103.46076950584505
101.56466225015735
96.97973156572708
94.92416588078164
91.55714437896025
89.89675433479256
88.72113712367845
84.90075795995087
83.75045011770374
82.24958221346759
82.10700686436279
82.11276139705332
83.18565071690433
84.47240137716166
85.86080259481999
87.47443979121158
88.32938480314967
88.44316875198545
88.58424385806539
88.38932744207233
89.40177620690491
88.71324558369587
89.93690767038252
90.69691221104678
91.77959024633134
94.81168066862122
102.05689526486638
109.14891699882716
118.26007837564228
126.89463340433507
132.26087355489403
139.9760594309852
145.7148369311169
148.52690116552716
149.39333549589358
149.89869054453473
151.13054190311368
153.19695073366302
154.50369588407906
155.7664486701548
156.25012283016892
158.23925302544666
161.20789456958337
161.05158461025547
161.84238091918414
164.02316775406788
165.53346147608013
168.22317605847292
174.9062198702619
182.71997058254277
201.1229173555228
214.30318644700657
232.50651528255705
248.49399305778113
264.00507561050375
289.30490173677896
306.7637768404131
320.802257019712
324.1218307263767
324.45817378478057
316.2047369549709
302.2798694640133
284.7691164432589
271.2025085306006
255.57091334523736
235.55728121490824
219.23809627002254
207.40652798599766
209.81373593226425
211.28652610954063
212.30763648873895
211.75386673595955
212.63328412367648
211.9598770427741
212.82809378987437
213.22317518858395
212.5605211828873
210.5955739352476
209.31171997629582
207.51883039387454
204.57816427449703
203.2201296113905
203.15420084390664
202.1936944605681
206.5804786790022
214.6406508653631
225.19319008120442
233.56616097015032
242.46393061664043
249.79847980969927
257.8293048193191
264.8052772250071
270.90556994730053
277.0340751100062
280.4534266375502
282.8068565888872
286.70846076343275
290.75040895098573
294.939081949769
299.2287869012349
304.6303871281372
312.31488771169995
321.5097948833353
334.5080615718239
344.09891676477366
353.84237180420365
355.4200693361596
355.2764116872109
346.4274311993857
331.68471174268
310.12051565211846
296.2822274242055
278.9695503968564
262.2759951713814
251.4983043471554
236.15201947430322
223.57129157687658
215.0500401977274
212.16427945748674
209.7015660764438
204.50053360728518
199.99360476250735
196.34535627740604
191.99988246959404
186.81853792304287
177.96361483989347
169.00779914618508
155.46882137278055
146.08954990932378
138.80204976662247
137.9840801632461
137.58566090921605
138.72569157330497
142.68895969965877
145.93369563556467
150.55724569903634
153.59850703402876
155.04135857260144
156.3563758238997
158.55858450485962
160.30836283399336
160.85585793281112
161.59020526561386
160.23562972468162
158.25470005539822
155.57324383077187
150.00042052765014
145.56214183466588
141.60650916345585
135.91546092586677
131.65185135474428
127.22465616035815
124.6977039119702
121.2482443392338
121.10281235781666
120.22890283017523
118.67306713406872
118.20414329825735
117.41571409165097
115.41378855840765
114.16972452422056
111.03585932222069
109.02381056214338
105.062914347197
100.77906935292538
99.00020730550769
97.99696499482395
98.74479513495865
100.85345685768891
105.17435776113275
111.64043787562989
115.49120469991064
120.9114776256972
128.36105725280686
132.8118543784388
138.53938253717408
139.04504617308277
140.63301202106842
140.0931217031042
140.38646731161282
140.4468477501577
140.6240996082503
140.57513572011317
139.66325415306795
140.93419809972545
