12
22
c
120.22330378761558
120.38092595771066
118.94835453479614
119.16190425651077
118.92406618048673
119.60391870323414
119.50298577407796
113.58496235413055
108.50000685228443
98.75798045817885
92.8109202726181
83.78272850169834
70.63880436133277
59.57458383377008
48.66392091176983
48.49879604616726
47.65150071821659
48.586096543328814
48.56701006935348
46.722702924351296
47.2319999250387
48.56913262484546
47.63921595128444
47.982860872676845
45.02170323862053
44.84387148677718
41.98928567689351
41.96840638289362
40.02293125863706
40.20141111589224
40.86356076480203
40.308369188872085
41.1009110468787
41.82775311668388
40.80078203343168
42.02493593717168
42.162660706117094
42.92574547233584
43.11937375301664
42.82919895338942
44.292580772367536
44.768663872807245
44.75635177926516
42.07176273103224
40.65855976333237
35.62822011104986
32.56901139327109
28.347980784996683
25.18659546301337
22.24251478789303
15.691816234834267
12.001716996292783
8.946566075272152
8.524926435608855
7.692160650061736
10.262780477350704
15.306884891647401
21.885285202089484
26.187081317096368
30.806485381452823
35.564033765952395
39.663508855790646
44.72823696943624
48.91303574701236
53.2753069019729
53.860143907794026
53.097764527683005
52.68882200811866
50.431975568384274
48.92115314348882
47.42139952749755
44.189817214154026
43.35001945599841
43.70817895256621
41.861192417379264
40.07078990687637
40.63787492629009
39.949782552391
39.608829566640125
40.64421453453684
42.214397966741714
44.43863585008216
44.87128092525719
46.978935960222735
48.25692739361957
49.073655181043854
49.41113042719096
50.42899749394241
51.655785692849314
51.596540111065025
53.596019329639994
53.94029799712141
56.556249391043934
60.238352776646124
62.49046748084582
65.0961140044788
68.49662066660025
72.75791793209982
78.49797064396449
80.74213424449887
84.28993639190652
84.19522420613048
83.79185456732594
82.46975830684836
80.60855280606435
77.79901764176626
76.41782973102546
73.55346417370363
72.20831802028644
70.34644567217283
68.88029910224122
67.97504157531772
66.44213215626058
65.54167165225752
66.30730926978138
66.1763229625116
68.18542352717895
68.8075671681777
69.60107344400964
70.39384167306238
71.48256139697624
71.0717486872547
70.91239196493974
71.71331484664033
71.65003086648213
71.84649559807788
72.01039376048244
74.18695825255773
76.04318100594453
81.56253254422182
87.3535104127132
95.68998732866642
101.57474260704772
105.59782962325174
112.21766838184016
116.85532755621394
118.22185503268139
119.71193335940173
120.90476746518557
122.11302921041539
123.22824899710606
124.04582831083984
125.17300084877633
125.97668160976077
127.52935080402641
128.11329871456996
127.47285456022496
129.58748336663342
132.09948417098178
133.98200776738477
134.95771405987387
140.06778645950507
145.75446230529778
161.4140822237326
171.90828607637374
186.57922096024697
199.95353132567078
211.41687361552638
231.01875108500437
246.20172887296607
257.4089935030517
260.42363803861923
260.02034671333143
253.30853572675431
243.50652274978904
228.49810557784826
216.7046454632155
204.60816291448995
188.56981734164881
176.25494708560583
165.83928136671148
167.34671855981088
169.33038414923905
169.39586872017065
169.75749873562253
170.34718255602783
171.80483046257348
169.50573650028036
170.29550563431434
170.98142752228765
170.2822000949466
168.30844230747508
167.44240352082593
164.7141655759781
162.42624228001236
160.8937825065011
161.63527883803303
166.08264304309924
171.40788496531258
181.3525683502265
187.50689937324148
194.6987356775153
201.60690207501153
205.61923067604732
211.46809307803736
217.71099904599595
222.46413575024997
225.05153931283866
227.46955693479197
230.38659615462038
232.92892826890792
236.17918895942827
239.72648245313243
244.12723457696416
250.58343140737935
257.9526794176412
267.70417417046525
276.84605756627036
282.92953991526883
284.9363242390221
285.3760518174437
277.5744129772614
266.0885271059687
248.90353418446978
237.17169757735394
223.08139365990462
210.76474287897915
201.1851066889917
189.27638592269707
179.620072080603
172.81931547702
169.29685557108752
168.33724657767098
163.18144691540647
161.19073709404745
156.45726566875138
154.12559260349474
150.1250333299941
141.89577416100448
135.06194698858948
124.96843501876678
117.2434065302654
111.35728302204573
109.98499881014973
109.49613680781671
110.76572473098368
114.6166237119672
117.32760070912343
120.87667056444103
124.04970940244807
124.11621445296032
125.64144428036907
126.0826056308584
127.87354984759718
128.8375129153216
129.89207884903257
128.48498153908497
127.88632757671199
123.48805727260836
119.88371167381143
116.65257008106143
113.45060584120344
109.05036360786163
105.69461386377588
102.51661886133729
99.70219977020238
97.71936360067899
97.50385320875557
96.93217998648234
95.63353236999234
94.44412887051743
93.61186656984003
92.78125686619154
91.28170535659463
89.70986687346851
87.98516756416325
83.09924491520631
81.55447728306174
78.71418374544395
78.49019541052995
78.21805041307452
81.31559825568435
84.67873645128635
89.25359296605282
92.58385453876747
96.42892901082142
101.82715717950391
106.09568316595863
111.47614266709397
112.50803300061675
112.29174772905816
111.93520598367843
112.73547829062306
112.62930387272888
111.9898308029914
113.19730660912386
113.57289246789577
112.62531355891495
