5
15
b
116.03293030198476
115.20897156471757
114.8611796231113
115.45009160793639
114.03840231765642
115.56651078357831
115.94385486223074
109.72725059113652
101.07581161953418
88.28553356968438
80.43937441328548
69.93887406729014
59.41710954566859
50.31198394275549
35.723605823575426
23.8999286346728
15.982551232981677
14.921623209479272
15.909110076504332
16.88219859953016
18.426821119404345
22.820122326640764
26.168105213143413
28.814033965482388
29.3636333967799
28.720295284483566
28.529138222341878
27.651328054284
26.885427788479397
27.154836790344806
27.381076273519888
29.15419131724844
31.4578351476652
34.54315674692191
37.10538064784269
40.56576774257506
43.73087197855745
46.17347854310527
50.28181592530045
53.32153180950972
55.55136703902174
55.907335858876635
55.83212527761813
54.73862076413066
53.04767580004549
51.49056619383625
49.62164510125046
47.85495555947545
46.30302151621653
43.99071500206865
39.978679514608096
36.820025507502436
34.333700310089085
32.56091263551302
31.911095643044213
40.17506745636219
51.953295384442754
70.42225717986553
81.24751678208072
95.30286447641679
114.97857208180058
131.3025284633413
151.4254455187787
153.80026959686035
155.52463359619725
156.11280639276723
156.1636045262974
156.8267590496307
157.03823485643719
157.55778815947144
157.6689078846413
157.7104088446883
160.0275329421506
162.06115899912558
163.25787190725165
164.65117129532956
166.06864172176063
168.55856366905596
169.771763021562
173.583934596011
178.28990085709717
184.7557398280267
188.84282976193685
195.19865450727775
201.39426630120602
207.21780567455082
216.2599142690334
223.92960488569165
228.76986594442894
230.4626541524307
229.95084814688374
228.41861834299905
225.95476054508217
224.38327021914316
222.52737965228474
220.5696006092826
221.69406029233426
220.40330603212385
219.23903994836573
218.5003444995443
217.4908126255361
218.36653451884467
218.00072723584037
219.8329112748744
223.65957088418094
227.20667758147965
230.39858679264412
234.853982810073
238.44943066112384
242.79660752641416
249.45864165034277
253.73286744900864
257.19286852466905
258.52054814828614
256.9604352165554
254.66897935668266
250.8232313984482
245.16405137309542
239.80539942089695
234.93448746550362
231.32020021507887
227.78386589601553
221.16497125417658
216.98338197864075
211.85887781422326
210.6971815305663
210.5719501646129
215.6649300056985
221.62646883905904
229.07997658124148
235.7164897105111
242.66143044075824
252.5307671603802
259.34898071650525
266.7494335212242
267.7351130249387
269.16968268309586
267.79140389167486
268.2888657196192
268.30551080969684
268.7566293593432
268.6681574717777
268.9368636653604
267.860926875987
268.4647703855254
269.79078956993925
269.32818454865986
269.14897103908993
269.56176174564973
270.8582912169634
270.10599242451514
272.8390747661747
276.44458736889004
283.4506942211879
289.39513493491927
297.4795044542477
306.46900035892185
312.7785947892551
320.5528757721889
325.28856441748405
328.2548886000089
328.34304922548375
328.9044135397846
330.6710411386521
331.65242588686914
332.8036317799847
334.07241590832666
334.96575600640887
336.0277726788334
338.03700914309644
339.4260022634029
341.86071912680137
343.7663625053839
345.10792992796723
346.03650552646917
349.3060282281706
354.09416893849993
358.672616535847
362.8903116080856
367.5827189712304
372.23961580842166
378.27662497309956
387.8195258552666
392.4420103391727
396.22647554303904
398.4869262125716
398.1020890214862
396.9978578879119
393.9734379492514
391.9839535355671
388.3462052182072
384.078507241403
385.34898275000353
383.4053352878686
382.2884387684513
382.11550188809605
381.6923253095497
381.23440963378306
380.56315593381214
380.7919230479168
382.22128353165374
381.95001408169884
382.5776783157418
382.89844002442203
382.24302200546975
382.05958522966733
384.10973999333936
385.0012900909127
384.9409031587556
386.0774358639256
385.75482427047734
382.57778052277587
380.17520857053984
374.02939924805287
372.07855927024985
367.2514219579669
366.10923795452203
364.2887308549686
362.78898588805475
359.9579772902748
358.27578554460484
356.0735796510288
353.4087614001909
346.8348695349355
340.37312976047036
325.01637050358204
315.15053495057333
301.61412330137637
282.8366205498238
268.09801185325193
249.59614691239923
243.71835660651942
241.60583941455724
240.44234367295184
238.69441061949607
238.573567247654
237.45712981640267
236.57885827112895
236.60517260138363
235.68588744331385
231.9166096573617
226.51639064702601
222.26838462890487
218.13215587562135
214.64023179785744
214.09960716326688
213.80440463167153
216.14757151606892
218.1954416258241
221.2760129787954
224.27501305589345
228.013338286595
228.7685088735016
231.70283419448413
235.95572996182142
238.8964406705023
240.0716968866825
240.69989297096737
239.80910901318646
238.10541354973805
234.14668895294156
229.33925376893998
225.25671843104595
221.0254241570131
215.42372802052844
212.30755805507255
207.83857783983026
203.96026001423448
203.85375732233004
202.9206870899728
201.75865563375083
201.53557305907108
201.2616454219604
199.85688979843394
199.6965275590648
198.02847676932478
197.26706821794707
196.32627556861115
196.8145174908054
197.11500594802936
194.71479170442896
194.15712577145746
192.20552397915787
189.1866909841149
184.81473945503404
172.5707804295355
162.41313176754883
150.58007540455816
