20
5
c
101.05531956734929
100.98242619048216
101.49745519778489
101.71277809519596
101.59456900984112
101.30110426259822
101.06350073393679
96.11858957777304
91.38362708097087
81.83075582434616
76.33946731515339
69.24984409643321
56.26687398285709
47.070997384971385
36.048073902270744
35.12931673946787
34.55507676845106
34.91870278209356
33.95763042789931
33.077647604217795
32.910020486281695
32.60856512979736
32.90981549492367
33.047731574657895
30.45552881047986
29.4561058698749
25.97806285138951
24.523328432897532
22.97577455912318
22.869424066427637
22.9295866959319
23.64288509805049
25.755938327843644
25.80247584936306
26.908457717941317
29.821782594759323
30.36218739595658
30.12014506551283
29.982878852192254
31.27858018434854
31.90995183164207
31.77472322109137
32.771218892106084
34.26309993764423
35.17740493896704
38.67169986794335
40.44974192775588
41.850884108160415
43.74573225894693
45.89595134748745
46.02586905087888
47.49140088392727
49.030536944485775
50.20733774869797
52.82914622943572
55.57849489120149
59.546533758574576
67.28661867006866
71.3744784837314
77.61962868148755
87.03893192837933
92.91533748518651
102.12304498447631
106.3403894850955
107.91889210688171
108.96520085924942
109.36548015586976
111.18571465840688
111.35963234495176
111.87239415960333
113.27908531200816
112.95310337251304
115.51551105191875
116.1928202653287
118.41159086702243
118.65796459783121
120.46925904688905
122.47839830452327
123.54491769592285
127.04956748827335
131.97400619803992
138.65696633119876
143.127250677168
150.15776230389778
161.8273826250668
171.30743422130593
180.0154976375434
179.67348849865192
178.9725522630286
179.8189933495452
178.30483383309388
178.6342022894017
178.56280435671016
178.71651058268677
179.3809228254315
178.80352371695633
178.40260829321394
178.951005826914
179.0554047864274
180.1143591011804
180.41353609632404
180.7826293347838
181.84513105222578
182.2507979520438
184.62125911597303
187.78017899086188
191.26807741712935
194.86950852337984
198.235536995028
201.8190875341926
206.63213573942207
209.457032683375
211.90567233962972
212.68595282384763
213.959332805477
211.98851735192272
211.27778259538138
208.6481603872888
206.52267167582025
204.89042351922396
204.65109072646874
203.3652849412556
202.27149576608653
202.12050469057917
202.16769280567905
201.4535571912438
201.28629643621514
199.6771355081181
199.0622191133703
198.06456532963193
196.31337185330838
195.01196978483762
193.7533073503951
191.81823005114848
187.4763140994551
185.7439825713055
184.27665905247966
182.45911554213285
183.5732457042101
185.7400511539509
190.54954451196738
196.20704168590493
199.8399919908998
204.19189736560998
208.44916628401674
210.04922871674674
213.7097424897045
216.19552242697077
220.178452776284
221.25233090498898
222.8054330196583
227.71894684600383
232.88711350853143
238.3093785415769
245.4576871378342
250.11782696366865
256.9839080073321
264.134752353155
275.17530692489754
283.47320161266214
288.91889531562276
290.82062020820746
290.3987748905499
288.2850801764048
285.6430419144759
282.0176075036614
279.59004661734826
275.9282196150523
275.54400344325
274.6872040713252
273.2731456009404
272.7883357845562
270.6265509245451
271.4100351384741
270.92245746257504
271.86885642719017
272.8051345119972
274.1930105634768
274.0771456880543
276.6717623221472
277.5237092100291
278.58032157232486
278.8736624411476
279.6655993068495
281.3720922541707
282.00901699114723
282.34650575268006
281.0329917627858
279.44876050885586
278.4553640643667
278.1070350288953
276.1556370967725
275.34753233914887
273.548372172391
271.0397086105971
270.13776797743003
267.73401104207727
266.77603814730014
266.38966591986645
270.9396521695683
276.2044514302802
285.5254470698861
291.660813443256
299.0393378385495
306.9701184516442
314.41753800951005
325.93771404941003
335.64807982869195
342.9067711237549
345.1637097045949
345.94173003126946
335.87994493938254
321.2367672090707
299.8227722002299
284.0927386825215
266.7530245245809
236.80075411090363
212.34114431246266
193.9306192796791
198.38647790164018
200.82452320939365
201.9011294897535
202.77309944371538
204.25947717847419
204.77582562530714
202.6600312757287
203.79702149530098
203.10950991578264
204.55051553822162
204.29506571024004
204.1959202069
202.11156555468537
203.3915100441784
202.92257288048023
201.6696823477418
200.9357666208064
199.2981800192051
195.86918518963293
192.91424857124224
190.09153276479407
183.89890819216726
180.1289793980682
174.03100621140436
174.52056429129334
173.30182303865428
172.86650326190346
172.89891744089704
173.49937335746299
171.4948212639951
171.8791778768706
171.9526618895439
171.6761155543592
172.1393631783182
171.26537712329898
171.77860653180565
171.2571376504562
169.89429994867643
169.38622524008582
169.64374412641072
167.19952459536785
166.36029445387868
161.96240380004326
159.4677934566837
156.43120597375218
153.25259216724672
150.38161932077276
147.30103509135378
144.60822609807917
142.555113330095
141.33563957360403
140.68477509665885
137.3934644106467
137.10743692923782
134.6140021519463
132.6551288425997
130.53348386807596
126.97012206453768
124.06322824978925
121.12920936768576
117.8071945379985
115.14201941341865
113.81967154733472
113.53278452684847
111.83539853845211
111.49579256967104
110.38843093676654
109.44895574860296
107.18501864522713
