20
24
b
12.266736910241434
12.77141270497722
11.473257937866297
12.640647706030503
11.827064500063644
12.933445109871398
11.017044056392196
12.089050020248106
11.070568253708643
8.772223770037607
7.984545681634827
6.046164040295996
4.05666630245902
3.389633582226069
0.0
0.19502374520659269
0.10732824633185603
0.0
0.3615163634668435
0.28639172856776496
2.7092403423850433
8.979254875024115
14.512389458263485
17.65737387476315
22.44937200662265
27.697929391953284
34.60156230678063
39.30484397568969
42.94449286606824
44.23587309735981
44.214932310683295
41.01840673348649
37.17127217629462
29.41915035448146
24.886656327977025
16.02485986221138
11.98622358126178
8.62977595992462
2.5103672701523942
0.0
0.3427067461311287
0.0
0.0
0.0
0.0
0.24064751065487155
0.1475373623850374
1.9271654721687632
2.9058413316510423
3.379629693924785
2.937559599939859
4.036812808369945
3.91614328665472
4.627144098328284
5.228053590554695
7.789022749947491
8.236461937961124
15.392767758428606
18.023029166810186
23.552801098901313
26.581374459350318
29.403875514653713
30.79547240008417
31.923401732396016
36.393065805387664
39.11189483645143
41.45983589801258
48.986936190832665
57.44906287424196
71.49572820757858
80.82550551984802
94.20923536390035
108.78849723864813
122.89102267582766
144.80579513383597
160.35309909485318
173.8721365874586
177.67453093335402
178.07591934039584
167.13706196584732
150.53189218570662
128.4191425841635
111.12861915339894
91.89102251275288
76.31510885129661
62.85672217483693
42.7976668531753
26.67588928485983
15.478517680598957
12.92002551069683
13.353111724368176
17.97480990878003
24.692875544599378
34.67142309542517
42.0438373992931
49.27105649273992
54.14149802304645
56.577931836827716
62.86805275903333
66.44345278161724
69.7529741824778
70.10220108087483
70.01904986108026
69.43855767134114
68.58523286486027
66.9660090082078
66.69364623531882
64.98178351042105
63.84820922753676
60.83302481665881
55.699502065041756
52.89512837335355
48.81830369976124
47.51819815423466
45.77674922512303
60.61851743319293
80.31483005512885
109.08703892217886
129.25178434801234
153.4163866256457
182.72568081667242
204.8038744928123
235.55019231132096
249.05258179043918
256.9024076738884
258.84682136613463
260.40567443175223
265.64129039872137
267.21081225781376
268.36353791998675
271.19360238885497
274.8573599942337
283.27593444679087
291.4645201870998
307.6297380752074
318.1371286474829
327.6931069283059
328.87814738100445
328.0695105841937
319.660874436802
305.855716143264
284.6353863010639
270.86282390772845
254.07563053083874
237.57270019521056
225.75892258536683
209.7920910982651
198.21610992448456
192.5256691502157
190.2946999854023
189.0756308686721
184.87229279797282
182.3166147755226
179.50267485894767
177.7134281439836
173.48509647015854
166.57731752676193
160.59204381708147
153.19033688085338
148.66530092761496
144.285839828122
141.9051512967078
141.8866679479699
139.4031626254701
136.13105664657704
133.73992272229148
132.8400148475077
130.14345382830317
123.73251029850587
118.76936504002471
110.50525154890137
104.00879512810909
98.97336965994066
98.26355132932092
96.14373953050378
105.21896674876156
114.81663579846442
131.0089249684233
142.88155007659415
156.7328721698529
169.2557754051344
181.6831902373927
199.47991550345486
215.17786924738527
228.11386936699594
230.13218339484652
230.5402506979698
217.07218886069356
199.29594826158342
172.17989880917028
153.53143931843738
128.7404415195084
111.98416557880824
93.4778565760582
66.88630471327492
47.346403872404935
31.784610653050308
28.571084388124206
27.47678099378498
35.49409116881967
47.27347784779903
64.03766183945072
76.33341750363746
90.86635316086492
100.49767944139397
109.00313676250829
121.5717030325922
130.69496733957658
138.86618745911935
140.41748871693562
140.33685758980505
135.37344429906855
126.9686586550795
115.52527388004309
107.69278787142102
97.53081304098117
89.78455332449208
81.39447808093108
67.03934847791169
55.35511580470861
46.26983393068115
44.098905122036356
44.10423239855189
58.80370909396791
79.10994020062695
111.65159941577714
132.65166987263194
159.06684141841828
182.8072404415499
203.73977788749878
237.25851177475647
262.143505871286
280.6976014493491
284.382274424406
285.17341560640875
276.4129909757066
264.18348052832175
246.69149642796242
234.76563136906432
218.62715763489587
213.02299518226133
208.7691467040108
206.05445125885606
202.53973104932595
196.4318468073594
193.04670207775067
187.88750438569176
177.72145582102505
163.31893785233103
143.52042377209318
129.80740614717993
109.5208028990896
89.63229476411799
70.09193511047812
42.21382758544851
20.689488647975544
5.5993844521953395
0.9268707162432427
1.1206390143354032
5.508067825304356
10.773281583441102
16.93618706098252
24.383900196506463
29.45348495250932
29.73908840645195
30.134243942894198
28.70822705000997
29.28960598494162
27.957208815215594
29.470863110379465
29.06516418024354
30.080360139695134
29.732501411876072
30.826489189809806
31.396925919077145
32.73305969885262
33.34799611577932
33.44352560407234
36.4472059218458
37.7657611539624
38.5441779623545
37.53412828012354
38.360331042526944
36.55020945061935
34.15492241469202
30.86303003491417
27.09492505648441
23.6465156174453
