27
25
d
123.95544608833356
123.30822582554771
123.7339897005333
123.65570230462671
122.31828020439185
123.85423829568784
123.55651921152622
120.78059502053857
118.6675065779447
114.17067102939
111.29044692681174
107.17222318550847
102.00736480214596
98.72298518536908
94.8861902021879
91.71613075761897
90.35659392310282
90.97386227158513
90.39077030585909
88.3758870967417
87.9824693327027
86.72051723916087
87.85700416036944
87.11558079410142
85.74995608992865
83.69739926496422
83.50968222655148
80.7706529192472
79.97540318501969
79.53547535853943
78.7840963148656
77.81080107286316
76.32790720913013
75.6877899873933
73.86450155953246
73.8322091113742
71.60986098513588
70.26518452700843
68.44959464578997
65.80841037968239
65.07406071747407
64.56238521698427
64.14094780023291
64.55671166190004
65.90896471434394
67.01975829625692
67.80375957782009
69.10148322410295
68.8238237592178
68.74411544986674
68.98005365479383
70.23174542766658
69.17955520105104
71.02084231009555
70.06086599309523
71.10824172249353
71.71775881877063
72.48273339859426
73.401716143454
72.83126879729353
73.87160612706283
74.02067996125912
74.76164190619781
75.32540797923829
75.76222037279624
77.8706830567946
76.53341009524979
78.72455943683384
79.20973465616322
80.73517536976308
82.23837315404934
82.61580706243755
84.95014060246697
85.51889820426256
87.21822759226527
87.83152350432518
88.56894588607531
90.21971261172679
89.65732444741509
91.75641646544729
94.11423951090212
96.48948864706489
98.41898211850753
100.33243849358676
103.65979314214974
105.61950834395573
107.01634993058249
109.7715228202429
112.25291508441002
113.47886247096723
113.47916695901036
115.97163823321387
118.00353491867911
120.81500188289763
123.00690392988146
124.136459638964
127.69049277582084
130.72204304633635
134.16718364890482
135.86527280331245
139.34093797908994
140.20394561261915
139.59545407019755
142.6279052034826
142.9810879820489
144.5270347459789
145.65032936025494
147.01258182742464
150.2167606787089
153.81658388609597
156.8829326719296
157.49155371498432
158.8772342899574
158.05413905295876
158.64426684721656
159.28405169637017
159.75757463112564
159.3018612688765
159.24264622720258
160.0349365356454
160.76582482676693
162.3475625715168
161.94471998173952
163.7910606183273
164.4229946562285
164.68206774767063
165.9703818570031
164.5145576504843
163.47709428540486
162.190307278364
162.003332883122
161.48430831527475
161.63530760910183
160.489156965781
159.263782051327
159.281940747799
159.0043160810624
158.51237959116264
158.35498255159573
158.564677799441
160.60878252413465
161.71525663838008
163.2631713908419
164.74560744363768
166.37734333712362
167.13996096357272
169.22763156211454
170.17030797506166
171.90101717558943
171.66681255156993
171.50220557675883
170.5216225126446
171.0090896983064
170.71703523848595
169.0296152451218
169.37280406271324
169.92542409568196
169.65149035148403
169.59984352564973
169.46029480564647
169.26536896319513
170.58410243612164
170.4285041448636
168.70593129467622
170.35002327824088
169.3405926052603
168.73201714666925
168.34982869793274
167.45679815575141
167.4163063498011
167.73565633402686
166.70926264154286
166.45487083337173
167.19306338630048
166.3377203879756
165.76448786305974
165.44654477235653
165.44264887407473
163.1806478129832
163.20103744719148
162.91227934600866
159.75801519279736
160.07516267668922
159.51089397472526
159.27643225220166
159.3992141898908
158.975362616666
159.3578437184061
158.63277823597497
158.6215879754923
158.83139549771678
157.74597252465955
158.88753552979216
157.56465615623065
157.3665804883279
156.815841467519
157.44109747294146
156.9855482447345
157.80965116055094
155.97196625435362
157.12887938674044
155.46127046609698
156.01935184609115
155.67940795081796
155.3447323117951
154.12751097246743
152.9406671658846
153.58527789219204
153.68672835579326
152.28202714705324
152.67909608584213
152.32885508235498
153.55460373731472
155.1911808790537
155.2378908522111
156.12048828014989
155.31563541654234
156.13129113792613
156.672125885551
157.2320964587587
157.34898794979355
157.60387862088157
157.36538146791224
157.81770715332627
157.05336429854387
157.02942625890128
156.38822844223867
156.05176137152094
156.73271224206835
155.91103945186148
157.02553486599533
155.86810442307382
155.35387484862554
155.59619392762337
156.0967234956497
156.47822431369252
157.31356230158954
159.85343920630618
160.68671849472764
163.18861416174832
165.31919384782202
167.55516643394608
169.7273631245389
169.97884138456186
170.53417828288414
170.64383518649072
170.58579891156788
171.0756353787166
171.3455395306808
171.15327672528386
171.8332559549922
171.06489415647613
171.3589859994528
171.3999692812963
171.77938103855675
172.81784649490424
172.91912219217608
173.62421937988321
174.0510266409273
173.03039088627085
172.98028500785395
171.76184219349167
171.587591045352
170.3916788829508
169.084332515498
169.4589838868353
168.1913500942338
167.96125104174186
167.32795462362947
166.8857280426262
166.41471834161078
165.87619494372152
163.57649501830568
161.22051773487837
159.84305301654828
155.73543647561647
154.3061512422801
153.4351534198627
151.01897579931392
149.52485525635592
147.3533525992252
145.03156319925606
145.98440707839393
143.5072079587645
141.6015863521754
138.20747015306014
136.75578116021575
133.5324970998658
