25
24
e
73.86490965111722
72.86707992218896
73.46667794936072
73.38427900214187
73.0812143735003
74.17488476129397
73.35646780308103
69.97997586275456
64.87393357941495
56.856325656066765
50.80723232779823
44.849564157177774
39.17637031304669
32.64466691486871
23.47524783610177
16.038943616663374
10.638643685494815
9.41472053117221
10.151637092728224
9.481845136414835
12.540147362665902
15.011148245696164
16.874297722395184
17.90816506376841
18.553467187888383
17.718688916238182
18.833149687134732
17.484722588771785
16.9231870706728
17.839289782769498
17.230377574684823
17.811122168569423
19.211976129672497
21.99044161759949
23.119229806312475
26.11080210947312
28.32961379915813
28.8180303902198
31.544164298042997
34.22685463309479
36.02541766664769
35.04085538750144
35.70587866528849
35.36899790913818
35.110219051827855
32.5823137608536
32.36154958432996
30.00357647141209
30.296975137407482
28.198491692901953
26.313646945914773
23.46335273675417
22.090002654959214
20.7472248835987
21.399679030233447
26.017311855196667
32.92839201694146
44.63103932560503
52.72825100117428
60.826834824202514
74.1291981697676
83.32162061831234
96.5858744963321
98.43894374415419
98.82551037592376
99.59073383110511
100.81097848432529
100.30978387193694
100.37924422768934
100.53317085962945
101.82113727434927
100.80364709320558
103.37191582670397
103.52557076076788
103.79369999746156
105.35310356675113
106.53362442641237
107.95618710710052
107.72219047687564
112.26467095353242
113.4016877470702
118.28439280625392
120.51195245365932
123.55626980346383
128.63941991551243
132.73069325851438
138.28774431008986
141.8041065071395
145.97918889444242
146.35039115786168
146.72317842678365
145.33646868439035
145.0514399107381
142.88112710270653
141.89797658949738
140.67973756885277
141.1282229077299
140.20001971967037
139.91022481998732
139.89425071101874
140.27020151990766
139.25563909512408
139.0913171466475
140.90000898524903
142.14438601599406
146.5178641511913
147.86812567434538
149.98338572896859
153.77124978271888
154.5921825364232
158.822313096117
162.2799496149464
164.6980312406044
164.93848628106338
164.9736826342191
162.7218224960241
159.48665065072663
156.27214341496563
153.92717943241362
150.35152866330137
147.53962805747062
145.24718474498448
141.54191793245755
137.18114303256357
135.61737602059742
134.3182183350053
135.31596847518236
137.66543427436778
140.73274372785824
146.92019414453833
150.46262153789777
155.61353256960078
161.22351626840967
165.75382938832914
171.26867957504203
171.10664212441034
171.37794506996175
170.9254420941521
171.36010646536215
170.1129759456741
171.5541344110844
171.05686770753314
171.5245780311728
172.05877468233302
171.81955004043127
171.02334209032696
172.40315738033883
172.4894747425861
172.35041432595972
172.23582876309564
173.97195661799344
174.64188657008322
175.3138686714119
181.28065939785827
185.86478018806073
190.34802796520185
195.2349489746124
198.87222978435636
204.91561949935928
208.25808896389145
209.72885546768927
209.91295661484833
210.49146389398953
211.06500378592798
212.06547658089252
212.8486803936878
212.01749965144546
213.5571532193052
215.26776820686578
215.95804177469577
217.131577468075
218.69001089830448
219.33906301596832
221.18614263380013
222.92866602149795
222.70268034611394
226.51665505064284
229.54415782971358
231.97229308869896
234.33895559234188
238.74054956326208
242.28791327514085
246.75783360936478
251.58590247896313
254.11705405646032
254.0192240708545
254.64939797007315
253.71931397245618
252.09262522215894
250.03438962760336
248.33805103015712
246.87375937195173
245.88699942797777
245.3218011595855
244.6217936071778
243.1353095573221
243.00317895593312
243.56865558147007
243.84119639808142
243.9713934621822
244.5503747188953
243.46804439232864
243.5211369489983
244.87903688354626
245.42584192383322
245.27985155854307
244.87729445036658
246.39442533010373
245.67715256994504
246.5200384222626
246.82192632560376
244.51583134433602
243.14639661711215
239.54753204571074
237.37378538886927
234.92127860193006
232.65332396864488
232.70502600338858
232.42428661661697
230.7423148816012
229.43509720291837
227.99918496171009
226.56237802761132
222.96347639319197
217.6705924003639
207.90318241546677
201.83343182945012
193.36055862875116
180.68667084885394
172.40786059115402
159.53532970635473
155.89330519143013
154.33731943463133
154.16926910201482
153.15628749128763
150.9981995539284
151.82902968958692
151.56055854201182
150.36129681685665
150.55021715012265
147.78539291664913
144.97462325757968
141.32010652118007
140.0737464984906
136.56330448150857
136.5527180713361
137.71396813108367
137.9317716335832
138.33754576006928
142.94117906563991
143.42494107262314
146.12706341077129
147.59913507847742
147.90087094289098
150.7659045385432
151.5046671385559
153.50641341406978
153.57045666048367
153.21867038863545
151.52154707022666
149.89437522571376
146.45777469030472
144.11459985148713
141.65066499662694
138.28965853693748
136.000450420259
133.05936801316446
130.62827315673619
130.23727684078807
129.91840961772596
129.57716445215178
129.57426976646695
128.0587024875469
127.30449007350963
128.2479278591923
126.80131329803447
126.58684551593727
125.71961091216131
127.00147254043645
126.18375276449834
124.58022393906982
123.4546845258301
123.20233334562174
120.56603098430178
118.0236494551477
110.56405544015036
104.35033195394536
96.01029754522226
