3
5
a
146.3557442779115
137.5316605245358
130.04562453459752
120.70100429033633
112.61295066555238
105.23460837994803
100.6445866958651
98.43403895274797
92.70201746171574
87.65674027414491
81.11442381564632
74.692680356187
67.78280167789089
57.8221444277211
48.40636955811663
34.4922328726066
23.443007639030288
16.321380984644726
14.211855375438448
14.54856777828085
16.755398728915136
19.018598424474742
22.1406822553707
25.22465706549939
28.23723484813401
28.642964147960765
28.445816976177223
27.65751613208764
26.3811813986385
26.36048688119518
26.69814715917792
25.804624735966605
28.615176909670968
31.63112571725518
34.476174528613974
35.953274611200975
39.85469139287825
42.808954523430295
44.2434590594502
50.2610288560591
52.5231689274954
54.270476307571535
54.30742213851487
55.12100899154388
53.78866998269064
52.54640854784857
49.19345291782419
47.34970605356267
46.19211119761534
44.837218798549536
42.77605517958878
37.84394177007349
35.66977983924087
32.48923843743256
31.320369064708622
31.557862001583928
40.100538901647866
50.97538198241835
67.53174579545728
79.59061976867322
92.1635415587956
112.72398408808178
128.264260599031
147.09421710658543
148.92508652223955
150.64001376809813
151.62007776072883
151.61306454673482
153.1764198810467
153.1265155573115
152.8482726214467
153.26781035265256
154.29060557443626
155.77672754479653
155.96438267940135
159.0920711039737
160.15600073980437
161.47984330183695
163.8609874573759
164.8720311107
168.46586694091815
173.43121752623327
179.45844421885445
183.54672750997238
189.8026698630368
196.82768667145606
202.29339110217578
211.03693656364905
216.57615093665027
222.92133775752126
223.52212795360728
223.40591058719224
222.44715835404094
219.1994057430246
218.67771730897525
216.76586923774505
214.76527195050357
213.70995463429267
214.22557393793204
213.70110553139128
213.1484133634064
211.75964624081598
211.47376004050204
211.24480502681456
213.89055403925286
217.0593429669503
220.61872759084187
226.15192005934904
229.35350631617902
232.92172306055403
236.66882001936605
242.51033569122868
246.05253408485703
249.89398729803804
251.1854509759663
250.6258994130713
248.25936730956974
244.00984122425535
238.74625486194336
233.37245820747995
228.00854541438818
224.93266471964927
220.11763459918345
214.70646303041144
210.30426365387063
206.79821480793584
205.11083825367155
205.4448542956884
208.46411958588712
214.57398735340368
223.18807230265352
229.0268148899444
237.21552542419607
244.2413218930367
251.50548303052855
260.96012722544674
260.64276856797545
260.1208227878856
260.8636444960954
260.086517210758
260.35832446519754
260.734022418543
262.1086010335386
260.9983151015233
260.82943325903017
261.14598459362446
260.4024153528359
261.35457555534816
261.4604854416489
261.8639482587215
262.5905819732185
263.42603048699016
265.86351309075076
267.04160916750953
275.1226345035307
282.04195609176406
289.3141951976821
297.0103589737892
304.2113747360071
311.5209163855201
316.7271317864782
318.5604678198384
319.842274948655
319.5463285777478
321.32914757817986
321.4793089981238
323.68867847987906
323.9288357644928
325.68073348364953
327.9256313547447
329.44257990263776
330.8974029247841
332.2832115300748
334.13521131507815
335.66566063323086
337.49876444417544
340.61351178767126
344.0164706441543
349.2424018867375
353.3612156766397
357.81169617696526
363.0475873040687
368.3017121079859
377.536943033775
381.5219164034387
385.9389737928034
387.26921675904504
386.3085388664614
386.3078314609584
383.7876040822319
379.3208973470155
378.84146579793963
375.60587444939625
375.42149502294694
373.19299506185894
372.3976969114557
372.0975904934758
371.0433394032608
370.89948994912635
370.99602555336037
371.2070072796464
371.19374584782
371.3675895325189
371.25310221744417
372.03656955712563
372.4143594904514
372.4534947983371
372.33432972793383
373.84315798570543
374.67293148572776
374.26189653343135
375.1275261658362
373.0042697868035
369.8625387915923
365.0745985927522
362.11509561181595
357.17234224339416
355.69651887759824
353.18483419755444
352.23754906076573
351.44638726229874
347.5930972316156
345.8838331731457
345.43667125985166
337.70000785580294
330.4014124929028
316.1166115978718
306.76946707505516
293.81844714442883
275.62269854384766
261.9567535532314
241.97848841688543
237.29137416466187
234.67316704918127
234.60955661803737
232.96537349975247
231.56881196874164
230.3280015136257
230.33714822709848
228.74452320475353
228.52783594024785
226.14819591817107
221.7617487430688
216.18372137735412
212.60259844095705
209.31088178883368
207.55377791028266
207.81213431061173
208.23596630262634
212.10711259304153
215.6215810600666
219.56302857336806
221.30842901372702
223.6560337720637
224.8601296885724
228.20100168510152
231.72311632714388
233.53311619538596
233.9926990789913
235.02349169521383
232.33278749085275
228.38208587963553
222.68207239389807
218.71435791248865
214.7262600387777
209.02363837932128
206.81656804433948
202.26829059392276
199.84554079980018
198.1003220857719
197.22707147221996
196.79608967681136
195.32582969818586
195.5541876062137
194.9135335692498
194.66097034015314
192.59357827122966
192.50002513478873
191.9156340802476
191.33670599219386
191.5734209034138
189.77663134024854
188.45998764327516
187.07128586750036
183.2985519779664
179.98719616823456
167.30480422764373
158.5648353622857
