23
18
b
120.76796468873657
121.78238861582848
120.67132224685477
121.77296752243531
121.42622174244315
121.46741598320088
121.8749253475133
117.6051583878351
112.0759247224996
104.30338749009175
99.87969655217191
92.79662172506913
85.6993633700613
80.58761471892163
71.5371400252484
63.25327720896348
59.60848700212007
57.15573234360571
57.642396168103936
59.438467112136706
61.38346874207875
64.73313471679401
68.17672686561748
71.46357690863091
72.77800564716428
73.32523513832088
74.22711417573615
74.6483212550873
75.52980656199512
75.40814136167103
75.6746926560043
76.14261363444064
76.1432635707859
75.80128696587816
76.64943011591126
77.11215999663497
78.07171599395393
78.30604420864661
78.243149055376
78.38696764651
80.06032680858038
79.56029353775045
80.09821991812863
80.02907579219362
79.74466290006337
79.3031462660063
79.78199560312325
78.84366755206692
78.67721861171236
78.329921964259
79.16397272419215
79.02490327225728
78.81464871317857
78.89078400037636
78.80695410628233
79.26777800709623
78.56493236590374
79.7911928450009
79.03317178196906
79.31601871473123
78.37549940674432
78.07649582218238
77.71710368125875
78.41377052028572
76.75498127481418
76.99912226078827
76.82379255293377
78.19882329504848
80.64146221423843
83.70878419972136
86.23687856184004
88.5977618157682
91.90944215153708
96.37376009287898
99.57494444799102
100.66277993781782
100.15231204930224
100.03752744405284
99.81641586961386
100.95961255204477
101.29997011001414
100.55856752569329
100.72510872047616
100.44419346744621
100.80874578848791
100.52187367655287
100.62867150624476
100.31316698052532
101.41243620801768
100.89428181209833
102.44205657871927
103.68103315177552
103.70263743594795
111.73052758819152
117.22914713677177
127.43723777377636
132.0228220336174
137.98287407849955
146.89032283291252
152.46128155635023
156.67543808334287
157.66709364244906
159.40713877575655
157.64466378639045
156.40037722866663
153.54187373941613
151.96329490089133
150.50978105952265
151.00060538470913
149.74853544711377
151.12734609316882
149.7482774070452
150.58080764165152
152.38169382981715
151.3819050246519
149.75277537036646
148.80157017541163
146.4386433858379
143.61138930211266
142.4815952073122
139.39256987480314
137.2331777652389
135.9748768581329
134.16257818611533
131.73250886681694
132.25111049267886
132.0022056388178
132.14268599059028
132.08615623511062
133.10980927649916
133.55461644496737
134.18168843021326
134.21371508086133
134.0958666710602
133.29810054762916
132.35937318293375
132.51218042923307
131.27643543598393
132.184716422543
134.59332105874014
135.92719232019837
140.61680238027486
142.82298965079036
146.11144533087298
149.1330681931976
152.1285429877339
157.57762404325481
160.54051297867727
163.50802293595243
163.52988829759363
163.68293632941783
161.5890586992546
160.02672539243534
154.84519386932962
151.89093755030117
148.0254763694156
145.894520413035
143.21441634888734
138.50300093146814
135.12614068773706
132.54757576004639
132.3191663249044
132.91476108947836
134.59849561974616
138.0010327850814
143.2005837684121
145.06071985916978
150.2403858424035
154.12903106381265
155.09562879412937
157.95481309485982
159.8372798394647
162.40782123892646
163.4864563718073
164.65608470198532
166.30817190466465
168.07408777881597
171.0198483188843
173.55068152533187
174.88537777699614
179.4448181835486
181.82842359984946
187.92293968238337
191.20241936717196
194.41604566534866
194.89504997527493
195.30375207698634
194.4616643230339
192.8356703606696
189.26883516976943
187.79320078289962
186.32338350271905
183.90343768879745
182.65782759519715
181.54086759563563
179.43764547683602
177.9156097840524
178.7565477151737
178.76011991073133
180.23388663824352
183.04676338541805
185.79645147922022
188.7314541728921
191.46896402054858
193.79240282202852
196.05239726607456
200.0774320186142
201.68365712773644
205.34172377749093
204.28637805304103
205.66685876312894
204.4466626625756
203.47129902649468
201.36978943799826
200.7743372155122
199.08716403704926
199.71884460789875
199.14070625456216
199.30187553118847
198.60799701613945
199.9179588829244
198.22222263555932
197.92930124257174
197.36940320071386
195.8095013936319
191.66083981637667
189.58210930577107
185.2375649938575
182.4755058682504
178.50595304919523
174.61261732264387
172.89768911889044
171.15950840802265
171.24359758257648
170.84120647255406
171.3985423843351
171.07849382583424
171.2594933821133
169.78518979589788
169.89307613168205
168.70892986437607
168.25659329602473
167.91037759211383
167.00223616707018
165.97071959140305
165.35774516227895
165.12721333276355
163.61306219588667
164.67858677486825
163.34405215829352
161.6812451589642
161.9907355208912
160.5242234333372
160.68086937254697
157.45690468594447
157.5616117493434
156.40228630490802
155.6606172413336
156.9003747646194
157.25564706529528
156.8666313543013
156.48490335847
157.55859637398854
158.68092636936612
159.25949753079502
158.44169437316683
158.49331066277855
159.98146861083853
159.9325177374697
160.75143490455034
160.75201990511653
158.60524365038262
155.83570276664264
151.5978442341341
149.54836439536186
145.78633224617627
143.33728955580847
140.1846220005357
138.0247156631992
133.72893504141203
132.56525914136947
131.78818259045897
132.00195632234988
131.15497877241773
130.09330976390197
128.11658608071855
127.18528420211794
126.80354879147738
