11
2
e
81.70151392769277
82.50043494354324
82.11963346713507
82.58865121632903
81.76652839797839
82.20942623901725
81.20726621136656
78.22100320886776
74.25521757283695
66.4188497552855
61.358389076604674
55.383422877459125
45.50569169614325
38.712269011141835
30.391631783613658
28.483388636509506
27.499801077179
26.904355646480486
27.743520482470828
27.460538310481255
26.69116039335718
26.36824964223342
25.95755323144508
25.976898762382547
25.063254015601913
23.021959184013173
20.88405251573032
20.75135473519268
18.502155429480926
19.413360268164805
18.668048439227807
19.1553462463691
20.282173273220888
21.296333312389482
22.4561481571102
22.731538917201338
23.75005887100718
24.43228525678425
24.564135905808968
25.115201997060474
26.184865971889824
26.342279941750807
27.204060846030597
26.819633856269263
28.024240050210572
30.777628618935875
32.435017963149456
33.84953796209841
35.43646389105657
36.58351998678615
38.037159243375704
38.71037442003452
40.268527681053314
41.03976325005836
42.48436843682571
45.40625655164069
48.443154064985436
53.009251742656815
58.08086764495824
62.28018202238631
70.50921004878256
75.99610177256696
82.03978698660902
85.54337788282781
86.46905222376412
88.37481288225958
89.3560510159015
90.29010062093981
90.49961382179914
90.21590083941199
90.09923471235953
91.67166339680821
93.11889459721692
94.09303197235661
94.0600055514203
95.75999882648341
97.71044253413429
99.76648683302665
99.77352317526338
103.12227812381056
106.19284538310197
111.07502423277623
115.78406381824306
121.04308439774856
130.11434756859705
138.14594136408496
145.76562608989235
144.93129579803636
143.53949994208972
144.41103652689262
144.33445301143303
144.86282839979376
144.49099075918508
144.92212259939666
144.58581850087012
144.2973142426642
144.2835213147875
144.53774260642902
145.51707152129555
145.37896969544357
146.24142482431765
145.88677081559922
146.47740252734732
147.83529335079865
149.13000050805726
151.88672103735414
154.89350322625188
157.10710531631705
160.48641451954654
163.297170467562
166.16933518593754
170.05121228857502
171.0823195816728
172.51187713642997
172.92572409106657
171.7901919400724
169.51499020012906
168.82541350652392
166.6768786879465
165.0447097092808
165.66173048537829
165.26047947564928
164.78842721333638
164.09040137996178
162.4770255131859
162.64800654686994
162.45066320190068
161.23921041556335
160.2247479423447
159.7305659513602
158.82383634390087
157.13902751409944
155.94632810850453
153.84529155051024
152.3786207605002
149.9948310030465
148.3945887232022
147.83968365376185
146.65332795307725
149.9654335390156
153.58948563781766
157.85889535152967
160.90094232029958
166.16499448496322
168.18924540013307
170.0954204201856
172.01748276652833
174.80367048605993
177.1911102925279
178.38901628711739
179.97609022243452
182.86977700002907
186.90236136730894
191.9036340393027
197.32285726601768
202.19295574627031
207.93100604797405
213.79498530763152
222.36687178148634
229.305380232729
233.34862720586787
234.30783556341225
235.34169371595448
232.46494413204604
231.0733980947547
227.79911567677763
225.76673258198412
223.0300461378924
222.4967308767335
222.38196231158614
221.32868444731295
220.02919638095466
219.1794519585656
219.11117034198446
219.39546015161966
219.6091756314536
221.09633692336868
220.84288869191226
222.12697358401033
223.33799470221777
224.79269976331122
224.10329011113254
225.373102349985
225.44012785812703
227.94845171613935
226.0013570406931
227.29708487983964
226.91169090821336
227.04562131348268
225.58102817308213
222.14074477757234
222.58106847995668
222.3023095737477
221.41103746041478
218.8944869804
217.28920705145805
215.62192646286405
215.14945987958643
215.14917992115852
218.85159852148794
223.68490913553455
230.62631825319312
235.80899949392247
241.79141546166807
247.66614013786955
253.10008931567597
263.45906508832434
271.93012546709076
276.94251791114857
279.2365936885784
279.3841056139406
272.34773341045724
259.74305985435325
241.97581822235662
229.82893730934015
215.95285980294037
190.36201646460023
171.5618696548658
157.11800740139833
159.80882800713974
162.13941651967608
163.16419496904845
164.16427097644439
164.16945254692132
164.30329666171315
164.21809930448484
165.00222918698248
163.82954172353143
164.95104950630383
164.33176538732977
164.41426554974717
164.0849082824649
162.75724730450622
163.41429160350856
163.36583884400878
161.76788031468269
160.48988678979137
157.57738904038678
155.32099000618135
152.19582421750783
148.28644394203806
143.95941128875708
140.10300753055535
140.0692246568393
139.35539375765515
139.00819718334415
140.05784494782284
139.6468565759587
139.1764965399328
139.74468807045903
139.58170369377592
139.30207654624633
139.85261300901274
138.8283482295511
138.32022281466197
138.43672011549853
137.4043460803718
137.32853506459642
136.34832490090736
134.78054154050633
134.45038620073072
131.38307670001132
128.91961975173808
126.51249714190224
123.71191492787322
121.0204365205314
118.94400181405985
117.17591621443096
114.87571155253787
113.98334206039188
113.26045722193182
110.97144955098078
109.78773497748855
108.53315240451747
106.61496476381278
104.78081940776617
101.66776705299888
100.36971190595973
96.64440671871027
95.32821053587095
93.18431425394745
92.01040329631611
92.22895000548449
91.19071575163115
90.4485200247871
88.54854388920165
87.76538633897579
86.82260232901481
