# format: from_node, to_node, traffic_class, traffic - demand values in each iteration
11
0
d
27.383484387243453
24.554179518664665
19.935504365407645
15.905858677058918
13.117051078692606
11.964423468460875
12.073000263207312
11.311080254901626
10.961862903793124
9.947645888837398
9.163325403225512
8.611427244740577
6.860421641497927
5.765073248965252
2.7689952283427974
0.9715454199541047
0.0
0.10559658643773465
0.5289708768833923
0.0
0.09016544272440054
4.044963572927714
10.212282133044637
15.221664614925167
21.384105939673304
26.9280339953832
32.6910363373403
40.99373642389079
47.05150569868464
52.33447851329728
53.36940192877008
52.91702252501337
50.13639409262006
43.20940090261257
36.77995132996249
29.61723494203952
19.854366838552842
14.729810749046235
10.622055430519474
3.1139965785348167
0.0
0.4276983479861056
0.08620284575702433
0.0
0.17598685408388437
0.0
0.0
1.0168091756767565
2.780104716517895
4.110511835954523
4.1421796366407415
4.613344076101195
4.115768056450575
5.387248981148597
5.580785008156697
5.519040051028841
8.229212535902324
10.183801081383084
17.114727916690967
21.847405148777554
28.328162805571054
32.3972727890394
34.39286586789041
36.26958572789282
39.39759341737853
42.77990410165576
46.735584162411975
49.701979717583335
58.7404906244789
67.20070474638713
84.0880202637141
96.75041220371466
112.832940145624
129.58949540405263
146.6537857326061
172.38315289961713
192.5116120778725
207.68506314784003
211.07997939835
211.74740685764186
198.47770189166133
181.13756710301118
153.1576549784429
132.3672965023038
108.91551781240648
92.29151102562939
75.56540327601793
51.705953825729324
32.27020058987039
17.79027752970396
15.697832694851272
16.116665644042058
20.562494518910157
28.792514086697977
39.78292893032105
49.93185190328181
60.42906067045607
64.21997465936684
68.66957394391974
74.9571921484694
79.21309550258042
82.23584135931385
83.65184330958536
84.5036551268563
84.18399457483672
81.87923104980653
80.06295084484108
78.82880738445007
77.44291032757967
75.92898625704048
72.72301641889187
67.09201578109169
63.35524500754627
57.9835980238213
57.71696350470221
56.14274491976847
72.64275314120901
95.65693249272854
130.90182333943264
154.5519877419576
184.01227417979476
217.6985690856121
245.18956419985088
282.06764671963475
297.3119340964696
306.7532243436158
308.31856352815026
311.49543374863305
315.6393473493112
319.7746167149524
320.89374067340367
324.2213222955033
327.1052074617511
338.0416996501202
348.6395073296825
365.5096613531316
379.7988673389998
390.83195923885944
392.90172611096386
393.1724564225901
380.9745786729771
364.0365187816885
341.17199258065864
323.3888137241916
304.3288186029648
283.5639340946873
269.7640207865838
249.87397278817616
236.289708667531
230.65271087524425
227.5830593583563
226.07962527365268
220.9961309813661
218.32247257015828
214.8772456086545
211.98294167212495
207.89275696103647
198.03618905278483
192.6868450273239
184.28100952834507
176.54482573896547
172.44549981346432
169.86649667756842
169.87527317902237
165.74704755282755
164.45530651799564
161.34291974401515
157.76711822470287
155.44214887382753
149.19866730525317
142.97063066848108
131.83278345539415
123.93696228347176
118.50704673696644
116.21813308908253
116.06302260668969
124.78045526997563
138.04934620506555
157.59415226073415
171.36111820521603
186.4763615129213
201.1884183279462
216.4296612318639
239.20274399827375
257.21268124555803
271.8098327617772
274.67453732373366
275.36560845648995
259.3664813303065
238.11188000374068
206.20589586193944
182.63719150405473
155.75933056857076
134.2349731115402
111.63549170806994
79.59617085332837
55.64304632084304
37.949559157459326
33.03864930018346
32.973669675295724
41.56967093009602
56.831094836299826
75.65587316769899
91.70882960891761
109.7233100922933
120.20514757978306
130.0612414232082
143.96077780297676
157.5543680029604
166.35404234600585
167.97150999339325
168.16940516478445
162.45479577437598
152.50107928680424
137.8563975680973
127.6559976235923
117.16410217895499
106.96052686851377
96.06272806928025
79.35060113445553
66.20174205025856
56.0682268202066
52.34812225600622
52.45452700869246
69.17357956099387
94.76837159878258
132.95884649068518
158.31355391197982
189.70247987533125
217.10050993567052
243.11248575957316
283.09770633037175
314.3805091783822
333.950906706884
340.17789452883386
341.07975450609774
330.2033945199299
314.86262912653734
295.59284172366455
278.77273019378356
260.7098764995122
254.84633752189245
250.14123874958457
246.2688088898135
242.04382363164234
233.8770081832674
229.94828715135426
225.95726776434032
212.19605721517345
196.44330241501004
171.08875505414
153.71663040705693
130.4095719014525
106.12782551244091
84.08140336629526
50.1530519500573
24.789642397591123
5.37187125343889
1.6543278473567988
0.8236422480366538
5.788768279372019
12.37462313749558
21.332313969480946
27.79750455090759
35.22805772426842
35.37312003824714
34.04803020559881
35.327359504891426
35.47554816441171
34.68417091703237
34.570703694606166
34.50822669902537
34.53476223801289
35.42998601251233
36.901841119221714
37.717696481793396
38.52053379256098
40.9771969034354
41.098492012201355
43.02948617197187
44.30486571721241
46.738943080585535
46.179829606816575
45.89672959325098
43.931601553174794
40.477849531217046
36.604788661608865
32.54764112751713
