# format: from_node, to_node, traffic_class, traffic - demand values in each iteration
12
23
a
18.835360147760056
15.723618966281926
12.854986517512534
10.008059858263328
8.764759988014083
8.330860310281242
6.99652288673834
6.968363066113015
6.664869264589703
6.5001463898869005
5.376912846645881
5.520233797182373
5.102710737703065
3.1981940993773246
2.454751201887527
0.8953045020163514
0.0
0.649297243813886
0.37509045305146604
0.6505841739602096
0.0
3.362356434241364
6.700091251589092
10.072257085083697
13.005398190751984
17.410480905201798
21.177384203731094
26.267341254574788
30.62567558327995
32.95736509831284
32.820013893902825
33.66669900579228
29.575298684228702
27.754161645565855
23.367350408344617
19.867219354774235
12.2839962719742
9.666693286930967
5.82437810464404
1.8098125078968017
0.0
0.0
0.10585506679719403
0.1813773758237991
0.8870341617993858
0.0
0.0
0.3601315991912424
1.2456586970724541
3.3522231118109627
3.4692782467902434
2.883835926857145
2.2335339570768378
3.088175621761351
3.8540663715193095
3.6514153791167163
4.976251172317522
6.109730867842124
11.84114499950726
13.17548197132622
17.751334824725866
19.923859900471072
20.575423035060563
23.124649567815528
24.834365105414875
27.572098564544095
28.993558126425057
30.750951882080482
35.328054300829585
42.11829102544823
53.36973367130765
60.75756580878844
70.9568876108543
81.22197945120494
92.46714662012332
109.12189540046242
121.20776855146849
131.17528049460495
133.8889818582611
133.36096654250187
126.46599447950302
113.42933520954877
95.42835306834517
83.31890592534855
68.00381442521817
57.2420283289657
49.090747837430364
32.23474005321881
20.05469099304504
11.48780179345293
10.809651343012607
9.111786668154865
13.77702604264468
18.090287412734412
26.402051492330646
31.495814916405198
38.14022286747078
40.18627926671199
42.4238297914125
47.30246102401392
49.989033503861826
52.44199626452166
52.16247656492523
52.02510052845371
53.08715550446965
52.30607141725003
50.73052915701857
49.8349275510223
48.31775617759114
48.12195555336877
46.13045785432384
43.47670684000488
40.484935682122455
36.78621433690808
35.00353618041967
35.60277639604468
46.806373946612915
59.94787038432339
81.84466257701715
97.92141614214732
115.82405419444503
137.52734252588394
154.61567150571878
177.2860172274676
188.92009653776847
193.20175532962716
195.6351954102598
197.54577703678308
198.59638784494862
201.83857878850068
201.74873853310413
205.0423739890377
207.31563894631984
213.01139403414146
221.57503485419588
230.10979413617167
239.4399574945727
246.1134511039787
248.65380031887196
247.45205439635265
241.2573351939313
230.4298445395231
215.02793621552354
204.50277062143215
190.50555108068542
179.41785921254177
169.34507029404355
157.7668382376843
149.66680851237106
145.373141232349
143.4406691957848
142.04198342501752
139.57403668261878
138.03682378162134
135.681338340053
133.22635153025823
131.6364249758419
126.85830582382268
122.24923701414072
115.83093488984437
111.33584282732329
109.22826137836816
107.49332618415723
106.6151030253994
105.26006484549521
103.49005784005229
101.1805581120565
99.4529678174962
98.2467692489634
94.09102798689031
90.6055921386279
83.69043331230425
78.42641990134513
73.74688676425578
74.14872852892873
73.59782646938247
78.92375266296575
86.57814349064614
99.9440200508426
107.78713938559711
117.93973961885013
126.48458511571117
137.01877790831813
150.35715343261188
161.95339709276587
171.14250089123468
174.12796336061447
173.97771031477177
163.80611997906846
151.27368519041758
130.1061720839375
115.61107761526378
97.74542109491567
84.42081322891697
71.83344878788544
50.21508464507787
35.52099666764985
24.044256016186203
21.387524664122534
21.420402913357982
27.286624049445823
35.491148165872545
48.65635783165581
57.892693219643796
69.70220479366768
75.47333390589974
81.68830768280888
91.16675425885352
99.13782392879848
105.1823588519834
106.72489858213709
105.84391064151367
102.07427289232555
94.8986424764204
86.98557461252928
81.8029140754766
73.77743291856336
66.84789799650675
60.753262573236675
50.06386451229985
42.8121046055052
35.19540124504935
33.33972768135061
32.8678269896934
43.98472025857964
60.56786906825516
83.54958934888792
100.35940004706043
120.16323461754587
137.52894447115824
154.10297023147933
178.71381467226252
197.506021920591
211.98530709017044
213.61265303523163
214.68734659270018
209.13064555718574
199.48956145060842
186.57861464917855
176.00109010284555
164.5602857293176
160.9308051989782
157.44095175493928
155.14378996919163
152.10586625494176
147.81462852421492
145.34503786658462
142.32942980938125
134.84279778365834
123.95126585784232
108.17833107669004
96.4256936130481
82.2338632151447
67.80204067280876
53.02611552820912
31.105582431251406
15.544962329382157
3.552165036184616
0.6398165589872763
1.083300806329854
2.899048824338781
7.7767166445253935
12.482632889699598
17.759175219397843
22.6622667374051
21.59754414566092
22.53953961334026
21.232987002827763
22.61513168501562
21.878620205302308
22.25083953142709
21.503281453353477
21.464079438771503
22.76620203676915
23.47654091685259
23.58129128428611
24.229784471284194
24.749276274400255
26.49001359287257
27.19365947346479
28.20074125625868
29.88898474189271
28.671245931865393
29.555848929849038
28.233160559027915
25.09606830066049
22.23287738227215
20.52600103150404
