# format: from_node, to_node, traffic_class, traffic - demand values in each iteration
17
0
e
16.691647252142022
14.244566546368072
12.92348117888421
9.713018128746707
7.007671944241145
7.613619736381095
7.102924418987829
6.694463837292079
5.869934906442734
6.187626732362923
6.276198824544377
5.6730160586430385
4.950335939311734
3.8710186904492665
2.2197074874653975
0.27510523969808964
0.22589107447473145
0.0
0.0
0.0
0.1877895847285545
1.8617623301102375
6.885589760751172
9.754539295689982
13.480297792573847
17.099446876302995
20.20619916199068
25.430414602106257
28.002147606402527
31.57938808099663
32.85175888357812
31.79663188007709
29.741508751353575
26.46068658115205
21.60489132870367
17.5770083623624
12.197464073463733
8.771877300540947
6.791877237287693
2.6423935627275696
0.3377429902023193
0.5927411065975295
0.22826756881224136
0.2240057243304163
0.19438132382748838
0.0
0.7630236256857496
0.0
3.102464619315888
2.38050588503749
2.3184945817669718
2.8209658566323403
2.209003901117047
1.8974572358718023
3.434971574622558
3.016203350252065
4.580910798179714
7.2061397074092675
10.609310769731252
13.947681897632046
16.250344438789067
19.167373256720055
20.98825676101941
21.547163729900326
23.477337109405223
25.436097527965387
27.38063151688778
29.974377679850274
35.44286187666674
41.4401453806322
52.68394689526801
59.160208258985314
69.01808693235104
78.50778840807487
89.0114102420134
105.81243614292993
117.08733918549139
126.80845178332125
130.0809101200947
128.51839002493261
121.56383559969922
110.07634863815629
92.35903404920997
80.78616816849281
65.90733695636204
56.51214290728879
45.4065882687742
31.721824633465342
19.009961658982398
10.843550470122583
9.828618287477184
10.117994217708924
12.442920912477817
18.252039717222566
24.635482111261474
30.5239052648651
36.69352677185464
39.519038882724004
42.215242518085226
45.32423185554327
49.14490738460735
49.96428830690456
51.012131787896585
50.64200429487225
50.616677665129586
50.2683181644226
48.66008238750766
47.96336293051161
47.614114046313084
46.21080851254551
45.11829814647317
41.173208420022235
38.799753020549204
35.91306568158483
34.44719613902607
34.239866301981756
43.631998980859365
57.897920684841644
80.0758156728858
94.38735917245695
111.41734532334809
132.91755286881136
149.20152604019788
172.2945147254291
182.41608078063004
188.18104645101948
188.62094011590446
190.63846931463212
192.5642872102704
194.19723119927764
196.44809783424006
197.1564821801622
199.66510116477446
207.15623970828653
213.22876066209417
224.0032741764962
231.7863654265879
237.6018477226728
239.3327024674402
239.64365657091392
232.1997015374104
222.77890434688368
208.2681644762686
197.5342971767983
184.69035181024722
173.64340030703983
165.08453717747688
152.05845194910674
145.12336957799926
140.4453029583377
138.55088893117448
136.95359051428073
135.90615695853708
133.414168682372
132.36342689587008
128.89438051206113
125.42994922414255
121.05080864243872
116.79255508347094
111.8562038001803
107.3950419872235
104.56659749159154
104.72597240634347
103.14439823533954
101.77889810610307
99.75598492064354
97.62849021786444
96.74585667515137
94.75028725507502
91.57603849883775
87.3746100924269
80.88471930570337
75.43459790958372
72.26919190807621
70.80259946715434
70.52855280526556
76.11262265449729
84.46017793725245
96.31283548932868
103.97310040845484
113.51484018157616
122.90185588402127
132.50581945184172
146.1172318277596
156.37784930609257
165.61103195469445
167.46603558170187
168.07376331529733
159.25588208577398
144.42333470607224
125.78223467394243
111.20224915458633
94.69523785379258
81.92809513480965
68.31109306228645
49.0363560219512
33.811175577328385
23.04359072466612
20.596094352511173
20.271407564244043
25.32632379498758
34.58390389279687
46.351579748209126
56.221465459169686
66.43943874664464
72.93263765957381
79.51464853796956
87.80772511815232
96.11437905796868
102.08603642703706
102.10550196946448
102.82409506489402
99.44079043253132
91.81447522609172
84.33246209806883
78.05148563041556
70.42785331459487
65.8662835010624
58.78001462283777
48.40200909190489
40.461473668188304
34.77549673503044
32.38404029948322
32.472456938731185
41.770552067920654
57.514932431960226
80.86155407303967
96.30670644880074
115.4378440351456
132.12202251350314
147.936583808108
172.42378334555914
190.49767153465112
205.13077916565763
207.75626577651587
207.3431285389739
200.80757989773207
192.52361821305598
179.91524936220773
170.89030944515412
159.00713425549807
156.26621519039452
153.43441153871973
150.52242566900583
146.740630285458
143.77694218898966
140.75739025525436
137.55555047067867
129.6847056152947
118.84491206940325
104.78778305664034
93.47927543837358
80.08357740055717
64.66016377258032
51.35943509759592
30.09823172396728
14.969894711597544
3.2116001462224957
1.536051148701743
0.8402513945276648
3.948920715216287
8.14481371093131
12.506887891450392
16.84293562254449
21.38896538632634
22.399125936855064
22.13988413524329
21.302870330317642
21.538807028570158
21.00963709341134
21.558361400143113
20.508204088871846
22.810373280643326
22.30931544825799
22.69049254767565
22.58693101818581
23.619046021679537
25.02796959129438
25.637354468354648
26.51861781877222
27.276742906364348
27.96447369899954
27.468503370150536
27.603696619447984
27.144540344209133
25.29850925668877
21.016039456963906
19.297939065665673
