# format: from_node, to_node, traffic_class, traffic - demand values in each iteration
25
2
a
25.727441412863254
21.018037951342667
18.07983853768663
13.910319194900314
12.263205086371096
11.179175394788153
8.881609974387581
9.507871551446877
9.204628065630002
8.230574444924851
8.262431345473939
7.569577998758652
6.501702895058355
4.947788607208173
5.071727588847204
1.2066819769944566
0.0483600639565248
0.12364058274840438
0.0
0.1461516620207371
0.0
3.6611994852896546
9.196210648199504
14.261556418152024
18.572298637609663
25.175953411502118
29.13805069850356
36.586548988560445
43.01040347724587
46.09954492770244
47.9672557294689
46.66768873781686
43.43526097344105
39.79250276337715
32.128679354580974
26.760167530792142
17.741786081762807
13.56823800535117
8.345455591831778
2.542930989049048
0.0
0.0
0.0
0.0
0.19222600159300957
0.0
0.6905389031732528
0.0
2.20635455436551
4.323399719870519
3.4798339296044287
3.9070277706044787
4.126899608032215
4.9202747609869695
5.598375780501765
5.767240745831152
7.587588524396605
8.650450084669526
15.324276257244977
19.671712577815324
25.54300359782913
27.57182995371762
31.12745700807373
32.46382114612602
35.50996146939995
38.659428811395266
41.59629406011731
43.760507588471086
51.34949435615728
59.77395980775703
75.55202028476917
86.23613557336887
100.7422010000861
115.62915279780437
130.24128355594604
153.76619823624918
171.5357750152282
186.17033950941575
188.76105325248616
189.14294331175464
178.0156973564912
161.25720095210576
136.82129559211663
119.61812869884291
98.17432843149336
82.02524081951067
68.04302267182496
45.583740891334976
28.675895855872767
16.427705529338542
13.406996357153256
14.005726010587653
17.53785303030434
25.678114636879545
35.91547468318666
44.9445600052502
53.009323914814956
57.39738453978259
60.41976635859964
66.97617688734923
71.10940170811423
74.47652109752401
74.62215922506007
74.85613484678214
73.7685827326775
72.9185910332028
71.67834033904083
69.86353283491054
69.40032558064668
68.74575480609388
64.03957362432494
60.94304640465341
56.516428679618286
52.442672081214965
49.963286636031
50.44678859411485
64.59159615495653
86.56161058662963
116.43820351740048
137.79312185133492
163.75189447751262
194.5377342722998
219.31795905651103
251.96968552094563
265.6555618983975
273.82492276037163
275.8447639887081
278.8764431229704
282.31427499703875
284.4484651675282
286.35282664618876
289.9737908576115
293.20325444391847
301.9875405512657
312.0100150088591
327.33695040893366
340.05225950890474
348.6263631366015
350.3956867073335
351.1558516194583
341.0148382895107
326.0522931280257
304.79159851153287
288.7659829910246
271.5404303137183
254.094305236615
240.89603209986046
223.80277908666434
210.73158235806522
205.9605998096332
204.10350029338278
201.2340515570152
198.0225983044868
194.81070120778628
191.70336133762933
188.8376199933856
186.17448589868147
177.96120051321464
171.76930385176183
163.76619330482458
158.27687835227357
154.10091971593948
152.09081982478338
150.9162797124843
148.54161568298403
146.44519422665564
144.15145991616225
141.39323464605945
139.812570121752
134.01763936240556
127.73810860096147
118.46254229529752
111.26410072603773
105.8489868517329
103.64992625427058
103.60021669850208
112.37460643886888
122.44980652808832
140.46538298968426
152.8048707428621
166.8476058836033
179.4910614915109
193.60403979945275
214.27488773238989
229.882746921887
242.05499106187628
245.3604225691891
245.5845591677671
232.53994129010917
212.7987914576624
184.81930336904273
164.33632860663158
139.1444632353392
118.61761205820864
100.35564953956452
70.71440896484167
49.21136596424712
33.86860452858166
29.41296840501567
29.583892802023332
36.9607440824585
50.42956642268914
69.19803273522581
81.96443708801714
96.73003316951065
106.89704488123517
115.88944214576337
129.11197306665989
140.7285325180575
147.28580004715454
149.45270411467513
149.59493165365814
143.21604391001594
136.46221058829204
124.00775468272994
114.26155266102532
104.87712210317808
95.9531843532642
85.9531862244909
71.52019260134249
59.26552068849102
50.03962191168664
47.46262347387767
46.263676804074855
61.79982882601575
84.70890292962217
118.2332985610311
141.58497730899907
170.3490854870239
193.15863633046737
218.0187610953147
253.0322437116014
280.080041547236
298.8523341900319
303.51733498917736
304.1370972144416
296.35269718045413
281.93208047403203
263.71764175624577
248.45857095216454
233.04144782224046
228.30015283474694
223.62590388108845
219.92017745949522
215.8617226803043
210.22141117215915
205.35778830658495
200.80658466002984
190.20422555452038
175.33519191553816
153.3499783946891
136.84709018356457
116.45129373065214
95.52477992595313
75.14782066099717
44.542914871645465
22.342040296606843
5.150709787863975
1.617085545019531
1.4876035230185973
4.3621754904602374
11.34679739848689
18.88071756934561
24.76769350884656
31.64634837686059
31.597808944500265
32.05862469652153
31.65398624645763
31.051954254938988
31.39233960212576
30.75982460127896
29.69275674365865
31.124186397660495
33.020112753706066
34.17858591945238
34.02559863066955
34.68379356362257
35.67818657645153
37.35413040389557
38.89576251855415
39.6511206029876
41.28358707056679
41.56139699270918
41.475980591034656
39.10588124135688
36.076363324411105
31.426916043003633
28.77516052199606
