# format: from_node, to_node, traffic_class, traffic - demand values in each iteration
3
5
d
19.858888547142648
17.236694356369348
12.764957326825948
10.563450389395019
8.226178806387987
9.050670998949439
7.564590597097586
7.408732911024275
7.361057976138951
7.081880957909877
6.372155102527308
6.870363058018566
6.493344692365598
4.118908627455499
1.4933919913757665
0.03592150884968981
0.4520049144735285
0.0
0.0
0.0
0.44333997298360694
3.023800394095948
7.3666984116229255
10.804351100044466
15.196543559346862
19.32303306181219
22.408801188781908
28.473941763227295
33.162494025580365
36.42488608848998
38.115128350234215
37.271352983476795
34.02567230776185
30.197793311209377
24.42841158323759
20.94544529993802
13.286104116278654
10.408631196914248
7.304686321918958
2.1815428771122645
0.0
0.20145030814606685
0.24747525735825257
0.6271238476109902
0.4941114663504767
1.0723859565105691
0.0
0.536329491462682
1.713375184915883
2.4250229511365085
2.480749398500331
2.8156719659279137
2.636427264761351
3.45553942709429
3.8998832786492152
5.229900635698672
6.251290400133911
7.106506087420605
12.057275243468668
15.577919217815646
19.75760579605517
21.481162875090188
24.547153013023998
26.696144099576887
27.241632673490326
30.459648801693394
32.43545017335635
34.684796825106226
39.44356815797644
47.333161757093286
59.560342686010166
67.97026385230785
79.55167385761648
91.50349901716379
103.19739920317903
122.09291211466105
134.88415486182058
145.51102621804569
148.47893315271972
149.2233910818797
139.21298889684905
126.7069520030028
107.44404792354008
92.49279414193028
76.78269665755089
65.15036627819377
53.1612259256116
35.94188711980386
23.031428254975566
12.431364348334476
10.34700413963264
10.711952739653269
14.024923987114189
20.66005066625789
29.123889669128882
34.630590961756326
41.521026171856015
45.24659148719291
48.384015318857706
51.73727903941789
56.26312304853193
58.22420313358546
58.450278394621776
58.24612424211828
58.373100272976615
57.49096373602186
57.143641755107566
55.162471197481686
54.92819665496934
53.402316393120095
50.526625998605475
48.48216016819255
43.715478782812575
42.08833600522059
39.2864743382287
39.11403620313008
50.70002617065277
67.10413621545402
91.65012461181514
108.48414965131836
128.96347683827932
152.6722255348686
171.42984624033954
197.34787502087437
208.95407652234363
214.66741351800357
215.7908039285618
218.7590922442815
221.53767470834072
223.6742643154518
225.44465733848074
227.83124190139694
227.9188734621842
237.326641346276
245.1070228998082
256.82822624678533
266.6831475276818
272.98880931995313
274.9918486273865
277.11395758388215
267.8219952566341
255.84942926672863
239.73298331900574
227.26960324639663
213.04083553269854
199.64455276764713
188.69701762468168
175.11594277062323
166.06967467275348
161.9692006313234
159.56950158443803
158.7161893899765
156.35401720345462
153.1629704053908
151.03365443446225
148.32383533372044
145.43840710276223
139.33588569188285
134.30959411080096
129.86995546835774
124.48564509024914
121.7001581773196
119.15382110836629
118.94128316605232
116.28933922141663
114.88463349074453
112.47043268581982
110.85317539057858
109.1386810493038
104.56215818645195
99.74231709878435
93.52284061750544
87.86524051041906
82.85602802865392
81.308553474009
81.59843825218061
86.61339030909417
97.39214452789436
110.74870018134075
119.8421706716863
130.25162800449692
141.1855516091434
151.92250106401275
168.20079826415918
180.8671560200851
189.29947805106872
193.17061787058176
193.03563849571242
181.585483067148
167.60744688811994
143.85341586369861
128.4133786304688
108.59700255787348
92.98750096488882
78.29860356000076
55.989868962567066
38.45361903595475
26.68481245044858
23.31063237703905
24.134147990504808
29.588020842475554
40.019976670744846
53.65485749354245
64.20705452653372
76.99831752554466
82.77860367652463
90.96482564348369
100.84323635331985
109.7422975561858
116.86226873365129
117.58419329089998
117.2120342252036
112.8164195911381
106.78924719998388
97.57272010215104
89.92176243055951
82.33935010685303
75.51468139115421
67.8780986423502
56.43445460339011
46.964566493014686
39.739004581195616
36.819722800196104
36.44747664160366
49.40764213098793
67.5814588567747
93.08805246574526
111.95182450755266
132.37294736836375
153.2873078556657
170.81910205793307
199.36595302145446
219.718526425071
235.4165420125073
238.0816075297543
238.6188692243845
232.33415249808266
221.27303854460817
206.58321688219507
194.25530466167962
182.92897413201123
178.96844751385018
175.48837160727933
172.37325595752463
169.16065433488242
164.76399328143637
161.63492900559592
158.8040565601272
148.80107615513543
138.9785670406995
120.48610266092624
107.43160600944988
91.86312955697757
74.74966174587767
57.60438885916116
34.96346773170378
17.446361596812643
3.9118379702569275
1.3881509570556196
1.1382661949111197
3.2153286560570598
8.844025511509097
14.878941642062095
19.21449576037394
24.931710301047563
24.789382600227643
24.864209417895797
25.2766879714478
24.944025148187517
24.312851910518596
24.933434492331212
24.838584482719916
23.228946501361676
25.057444706690212
25.754510673128937
27.30894610017054
26.65496320276445
28.07694757752136
29.06602131988041
30.601292339385033
31.06406597954308
31.133330197504065
32.475615049895346
32.17950539787073
31.474563834447007
28.291175110085067
24.819513787912694
22.977870761268996
