# format: from_node, to_node, traffic_class, traffic - demand values in each iteration
8
10
e
26.454577135038345
22.261681017614713
19.66722244343295
13.842427658353266
12.18033892027027
10.859026132565996
10.188350580224075
10.29455725351717
9.95191958524865
8.662628349648472
8.53991981737222
8.172319205412732
7.478649380109114
6.176030996217442
3.944991614083155
1.1639676743330802
0.0
0.0
1.04603001173491
0.41773101044452965
0.0
3.679509205076036
9.435996277350656
14.72105332875369
19.96661301267625
26.562204183434286
30.876772542695274
37.620814334305614
44.586531776942614
48.71432018061948
50.63291373144218
49.77321577561211
46.41866192398044
41.084747406238
33.27565988137167
26.269294292322154
18.205275627127023
14.05198682073921
10.53610207525678
3.1688215219043654
0.3072072722535395
0.19413621822990532
0.0
0.0
0.0
0.0
0.0
0.06480104192002242
2.2146001334090633
4.31425577058795
3.2154238248371665
3.77267352242273
3.4029604934508004
4.824718803872115
5.166134101353464
5.531299350627543
6.996815750720785
10.046720963782601
16.352400285141428
19.830213080931788
25.879246200034427
29.80952184170924
31.65421818376064
34.74405345617363
35.94003761517175
40.716854604595405
43.38828271111581
46.14886719039329
53.26211504819262
63.40759495497795
78.81749775476656
89.88620551638273
105.75929431116248
120.86889056345154
136.5003247531942
161.44685936552884
181.23249477605432
194.3650727878985
198.65726805490613
197.75304888694964
186.116033792012
168.9691048556246
142.9943952652986
123.55123351501531
102.53311835365655
86.47787295035722
71.02974260970613
48.33227894338444
29.770559725803647
16.639020193301768
14.176751709808277
14.412724072409961
19.53645681758028
27.644539745047254
38.00758839510733
46.01891024396702
55.51008206777036
60.692441504524275
64.08416795289914
69.36952697172947
74.31562381187425
77.21003023581746
78.79201764590623
77.89646446865008
77.67087389968455
76.12927487033471
75.44438547237685
74.13886738954311
72.4113497461449
71.01634593161425
68.05464258681602
63.379906051483246
59.20504052471609
55.816798718916026
54.06840735278716
52.5231018980386
67.76779239325157
90.20277702719609
123.52942540318405
144.62359413909607
172.31013641527122
203.6045862399415
229.60387273550816
264.14787323879716
278.46922580424996
286.4344534498055
288.35699002971285
292.7361702776605
296.2181583333437
298.74415869272667
300.2578270326915
303.61937291992825
306.69873399373154
315.8608071159609
326.655725545684
342.89994404097
354.99338676143316
364.99718475755685
367.70408467781965
367.12796767415745
357.68063328753317
341.3137687367623
318.13346697587235
303.125157687819
284.132187204124
266.005110994807
252.62046912613886
233.61241288805613
220.76270690620282
215.50742791873446
212.68030676858228
210.40311528666294
206.71084041574528
205.1645435188891
201.05211701128985
197.42302776428312
193.88963267755622
186.5252125049805
181.14076166492734
172.30032159936798
165.8462124380485
160.10192729443222
159.45002531455972
158.21038478352557
155.42183913220535
153.98837442842103
150.2153795371299
148.21339439049052
145.19959580169126
140.61088291232448
133.1443840230021
123.770631657907
116.89308063859518
110.96990559025289
108.44676333720315
109.02059804803905
116.6112273013573
128.7651877688257
146.76602179613013
159.91866125777722
174.2424957195496
188.4807347814673
202.7193975138396
224.34064022063208
241.03905945350428
252.97594607964393
257.6517481103364
258.00900352684585
244.41834299105648
222.401074732312
191.66465620536343
170.54427835903778
145.04306474334538
124.85713718829906
104.93677879798256
74.52958648054212
52.12876144872531
36.040953772319504
31.187714997977036
30.381527902972422
39.363390609806
53.54995889835277
72.76670237047212
85.84102821491392
103.10487835336535
111.97904357720772
121.64216629808328
135.90520859619926
146.1996499706507
154.90779787121804
157.099391090275
156.62496910268675
151.51006929008182
142.9296283183932
129.5046893467873
119.57601674702325
109.06432691578233
100.57943565873292
91.2013006457395
75.25334140350331
62.40218722065599
53.80341159465743
48.903838793086436
49.21926830006172
64.53685138137266
88.11217637082328
124.24807403219728
149.53162454839728
177.81231490902624
203.02631401474108
228.44678169084636
265.7926699165115
293.80848618548964
314.1206160698652
317.7884184735263
318.8847332935558
309.80285275952144
296.0191187994746
276.70603662515754
262.0155078634368
245.53890104396032
238.30982464900572
234.1945984718251
230.32600498490936
226.22296373026379
220.86298025600507
215.7363481927009
210.82829027367205
198.91491978234748
183.62128984434324
161.02119392077213
143.26995282264474
122.81868947970776
99.86664134801505
78.34559654394606
46.55253695899263
23.25942961246216
5.005716998954011
1.2284396794435306
1.648082507182238
5.37774567104236
11.720530449625366
18.22181430802843
26.586593893754387
33.64387408276159
32.58510200409868
32.24023824312757
31.53722995672147
33.69072505810194
32.38233422458976
32.38701729304697
32.41472638447014
32.9772459752725
34.81414358597423
34.394324013777194
35.6080980261704
36.60157312529642
37.943563270819396
38.583266420744614
40.084335104573206
41.29004780702975
43.39434131165831
43.2305922104054
43.51449171609471
40.60556611092627
39.36602176840831
32.47871235832635
30.5955667396277
