# format: from_node, to_node, traffic_class, traffic - demand values in each iteration
9
8
d
17.046257088097395
13.696171517600689
12.940782727071579
9.764516369708575
7.787127928480013
6.869053715061192
7.480576864695254
7.541169357824613
6.672787576573924
6.0586125610677355
5.474476230338703
5.553866176190298
4.304341353646858
3.6726505308481263
2.138842039232527
0.7916909079352692
0.0
0.022664817531661545
0.04709991773872554
0.5019603826858945
0.6180672142929338
2.154989882653454
6.540168465229078
10.351917032170652
13.797562905718733
17.28218592885225
20.03565924502537
24.785733167921936
29.072044837984677
32.30696637982121
32.432683859474885
32.898513168153215
30.3994760613064
26.849913799109355
22.320795221549783
18.520016732823095
12.729978863862376
8.963061312551963
6.5234753969164485
1.2408114409223048
0.0
0.44274737684450755
0.0
0.2870778885990701
0.0
0.0
0.759888819768637
0.1267355014038291
1.2605913554153538
2.5261167041789236
2.1144230976756915
2.6351175329021292
2.3208370659319235
3.461179256445447
3.479106904191616
3.59930190215207
4.653618406036531
6.170703372299916
10.481917331420716
14.355107155637354
17.62107106041992
19.537702382926774
21.189209333092617
22.34064487823303
23.522156446862972
26.923797337635612
28.31116376681942
29.480666816522973
35.69726506918948
41.63814063998015
52.4279005192168
59.15386718954757
70.66782276805245
80.47257123625916
90.74576462517784
106.49172817349142
119.09254551635304
128.13349247119768
131.49577074840784
130.87082604054095
123.50236291640945
110.72868482928273
93.68722579161938
81.42351795941143
67.60210999760234
56.899988731252456
45.9539440427613
31.670206178754214
19.214879420674237
10.546681460382082
10.261373257240757
9.403436637880175
12.761343213899702
17.464455324048803
24.609197988796186
31.40283290016475
36.26650195452931
39.635480642543264
42.07168244597466
45.72306427335252
49.232339169556326
51.53304336367005
51.79193624467677
51.97342855703192
49.91007364904716
51.16817351174966
49.975243177246
50.010027207869506
47.73618118595087
46.97148450740476
45.3979318377869
41.99040302329191
39.67843846730197
36.7064834538555
34.70982990766012
34.55786374391277
45.24383156560895
59.309093042658134
81.4653693654944
94.91615783529207
113.38232853384251
133.4821198553215
151.5927340592364
173.7091419343764
183.34267351762688
188.48304184795526
188.95895936219938
192.58509752326202
195.2096914249118
196.80648731777492
197.17614271968006
199.84034426187367
202.24048561568378
208.71856142472723
216.11885336320165
225.87014174726318
233.96464824240167
240.61322309795864
242.09811958848778
242.49549927434566
235.52840028116924
224.62637659892616
209.10507470982856
199.57267640120688
187.2041039985029
175.30501064827263
166.1924992919347
154.24204261969197
145.3531903071321
140.89091744182383
140.4590968455857
138.27811070789033
136.3306321807072
134.10289540139397
132.64521804502985
129.9615629118139
128.4403828831988
123.18817820410038
120.21673726359536
114.09184644389785
108.99375463237546
105.9402799698999
105.70579877798812
103.41528324100548
102.98156167450945
100.68585471597375
99.47750210084769
98.24449039609827
95.70217402636119
91.86236591306915
87.61677183278428
81.5229533506083
76.66218846173794
72.92559961255544
71.20520353368144
72.06797188185577
77.5768324596641
84.82862468637727
97.84652190753845
106.27311134428828
115.60017085138115
123.8678284306309
134.06137771637967
147.55879768286255
157.87807518823803
167.69598985206372
169.7538500806093
169.2741543285605
160.16063591477868
147.5997415764788
126.68596769537204
112.31361053319138
95.69415913050199
81.62307653551834
68.95288516760695
49.910464319356684
34.430822829160086
23.285703291727412
21.59106306662108
20.53200982567962
26.60144946390348
34.3749014938377
47.36207303900026
56.567071617482064
67.36194525986316
73.49219064214206
79.78768209088263
89.42402577777327
97.62321646560805
101.5831573262691
102.89598643258465
104.03497199830159
99.38222788018967
93.28911450408492
85.72225998146156
79.67167239013921
72.11386574746722
66.88006964696896
60.0949758838815
49.26010342926023
40.1462170586921
34.41140583234708
31.53371052200173
31.955353690854437
44.0509553673591
58.94545259182114
82.20714439986249
98.25209454624454
117.0073338081764
134.22354621319082
149.77474592747072
174.6589698696337
192.60789684772595
206.48149144791716
209.56742613916356
209.19880159332308
204.19335563870087
194.82153268065682
182.23610732987754
171.90904024126237
160.10819272892658
156.7447543457578
154.21993393172866
151.52970069749895
148.58935031252074
144.47717950218916
141.5154043086412
139.49150239064127
131.35793322918323
121.62023817352585
106.8544491024164
94.66138574241984
80.56293555553164
65.47149048384054
50.66243569240036
31.096206213593177
15.074297592566202
3.989310196393242
0.9415355116945539
0.4334128154004879
3.8120785536130786
7.294322002695764
12.325188446691108
17.278744505925665
21.510240798494028
21.241317070990675
22.05103092132005
20.979430429561916
21.51084133520378
21.50297505627635
20.78580776085126
21.21145995459786
22.705166492985267
21.180718987448977
22.64587782637609
23.15201986968806
23.70804275808203
24.31347485151359
25.944447861445262
26.536170575218616
27.525541407880556
27.824699273163265
29.420960830065706
28.292591119011806
26.35601188900392
25.96822619247303
22.220595366801028
20.056525631299678
