0
17
e
97.744921443664
97.41754407666184
97.19853954373735
97.41127787273166
97.30306901162312
96.26322713962644
96.18653268893874
93.95902368047204
89.0724604292036
83.36306255987137
79.52364227424262
74.38095524523881
68.74984934841164
63.81170581782102
56.00028339138297
51.1366599443214
46.80941560937294
45.69068693633441
46.00099338172106
47.57681052792534
49.67003870969862
51.37506816403837
54.239010621836876
57.676393874429266
57.29475630583549
57.725861229497504
59.47965387952171
59.63164764862057
60.96459286220354
59.69658217481846
60.05521732102659
60.319056512553225
61.06798417606019
60.623314590438085
61.748639007633436
61.05131237400996
61.00579478720414
61.87340741576079
61.94405628145411
63.2410495765685
63.39939090153433
63.85657809098044
63.94564208354419
64.52887527579621
61.84164210193278
62.73625586659732
62.69510573471164
63.190144144541264
63.33096627290642
63.30388382519539
62.67564320812538
63.039792046332096
62.73342426710045
63.19925062337033
62.93336772249598
62.43811452287049
62.67881191621055
62.739162826748014
62.522602081634396
62.84228395816631
62.45053375846749
62.59196873568884
61.94720088542555
62.18682454711599
61.699827728510236
61.17082926772085
61.49313869365415
62.95908023170889
64.84926706084535
66.1497464947374
68.3277121841997
71.24493886121176
74.08313450103009
76.96282107564375
78.7452540397133
79.7329154159163
79.59218405505582
80.53721208782977
79.9912162392918
79.76339569575458
79.85552235903226
79.78692833430694
80.48334868015631
80.33211342515675
79.69221758494179
81.04801819402314
81.08782049870081
80.54801879929225
80.31027303592012
81.11447305148893
81.03064621068734
82.27468828646295
83.00574355860348
88.33860171599835
93.18980924200277
100.42230798912722
105.3809317160119
109.46010604976469
116.59184067217679
120.63404378714324
124.47474084314142
126.48926557443946
125.64217248641431
124.97015000219028
124.06427239980175
121.39971393739063
121.62289595234691
119.84423743125589
119.00415766039626
120.22419706229705
120.0656683798661
121.89828079054855
121.098675889169
120.40109623080151
121.62516383552615
120.05874470444951
119.32541331354355
116.3270837704057
115.0325490483808
113.63377710211633
112.23559267442423
110.32145402464637
107.09137509429117
106.62740472571737
106.31249475206964
104.95918351009013
104.020334251836
104.76975166042888
105.92548234650162
106.1641048334453
106.70596805581553
106.43972000681322
106.66938210549377
106.49691237167481
106.57667847301781
106.64498442069326
106.41421137916686
105.36364436323306
105.94417196137648
107.62469721698838
108.78437137213405
111.32022282527582
113.83047322664272
116.82393172950044
119.42591579303826
121.24682669572766
125.43818402897658
127.7626510490746
130.31609385984385
131.43559482115208
131.01461524047392
129.3140104906924
127.07764283183911
123.7863263193071
121.56265182689131
118.01089841915399
115.146840078395
114.23021871577426
110.68619129581252
108.5298736518666
106.6695911721524
105.55710222854972
105.82442697647058
107.41013865948113
109.4593665205377
114.01330454303637
116.55293430096904
119.96423700304953
121.56780224532176
124.42937596619703
125.54693599183275
127.56245605533584
129.01176000221218
129.98645748849034
131.47755668792365
133.30913136740787
134.34801020602507
134.816222652228
138.69546483240669
140.08993372308186
142.30837473131314
146.118105594082
148.90678859657746
152.43172568600994
155.44281474924657
156.4293907495886
155.67142143032416
155.177860464927
153.43314041695746
151.4940148676841
149.83108580736317
147.85770966033937
146.4300561274704
146.83579585340016
144.0746413042842
143.4091073984749
141.91554140805033
142.2314069454313
141.92969812451386
143.8832013813314
145.72231661781305
149.0893370185231
150.4524698399125
153.60654885540848
155.3379019934877
156.49691160814487
159.3179920880996
162.64300888831372
163.08816582753948
164.28829351232986
162.75720160816562
162.63044032772223
163.1378260711526
160.84791706057456
160.9707208200952
158.62306778420364
159.14988854317818
158.40336563023286
157.73904657174754
158.422350639253
158.69572345147995
158.78616747379965
159.03412220455263
157.6644094717237
155.67317348667535
153.45878756799274
151.44667147731815
147.44409187422767
144.95610917483918
142.22476529534322
139.73215352231045
137.58279797305875
136.3091787805714
137.75524517570696
136.38245640390508
136.9024822613702
136.64185806220138
135.717296975645
136.13213127200038
135.14456498498203
135.04775387557765
134.10246516031683
133.79385900393044
132.4877779968633
131.8006398219468
132.2516659240814
131.29121609894398
131.4304504702746
130.56174465733204
129.92948581772677
129.42471882557393
129.66422373092996
127.82127681468154
127.67610437088378
127.11404854700945
125.78212187390795
125.262671239896
125.54586794627735
124.81441127858339
124.44533081620668
125.35463263185966
125.86552965070689
125.69736944419225
125.80792751106543
125.72986265683848
126.95771653945954
126.25987206167298
127.88814064659822
127.0231015921434
127.1568943424918
128.84093956509733
126.20332945656715
124.45347835095212
121.46864310585347
118.98721969515931
116.10096685054701
113.85829257335692
111.7628981676336
109.89708763092004
107.33436629413431
105.7369287220526
104.96798836935133
104.89565292880454
103.45096833027608
103.86211470802164
102.76961982471792
101.48692340896712
100.36346233367868
