# format: from_node, to_node, traffic_class, traffic - demand values in each iteration
7
8
c
101.4844674573782
101.76464695238758
102.91383551613029
105.94789656513828
107.29804354680444
109.19305314430363
110.06131954425874
110.6193094580598
105.83738044345672
98.81100665281474
89.78128537628209
82.77531922790487
74.60269722395476
62.77238367012691
54.6713385852371
42.85779391687258
43.22854146379306
43.94383414321409
41.65707639335427
42.17571832599118
42.90242080165191
41.73890257673639
42.56308171600141
42.034828375119304
42.74667274958556
40.099726358450795
40.65764435663796
38.06352560399288
36.17771459815141
36.792532549766065
36.181206829014414
36.00307373519662
36.468557248755964
35.565168149073315
36.668712514600514
37.01231131548392
38.37250181934529
38.36818553100475
38.860560540335534
38.34669594454474
38.6850045287937
39.47739550807982
40.96733679488556
39.19641778967478
38.55304466477777
35.70357500564681
30.713749093579086
30.275511673992096
24.858907120070555
21.592337126636416
19.672267545906124
14.811629737479478
11.118458728957345
8.545938411174117
7.692706829883812
8.089537621383972
10.367731546283041
13.04609614529876
19.66050841369649
22.98564422508499
28.147769988210015
31.45101455411268
34.95074527472187
40.35491984081625
43.33981426596829
47.35872281242579
47.162796124433946
47.393944175109226
46.749952892094385
45.376245793007435
42.59163719360849
42.427401835302035
40.08178997763399
39.08979903433976
39.12985376096697
38.097850272416665
36.91177778317041
35.78514859062205
35.63847899488283
36.35974900016573
36.38391908790618
38.22986534078648
39.45573725165874
40.77090191199117
41.838853836932174
43.11324488349108
44.17837355411157
45.314326689922446
44.76160922747283
45.37182595292507
46.48623620450881
46.687923273352794
49.984115476434404
50.321596448091356
54.137852751986905
56.609678075553525
58.678271006079385
63.06938810264273
65.52459615422194
68.80121630520071
72.18337364642501
75.07941750644046
76.22097923139984
75.91206347449062
74.25130017266788
72.39204860517701
69.58085894501335
68.2927523524066
65.54720320613856
65.31172792945848
63.789928368166606
61.86968697071917
60.04872469381226
58.5855721944124
59.124348127345314
58.80592685810736
58.87034827324338
60.05293294596436
62.07788833986458
61.62633424972292
63.38403723832971
63.29837643483906
63.99416188922855
64.5794895962109
63.15494058184087
64.67186146068822
64.10912311434741
64.83118798595693
66.04920783958512
67.78822525595493
73.2559051875411
78.86677630308355
84.93052544439465
90.02302210171506
94.56772725047587
99.97111490471491
104.40771121572851
106.8402067480521
107.68157127386952
107.64747865428802
109.55213134297513
109.59321682392626
110.93528637993157
111.73454155997108
113.24524995180798
114.46884753742839
114.55548276204306
115.02863549640834
115.9524257697494
117.30084000961223
118.61579533322471
120.99462096009734
125.92101029270167
130.20293331747627
143.95304034532379
154.25860385686056
166.8541601469648
178.3063145509674
189.78043881088232
207.30218149049145
220.7093051932678
230.70128649904623
232.87965771002837
232.9833853767873
227.61052865719788
217.9596009432374
204.3297950322668
194.21339478104133
183.54743794878715
169.12192617301545
158.15283419227026
148.5964791345331
149.4501570929653
151.03098557573517
151.05588933501838
152.9606155081156
153.26875389551998
152.33717503933076
152.3627943441921
152.39048174267828
153.51746111277777
151.24752269723783
149.66734199994343
149.22290380634948
147.5297289759797
145.9941901138207
145.5652637108452
144.19373040519758
148.60615519191114
154.03374571963036
161.11689184566126
167.11716322866832
174.2179240790176
179.6800084029547
184.53154109101663
189.629910273709
195.38931502466576
200.0732718314212
201.06164020375252
202.98682749595724
205.48434896056162
207.3825679084111
212.31287243964084
214.72005522096111
218.81951661302523
224.15711494552724
229.7921939385723
240.32776399534328
247.238628157032
253.20340525691984
254.85345687996332
254.22711380127046
248.29374300678546
237.4174434647774
222.91586479707829
211.87475486428787
199.32274247272343
189.26038562274297
180.62534986586894
168.41440769808094
160.5228106768911
153.70222771477106
152.38428179066352
150.63667507899214
147.20156613774404
144.45796966507376
140.18081790977388
138.26278915003124
134.15512991732882
126.20026283500964
121.49687014598196
111.59285481820346
104.16543247176507
100.0845784348704
97.94291952657112
98.47093275575244
100.77244848539009
102.37763866525763
105.29789849108556
108.15232613307113
109.92587912553242
111.66238791630033
112.66448633395478
114.04718228066507
114.42065725882033
115.97391354997643
116.2264736930723
116.34263582526886
113.47227609169991
111.24142747471849
107.32060526842989
104.58766675142039
101.09408684197463
97.38483645097725
95.40954856681437
92.34004232939948
89.37659680893563
88.08999835611095
87.2262000615207
86.51123531885634
85.75189491839868
85.16459321331071
84.7575392254847
82.57883769896495
83.48912811083325
80.96080868022199
78.09566404794624
74.75953631426773
73.24502294805009
70.7599530437696
69.93318029460391
71.13494463646896
73.32282425710554
75.3401916237095
79.16810530651259
83.56056916647589
87.81133024860596
91.58127830959512
95.86556402733248
99.41805797719549
100.17803364027031
100.09023769541545
100.73365151154388
99.76941964050096
100.41287659095445
101.38609927701177
101.00959245166733
101.4105606050182
