# format: from_node, to_node, traffic_class, traffic - demand values in each iteration
19
13
d
68.12033022254721
69.25059048598149
70.16656762906905
71.71449852993459
73.66579887769325
74.6181092954659
74.8959012420252
75.41310276388003
71.82288308407867
67.95424568062818
60.32621623487203
56.08664187811924
51.90357300659203
43.131792812021544
36.559296092919105
28.414023975379415
29.353462234785994
29.093250976320324
28.726347828724155
29.41772507394273
28.56515683380632
28.86236934021602
28.587188147105266
29.250787443333515
29.517455252723163
27.55184362579609
27.006808787152856
26.853394931470003
25.129965721997813
25.065696894609435
25.07828488310964
25.632859135478515
25.085861371916263
24.914464755417892
25.307924283129548
26.13521188822961
25.197418681232737
25.656785681029724
25.546206789347014
26.81222496353489
26.062894317665563
27.846782619673487
27.296668115204056
27.669189299746286
25.43581297802465
24.28053466157422
20.939242395653686
20.18037143107993
17.289910734010363
15.10392713565844
13.13462768801974
10.03264588426253
7.335917533597383
4.076995173381472
4.985756369909174
5.220564586340873
5.684775135061921
8.932950176736519
14.503246149696547
15.628132931592319
18.967391318579296
22.168086716433912
24.73469905901594
27.508138173915473
30.48770586263476
32.06402440876892
33.144826395115906
32.84601029786711
31.332294597688396
30.495159413447684
29.46148367464892
29.194360744211906
26.49496057813798
27.04573608109744
25.606614445038993
25.469629166518708
24.81671857154278
24.572659609177116
24.48723709215707
24.70420997458828
24.443625825986988
25.880668771340112
26.74544703535061
27.447755283277807
28.94552696979787
28.884212207096766
30.276866913802355
30.196708243457763
29.934726855455533
31.163841592488144
31.107657604488633
32.09543942721898
32.79640852078175
35.214479237115036
36.84293731651007
38.41663223967233
40.26245727853428
41.885947271869526
42.73172856607732
46.6554103736698
49.20440910326323
50.75057812345386
51.117152146848674
51.84555360974174
50.26394253124968
49.065710475019415
47.80209254267455
46.35929472623113
44.38958109288131
44.511065913666556
42.93976577486295
42.36440354431418
41.91105045118628
40.14061983864319
38.90948883367941
39.85907513759744
40.722887025972234
40.66363461973197
41.75327025715529
42.940970394932634
43.60687768049106
43.24835116180069
43.20768277133925
43.55865987310783
43.84205428303164
43.558872810677144
43.922391851609454
44.26905816720491
45.71299307868557
45.41542954073023
49.341860454318834
53.47360481554297
57.826723639857235
61.47473673241073
64.61358688257131
68.49043510658021
70.8325274776174
72.27472050492091
73.19807308576488
72.99916293847858
73.60851677452627
74.28334370464947
75.34222061553778
75.53518646819413
76.67404876501216
76.98379897423438
78.61327274130447
77.93044436975076
78.8247049198321
79.37809233207834
81.61010334503693
82.33249109266934
85.68191559983815
88.55341172774554
98.59304202628795
104.17870537432556
113.11577317744312
121.84696456501914
129.56399834975915
141.45124507465474
150.23670766307438
157.02316423267845
158.0059115315825
158.52348195592805
154.51135357324597
147.88044222798828
138.88822221852203
133.07476897554656
125.102274589364
115.27294392535491
107.6648894013243
101.1139685131638
102.29676115251488
102.26999766170897
103.53872220977034
104.36209117995848
104.65115163162737
105.35647062743543
103.01578554784443
104.34579356588844
104.68904030733043
103.71471728662364
102.14986654557615
101.1156665175621
99.97654944495602
98.37051030750757
98.87063970270705
98.80285597808884
101.70962953302691
104.11568695240028
109.91505858630426
113.48621248497525
119.3054072019652
122.06507682800006
125.98105047025076
130.2522364817395
132.3285607939765
136.1131438718367
136.0733013243579
137.95233635853094
140.13537932477956
142.3405676924099
144.17990992340142
146.77559687417494
149.98984855325483
152.98598521229
157.29161681821677
163.53516389019885
168.06862385701535
173.47538652095596
172.8123336635831
173.26607150677137
169.70420103955897
162.13134609682976
151.08958568533873
144.63427618489587
136.5291891572123
127.98543575380708
122.76599031143282
115.2427668057724
109.54220069381392
104.69219137647468
103.48257041039625
101.82175710906382
100.11103507894246
97.47466959713947
95.44636118944851
93.48777614312601
91.57184587861992
86.37539019763582
82.23121099550458
75.67280295597124
71.13834959755273
67.38922681748076
66.70483045465
66.95478289630444
67.85161831728483
69.44153522953917
71.61829593130905
73.72099559894154
74.42486349196206
75.35078509306601
77.32546463425975
77.32309371475901
78.07170157303965
78.30674908139801
79.16772032609566
78.31475015095218
77.68914570532364
75.71627803643152
73.539057730052
71.76847084459261
69.01254934639755
66.3507563411017
65.1645774802295
62.477126846534965
61.40158333522204
58.353867875886706
59.15313438765152
59.79831706880363
58.534979917469926
57.85593220657273
57.009723066016235
56.31439002620033
55.6951132050534
55.4843599421351
53.23403556831986
50.97246383277716
49.0297899846586
48.27313356004169
47.51983064864403
47.310962823257384
49.37318088893385
50.24744821542712
53.844614524195585
55.804989737392496
57.77455113380639
62.5762422711327
65.15382202402486
66.46957520416366
67.61592546739847
68.69891164125144
68.05765257298566
68.14470256849147
69.52355796880683
68.59748746061695
68.84178562629192
69.02286285713794
