# format: from_node, to_node, traffic_class, traffic - demand values in each iteration
22
14
c
117.18562509879611
118.4156609409701
120.51728243925814
122.17932271529797
125.0518677508923
126.22463289786305
127.59908780536539
127.16669776032022
121.92040409093042
114.83750051938252
104.09555396712379
95.6549121949376
87.14986815355704
73.5369101960855
61.97370601549967
50.93051773542287
49.3345932053507
49.80460456776758
50.047939552031984
50.172020745425286
48.955652445587035
48.558916460518354
48.93431939677331
48.6884265442792
48.9797093407871
47.83429481058845
46.80198099668246
44.28741989307186
42.58138562910805
42.29190548936052
40.71012730539371
41.6989161484138
41.14275367973758
42.84403852729011
42.78636487793611
43.41470393335148
43.14583847683761
43.72197987789161
43.55028977631883
44.24811551665234
45.171565071388564
45.79168832361323
46.669308118572836
45.58095045569135
44.922433396457315
41.64482402515802
36.4604324666611
32.8075524363152
30.172781080855984
26.749056591862836
22.409176633098998
16.93850073540511
13.204955690354772
8.313544265413327
7.83689318175447
8.575824892518542
11.61502802149165
15.30301706835866
22.88480060417341
27.351310136100178
32.1546742460492
37.40141044711236
40.887352801946605
46.030685407815035
50.93894699700065
54.30186952469715
55.76491273113118
55.46274316853157
54.28537884813437
52.81650106606493
49.49586340867273
49.32357899936783
46.3713464016579
45.27310059302851
45.11311849978551
44.231432918716344
42.52979425341125
41.929909858781436
41.156241403863056
40.913586667966435
42.41535280209937
43.73812163948344
44.91353139087033
47.6393940883155
48.39714443485673
50.03201758599979
50.89005817800493
51.324382672271376
51.87139410906609
52.87583825108401
53.5914883056719
54.13870958477451
56.03881825598819
59.608740983382916
63.29165634664361
64.59071925624265
67.79616647043242
72.0050047721981
75.50794424166014
80.18447474925021
84.38825706220956
87.08308411941087
87.52158886011094
87.34088216902109
86.16755491833977
85.188946142898
81.47584623621543
79.03827291754078
76.64001501759023
75.3040784085725
73.4316811935061
71.99944548237943
70.17345053373217
68.60787709826425
69.01382701213568
68.32090132868257
69.342082312671
70.12312822492511
70.64676118327472
72.3867857748646
73.05034710099343
73.57944314416514
73.2933180056573
73.4833503929149
72.90848279230475
73.70100838102823
74.24149988454299
74.6521360773749
78.18688480551668
78.45836697411434
85.56642656900628
90.8121791077155
98.32566141838417
103.73433751200433
110.39921940275875
115.57979285040493
121.40964801729055
123.22257370332
124.28351999230833
124.82279153237944
126.79019369332929
126.94200988191561
128.20791244549252
130.03923815413154
130.83308094002408
133.17014847595078
133.65727046343937
133.6972157444142
134.22002081834444
137.16388364900644
137.7060325279088
140.03990833144272
144.3164056523217
151.4322186088104
167.32192577743444
178.01517835988494
193.50515070825728
206.55583063186583
220.95410689536683
240.83741458415884
255.44092550734982
267.0437957366759
269.8096276715855
269.73164372766314
262.7213773161574
251.4244579545352
237.00012226853298
225.27867030127405
212.48228211269978
195.92093596517142
181.8243155607882
171.34176271869885
174.52385591768254
175.28679765279585
176.0693686786039
175.4993104970774
177.09980926822547
177.95867865619525
178.0185624027069
177.99226573550757
176.21912796384146
176.13277921320153
174.36213093674044
172.56187040187038
169.5643965163246
169.02921836680332
168.85244558835018
168.2499432985557
173.58529887179768
179.09765560208052
187.77600819113232
193.4178726845886
202.52090123975657
208.2836351771745
213.5826894449987
220.51118259511682
226.05296877869222
231.155812194849
232.7015332541659
234.91928760958578
238.48430001629893
241.3113806454955
246.42965741217466
249.90596916747333
253.16899831161533
260.7300344135041
267.2278648253256
278.4444698048361
287.1454745616381
293.9359105549656
295.9416788352175
295.14775429833554
286.8920781379657
275.49262864143566
258.2600144654431
245.81804580435093
233.06732108170098
218.63248339282734
209.22698451388945
195.3265839076891
186.4589582082859
179.564047045941
175.7564647508575
174.2598509175988
170.79340957820176
167.1578592032928
163.5317975155504
159.69566226139904
155.18964511622428
147.62269789180908
140.51430318260378
129.87201054660932
121.22457357021108
115.4469458550437
114.18117085686471
114.72701580868409
114.9042223652247
118.8360336552677
121.78420645576233
125.1612779243842
127.99578770226422
128.98576778730407
129.72543230466383
131.84905812046873
132.60623330903027
134.17664307122803
134.60910592655597
134.19020156237434
133.2390708764147
128.83243233302824
123.71116649835473
121.50836154594523
116.72570939303459
113.14054556035408
110.59844163365823
106.69230231139517
104.02676064148476
101.700876876054
100.72061654710335
100.21181538332588
98.7131403022146
97.1430372002095
97.4480793270733
96.82472959398679
95.49789990037853
92.70810364275043
91.18084867614186
86.02953294320243
84.45658945216681
82.79072348664262
81.35145759800645
81.34561321844124
84.05896763367518
87.52812145571065
92.7590679556441
96.49536198219587
101.4856084129944
106.41491481212702
110.00764736154328
115.88532842066516
116.55973437923873
116.92649279481948
116.07281655324448
116.41402723512273
116.06557989849784
115.86979523834438
117.22853314717186
116.69754320352287
