# format: from_node, to_node, traffic_class, traffic - demand values in each iteration
16
3
d
117.61572432407011
119.12115863284347
119.9854029659941
122.24373259519737
125.14498692904537
127.44056743106248
127.21547849857238
127.63778797911627
122.44055510957193
114.30252705774949
104.52883324140932
96.6533993394711
86.5701277052721
73.0869382207059
62.16303937955001
49.291269004571035
49.759303281330084
49.049773284052755
48.252652834110066
49.35791537993833
49.4665045367463
48.84640235514299
48.878268473730586
49.91956083331635
49.4399141372325
48.25213026346185
46.42606629383846
44.144688677584995
44.00171264296115
41.08365788240231
42.06192828604318
41.56667306469379
42.17007881491646
42.07172166302625
43.14670758601801
43.2063379836669
43.87134835586053
43.786250023106795
44.49751549584255
45.69796350688672
44.724342284513085
46.25468421269858
46.50707059018648
46.68441557416953
44.2625282184862
40.8065023800806
35.267407633539165
33.34235389066549
30.03856322882342
26.38967636978363
22.67317124519625
17.295922350321977
12.237887067112272
10.434148831058279
8.185033834076393
8.61482708223719
11.59831722784791
15.807746448870683
22.88443243167487
26.595187931845867
32.137854897488836
36.41836652142996
40.816093041479576
47.143894601162856
50.69215835151184
53.802832422419705
54.71564376887461
55.531927448988874
54.137899891569774
52.79521873309744
50.34700303612519
48.60590431183472
46.47295090655945
45.24447674455475
43.25263969803948
42.19705838846507
43.562801019133495
42.02605976088246
41.82278059484852
41.17338062191493
42.34952475092926
43.61595443322481
45.975425110857394
47.08532688329428
49.56738626067477
49.953261209353364
50.53374783721106
51.253279071478005
51.467131176525385
53.86202874882345
53.92702144732347
54.99229912696747
56.41185683369223
58.956586197937966
61.91391817825191
64.4393966711497
68.73463473373594
70.98659047615236
74.57804122631566
79.88559319639702
83.9710405431084
87.32139849428404
87.53788729576996
87.58319282930881
86.09633469154132
83.6995232920105
80.70049922920742
78.85918734275091
75.41997902435064
74.43126017538371
73.0671800995082
71.19851365439902
70.43253336140387
68.56361834066226
68.15140800237387
67.70446703346687
68.91849955297975
68.81506006548788
70.74585584628464
71.83137242873093
74.32844503274389
74.11501644935464
73.70268374499547
74.24028450656611
74.41845761489155
73.83879363587273
75.20917952057795
75.57885544110101
76.48205721194391
78.8557449196992
85.32149908985696
91.23815083817956
98.20502813518544
105.56356533606085
110.57052932179249
116.34245901440296
120.94929377137498
123.33311476098051
123.5223107150324
124.23660303542222
125.42202101811314
127.58574086772713
128.77574498649545
129.83052830693552
130.07206874424455
131.9467376605143
132.82844204068925
133.10129658500185
134.16206848615852
136.39917296291608
137.51222510177186
139.46022633513223
144.70792936454444
151.07546158395465
166.77652527897519
178.8996569958271
193.57955316714478
206.62247917312806
221.23398233277598
239.38383074860235
255.2631494678795
266.89545001529797
270.2428300088774
270.63986438382364
262.499818147621
251.45885767282687
237.21063654310313
224.9625001773339
213.2234154620548
195.45428214756893
182.3972167874627
171.525986430075
173.91224726158018
175.72057183363344
176.29087443712638
176.72348316207874
176.126261423093
177.72842949039384
177.00297995915165
176.5887429443073
176.53197461221504
175.68321461642915
174.74691149789237
172.2647416979434
169.8479879865493
168.93251345361168
168.31711010191245
167.89727373713714
172.4790532075527
178.7986572736777
186.40734720466955
194.61078052740822
202.07097749366685
208.18324769725157
213.62353294963918
221.9581464268246
225.43188954187232
231.79979826625205
233.80711950613272
235.50563406959054
238.81661048532345
241.36469676632927
244.5927756230491
249.5603228797678
253.443302687109
259.06510887750557
266.5905655864976
278.14693774236343
287.2876325126872
293.5869307954881
295.3641827536541
296.9976778207332
288.7010942270543
275.69251286472615
258.1645963751015
246.4245527601868
232.1098391341679
218.63792619614253
209.53716931908713
195.83508694910998
186.5190081698151
178.7783922917243
177.17482681127908
174.7962245080723
170.934056981413
166.65228967796025
161.72558247796536
159.50854749733801
154.98054373696277
147.76281568165925
140.69961115352928
129.64102752280235
122.23305910650772
115.95239001965032
114.40902021819514
114.326636534056
115.1424787534475
118.35571355740123
121.70705187875595
125.49630706756884
127.2614860150641
129.1673994453108
130.22457813530983
132.55186461846174
132.71653061515556
134.35184333041485
134.2953692767606
134.69612429093976
132.47761732781873
128.45274549568293
124.16847857602343
120.49645053102988
118.19214215389466
113.14145592490922
110.41456056928006
104.97886593115553
103.41818979943363
102.03479213108461
101.80470428152117
99.40458509322613
99.37889921439255
98.32342333091768
97.53627093137833
97.59218914903
94.49707354196653
93.28315153455596
90.88337464502591
87.33653070846813
84.6548779419977
82.79753080842353
81.75184461454911
81.77861427918336
84.49207408067161
87.41932884886945
92.64813133833165
95.84521855454526
100.96943001508693
106.01251866100073
110.93416047945621
115.88357204499619
116.31327815651085
116.72064659995124
116.9461030011543
116.77421456715673
116.21806270034708
117.14532164137978
117.54574422346901
116.58747288829436
