# format: from_node, to_node, traffic_class, traffic - demand values in each iteration
13
7
b
67.31797747230328
68.97667037874234
69.20067891127299
70.56650092398696
71.57681207489105
73.29909624730755
73.68953566630182
73.8055318078286
71.03204678835375
66.82831563396658
59.286834889566684
56.623485326213384
49.7587073362663
42.4565320544324
35.899399311325276
28.489408587751967
28.612587268065834
29.1282038967032
27.89504094609079
28.45276906228707
27.396400632443896
28.568789543821616
27.927430709302772
28.23543318334646
28.097457973207174
27.715228478944635
26.731417351192132
26.267967143138698
24.3654134394561
24.960855068717905
23.78014581105628
22.996167753653932
23.987818530506594
24.678808388860354
24.556709755236753
25.57271694228027
25.55446011593767
25.87497997965182
25.92486094364565
25.87032049682782
25.10589354733266
25.46834969727172
27.39062226144131
26.687768516662576
26.026675425060194
23.102164678548032
22.417436361520945
19.972100224402467
17.32732450713036
15.078355066741668
13.123066457418792
9.334943628293653
7.547870759948475
5.491072244266652
5.216423013043017
5.268422369393946
5.760388034083525
8.759153730306823
12.616493155039022
15.266314483862503
18.606145404142055
21.16417764016304
22.9098453091371
27.660278874533432
29.233015360888714
31.555213305149845
32.333253133254914
32.34833257981196
31.54223574728409
29.811389221091257
28.984119537812763
27.88276918534329
26.366666069517702
25.78903438592603
25.885541316486304
24.30953681169829
23.83670982246711
24.939530545568708
24.90035085256529
23.434692163642705
24.29955617038118
25.693842939571134
26.786405574145896
27.50485178865796
28.59095372924697
28.686960721336856
29.95000869611967
29.68568963907084
29.903115971968596
30.890244754967217
31.52143297223431
31.02361251155115
32.519387272886554
34.212894546177985
36.08102394258022
37.96407267309285
39.059172889578626
41.183277051650144
44.230197282327424
46.72591373695647
48.18045081438363
50.687664998482695
50.87152095931024
51.133331024159105
50.37783717983696
49.65017271273697
46.01902350882722
45.33550806427083
43.98096964214193
42.859006514732776
42.64977033625484
41.83282258642812
40.39570238404013
39.65790605607485
40.10784401825656
39.36459345461416
40.589110919540865
41.172618754410955
40.412940749493735
41.782914498651856
42.44060599172433
42.617216421093616
42.5805141081578
42.9443897663183
42.0111511403062
41.98844219048947
44.328297701651366
43.48296467829303
44.86515856886548
45.439364381376194
49.12375103324332
52.122421008456776
57.36766050061686
60.279485516321415
64.13896867665773
68.15539251745709
70.37344923110564
70.97244128663007
71.7554782698308
71.47436020884598
72.41986702448985
72.68630057215518
74.5244336324343
74.31163029358959
76.45639330986384
76.29978399023193
77.38292392893894
77.5081402013003
78.21447966108386
79.18049155517916
80.01148915972911
80.21103334550017
83.34181794500795
87.96125865791572
95.35966237234769
102.7191570083991
110.65315140697805
118.88312796365038
127.490786446088
139.83629619848372
148.79855645393062
154.04508278322982
155.31509871112112
156.39945324669114
152.28824309686806
145.21689991782998
136.72768455081652
130.9458503296541
122.50390702339702
112.72870932934315
104.80268990583947
99.00541088008531
100.46711592925402
101.55473761521385
101.16147720865264
101.38035441432929
102.51448178470214
102.74907972622191
103.08903506280936
101.85191170316229
101.8748721655642
102.06732673304619
101.82849618187569
99.610468408799
98.75776619668729
96.75144783092371
97.15787209531052
96.71028249220176
99.55912965099225
104.2951344313815
108.90528518758657
110.92699974831135
116.37347689277638
121.19051267579007
123.16287265384227
127.18351289608512
130.31951862640764
133.51770498869493
134.95928094501727
136.33545448687642
137.93069588344719
140.25461565158392
141.6528730978078
144.68728155694572
146.30700868994586
150.22080014772013
154.29555277651608
161.27642524039868
166.26601904674092
170.157158153774
171.49785010197328
171.11476402706097
166.62908395546162
159.05881557426636
149.02879641483918
143.1626006202677
133.57785279811702
126.5701796071702
120.91815356354215
114.4805814592059
107.74611843912669
104.04424668210315
102.20836026560215
100.98240258638027
99.12018774645783
96.97788715471881
93.56870897891268
92.36821882995014
89.3692007641279
85.48731837764305
81.7555861749589
74.98403099322621
70.47884635365615
67.67271549711991
66.23889861202288
66.18031396834999
66.70302674006638
68.05422569523536
70.90832422200762
71.91335158188119
74.16312678974813
74.19488768196776
75.52147269332141
76.27273207787285
77.36231536917421
78.23779183366895
77.11309311056758
76.99609975143805
76.44928371545966
73.57376535500435
71.76024158969815
69.48934426579197
67.72657635471553
65.74942410438034
64.3016588837121
61.66692372777714
59.38877665727838
58.56426971872317
58.234515016677356
57.30891448965305
57.95053979171364
57.464432631254915
56.49139067216978
56.09621307871191
55.78960998476521
54.217168185524486
53.371788866307504
51.13462925444549
49.014651407909035
47.24942814949753
46.79482036753084
46.54177008293963
48.41569770090892
50.551564558835814
53.43516982808951
56.221023482065775
58.99998057790554
60.631357219388235
63.75581916908526
66.316578246289
67.29923458534336
67.1719270703958
66.76693102293613
67.6983762889179
68.0062953117449
67.61364263093445
67.6410858619572
67.1813599187096
