# format: from_node, to_node, traffic_class, traffic - demand values in each iteration
23
24
c
64.43742805654742
65.17964004027165
66.55406078445372
68.06495888274637
68.4937310779486
69.0312813021482
70.43645335370879
69.51195187847965
68.15264043714937
64.19527299038326
57.281791818978235
52.57795241966822
48.60957050344043
40.15268925362111
33.90772045320957
28.24775720279412
26.905335816496706
27.725832070847055
26.555616449100267
28.246174824726992
26.8463869163615
26.87313778655946
26.9108770709013
27.061233132655463
26.814766217965925
25.497007815133415
25.7076717026895
23.86508402625156
23.649604839892397
24.013981456628816
23.120761579737895
22.233586236580503
23.205326554705906
23.968352829099317
25.008052328680215
24.03472797038876
23.20422570714226
23.876076691273013
24.190790968747002
24.907515702715806
24.988088048156243
25.450998361203077
24.53113177956974
25.371900856506766
24.450391475271317
22.24582960344746
20.122218180156214
18.45837079102026
15.718293968842005
14.490112592097347
12.71740418803957
9.590141902675741
6.347669633436
5.0965508601285485
4.7601102825052415
4.145818074996264
6.502118695243498
8.629096052240747
12.295749813206243
15.525471306208601
18.651210136767684
19.394835087859885
22.107774290340398
25.390273324475867
27.073604384902904
30.153078182649658
30.869122724910703
30.9441457747397
30.264313035169128
29.876593531906394
27.536875280344827
27.14839331168289
26.28634558416369
25.51863309502402
23.579700732900204
24.142914793766742
23.334874353621675
23.06895419568115
23.08075492302819
22.626427173898307
23.04128346666077
24.40791862231424
25.723462548156686
25.991839277078157
27.453274993351744
27.56670907705038
27.61776237344262
28.10138368466828
28.471315603867897
29.96461157789671
30.15262269696424
30.06201889631217
31.162441559220188
30.734690067411098
34.217505796132194
35.36132055347187
37.177151089596606
39.80167201857898
41.707088240734926
43.19441946095428
46.14066329105529
47.70247901410102
49.15967046595051
47.06062717104926
46.66221582665972
46.997276960640725
44.34325714838729
42.85529844195615
41.37477761332049
40.97834627104836
39.94602101453596
38.727321967181915
38.25054262562995
37.991193008345654
36.91967952839136
38.06141500984427
38.107774877351645
38.08337251818845
39.590044029602474
40.16574612091768
40.39029422304566
41.119008985659086
39.810696163511416
40.70326831867336
40.5775456966326
40.81274440424401
41.43890942172736
42.14639742932987
41.91997708839205
43.587052115364656
47.09732683209742
49.51820387905726
54.40435359166996
57.433869279406935
60.27439677215229
63.36425643601806
66.72622990251462
67.72530973593426
68.0282255261892
68.4523384836963
69.38646101574822
69.3428827082734
70.32987268400625
71.830512311137
71.52848319543847
72.23526456800305
73.29105668506831
73.51086202739152
74.32253462396723
75.45137573149213
76.76418703267913
75.93261009096062
79.20236874848382
82.98312509259843
91.42758855889703
97.90536620742901
105.89570063255839
114.31092538987218
121.17055224866895
131.78304726151282
139.86263904789547
147.2553348265241
148.99738750763296
148.56698657331216
145.02359069881632
138.68246568805756
130.45194945915392
123.38408318764347
116.1610931509654
107.45146578255816
100.50966814102529
94.30874854543607
96.1368083516733
96.2145898596251
96.1451032891537
97.28534474119186
98.0320380951664
97.7420586521906
97.41358787167279
97.13697932644028
97.19918293342961
96.81019890520231
95.62547458032996
95.8182927040807
93.50483055303589
92.31686306919248
92.46377087390049
91.81170154023187
94.04106679273681
97.77785189196332
102.9065754302377
106.1074078087095
111.47298045090211
115.34278661323009
117.70726241136991
121.22217564159
125.12134505876406
127.48220059834692
128.3011336743108
129.8449539121866
130.8005788577626
133.57278088120893
134.69636686647817
136.9609718779657
139.65724783240367
142.17546389674757
147.13007318942203
153.25662605355814
157.27446296743364
161.61819648847404
162.58321400188163
163.0956143419452
159.49790257119906
151.79977373610726
142.4932733926186
135.31986570505615
128.2431975454922
119.83313275790653
114.88451728379762
107.9685237958717
101.78826312967287
98.69140631655995
97.61606624815306
95.37829193297799
94.48952770678733
91.68075634365769
89.376917685156
87.51719383847873
86.34379908923108
81.38682190509888
76.55114152504264
71.02601592105503
67.48366170829671
63.456538932242566
62.0219868518353
62.57700168911702
63.312028308802475
65.36257718312353
67.40023613148516
68.35523177565771
69.9151851940318
70.71139928686279
72.21626112528918
72.24183553149466
72.93152295097461
73.10656337328636
73.9722150565602
74.05501621841752
72.95970996061395
72.06895700216882
68.4382006143912
66.3045577231071
65.27964561627958
62.13603991772711
60.51172134558593
58.673443123609275
57.61262605269452
55.80714253249411
56.023423994436335
55.59797085837808
54.49250225386458
54.66859779419855
53.76470878719583
53.172417678608475
52.51980709122002
51.78238451843375
49.936206315336364
48.39834298217586
46.65738713477789
45.262998177892186
45.090315152274705
45.66276219764547
46.020448071759866
47.6403522549453
50.881514169357
53.06887685552354
55.86155802028985
58.81922075370546
59.8163851317296
64.43517785391931
63.27402673111411
64.95789002886285
64.29266837816706
64.1193152008742
64.30339456338712
64.98646956273198
64.49049300336499
65.11228042709034
