# format: from_node, to_node, traffic_class, traffic - demand values in each iteration
20
7
e
103.0755631324977
103.62576709617834
104.93922787253679
107.09295683815432
109.76206300430593
110.99341474888466
111.99877654862809
112.45201758795106
106.81257296653978
102.05425855829913
90.84561223440626
84.9853616130709
76.14201529580737
64.93014846591377
56.18376871753228
43.90042902709079
44.61037337341319
43.98452813629801
42.90237928637929
43.48112848894945
43.3303489206243
43.04253396930124
43.62933432123168
44.444359013364284
43.42530759769063
41.50543220754097
39.75214205354954
38.616663507274254
38.80619283969066
36.322209778242495
36.32407687777596
36.94112418979448
37.67013666400845
37.478257862914106
37.304665119990496
37.88370164045137
37.66358109647776
39.363797059801016
38.666284396953216
40.01139705417446
40.17542392495859
40.59851834285897
39.952053479396646
41.40529755825992
38.043046283420075
35.674291622812234
32.40554550437609
29.978009909809852
26.455049821589288
22.866927634098474
19.326500181424635
15.62163315963155
11.81389104277332
7.158781507648355
7.74235332512721
7.308578111965898
10.14449797646088
13.46825041821273
20.095814362310094
24.465296135805428
28.93576836875937
33.12008761619071
35.65199784849796
40.37855546960456
44.60361212684095
48.05427583539337
49.08548521786816
49.33910415467381
47.35802734837948
45.99293844583156
43.64265722303501
43.53762072191073
40.67269228167737
40.03919826253958
39.83302198879357
38.72527808108883
37.46544823248996
36.87865287119038
36.30347287761424
36.49864939968483
38.316159636638936
38.34927271695149
40.52620077600626
42.09114321301794
43.65802558638557
44.65400738617573
44.1172621774609
44.424850940443164
46.165831109653325
46.97323314145808
47.52502395652307
47.852738849451285
49.26517092291555
52.46791146003206
55.293363844326855
56.73476885210196
60.235738609139126
63.02164152626641
65.99692582266036
70.0742385353985
73.8740645440511
77.62214081813768
76.79035418610303
77.30152094699551
76.32273723687587
74.74963089841647
71.95447373414078
68.768544285168
67.49793374167321
65.77849921345782
64.84497221371122
62.36296900356159
61.14310895394219
59.80581320669935
59.56150955543396
59.540297502768816
61.05447711557602
61.934340583924275
62.809317921677035
63.809967435076125
64.77367804424532
64.01074849757332
64.80478314750833
65.0364463063251
65.32733233031949
65.59751421216617
65.99074834375332
66.64557050894953
67.33414105391908
69.76085887951581
74.47159836405017
80.24910661376096
87.09291345351376
92.5608323629209
96.05137556564658
101.92877852491067
106.12502693285599
108.5951083456268
109.95965572664149
110.10582139182974
110.22092101219651
112.26909133194835
112.98347223311917
114.31563497063905
115.2421912446391
116.3486102940849
116.95999083092259
116.86565339552061
119.11780018642644
119.90408634925681
122.05994064988332
123.52330693435447
127.84038815166927
134.08136192428677
148.05272461890092
157.27100398217826
170.93255194676092
182.1533523873727
193.76978635304184
211.9583532650362
224.58381752180534
235.87528834063193
237.236351798043
238.04253942333213
231.19244548283038
222.36183467220272
207.98333157606407
198.7962438375527
187.4640144568869
172.72992302452997
161.36236588752587
151.5584019571911
152.97207070921857
154.28695148006528
155.018905240035
155.46777008882776
156.09584054046883
155.2331390530105
155.76179022910117
155.19245955329512
155.91423068785565
155.13527207618566
154.56560694060533
151.6251273448186
149.26532420765852
149.04720895752055
148.18759733085676
149.33646839291796
151.75227968778793
156.98937760587984
164.604040491521
170.5425390520691
177.59007757750993
183.23603928002643
188.01070159504846
194.771852582505
198.45795759389546
203.93597202199942
205.611496451068
206.7318750240268
210.22823579060653
212.76081094884495
216.66862363327695
219.68165467378373
223.02103015863304
228.1084207290411
235.17874793607237
245.11601802934152
253.27688654600095
258.4180174664253
260.86193404201384
260.6725550396017
253.33801177981437
243.47366999037976
227.3763783647615
216.1927611281
204.34481873991712
192.78547910993285
183.9733242236463
172.59663637422727
163.07722831512362
157.52459597346945
156.27508017429128
153.2420503819632
150.79403016937158
146.03170262462856
144.31890258321417
140.55627642656506
137.2971977695316
130.43606231101546
123.8564404137858
114.25719826510212
107.83262845204874
100.98683265520818
100.52822276292001
100.19140050564901
102.6950448462962
104.37105487064913
107.6274020786102
110.98528107513185
112.8599345319299
113.06656013543433
114.52026538517661
116.18794492612983
116.03730751777594
118.0451105342771
119.30961405639758
118.49498502150745
116.40790837217853
113.89397146445782
110.30250460667591
106.5919708362944
102.9879966684271
99.6329746797909
97.37636927479397
93.7662857383938
90.8439822419724
89.59821294543093
88.57972437332793
88.54457655108611
87.51052015184285
87.6683979011129
85.62345624185505
85.76780630965189
84.05500428669113
81.81650150064736
80.06780739791544
77.38567861814889
74.07128668762948
72.51123496178147
71.49585353294354
72.4077551517877
74.7595052416229
76.7512251478275
81.12632135992511
84.08476031862769
88.96185623599797
93.17893084527935
97.81710484968019
101.46057632879995
102.75952767365094
103.07173354951507
102.57887704743524
102.75257808995623
103.18485634821995
103.83496404016157
102.74352532544165
103.2221144792924
