# format: from_node, to_node, traffic_class, traffic - demand values in each iteration
19
2
c
149.20917533686432
150.39709171931074
152.49548252455568
156.28430744847702
158.5746557928883
162.38741972899354
162.9261209296946
161.893316643125
155.64807741799572
145.83869593943467
132.1025000666171
123.27447395271693
111.79881440599875
93.29338758664751
79.45217096614194
64.11742442727088
63.55197896306689
63.21418697233058
63.115900196261876
63.70263376492843
63.79911766579844
62.962172849978174
62.99952389413736
63.23872244054092
63.228683031852114
60.65440558071791
58.56993321279215
56.86678766838802
55.11524530540965
53.952896585115184
51.75446011396172
53.33799192306899
54.17977709775626
54.06689086659016
54.686572956904115
54.02331568899156
54.97278303035637
55.75086875044313
56.0906132843376
57.121318959399595
57.85252691735099
60.38978728214849
59.57006774199642
58.705980250032255
56.1330453901579
51.78440364327426
46.95091676953079
42.90206532156816
38.770679704993334
33.415892183699754
29.718985495461354
21.072873483474037
14.970609804517078
10.988863306823598
11.453063372873556
11.052807440298206
14.5385671932624
20.7679797712783
28.21997197376492
34.92471631169373
41.94634065189925
47.32713541822099
51.97652063132982
59.27083553068626
65.66842184963328
69.69062628376855
70.58642271178137
70.34807723945039
68.76550788320901
66.59542777660364
65.02554705100204
61.67582695241199
58.167047713792925
57.9810285340414
57.513675502998964
56.83025398094427
55.108986615317995
53.2643585957619
53.12292186874948
52.573262136894606
54.69069205832266
55.58588652859095
58.54642601406645
60.472918849867405
62.31234445956216
63.88704707300309
65.16883820930319
65.65647094093033
66.70751231324567
68.18344100734456
68.56646751542584
69.89277738332343
72.48119009165187
74.75895228282049
79.81503689189474
82.28721857634864
86.88972178699065
91.19684297027302
94.81621507767758
101.86844744328603
107.01685159835112
110.78695018913419
112.52107291313922
111.20120198185728
109.78717919193194
106.60314129739378
103.5518607435363
100.78765063962035
97.62185858621945
95.88725976850208
94.08919306390334
91.24951076456149
89.3191118224676
87.92267835562092
87.78693973251164
87.22762137357587
87.90450867431316
89.29646182796183
90.90970454361229
92.24198202844003
92.97654343672076
93.5180652090042
95.28186091456871
94.14560811033859
94.55547743963422
94.41139703121566
95.24454048060757
95.84865261544725
97.36136388326854
100.5974545780202
108.31374491972663
116.1165317061075
124.88554557823272
133.51703909961918
140.57124645525533
148.97665471369876
154.10975236176546
156.6644696337603
158.48486742596364
159.26420801062812
160.08440880149237
162.15496280923435
163.25386723816197
164.9792672839289
167.309100169488
167.36380535632483
169.99084958843122
169.8071982738137
171.95839343689107
174.85613997472777
175.92810097648737
178.82845436433365
185.0193128338007
192.61787398490506
212.22882312421126
227.86335030271619
247.49649473199534
263.7591410268844
281.1664582725825
306.7558708634105
326.7303595607089
340.83632389389385
344.17616023513307
344.1141743020811
335.31299099028394
320.4011320881122
301.7111439025796
286.1025361048975
271.061175716285
248.66999129792308
233.0305328902028
219.44924280891016
221.38940307553662
224.77855642093562
224.55817798388182
224.76583053704698
224.98789471581694
225.02004689098857
225.0814841280564
224.64261699557045
225.81880912930578
224.27980861949726
223.04770707462532
219.84186903587855
217.12715738272107
216.41711073190544
214.6142507302496
215.3674694717992
220.0785329258247
227.90709317357735
239.9058657323255
246.5789928324306
257.8149139987421
264.7313694606413
273.24914887466963
281.0732942553269
288.01677577024964
294.96013826158634
298.27942266584176
299.51150379164665
303.3680737059276
309.2385570204675
314.42364399427254
317.79872369020694
323.56507672019274
331.33402561997934
341.373623975838
355.2092981512113
366.3685635593972
375.0080914312699
376.61865873080427
376.65747755745537
366.48693923933035
351.2560522797176
330.1837008165119
314.7960448911361
296.0166985147686
280.1414486694217
268.0002376433034
249.3835860649328
237.07414723591276
228.0996275634538
225.80829904879758
222.73355194688745
217.07611338168664
213.07636544131
208.9441108730985
204.3313630814949
198.1192774734132
188.19853567209998
179.90021728146274
164.29163533682143
155.90719094033759
147.37708793872997
145.43023532455072
145.17321022712267
147.8524838389123
151.39595414725108
155.02527095029797
158.76590053400122
162.92445250347592
164.7350446308845
166.48505412155043
168.02445440834796
169.50632014095206
170.0948262846971
171.25427690873371
171.9156836851793
167.7609912286818
163.6655239900576
157.7591306244718
154.58613228973508
149.8468713526534
143.99608141780172
140.51525987982046
136.0819383383191
131.70029651519675
128.79269156059704
128.25797918543864
128.05718184128804
126.74518891760397
124.94643838814956
123.98423195333748
122.38115386577633
121.43715325706974
118.83998154991413
116.28581565843511
110.71325800801284
107.46005321565842
104.65954596776969
103.78451241591844
104.05175704152478
107.3254796537195
111.54537295538437
118.00955250290653
122.08436485256004
128.5951783119671
135.01575446711465
140.52355736827798
148.37492384809772
148.74534305702545
149.19931053583807
148.93813159992825
149.1457474940453
149.0605697404837
149.35752726112366
149.61816225360752
148.75404286105802
