# format: from_node, to_node, traffic_class, traffic - demand values in each iteration
3
2
e
145.83629160085138
148.33282922700806
150.00474697486706
152.68170914662076
155.38363187402007
158.57113318058072
158.77606534805335
158.95148568015185
152.85796903227856
142.9458456964074
129.07140827290152
120.45686523064715
109.71094782617
91.73554309159479
78.06282893829365
63.25704155188948
62.45940547054866
61.34361824410295
60.81645386399051
60.719861959283676
61.51981227034204
60.33155405441949
61.71074151782575
60.829082401096706
61.46645872998423
59.610049919899886
58.435044172953816
55.92958371580085
53.83164981986488
52.82030218549067
52.256361365266194
52.48680909364441
52.68652728434106
52.05725145452984
53.425752764712286
52.27281261753738
54.21742801553518
54.71947103203383
56.140451058169035
55.1777244719544
56.37168386119617
57.95592633004626
57.75456081724259
56.98424959484414
55.36797617696288
51.40206664111317
45.662611089825724
42.847644975356005
36.490113237802646
33.124657184176826
27.71433243543474
20.932799548523022
15.48953267009977
10.711392952677999
10.10478446879376
10.867507999241543
13.766237018438485
19.319117254003256
27.213619323168146
33.978266872762525
40.56242178323375
46.84471032103559
50.47588530033301
57.78793428967853
64.08816839412873
67.8824220661779
69.6550638177785
68.48311523953025
68.17503279026312
64.67326876273232
62.35604864989374
60.557282908557454
57.014153437951904
57.048885307757935
56.69320075200527
54.75447173170373
52.80906527459308
51.75589505831662
51.091410657293956
51.683594103187254
53.26690673413827
53.96218863004819
56.36769892044409
58.45578086128322
61.468159896758465
62.20148711487479
62.92149388011743
64.16747496661272
66.1297919122015
66.16969333702103
67.18307439104497
68.60883872034132
70.79436299799411
75.21976884146304
77.50409471378329
80.8111829064532
84.50841884102948
89.7544409247456
94.10234701810738
100.16208682156413
104.89218026497083
109.04738595305746
109.78108965402036
108.3349184390425
107.54098730625242
105.55263355919918
101.0120051891728
98.50160132378187
94.74314166976286
93.75320580515104
92.01711332882664
88.45781966076358
86.8304213644109
86.41657948143964
84.99469276119598
85.72200982547565
85.51911557948803
87.12644340710901
88.70505326191558
89.44670821190171
92.57610903206402
91.7537665490864
92.1391220476645
92.29096748789249
92.54978119810731
92.94105080547168
93.10428828919498
94.70581563637055
96.50660424307915
97.9422787070281
105.85900920605097
113.28485345353747
122.17075140333405
130.9515026324016
136.2109527196385
145.1183137258668
151.32842333690573
154.38211523127057
155.55664030338448
154.96462151896552
157.13891019325615
158.97545619484413
160.26706819236142
161.7694078661064
163.74983615992144
164.30610380574424
166.74605026286142
166.4499781093666
167.6450524085936
170.69341279549488
172.6849292654473
175.26353434532115
181.61314454383103
187.83447003957002
208.62612571025306
223.3136851044423
241.6455537969086
259.1120592441422
274.1242105057271
299.65491694430256
319.1589269711598
333.2411286833969
337.04133036389817
336.23437777749086
327.6127145408752
315.0913379921506
296.1075171646003
281.49052177358993
265.1662355227952
244.74848258341498
227.22239357638995
215.40563302311895
217.591840803954
217.9475269763158
220.31235651102966
220.33159958282886
219.7820532261669
220.60686393912104
220.88744762322204
220.40180241098042
221.7879422301274
220.19262744139377
217.48318526232566
214.85390978347647
213.3945984960754
210.55972220746605
209.99033193309654
210.26046003008108
215.3726239296232
221.9229830032442
234.33657556782097
242.4958125391024
250.87937892647173
259.21979184882736
267.02831899232643
274.8024115268243
281.76982347652404
287.45233539039765
290.7378039349488
293.60296183940693
298.1747889919423
301.5134893437248
307.15289249652557
311.095061716548
315.52226399309797
324.5540538813899
333.37709757653613
347.6773610623011
358.60334894866173
366.97560583182053
368.0527661367164
368.55124852077176
358.91873534497137
343.97438490333514
323.05044791772696
307.87823243263534
289.14116849007354
272.85822226353605
261.44285692699714
244.90103206503937
231.78751401760601
224.0859590787536
220.0003993285613
217.08518313740996
212.9934726525895
207.0543715375816
203.07618786007674
200.11093207976336
193.99396436311216
184.34526323350278
174.55261528981663
161.50084642050547
152.05109479676491
144.22849657217668
142.80490097407204
142.1712570147556
144.92416740061535
148.08395017335383
153.0210342777414
156.148242556558
160.39920688167123
161.18284275062325
161.44830202726118
164.03634787443661
165.44784639365636
167.27555884602668
168.29282440017013
167.30936388706596
164.68504696257773
162.28152168064378
155.50877065344142
150.6444533373455
146.0947352332654
141.33758790177117
138.2113793148677
133.18372120335204
128.89304167735767
125.71318215832424
126.12822331688122
125.56848890317387
123.81251300152384
123.07094630097411
121.21277688441215
120.1833225513183
119.0512504725054
116.29983625440545
113.37859821072723
109.4499570122367
106.57923087132345
102.98439417752915
102.10606279965707
102.3449421403683
105.80373078211721
108.92938562074539
115.82082042825948
120.27164731963737
125.80491192952482
132.14813215352154
137.64487711047505
144.47034900996573
145.50691397171192
145.22219738307493
144.98344148570015
146.57121739341216
146.53148986122298
146.10361643615698
145.10728390940264
146.32836388591392
