# format: from_node, to_node, traffic_class, traffic - demand values in each iteration
24
15
d
76.49963911498348
77.71049754629743
78.60576223303936
80.14594193549755
81.73069029515882
82.34793531218531
83.48996400192881
83.46014873293264
79.15284004525154
74.5086787064506
67.51703447039584
63.67154803355722
56.50794504096117
47.97530736290258
41.328732150345026
32.10209627661747
32.26902357095562
31.91403158510358
32.30610542127264
31.300273670437864
32.42992343270678
31.29782788210723
31.587878221343445
32.14454782543893
32.01017643077538
31.68899286985663
29.781119820632167
28.15345534354138
27.751613695943583
27.23144424534984
26.916513338531377
26.869280691486743
27.122135631286337
27.21606204060846
28.649072529003718
27.514525088963925
27.539445629877907
29.004354336504413
29.5098165857629
29.654263100522705
30.114775596416358
29.80481463673497
30.876874403731147
29.73238529131934
29.22851469544861
26.647832383440754
23.883432916324903
22.055918249787638
19.418488942222318
17.070116701745324
14.91117988770744
10.935025284890939
7.976485851372759
6.246453041130115
5.024460020673956
5.8032952489597776
7.894376636474595
9.990305063808353
15.273200113449306
17.46903336036825
20.789182445757774
23.259495744586747
26.90608890779589
30.405206094837265
33.55275085467155
35.93352388352561
35.787268173052205
35.018696538287095
35.43971027736868
33.47457161784943
33.02548243879724
30.832674698929683
29.422955096681047
29.24662318688519
28.90199759884996
29.006550923544836
27.716520419308303
26.622732415132152
27.36925840212033
26.596016818850913
27.696250260156418
28.331360832560396
29.87226027799091
31.528946957843253
32.00823450135086
32.86459902854021
33.10192441421559
33.07241948805142
34.76253009118426
34.885198701180116
35.00888796208548
36.22847688825162
37.70229726765681
37.80730198613805
41.732592675786066
42.390108119006044
44.09785278340251
47.030282717551266
48.564263636407155
52.16028923807807
54.87391223211877
57.08414189876419
57.198094151367854
57.35937995930832
56.10718710235759
54.53400877765098
52.95827001311404
50.714539468646315
50.14404515435296
48.18127701450305
48.01230824092449
46.49027605100317
45.35689195288641
44.702600584074055
44.96733808031376
44.63185679968506
46.2092763390429
45.33265842819701
46.54736756632613
47.316895002123445
48.44667944508093
48.41366810821405
48.06923732415845
47.50291265990196
48.88217047507336
48.76981228031488
48.67472623809378
48.410641178472275
50.808922002157615
51.31360273130588
55.53611735300603
59.05432160001232
64.97943268447887
68.19231518336063
72.33798398276353
75.75388645091259
78.8054218392281
79.81564235621435
80.65453245885766
82.39346390414941
81.70591330219136
83.10067299486442
84.13524234849197
84.23328769537315
84.7674308006906
86.27141558655138
86.27133073914942
87.31855015215244
87.74943526785805
89.60015483451095
89.23876631073755
90.83614613751489
95.51170144188896
98.44274348613393
109.0559558755408
116.50875021773948
126.2751848691794
134.113903838946
142.49420212803804
155.32681064720822
167.6422759612792
173.88010842959366
176.29208190596816
176.84477597406752
171.7284321580145
164.02050254582159
154.32841522510904
145.90736765246257
138.85838349683482
127.94245792143818
119.0518189077225
112.69370376728952
113.05590453105025
113.0035013622492
115.32107679309372
114.53145618428597
115.10378189685589
116.16392931402322
115.22391059281438
115.43123691939054
115.29001485540145
114.7433332018799
113.13847918636411
112.0722524615542
110.53119387496238
109.51048701193679
109.5786548395014
108.81710107341839
111.9778474662571
116.62872462802274
123.48578736603788
125.82691689897726
132.04495660493154
135.96432673155311
139.39026706256627
144.10648913638317
146.96118996300854
151.17781064661975
151.45778563265822
153.73966176294448
155.964720583266
157.94258616071147
160.00507378760443
162.82323326870048
165.3101648863804
169.285002346161
174.41803196264462
181.37537079712283
186.04561443427434
191.749383802863
192.71249919478132
192.50618319720985
187.076710533282
180.52395075288757
168.27370258363732
160.63689530270784
151.3207419082341
142.8941073415204
136.14934852614374
127.05965329627954
121.73432892404458
115.69563899094565
115.27043233852389
113.07282685023246
110.90048152642652
109.16481384068784
106.56211348539595
103.71957646159159
101.44506020791466
95.32551508374576
91.36641808021506
84.37859302482832
80.16774824592211
73.92701485649259
73.11498946488611
74.71864194021408
75.87275448484993
77.50002879121378
79.69278284248949
81.48549310639879
84.4002937992536
84.5958857881069
84.48617506976731
85.83650863653482
87.53305931905261
87.52465095150866
87.19162421730793
87.1386458761132
86.02321814885616
84.4194669951611
80.44232833476532
78.21535373661087
76.47499263033696
73.37289904623044
72.69945639894581
68.88455548220804
67.91455938833774
65.54460197034416
65.3351913575474
65.41825034452184
64.78192492487874
63.90758739545719
63.42098912438264
62.34207020488975
62.36069986973456
59.97360909829971
59.39521661280899
57.854188317730724
55.71241301281023
52.70309721183289
53.45942851729965
53.36520322925677
55.169390676359875
56.34927967539384
60.302749418975765
62.56789979879985
65.5445611910046
69.02537380574809
71.87995485995675
75.86031333185717
76.3754395327762
76.2829919258596
76.72577318740431
76.90513554713974
76.6797285846176
74.9849626432616
76.90775348430618
76.75247609381074
