2
4
d
149.45539110336208
149.19033509565588
148.69433302612256
148.44331389737383
149.26151450951676
150.19926032930715
149.46853183206625
142.7297858508809
135.56288155128956
124.32814275690578
114.56186683427701
105.18776204249411
86.56385923881024
74.30028838893065
60.037102781974085
60.1305615259543
59.83960651406753
58.684164244120375
58.93510871965666
58.53990695318616
59.23559716923155
58.56428245758452
60.13487836678987
59.28022387030492
57.714481708133505
55.45899920080173
53.27433005638238
51.78406718334968
50.80315320715051
50.53158820513804
50.091482522026574
51.47475253607151
50.53703168748555
51.018610289582945
51.47780543488642
51.89841675830543
52.36777001721934
52.46085523495486
53.95061786601821
54.97369032507772
55.204939016795784
56.11454097748706
56.17857785644381
52.75111965304795
49.79711566022782
44.40457598612129
40.63983361011928
35.32708212727308
31.368480970322462
27.156513189336554
20.06465876619854
15.181846461156765
11.062753879180407
10.088733812189492
9.726830882350807
13.11510523148089
19.70245153626895
27.63010545062918
32.35759322224837
40.058607158237805
44.55133850370523
49.08592522686598
56.17290692491879
62.87926144590293
65.86164175471097
66.47181572821778
67.43837132532508
65.29108121031732
63.97436329448048
60.86753302438182
58.14512790986106
55.698613297812344
54.797126503704945
53.717612058848495
52.426232374437745
51.68720939663454
50.30048759203383
50.19762771061227
50.08816680239506
51.39781434689311
53.874669460917445
55.27704062794505
56.77910304132381
59.080203961141564
60.32513074758001
60.74718501436901
62.4687051711651
63.00829523382084
63.448026536997084
64.84472063622938
64.95382548195386
68.30062993459443
70.48727720231909
75.06176136934499
78.02740565760479
82.00744638406297
85.30160146657558
91.26366415400462
95.93844317235417
101.5635947217342
104.50385772168367
105.66362958581867
105.11044397726792
103.26185977227209
101.05530972627297
97.45729637788212
94.91264772219208
91.59123239378411
89.17495554408697
88.64823816623603
85.71089745140412
83.79247816596073
83.56414668893396
82.69096714933178
82.73412128050774
82.73855046894182
83.72436872906631
85.68278286285116
86.38920900361013
87.48575607047948
88.59404505770426
89.0396566466567
88.54016061152218
89.40635162601744
89.4682466185684
90.36635965164905
90.61330187013786
92.6140112324588
94.44444223112697
102.6606698261937
109.56831149099848
118.03839895008417
125.38519795210752
132.03949488775064
140.00995950108614
146.0849352929967
148.1211178298975
148.75698163626274
149.62789034200011
151.24325922716534
152.85255618107107
154.50877788470854
154.91028356402512
156.0698949153462
158.90887125580434
158.80499839354647
160.7835453995358
161.71032570771058
164.1503099253059
165.55350066025284
168.2334084615265
175.31272078306546
181.62287278099723
201.08848127136488
215.1018370706461
232.65515097372108
248.27601403432047
263.9707629742273
289.4345031648991
307.2522747773867
321.2047299758199
325.187066763831
324.6120554407896
316.33052119966646
303.43004531521945
284.39560500755977
271.67745354160553
255.4768887289461
236.0716524692014
219.59807638075796
206.34720313028745
209.29103636073737
210.70411021527107
211.52062777159514
212.65613087126303
212.52865883691635
212.2423288091331
212.8435668889874
213.1559817704294
213.59367648254312
212.093137628693
209.90177343426004
206.4036315764068
205.29791892331934
202.75410134367237
202.1113496142965
202.5678691364868
207.57126619450335
214.69938874362742
225.3850131408205
232.81174819360314
242.02179883136884
250.14269062285965
256.29475810892905
264.4949833956448
270.84923352465916
278.10653476391525
280.0575345573075
281.6930643205393
287.6604157233849
290.86749360282323
295.7878629849867
299.72249626167644
305.17418068588984
312.6482297300539
321.8392540091394
334.10243201449674
344.4128155395778
352.6757678114318
355.9273509682121
354.24461464893926
345.5154435553317
331.46565612034834
310.19673927128247
295.70302397592434
277.8037151754504
262.67182735426
251.5940446415276
235.95794898112493
223.2931940414644
214.88041166429596
212.0062185595792
209.87737404437937
205.47387395464196
201.59780312140765
196.32110641391247
192.21284836748845
187.11464628574114
178.17228879593532
169.01567256382708
156.50486094758233
144.84541296971986
138.70397037419963
137.2704146353672
136.37873484343066
140.04318650437705
142.6798923015379
146.63852339335313
149.45015609049202
153.97844559194968
154.5445121400873
155.77085164070454
158.070654978481
160.17033212407796
161.43619720554088
161.8909887610381
161.54942826755104
158.5816561427647
155.5681371104497
149.72704509106413
145.1918134632545
140.48847187583124
136.79474422721782
132.80848169000703
128.44977391981217
124.78090088259631
121.55864155300512
121.59854869734036
120.16012014133618
118.99480219074975
118.22031900340384
116.82968471785455
115.70538374092827
114.24023213432451
111.61560901092034
109.34401063630222
105.39696148585946
101.6533322666715
99.3904296522087
96.98999367399007
98.01776267462317
101.35507825142875
105.98525711547823
110.76152901013732
115.66910866808695
120.55468477984668
126.87021290439105
133.60812088207152
139.06411621579304
138.75639537109606
139.92254753885118
139.69035877054145
140.18971239392107
140.22824511407578
140.5237622577181
140.60245663128723
141.52813134286302
140.23743384091784
