10
21
a
123.27194136171059
113.96418176376419
108.50365030407275
101.58545522128992
94.82292318435708
88.37126159260765
85.07112744244854
82.07052277938168
77.0045675557797
73.21732897782512
67.53617837284371
63.500461162473755
56.60789621613669
48.94346883024048
40.76465246484309
27.77892457745286
20.595893721802263
13.59136565274648
11.70819798576404
12.238452780008437
14.346729109094719
15.897524701643295
19.781474446677073
21.915247452055105
23.901627431278772
23.364034422552514
23.1275715386156
23.11776439628136
23.358941738389934
22.16962471630951
22.426880926558262
22.129810134315576
23.271508233505426
25.54931720209214
28.5923293088947
30.915158333899587
33.099393777483144
35.91381122714915
36.896353868905486
40.80609197535443
43.58916011215019
45.88326983650965
46.00451357342313
46.515078867535685
44.874107743606714
43.13599249497408
42.44489995170983
40.264818373727756
38.685451844176924
38.62890864812295
36.43673683242581
32.36995398112267
29.980520857048532
28.1555930061149
26.58385725953343
27.556670764819724
32.862202289072066
42.91160009991895
56.3564118945686
66.45991096886613
78.85727270565424
94.23760706102887
106.79130597120096
123.50609524548064
125.33721348436727
126.9666409898962
128.07958003305635
127.27642476198874
128.3909923095902
128.67213475372856
128.20528348407868
127.83421019469198
128.80467304008462
130.6879410940745
131.06468773607617
132.8516230639347
133.90829716873438
136.2580483652917
137.4262686441175
138.07240002263939
141.5381399595832
145.71249603794215
148.77975277832041
153.48995455731193
159.26443450652155
163.31373094804053
169.18164850369232
177.21510350651036
182.88210290864072
186.65312181877133
187.00733353733216
187.1357432646118
186.3015400440428
185.54458157604049
183.3505861249207
181.64403458777025
179.90880547922035
179.1496215058084
178.47379311390466
179.0385634800933
178.35400802105917
177.602078043347
177.23005052504539
176.78103274632267
178.75493330415185
181.74303597879657
185.38488602116558
188.18008460394555
191.64722684515462
195.13902064389296
198.3025652016508
202.05146866786222
207.4609881279449
209.44491649696886
210.5864489547491
210.5925630954683
208.1493802312074
204.89996280982663
199.8156807269465
196.9775097111785
191.08385835025067
188.41150640191148
185.09911594620954
179.46754402142923
176.42429745767097
173.79231089733568
172.40928220995795
172.09483300555047
175.6235070673079
180.30234104234512
187.48605437373985
192.21852738485688
197.30767756678176
205.25589947415574
211.8243125288858
218.7904173397353
218.30520722609018
218.9311394313071
218.14829293611646
218.98029448334196
218.82946852588182
219.8020227381415
219.23345180879707
219.28072167715942
219.06005289518956
219.55350599866196
218.85806932715926
219.28656155167093
220.2398814092848
220.35188698012033
220.99779059919766
220.67291394553558
221.85173297458232
225.35149274099928
230.963008254447
236.40561611326368
242.59364751383507
249.2062278214634
255.118959181569
261.81202059502596
266.39282250776915
267.4175134378544
267.75338780205647
268.1862130274958
269.8534916100639
270.05127691161505
270.84475529406177
272.23659570215733
272.6460627492959
275.0781473977
276.46404756070837
277.6402577551451
279.00994307554583
280.83115519110225
281.0318959101998
282.6451961471372
285.8231622140078
288.2412727846953
292.1926391151871
295.24354238026206
299.6022984036253
304.6928468861207
308.6892015664762
314.38179354885546
319.56951878574307
324.04561950016114
325.69743191138497
325.4829007318671
322.64402022906626
321.75911806856743
319.26305853943137
316.77582147791543
315.1063362725472
314.6716104630177
314.4877992449012
311.8015025643725
310.9860927338081
310.8458041316604
312.66584777115895
310.8618293181171
310.1072702198179
310.7199594913026
311.40120216802785
312.87234547153093
312.00699838203025
311.669462041401
312.6415437197061
312.4918328280416
313.7825114400682
313.6826202029853
314.40366468667764
314.70805901099834
312.60149733586775
309.328723350458
305.94338974341935
303.1286488248582
299.051454590329
298.3561060988421
296.1872855404937
296.1286635454061
295.0433522678502
291.5727634080833
290.12095334244606
288.9092130371905
284.01933045696455
277.8659413341545
266.30248698942165
257.17667901244107
245.47518175448
231.45344669115053
219.85238365462047
203.82878292710032
199.6520702778169
197.71669991781343
196.2098767379624
195.5206352067483
194.5034326790144
194.32173809197113
193.83524655011618
193.50705349350454
192.05252601197063
188.71153983302236
186.16599667154807
181.37790781947012
177.51759514472624
175.39240479488475
175.26299082608253
174.80019841643693
175.99621148303927
177.98143003823526
181.5226534157949
182.7497938394607
185.91104841060897
187.0203328848266
189.4518064873361
192.35176264553473
194.57456131880855
196.07082829037634
197.36848539679602
196.37734178242943
194.61895607212313
191.56351723911553
186.64968461355232
184.46716985282114
180.6410582563573
176.44487411019205
172.67265718655187
169.96201443930116
167.68588704459637
166.4545562217248
166.55902734404447
165.32069254202375
164.6649233083442
163.52658415041893
163.362360075903
161.92617564448383
162.65831327734773
160.67544351685436
160.52928154290927
161.1156189967787
159.88360521605568
158.83859243991353
158.3985779306343
156.94006519956653
153.91396521185777
150.42660176101703
140.9644366700351
133.2358279708877
