0
9
d
223.6792512062565
221.07651134359966
221.14547343522415
217.70230010035755
216.86431521187737
214.8938742406806
212.82886362142983
211.07699163611701
204.62744163977715
198.215912392441
185.47630544074576
176.5246122235492
164.73859462694773
153.34014981879983
142.742029349908
124.6366832450117
112.11838067658235
103.06543791304465
101.14768778367636
101.37499754466175
103.52123216429987
108.894492313742
115.74109493580254
119.88445947880983
126.49702459241665
128.6001163496282
128.74140730065125
132.40504520245764
132.98057397461136
134.78950085692486
134.51402323859236
135.40847861093593
134.96386080548936
135.14891209325148
135.01278404673974
135.54139799310767
135.92041517057277
137.62024857966034
137.36506397596634
139.85695119165672
141.25359424862518
140.6093651539078
140.7099798400038
141.1994226365217
141.22800548034118
140.74751083583396
140.79327366959345
140.3841737977513
140.1059195852431
139.82377330087115
139.68506266178144
140.10584400087924
140.69889770801336
139.32718243114627
140.20208827955446
140.28379145516422
139.86414930937104
140.21254594191853
139.5712818019663
139.52193563141182
139.9342259696039
140.4043127284307
139.16637831654353
138.15322162802678
138.38910186393474
135.89114961440066
136.71809354955704
137.09040140596156
139.29813573491444
143.66172576745876
147.89800095525467
152.95770738726625
157.4636545101472
164.36538382953245
170.86838908285867
176.82860816716948
177.28439686635483
178.36472905020312
178.419317398262
177.97801671950097
177.94891337490913
178.59906821141712
177.14206231630703
178.52814852953452
178.49072650765123
178.6177024062713
179.40749592424783
178.47080019607677
178.7119514339115
178.50921657925005
178.90376478313138
180.9791977119368
182.59738264865533
185.11283558012258
196.432353786483
208.2944148378307
223.67109881412665
233.98129289534776
243.9942047996152
259.97340820619957
271.13003635794627
279.70588097992254
280.86932097302184
280.9162133568973
279.1109154892203
276.50451768363854
272.55082579299545
269.3539132816454
266.05512726522807
266.82243489390623
266.5739439618553
268.2939704927682
267.7186911260043
268.9094453994072
268.8981515900597
268.73897553462916
266.0059908327686
264.0181375975935
259.4183591102965
255.6735278877363
253.03148413270299
248.40010392020216
245.32675087992587
241.04583177306588
236.74164107824572
233.56389509499974
233.46116132825605
232.93869556680374
233.81730486382594
233.9192609223194
235.20650094438048
236.37678692901076
237.71117883850147
237.54657630089991
237.09647745134137
236.3101826621585
235.48872530131007
234.18283700601214
234.54963279570026
234.22307979208847
236.70136652889175
241.8130356463901
248.77043792515062
253.71275777793258
260.09032130526305
264.5956708262956
269.6055188771053
278.0818936422587
285.94526569025254
290.50900988101597
291.3774840399505
291.31937586687906
287.879760757688
282.16000659832065
275.80798894120676
268.2202952092677
262.2178311353425
257.427657650991
253.16691513308834
245.80048355048623
239.92782924783148
236.23777826247616
235.15684500702312
234.32238857389618
238.35125018652033
244.66056414094422
253.01941381900548
257.8415581675238
265.61040789823954
271.63535892057706
275.555468517611
278.61687279649465
283.0462443802758
288.4328199576623
289.61883837166226
292.0524046789344
295.87398776316337
298.5777071584401
303.2831795266967
306.5621522204684
311.3235966655037
317.8841160405657
323.962929482393
332.90974907397543
339.15948329604856
343.7622588563166
345.3358385585235
345.7471400179648
344.2463768396735
340.1648494567585
335.53109967215147
333.16633306788844
328.9393153207333
327.60805237720655
324.1357708721794
320.6634478990922
318.35831238746954
317.4553673227785
316.5014424789042
316.7670609434712
318.9277986771414
322.76394327763296
329.8158897797819
332.99604102988894
339.9823995552914
343.60359641789205
348.45979407104113
354.75631045241545
359.8288419072104
363.1195745632892
363.703186783445
363.9496485633547
362.6067007290178
360.49016776928823
357.77818813823893
355.40989293827005
353.65454849088377
353.84026096192224
353.0485227424098
352.53779883681096
351.81436402312033
352.31601799080204
352.3586333973566
351.45886585212105
349.8769800984779
346.84018766858185
341.05290121235583
335.02436590427385
329.8466019345527
320.5794476574457
316.3403022434347
309.68905963629453
305.89925091059973
303.7868369902265
303.85389227855404
303.9317390840555
303.0668745039012
303.23338434901405
302.2709084079273
300.83945827558404
300.7244874851421
299.4782318038453
298.3165500439741
296.28742480627943
294.76809406708696
293.38145161434716
293.4698313027049
293.6892374686954
291.3283129786603
290.4447865019137
289.97092521284117
288.1835302653174
287.25254457859353
285.0159356324385
282.6754861702965
280.010621082673
279.8546418084771
278.2101530735034
277.499502995475
277.14276793278617
278.4309274687043
277.8270392635141
279.4526679666815
279.123508843158
280.3898591599271
279.48221662343866
280.06484805532205
280.9852340017128
282.56058971372755
283.57882957416456
284.38070337009464
284.75827322449317
280.8505496624269
277.0929356341842
269.57050810274757
264.44466237091547
259.56352846095547
253.3873070935354
248.34261764441888
243.26973612039168
238.2211495454875
233.7899533380831
235.3836557924784
232.96600266344893
231.47357816709723
229.7078250639719
227.89824419393233
225.8789218400084
