9
1
d
164.35173011510878
162.64117597232342
163.8976424984205
164.19679989987483
163.64925264488343
163.44576357129972
163.4119710811391
157.40851644902926
151.40454561641292
140.67974002486557
134.58100348225767
125.31746801086443
115.0502520317571
108.06435646865121
94.85353263322811
86.00454495610806
78.21328520441014
77.24142518833587
76.55199681674962
79.8705718748072
82.96591658391947
87.0016252033863
91.70540798385998
95.77086583102347
96.51383686671254
97.3933699567658
100.36153655164135
100.80280783070832
101.78886203786084
101.42729001242071
102.35984070790431
103.0932192365002
102.71899043361284
102.91751282132269
103.23515253365329
103.48588997145272
104.56312767782525
104.43444750035378
106.01713916563472
105.80707811652506
106.20093075425201
106.66937814713285
107.52362030923561
106.63074569690147
106.47306988859314
106.17289319975279
107.02879723422723
106.18274804443394
106.11664840191797
106.76821195715578
106.0785199425542
105.69597172393605
106.16538026756386
106.29524977240142
106.89669737005991
106.25490615805273
105.58469015835342
106.01056180774177
105.71755723160308
105.14540787295867
105.99816582824717
105.49000264595588
104.9236908942032
104.48449064865984
103.62543163038316
104.18818691128699
104.09347184056172
105.20255945656069
108.49643328466263
113.27323375494805
115.5636739407123
119.19744634468432
124.180503100328
127.487318833678
133.70649174284046
134.09418838443352
133.8379421068161
135.02995337430923
134.98847604452115
134.7031562224831
134.56650910996566
134.27491595021448
135.00266039977313
135.88188560636897
135.36525699664963
135.35756939031802
134.64305732152505
134.40659491805047
135.11307358861387
135.67853541538727
136.5032810203688
137.5449062171935
139.8272325088477
149.34733149860025
158.9001797131318
168.8939725977584
178.01258670717095
185.198942585723
195.90743711096047
204.67096111951957
210.52822402863723
213.37684466794823
213.19641631083076
211.49245534265702
209.22923001076916
205.55432279204155
203.41046665550377
201.4743820958226
201.3411273259831
201.3098489093943
202.4716021167498
202.57528184438118
203.2447539321052
203.54265577582777
203.69181073742928
202.21488385728426
199.87511196636873
195.6944462302839
193.45647155981484
190.8314423946901
187.72119665419157
186.38917745281648
182.41453732652417
178.64657539399266
176.24876173897957
176.7971629379241
175.9212705887328
177.06359188848919
176.95899322456916
178.8086643002742
179.03653975520632
181.14204812376693
180.42417507835748
179.85902505457744
178.90025890556774
178.2084886127567
177.20686251111525
176.85934388001056
177.35242298628373
179.40893433800022
183.34440249692017
187.53072234143636
191.28132226198028
196.88038404400012
199.98026361951966
204.44431488805432
210.8883945438666
215.48934117259896
219.89632739193735
220.54347555531578
219.87512903694915
217.4592248115745
214.62286923233523
207.95326546291457
203.60965558254094
198.04171991734367
195.07606404765679
191.78438169717407
185.66773387813433
181.46091342011
178.4718077913614
178.25971479833788
177.16291601415156
180.26568947614388
185.3879967796757
191.6929509427258
196.14490039685163
201.14744376709837
204.62911880487263
207.64553630361442
211.46461486657242
213.9401061648302
218.21888980769177
218.16664734803788
220.22202685654395
223.43169827410796
226.27122451256312
229.12249065720417
232.50888558795117
236.3523557053415
240.36763042135692
245.49660417121095
251.2693650355882
256.75481600203835
261.5744767837105
261.9133091069193
262.0651591686821
261.1686668920812
257.69815128595343
254.74043265023607
250.2666859779616
249.34708048627613
247.75783545536063
245.8965356808439
242.80644762933005
241.97991105773167
240.34944007487402
239.76615014934598
239.7494248435887
240.97879686475886
244.76997100959372
249.06954311051513
253.03158842522527
257.92115912740184
260.9753404333749
263.76649233282035
268.796256128402
271.89802046059253
274.3403757167226
274.90329082506133
274.94159194194987
274.6051373208341
273.72393362586115
271.39273652194356
269.8434430611089
267.14408717236665
267.32314695545546
266.5730484629027
267.7210205757177
267.0914006021486
267.4360730328218
265.8841599437658
265.48270177066235
264.1636073497663
262.71514214239716
258.12460029153016
253.9959734113346
248.5847525534811
244.0625759646807
239.7924282809253
234.69545338572019
232.6832067397453
231.0911702794501
229.99832862541194
229.9524605317312
229.38335289308998
228.26818202724044
229.3196593042662
229.10263412033422
227.49429527217504
226.19097030393638
225.83501488067128
223.78646303525062
223.51986550507178
222.49347675419128
221.8002853908406
221.57876168757068
219.8850697233174
220.03226690445578
219.02452565863956
218.57901077365534
217.07832253599554
216.6949567273235
215.17720795901374
212.62026249617628
211.12757785956748
209.96898900814458
210.6383178998433
209.54716990020765
210.51413186774403
210.6357920007084
211.6060384144044
211.09087812466603
212.3676057266636
212.67646620159266
213.1918079176642
213.26997047462595
214.36928524137608
214.64272404563573
214.6577021399509
215.34564133222227
212.83237361829674
209.70264053495134
204.19767911880683
200.71495067026908
196.21543245567278
191.88915405314967
187.89595912566102
183.22800363120578
179.5891711488003
178.42814984519842
177.90370170307483
176.60642121764155
175.91466906965303
173.63015098424435
172.3381114352506
171.05520842990458
170.290101448336
