16
1
a
92.82591012476277
94.15157022424279
95.03242566559364
94.52869028321778
94.1212889457938
93.79431549592623
94.43032989349388
89.42874104768487
84.6329589010734
76.49329628838166
70.98141528834587
64.66998707312217
52.89028369662862
44.41639400409114
34.86967974714689
32.7345420644283
31.557784923989654
32.006288288697085
30.930115204841144
31.469692006898352
30.837669240416588
30.9044793183232
29.683858445111472
30.390809709305774
28.57867348793456
27.68599580375162
25.493361755902058
22.949864556764314
20.724393821257667
21.21312204497281
21.39967072701878
22.093048055807436
23.890197270825603
25.26315649260964
25.816252990465124
26.79560646728056
28.644085952877386
28.51803306631298
28.675142459607088
29.536095180015632
29.05992940125056
29.340839315872685
30.54714182737183
31.557960913576334
33.51602577753097
34.11320388447338
36.96423887763495
39.159429701542216
42.02865870460827
42.02407535780027
42.780687630757726
44.510127332905604
46.377765715330355
47.7689123454916
48.43513693596348
52.12421555440407
56.71625304042913
61.90764054523088
67.53648497772433
72.71937275519973
80.84396753216329
85.9794196827732
94.63793144661143
98.5600265134744
101.44382298263194
101.60639478348429
102.17058749929765
102.64852444468522
103.73678345854839
103.8968509079377
104.95635938952942
105.80421340243808
107.53019304704327
108.25611329977185
109.9898712349178
110.37037214439155
112.05875119977287
113.65071768363815
114.8864275609844
118.57771343768191
122.28241532450551
127.88544962606753
133.18448405006032
138.99799222744463
150.33948274520566
158.0379389720624
167.08978956191558
168.14375338072065
168.5029114243841
166.7177797594971
165.89847569302194
166.1516689359219
166.23105137220617
166.86004780063993
165.8965774717353
165.79151638106134
167.31198402411982
167.84457363438045
166.91315500326016
167.51560046454063
167.6308256131842
167.9267788730129
168.91093696502406
170.81456375741783
172.42417284036284
175.92532545435898
178.089821192709
181.843882002414
184.19601342077925
187.94574562083494
192.0170320158261
194.97652646630246
197.9660691014028
198.47120093379664
198.1911573314037
197.61438836575473
195.23414679514946
194.7822617694419
192.41036580250946
190.36019988861852
190.70851123565183
190.3089074017674
189.38908238663362
188.3901556342612
187.90333962038304
187.84917644724163
187.7859557794753
186.96929445967538
185.4353602439235
183.84370927948248
182.89212009664058
182.41434682491177
179.60505434264834
178.15611558526308
175.41381955222838
173.32022069399758
170.4103127933137
170.42534383819802
170.13796839097986
173.0979918548241
176.09671261063505
181.6716426529005
185.55658254884295
191.15816317051605
194.19874824401336
196.00922315944638
198.41286492380362
201.12733520383338
203.50635488989772
205.56858125008142
207.1534344226307
211.842708389347
216.39355172870063
222.4535988544518
227.3340945977887
232.7209960170411
240.17792443880606
245.92465426376583
255.60347408371487
263.54351235695515
268.36500551472784
269.8424714233735
270.40433581203405
268.0037905534679
265.71248703119596
262.2784879482013
260.0535067429208
256.8037092184684
255.90295655169385
255.4820308989271
254.12247404476753
253.14366040484066
252.63838505900372
253.03111867191714
252.2839606297818
252.99451044712407
253.55198914685027
255.0132027628639
255.70462993575902
256.73065876346976
256.8238377535432
258.276795925357
259.56204775338233
261.00025683459455
261.7509624063018
262.11033155686135
261.75836813572937
260.6478203146578
260.01428053166813
260.0757594659476
258.73259407315305
257.693318999308
256.0216111519209
255.31632443976935
252.35762712664123
250.68080973864627
250.43939700704146
248.31173676562014
248.09205430743157
252.093372590443
257.0156679626375
266.41958276117055
270.6683174680303
278.8374300672089
285.1543136795652
291.7061180043861
303.4644950439357
312.3274963350003
320.228758366973
320.6410803487652
321.5645454951649
312.73511941794436
299.3506247404331
278.01882293168745
264.7518103780147
247.77571712992102
219.72971403004877
197.89695475918782
181.42102007110418
184.0040400450402
187.31275566095152
187.83932799458648
188.8184979714452
188.94611475824567
189.31603295835552
187.75845798549213
189.1557523954516
189.77379630801298
190.58296036469417
189.32870115770595
189.80656509333994
189.49588248097908
188.45201248724138
188.25333364894027
188.18431921122843
186.79245717203074
185.89105995005175
182.19002567693673
179.5104670124422
175.78384526701717
171.28718214521294
167.32809982021587
162.82965431228757
162.51756016155127
161.50710044985158
161.03185933438422
161.699871382316
160.5882394921599
160.549104174394
160.5344143409267
160.74214528005805
159.67205132168243
159.74014651146751
160.27060618325018
159.16226983996145
158.54119814614035
158.1725983538258
158.0568564308543
157.6676956536306
157.00493822690348
154.4256578510645
150.05238431926188
148.5249117214717
144.92894698221795
142.8428569722091
140.32624750265316
136.98557663624277
134.10390050994644
132.7151405533591
131.2893277915962
131.0433210801437
128.82417659663224
126.68276154167694
125.21620790820549
123.72879047809244
120.45863790957762
118.17961347200107
114.47761524156134
111.88488695314501
108.79659351683003
107.85504104878494
106.31939738027062
106.42326626054565
104.84227837750875
103.99388302345825
102.26393582575663
101.28578792424982
99.73339634075535
