1
3
a
188.9209465813595
188.96043827326878
188.6454642184216
188.7113757622348
188.1645731471034
189.40409393866577
189.56943676601267
185.66619150305473
181.1152376699603
174.24572122356366
169.90760676683252
164.55290140125086
157.89342516832306
152.08929630741767
144.68069330442293
140.71214059316355
139.1244660539564
137.71194159375136
137.08658855946229
135.74550341727817
135.67417355818762
134.63254187490182
133.03417262625203
132.24653851934477
130.3061250985508
127.88401730909682
126.33370932901431
123.49040510819412
121.85320531884784
120.39938458613864
119.71877820029312
119.51680228829272
118.02143459489767
115.99548220769458
114.02933564386187
111.84971217927567
108.8689936048241
107.19108233017917
104.52699394447157
102.22378903625399
99.47610330470445
98.86407454243064
99.42939403016909
99.64503081923797
101.35540218225438
103.06987642137383
104.48294284130796
106.4212453419375
105.95251062891722
105.70040612387844
106.90009952137395
106.63875398223988
108.06060195720623
108.36510441952639
108.07846605835753
108.52640479291988
109.85148975710024
110.88513713552143
111.2273867325738
112.97142221309105
113.74638980646012
114.75765581884042
115.0088905727021
116.60364470847117
116.52382019253527
117.591245741909
118.49374365254091
119.70339573815014
121.2097898892948
123.34502573284813
124.31126712969329
126.99521151862574
128.80327572694404
131.01436558072268
133.25525252677403
135.0379005145448
135.52213839374053
137.71915833845975
138.3344289376101
140.60493482255237
143.9284514654322
147.270600507723
151.66811240615309
155.06556477629707
158.45627629624263
161.24235059633196
164.76155195553454
167.88589341657863
171.99948435611785
173.1608760905542
176.06787427814785
178.57604552239897
181.48574156502042
184.27587996330513
188.26738365301622
191.69679837089092
196.73547560600568
199.87536059050564
206.3111011912888
209.9746023453788
212.84260468928247
214.64130444163555
216.0697101045425
217.6939744561698
220.01153531693274
221.17339537359166
223.35382260809183
225.31772999632358
230.65533275715754
233.99342742600996
239.25136271644843
241.6129142042896
242.39057202604133
243.66966446182292
243.10735995946848
243.1778638924762
243.22957724579962
244.52753434793667
244.51323937088384
245.3012940852349
245.6763652511387
247.34620055231366
249.44394926969719
251.01692160525113
252.01585404856152
252.1168393038034
252.50051783596965
251.49576958857335
250.62303487454471
249.93082603979346
248.04640496401652
247.30748120967888
247.01877955422654
246.66381741225734
244.95573598137972
244.01698656148187
242.93600064722477
243.7051641840202
242.97758939677246
243.8634737892905
246.78530176266446
247.40977042970013
250.12927907799693
251.84782194355287
254.4795603481468
255.7731174166151
259.0339389936369
259.8128941871069
262.01875688718957
262.61170724510976
261.97719807881566
261.14557495671585
261.48381143359614
261.61308311247626
260.68069286573444
259.90993226233695
259.3493294245674
259.41963228927546
259.9175179743716
260.4251960719263
259.83698579070295
260.0129967606816
260.97234848139504
259.89418255781203
259.8040490903679
258.2147766407991
257.9308574835852
257.46886048626857
256.33169941380356
256.0047025450684
255.76379022907068
255.04517531314065
254.86462237465625
254.5822766166029
254.50735824887107
254.2496697701211
252.26426089947932
251.58778744879712
251.2666437661381
250.41725331707445
247.91589158106876
246.2379253760493
246.36476054371118
244.73444204091055
244.6292324727692
243.77968819620475
243.43002588865167
243.3530115028489
242.35604111505788
243.1755063883282
241.83664158047557
242.543954101055
241.9607039977851
241.3613164507871
240.4869201503438
240.83953741050675
240.3162811995626
240.23731767177782
240.25284039947306
238.32922274871515
239.22271345895433
238.23106495025328
238.48221531827716
237.21344963773518
237.34214678713025
236.88754541394508
235.74852653663814
234.31774263502464
234.91511954980612
234.43862927949917
233.66136991143352
233.44697239589792
235.0240365354672
235.71516919786544
237.5897875046907
237.192837723026
238.53156450170533
238.51592031409785
240.07574748120982
240.936112911301
240.96010944164917
240.79373354606125
240.32373234603824
241.2815254317037
240.38999946550396
240.2529033397966
240.45406898205246
239.65717703446472
240.10706138933662
240.27559164834267
238.2898290248412
238.8424413720395
238.65554355965483
237.81140453040618
238.20893405855242
239.15435813203766
241.93450437278142
245.32517272086855
247.5597547767552
249.56887868091187
253.1205428689562
256.65785242380946
260.4502075185017
260.7727891411116
261.0476432209952
262.00829159355874
261.8189562923731
261.64629703885964
261.4480947157892
261.35543227098634
261.85566347608915
262.4143555793878
262.3645824827023
263.9772735558647
265.38564985011845
266.19373082684626
267.32111549592145
266.0538018512616
266.1619126607397
265.70023845486946
264.29837951794667
262.96895083447765
260.88685874147086
259.63928861173343
258.38405434470656
258.57405056336506
257.076213464421
257.15596875682274
255.7421927885513
256.1373520452825
254.23545547514433
253.43636859163666
250.16492740263936
246.98753890610024
243.3319386248281
239.8007142372176
236.9613313035096
234.1356203813077
231.782041268584
227.80987528981882
226.9927437386944
224.77030767874308
222.061127957293
218.38052703569485
216.85814792386842
212.34827619280588
209.81621890916523
205.32882092502535
