24
11
d
60.194634127529746
60.24995984903171
60.24159705879062
59.897034657403985
60.15142530910767
59.71953157917698
61.508052363130744
56.83578764374758
54.04844462948602
49.82990015974876
46.650330416796045
42.785580852576366
34.69611225577498
30.11902895614132
24.312487621508158
24.128145442100745
24.20764710981081
24.05492484196884
24.180612822764388
23.74741164346675
24.14545776262694
23.527978438822267
24.195808889891385
24.621088678803357
22.965019403756273
23.000888521474536
21.1563238747491
20.14132047753279
20.723995453447618
20.653174538603164
20.760182139278854
20.3318605465493
20.778736144983135
21.37902193798966
21.0468006002508
21.075077958081593
20.88205021229992
21.16372574568407
22.601581141129728
21.690883011842203
23.093369729192784
22.217052160441863
22.938688867708496
21.253224214471985
20.032208278860267
16.623917107539555
16.018611707936902
13.994570513596054
12.654356066081828
10.912723866149701
8.076296976544622
6.747940865848403
5.877059868820048
4.19640206555715
4.08528432556106
5.34104856617069
7.814008358819654
10.526087928844918
12.860390843195148
15.36565324822016
18.826316679952864
19.64279838172426
22.278582901434586
24.667582369503215
25.8840216248451
25.43150642446901
26.911943951258785
25.911410705147727
25.181948449851223
24.68305957955651
23.60620755384373
22.022359782084834
21.45341394263185
21.271059825424498
21.455246405568985
20.770282035161703
20.115560408267676
20.766646572640116
19.308288772198903
20.719646005536262
21.398865474192476
21.56310946326779
22.782893809972496
23.98295859153569
24.06911198261665
24.057555403528564
24.83378075672697
25.462040812008212
25.85918600012906
25.428834436879317
26.751454342331932
27.90520209068212
28.72266516644646
29.930448222962458
31.607714563512236
32.717297624106415
34.59253693339327
36.78574700631778
39.10685287380468
40.79591386585336
41.64021406314682
42.316453846268196
42.398827940899494
41.51500337098923
40.25629237799815
39.108955358878575
37.58039161208898
37.69060997490003
36.303820235894364
35.96668240565752
35.1319666041808
33.53618291241357
33.32399954817607
32.90484766648854
32.84742539872499
33.30679050353042
34.20894680078302
34.05263923751394
35.0591392444527
35.86545273255574
36.13104740270053
36.55296014712383
35.42266502114651
36.80906410325982
36.30658563475339
35.90393123568812
36.88368074149548
37.98686643309162
38.386591275138265
41.29767984448737
43.90550579220119
46.612957220365395
50.66204463744102
52.53812267957985
56.71210009971368
59.58112042594442
60.29802620440411
60.97750061926843
61.208522419843554
61.40114900831674
61.114610477752635
62.708964055274784
61.9020977097701
63.99458276377867
63.59319466133516
63.407608186002946
64.90968272969243
65.65079473571473
66.90173638519164
66.96568604327436
67.94680340381673
70.53069478923209
72.47358870110452
80.81183626033409
86.64007909357676
94.07473884713494
100.4706759707059
107.56043558059224
116.67591908049152
125.70591941712381
129.7313132099398
131.80738320289828
131.0867469829366
128.12217588471626
123.17455989073613
114.44831606876343
111.00573623704163
102.91595091374302
94.44632317409275
89.5792562943409
83.30225811969459
84.87531669561386
85.63789698681045
86.02045443696849
86.41769754306688
86.57225600237136
85.76024779660746
87.25476601312481
85.12120208107027
86.82120115377663
85.4693568083614
84.78934242972366
84.29136980621482
83.08389715972613
83.085580094646
82.07331963840774
82.71344321720389
83.07966334455874
86.74634034480269
90.66582432527741
93.92039570516683
98.33503053360744
101.02962587509018
103.64541044530726
107.27095882451314
109.41114483889909
111.68873110847792
113.56109980204506
114.98331300178779
116.19171053965596
118.59629573568083
119.97610796496808
120.67105570078881
123.82760755137882
125.85184969885037
129.9243767101659
135.2049454674521
138.82625756702515
141.90517455438717
143.58075962724982
143.3423227725707
139.80383792618525
133.46410047385876
125.07656888529361
119.86776019632059
112.08199645577271
106.75913248443075
101.717984340011
95.80491593449509
90.61714787804098
87.24631450645231
86.19436774695004
85.32704549179489
83.2744891434014
82.07754243588003
79.37343379413628
78.57635970597651
75.09245448727711
72.85510527371079
67.71686181270863
63.13415479897248
59.81326528665736
56.295205365559816
55.98659945772042
55.976700073299895
56.892285361753885
58.33682075852137
59.62102526896563
60.31614361790132
62.18724001079323
62.32282733301249
62.535742484086214
63.486361429796425
65.31552532069787
65.9372737986164
66.10461885928517
65.15136152369774
65.02795584960222
61.57674638652991
61.82118249503161
58.771585848293576
57.595213563106434
55.769401198980376
53.14190999137969
51.130110323239265
49.18924589620547
49.21673174924304
49.319113445365936
49.12925467346377
47.73474501488448
47.658061278810976
47.668354035589545
46.18618597814722
46.25139462897134
44.89627095870234
43.72120227603797
43.29280869375808
40.833019391307076
40.50500280651065
40.46982202915069
40.416089637838894
40.69617187822256
42.610051461457076
45.438407616769645
46.87261982299834
49.217455683357464
51.43781591736074
53.99543777181975
56.290518432168305
57.12832513516064
57.4889604512642
56.99155488672797
56.9044856970895
57.40436064986768
57.242008795996306
57.272203521965125
56.60015572128122
56.92678794787308
