18
22
d
76.03802547649599
75.39376271222167
76.40680953242881
76.6189563916319
76.7122833095936
75.92638053153628
75.34619523621323
72.57864453876674
68.9898812241894
63.830908970574555
58.637902749446255
53.88487555973296
44.51088844566468
38.61395959546563
31.11686233636593
30.30852381520988
30.241455823402088
31.56852523620159
29.834053184814167
29.292040572573665
30.89387729112978
30.45683894031056
29.600758106897985
29.625122307612035
29.64281388590296
27.267666281691252
26.25510509917958
26.56093531072228
25.99848417563228
26.276071749696797
25.993074900514575
26.14298819149081
26.520201880692372
26.59682060979755
26.28000716959547
26.213781500586
27.11991267868841
26.821771315650878
28.151971874866952
27.995082949673073
28.18499618093096
27.78608779354242
29.402531717763587
27.794218097641213
26.034568679543064
22.183112458990557
21.09726798816423
18.278799205305614
16.307161712011716
13.595969418270542
10.378360470005306
7.860647262343062
6.365257198893448
5.438211270427974
5.515610537638097
6.854855576595896
9.569122327609152
13.5689917281362
16.782123045711252
19.365122572856055
22.373231355505208
25.389004931913423
28.905467285379142
31.464145255635152
33.525531762321855
34.65958409942017
32.82725605860939
33.35364849504352
32.206728075025254
30.579871167371387
30.160660383459955
28.10803338584211
27.958906866158017
28.315058964771172
26.744947432659743
25.533025892279532
25.091110503030517
25.43666674903493
25.52870554581488
25.97213030779598
27.00455791783912
28.077004819348648
29.22838663737784
28.703133379641447
30.961771393560536
30.663214074094537
31.443649084409607
32.256288140578356
33.063706945124956
33.20569722735421
32.335400259658655
34.93919467382717
36.25482300528233
37.6840907799456
39.702134325099955
42.213407587895986
44.046745212479266
45.732936045241125
49.15220685141118
50.98957129246048
53.92286619107781
53.57206265419604
54.093488044263054
53.33449287138596
51.358593155135644
50.15792123278721
48.61802238369714
47.84842425730289
46.21937708701911
44.762953069472644
44.22737118926949
43.19497841450724
42.40975014262209
42.026922740465025
42.27460155712478
41.395239859095504
43.16965994545246
43.72094641423298
44.7057644035434
45.57739111980875
46.34109049841559
45.91537450685474
45.13208712933569
45.50068250189792
45.09395982546934
45.83136755083137
46.79051504104493
47.0619957825864
48.65516950479959
51.318812840768175
56.00817724131026
61.04622303018466
64.46117765416503
67.34438780352792
71.1381047874739
74.74442220330945
76.2446113801436
76.78628026228377
75.9029640101394
77.53303236138714
77.66233420784698
78.6753591006991
79.75052737727722
80.92520531250334
81.48574899324271
81.03051053269488
81.83994357137564
82.46162090233415
84.11941027796018
85.34926764093248
86.47730732021427
88.73484035899105
92.93484204417703
102.00773442384954
110.42645698805293
118.83168265733701
127.88043850698651
134.56391742360788
148.27738154274618
157.5859760325486
165.00189077022975
164.93633722025626
165.8284205866293
161.6195561364902
154.542845906767
145.8515544832388
138.53772020044138
130.80332969106703
120.7479083539059
111.77317876497443
105.84693379302102
106.70327070978279
108.42767751122098
108.49370715631792
108.61569808827483
108.80262248179626
108.66818833290806
108.56361898639653
108.94294096899661
108.78226489664165
107.7898924275466
107.84906734437243
105.71295767897494
104.70755083847614
104.22755885410493
103.51704364413682
103.5496206564515
105.48332861013063
109.52596165828166
115.2689053350794
119.28053987688988
123.60890715439693
128.1515777309567
131.4224234317962
135.32548303603818
138.41688965860885
142.16958548118367
143.29646190169785
143.95876816289075
146.75189021188572
148.95382805981666
150.66915628625011
153.40927049665953
156.09952943368026
160.1915731378404
164.77669274140814
171.9884082021611
176.5954160660434
180.37841420939952
182.01627053065877
181.33359694145344
177.23344528022994
168.45628848918827
158.9386590368046
151.72842745511429
141.921519893824
134.57733690108208
127.97586262683986
119.42098678217211
114.4406912453796
110.91379467839991
108.77370172477676
106.27763576778382
104.72257184669519
101.76450220441586
99.77755370912227
98.518459346912
95.47989069421793
90.80879231771219
86.74713232414281
79.19699087718382
74.14635533634886
70.47032786839739
70.0735079173008
70.40686245544792
71.26073664159316
72.49841956584339
74.90023590693758
76.80565550866665
79.51198373926924
79.82194690951991
80.1461586552365
80.52568337396205
81.37498594838311
81.77470642328618
82.41740427737153
83.03440408241822
81.34241712406485
79.27006343972809
76.03425404572496
74.43166738247268
71.61770695973871
69.91066868941418
66.94522895936208
66.104114729692
63.582098729286955
62.432648316158804
61.74519521718128
62.40542172831901
61.141168057948576
60.090008225771896
59.846774740554544
59.77585275162766
58.467226817296435
57.1877069669683
56.14689651565794
53.41562050973744
51.06575091575901
50.74784579793606
50.80668430328196
50.352022577841765
51.582212454335895
54.13372936481627
57.046269817796386
58.6952286549453
61.553639315452784
65.47714196192946
67.88491823787157
71.63803932729041
71.44656814226816
72.35956012297407
71.5927858287705
71.26916819935744
70.80470604002056
72.59943562446392
71.64072408045172
71.47092076896921
71.89074493018389
