25
0
c
120.27196787293761
121.20846810086192
120.47412670321197
120.25091476909469
119.80897325349211
120.28762033436581
120.2310010999484
115.36387142682474
109.80325797074056
99.39011779950278
93.23119072040787
86.05048323532432
70.50240403463653
60.69833266596945
49.45056241457985
48.904829832186024
48.234547829627786
47.58639557777003
47.26201676536122
47.33410626623944
48.287644949222546
47.401032957499574
47.48234716241966
47.79093358932418
46.45818914068099
45.338003209208786
43.17015141638515
41.43711890772329
40.31391555611742
40.014842631021885
40.578445975573516
40.94624350208477
40.99725595184221
41.88382417118109
42.236646657178795
41.847412481084454
43.25019619607131
42.556045238815344
43.85365155684072
43.36955629171369
44.84331113719781
44.73084464515345
45.742618138869986
43.24167822077575
40.35509087812919
35.76670386806736
33.46395762154274
29.30666408308304
26.0412061930924
22.680617793883258
16.592406192295357
11.762950790619428
7.984414567610113
8.404988674993742
7.7923864437420605
10.883855661698956
15.330937414002584
21.677228373703336
26.454883121005768
31.57797319504248
35.02561266938143
40.159366541201265
45.208648959408
50.28149331488067
53.35975524548392
54.13510034163537
53.64015810850529
52.22369158104971
50.99984509280423
48.945148001489926
46.92253479607832
45.523172203762535
44.28449959705593
42.63969712223566
41.82106330474061
40.957761004633404
40.7758778987849
40.653217349314545
39.979995702537025
40.390805795151934
42.41571923796757
44.25740586145535
46.4791708981756
47.604809308887575
48.50243152166471
49.652317631627156
50.305824256928624
50.82599590659159
51.52993589778822
53.340051276763255
53.13533867025441
54.70028543735856
57.55711204032306
60.465049658552395
62.81333696115812
66.90834270449066
70.28815797061067
73.68519491886074
77.75632274484911
81.53021064896373
84.68639155834164
86.2575586570078
84.94035957965394
84.23069021821009
81.32696719735239
78.08818831347504
76.52695824213869
73.99209369321586
73.43247949033216
70.99204285091658
69.63304135438364
67.79513312372924
66.49184830739652
66.32382229269363
66.18058245914115
66.70795541648718
66.8263112000223
68.72877987013429
70.55118372827667
71.29224442264703
70.32699029634188
71.38044207662901
71.35997174675435
71.56392904052535
73.17046310972026
73.1685115245184
72.3722904401485
74.77685125960038
76.4929052030762
82.81486310651505
87.66770211491817
94.17137134426162
101.91597752934497
105.73198725615386
112.5505061147851
118.57715376587745
120.4484775328886
119.75176466237784
121.91097491056995
123.42848984365932
124.70690745590989
126.00811246982587
125.7517720865288
127.55227300885078
128.9296704104106
129.2936003888153
130.1035021426235
131.91538649531142
132.43328055925826
133.85705386390995
135.74927612949324
141.87773780919406
147.4667330674064
161.66578673188397
174.0866745670727
188.58764757119624
201.03566801377156
213.9852877644777
234.7886659607661
248.47946422845257
259.3867146746427
261.9893831110214
262.45395195483525
255.53368337508462
245.37760109546397
230.78374562509134
219.15998152260528
207.0797854260293
191.96109164175527
177.81924417302895
166.94855584208284
170.2168742693918
170.4577000855985
171.55741380628874
171.59445763483072
171.9330406247013
172.5527080389936
172.01577465281034
171.95380802866092
171.79475659303017
171.3805108308679
170.4614177680539
168.46298236461507
165.3831555303973
165.14877298347736
163.46012794180834
163.05468398328438
167.0563233384466
173.35230611101903
183.36711329135537
188.0468252576312
195.74663858332855
202.88668977965366
207.34469890309944
214.47913519672613
218.61275381615383
224.6557192696769
226.91221523637677
229.21851096770533
232.06898183894333
235.33111567515982
239.21815404708633
242.63812710670544
247.4966566137911
253.29000183188433
260.2122590492592
271.5442922389093
280.3806257800013
285.7267789708009
287.1429562751352
287.0339725070947
279.4842000237142
268.33336732140174
251.05097215186086
239.05426521203134
224.74425463862306
211.83656964570278
203.4218905535464
190.1647255422278
180.9401762332477
174.1972851809695
172.0200303422114
169.26151662563748
165.379729251515
163.31627575075035
158.8662337547507
155.5631691693437
151.2210064048585
143.4566304169192
136.79095221351758
125.89347439135129
116.87969019770509
112.57197049743013
111.66725828247891
110.91594358973859
112.39064338945546
114.51632858352122
118.27516175265484
121.73138025191959
125.24094317667462
126.3009910043038
125.82495678559447
127.93793914716724
129.91719148299458
130.22297979178313
132.07995756838443
131.16475282973394
128.41318094253515
124.93678237785906
120.5672261627223
118.31858643352277
114.35687420590719
110.33878310599712
106.72285047166227
103.13892262980252
100.09929584670239
98.6536205648808
98.49895460096229
97.461988319032
96.44668018215037
96.09075520073233
95.59552795397052
93.24121626468053
92.61012593050833
90.63201911702599
88.90058193800823
84.93231195259952
82.182407170018
79.80277217717479
79.30123080759392
78.93736770908458
80.93756517649997
84.66530945593173
90.34881934925608
94.00445962720754
98.37000178441058
103.72230033624645
108.06616664612388
112.73231308135419
112.53219040529845
112.8451337513413
113.65107694763732
113.50672964707178
114.06694485258488
114.62733870948522
114.05228343974771
113.71419168080755
113.61726866416888
