21
26
c
31.76000213067677
32.51274109762762
32.541093678489155
31.699193288489788
32.41410985227386
31.49151985584874
33.495524747218795
32.367349213189044
31.115545967140665
30.9347182761713
30.02140859128231
29.41264663438445
29.854070699593947
29.36440936020687
28.509079825086996
27.26511112561846
27.320958572563878
27.532339361085654
27.491247936229954
27.552320132337012
27.715965730235737
29.81884495870975
28.66439206768841
30.31680578784516
30.111979019385934
31.76711339006722
33.33026998389347
33.17690848909801
33.69959317102601
34.28691083035533
33.70577204111806
32.90236509887152
31.171639366876715
28.058713960717938
25.098642695937915
23.131741686035916
20.631463605279922
18.720405838673518
15.111331357884884
12.854348433015003
10.694798637117913
10.666428787633393
10.470165932289579
11.864860668640471
12.15714483274172
14.189063939159233
16.488883788362692
18.437381229406867
18.04665490049181
18.344528213088072
19.467472143692163
18.375608540600624
18.946787623116702
20.458150993845784
20.433411971386068
22.215067980042377
24.57121611008616
30.80092267404686
36.39578527087079
42.84025418761486
47.578949565702366
51.84582240074026
60.7109337788307
66.52531554292531
70.14547733908887
72.96421259647903
70.48812004939668
70.730773373709
69.23441165298934
66.68864545829038
65.58767795591321
63.50052808082934
63.410125271398584
63.46991762907429
62.66294391616733
62.712231634656945
61.9371066493119
61.204250280256154
60.793123695758915
63.46762597235034
65.93977159560362
71.15213193895666
74.3793226624403
78.44543798994806
81.5393829966224
84.34569359225738
88.04339639383278
90.87675192908621
95.01197991907836
94.17681342034611
95.43166313306041
97.60048949872193
98.56117452675785
101.36105150708443
103.02944311427942
104.701216095478
108.63770288956717
112.34699942396396
117.58160168654857
121.07296246148366
123.48829301646184
125.20247339309935
124.5001588254641
121.62435599930153
116.95791622052646
110.10708753193549
104.59974949928119
99.75007186646872
95.26530554834673
89.71771563566516
83.12182772501932
77.63944336249503
73.61556860982489
72.78982726824374
72.39279004783549
75.05793469179014
80.45438255286261
86.74773182342274
92.36015341278099
97.19629939420645
100.96715614098149
105.76948377311905
111.69257478220088
115.43252193082294
119.16095537284164
119.37049636988469
119.79934254899807
119.09928318931323
117.52959713939518
116.25190875084256
115.7858771774534
113.2028662321507
113.5288418487385
114.06155922155467
113.67208449240832
113.85957372794962
114.29428295175295
114.10942566453092
114.16953162496625
114.16490890731933
113.69759780425126
111.86445741497342
111.30143329466023
110.45632868744546
108.73652223575853
106.93140532598599
105.33825453254576
103.53650638338277
101.17232335065421
101.24695460078358
101.43901411745699
104.6525728657414
109.83096846613907
116.13932655126405
121.63440417862809
127.76148545132622
133.3106756433197
138.20028042819797
148.3142499185519
155.1289566050447
159.45168889163887
161.10285879235062
160.78743800104394
156.9664837967781
150.96123996467898
140.49816978218615
133.67531212443933
125.91382920250417
119.34818547663615
115.02983201895815
106.50865605011992
98.67311460097584
94.06817469534158
93.81192622530581
94.4379034562888
96.15249185685694
98.6496032257668
102.47793213039753
104.38627598772575
109.04199160518526
109.91934338770643
110.98054693070456
113.72862809856105
115.05692131085284
116.6914530009514
116.88244930730286
117.01675439850112
116.79476835172358
114.17949498617581
110.79940623829509
109.29624999693168
107.83841672186067
106.97854757278789
104.09533096930393
100.44374065876542
97.67339380211573
93.89175398080425
93.35394873269112
93.97759794445902
99.38252029610553
108.81630050457142
122.00143211483339
130.3412005607824
141.28335085866112
152.70779798402714
162.97504106813125
178.95024490603825
191.498121181678
200.74776021522575
202.71081703964404
202.82226054352537
194.89768831969818
183.1754906079924
166.14866923676138
153.47984250901337
139.52955299089598
129.91802586722372
119.0749926337128
102.51300330460995
89.84046177067285
79.93458350934563
77.44840978377701
77.60377877609454
84.65613580649354
95.13552444738562
111.92528523691745
123.36298792745225
136.21074665368582
146.78195658455684
156.21166968936114
171.48110586621033
182.4618955242594
190.25365366663075
193.21859828856162
193.0269649156671
186.5744748634763
178.22529546640402
164.5998378782283
154.94006163194308
144.47996617010853
135.63559426230844
128.77283802290742
121.56056018186985
115.30860989232781
109.42123919958078
107.82339210127604
106.07206578606642
103.23199355439998
100.3675658478576
98.5407017753615
96.25049357455649
91.82794289622622
86.50631573263432
81.07089263287389
73.5934794314195
66.30988288273308
61.98449318778256
61.22066014003507
60.12597554759645
63.687231990023456
67.60272347242346
74.28837279201163
78.06225746722153
82.50572928649262
86.26115982235375
89.96411659151208
95.35667232827404
98.43618784181984
102.15236516624115
102.6923786846855
102.03990363971668
100.640423942242
97.65381043447479
92.34625243861643
89.33345285900369
84.90083638659931
83.18386325546346
81.82254712896513
80.28200564918399
78.35534304639064
76.37444151912317
74.54101305114305
73.90185729381521
70.56161672708876
66.51706054545902
61.622430589284086
57.45112283297102
52.82643589923117
