11
15
c
131.75469213392918
131.7001579839457
131.12612446928762
131.63716651714049
130.64564391676504
130.60013654113405
129.36310390976342
129.81411511309574
126.98225289626619
123.28102052090179
115.44478182893144
106.84782173738542
97.39319163604917
88.88091209714007
82.01564792500444
70.41176120317803
62.474789413765365
56.61470277435876
54.67849696144855
54.520059091554494
55.91316690244943
59.235977790285595
62.0563623562994
64.09411567042046
67.74039163831283
68.2207562356414
68.82681019612403
69.57213971270968
69.2733759504187
69.84249026564008
70.37085541870462
70.94249420183299
71.23166423248551
71.70863126464272
73.88944359059899
73.51260823917497
73.50129416131598
75.61683672805808
77.31131721979426
78.01335441425265
79.78040713866712
81.17320322135585
80.36505491613147
81.4681012266938
80.64442730197271
80.37981147583979
80.22189121462004
77.23416700331494
75.82682646737385
76.95695923934461
76.36097510338755
75.37411609670352
74.52204313434144
74.50851028309368
74.81677283434819
74.6190106040832
74.52063044487102
73.90865622195834
73.78411797265728
72.57507415227047
72.29757566664557
72.01731554243294
69.84940393253663
69.68406135136061
67.00942083667502
65.9235955281829
64.04698741985501
65.19710457864917
68.83296221709504
73.93487559683895
80.9659124681328
85.79629523100941
93.83190374406375
97.98980393751431
100.85614608822094
104.10420304044774
109.98975582818322
113.44779289732736
115.01525711203101
117.88610083539346
124.25525095455775
127.78950669796193
133.648142247749
138.62931909813983
144.88712437151156
152.5755186962935
160.09697064750452
171.57095692695358
180.55268974565098
185.83612607419772
186.52926630048717
187.71539151028801
185.03940175544884
183.23545043565557
179.4013517873664
177.2211269714877
173.58706172635823
173.33296165963174
173.76337269927075
173.45535195204417
173.84092202300937
172.48229168332216
173.0053292248378
172.5305987123112
171.66418880836704
169.50879905066807
163.4444337254534
155.9019541543327
146.6882502926752
141.50150870167974
135.37086418569382
126.99056133264335
119.69152682002905
114.20519727921952
113.6649186258427
114.44056084904994
116.08147047423247
118.1014577262468
121.14100341422078
124.63854347278817
127.25163913960269
129.58269122032263
129.2501395349978
131.4836325287618
133.02136725228166
133.1303486519886
132.66377046251773
132.7061851528856
133.12674825156455
133.19619884565293
133.63887570418254
133.41205644279452
134.17386947208774
134.42542774545882
134.11805966176445
134.78975054556358
135.0348051706868
134.8627955900971
135.59980823263496
135.6831860764661
135.8459998951188
138.45618570063775
142.3762590691324
145.15227357940444
150.16159901516266
152.65116678456073
155.65206977459368
161.28860366533436
164.2360580671545
166.52479003532216
167.25523774652083
167.99375572279854
167.24279099323692
166.31776542308106
165.2006911224213
162.88932613119889
162.2662899754725
162.57069578884622
161.80224987955094
160.5427797944466
160.35278585805355
160.64642897270687
158.5067709990372
158.6757600969414
161.6585261798593
166.6208371504747
173.30297417911154
176.7294994379125
182.819253536323
187.49264082546787
192.75045014726763
199.712154820548
205.16613241630733
209.7281961903351
210.1566800458854
208.96678597747066
208.28829474479184
206.2313500370257
204.0040043080041
202.10908550584927
200.01365531670822
199.59365101084148
198.69023385398984
199.6698195575926
199.15920677053992
197.61978345552876
197.6034660643381
199.1650408094871
197.6466575352005
196.63032622301193
194.85955598943283
194.41853535076305
193.9995039483175
193.30238387618346
191.86363435892957
191.43110703379207
190.95199978750546
189.6136496444312
190.0940612539616
187.9836435780329
188.03573130431914
184.8572849387046
182.52137589933628
180.23870066596143
178.16576805008393
175.62904727112368
172.0861625492742
166.1021672752081
163.41640501007527
160.73851850638016
159.52227610567718
158.63498620254407
162.86941834044177
168.56202857813958
175.90321024049342
180.89671025715623
186.84959831018236
192.54292630741173
196.5890578279991
205.51958762750144
209.6574173729135
215.04706766907086
215.82910851006747
216.219692972122
213.41716774546668
209.32609129135705
203.44292461525512
199.28313370459
192.8634845138999
190.10410989945657
187.57172873686238
184.33720566887328
180.87719815156686
178.4748459817957
178.85701650133302
177.32839890297026
175.36493846768735
174.97341509738771
172.23089302409576
171.33729351447164
169.36966879068257
166.1584447605992
164.2831875776957
160.39923496597814
157.85915719751452
156.1482682052103
155.98975241188947
155.9755735698249
155.0426195593122
154.66804767024175
154.06069529024467
153.0618924155863
151.57320680539658
149.86064203459736
148.2095404338669
145.0913322721188
141.91378983729683
140.3536221941919
139.98033557730602
140.3167672045714
142.9145085128656
146.04838099292976
150.5289144895411
154.52375276713494
158.28217569190042
162.3553821267632
165.32257513539827
171.32276782314827
176.58736921667065
178.82927393244157
180.3056160408142
180.19342938954924
176.97198553960243
172.232028602636
164.9263810874556
159.549345612477
153.33626251179504
147.58806191204565
142.3866315183587
135.34664375500964
133.3152809256847
133.31948121690652
133.14814043533792
133.68471822581185
133.27022645434099
132.6350500848275
133.38350567933028
132.12455526404358
