18
13
a
283.67443841375217
277.336969172234
271.6915911337695
265.78880423171245
261.5071272441131
256.34734088580984
253.70823672581466
250.52341903876993
245.65136984507868
242.01459507615476
236.7011216357804
231.3520689844187
225.78200402134877
216.51615723962882
210.01651255478598
199.61260808397495
193.8887144051463
190.66984056170128
190.00400251313576
188.53897427790378
187.1335255562305
185.82795974644645
184.97261111021896
184.25167944221704
182.24582093024242
178.80506871013236
175.83174179766021
173.1366577721564
169.834518756998
167.92365235100254
166.49723100403054
165.29504657111886
163.4735574059259
161.91106304405338
159.9980336840129
156.92918054446454
155.10016848880622
150.9691607464904
148.23765771907475
144.20604257777154
139.5058392579894
136.9764337796888
135.95183697843947
136.27176329886603
137.6432807819079
139.12717380535085
141.6026992214029
143.33598421057383
145.01675700661963
146.3123282367561
146.28897210620661
147.47673673988567
148.6025164285232
149.08800650876685
148.59345154152453
147.18561580454892
149.56633240258492
151.06035918026666
153.2879693132578
153.8396411022736
155.32623703017333
156.3627346118663
157.12224713001592
157.73089451154365
160.37833655852964
161.28998142955513
161.0495572741029
162.60519901600853
164.6845637891105
167.33538001350698
170.98494319134224
172.84400670495984
175.06709433015806
178.33526509328198
180.11443072389045
182.95236732378217
184.04544007538752
187.14843528380257
189.2338917752401
191.1436033570605
194.4069082309045
198.32421343089757
203.14272332551502
207.76278943539168
212.22155009445578
218.14229043643766
223.10050163157712
227.2306976897519
232.25855059509286
236.77548921712193
238.8583130984376
241.2488123217752
245.10712795285284
248.4215240377637
254.7143460273399
258.63955741217967
263.15512769322896
269.814363294309
275.4349061919779
282.6746320419796
288.66147957210075
293.18028736168475
295.3356684667876
296.50533276360136
299.96840588976715
301.54281395475675
305.0077563265925
306.8326856779113
310.7948075901232
316.90912819659866
322.2030326853826
330.08089286782536
332.6075347300698
334.2963162680084
334.9202993306436
334.9856870807678
335.55322385580746
336.05548689904174
336.16074633863093
336.68884489054454
337.78982361860125
339.33874441190636
340.8980688068685
342.5663097062209
346.1800020657336
347.92424758183785
347.7458626503513
347.137369886669
347.0485991654178
345.37774082859113
342.8538839812919
341.8120186096742
340.87582084231394
340.24631005227286
338.39990265069764
337.2749408456914
335.22254412354687
334.4777992373759
334.5275338673968
334.10852258991366
336.487427352314
338.7119258291343
342.1781401344422
345.44633783160157
347.680781437857
350.1570691715272
352.8503308113581
355.8277007880289
359.2229302933696
361.70873432943097
361.27845981249976
361.69007305481927
360.3785560583007
360.23075027091636
359.5184279842429
358.61763111098156
357.528211696049
357.1733964886566
357.5495412498582
356.9746135514437
357.8079423482143
360.22001570272647
357.65729108437637
358.65225402293925
358.4623426902473
357.5540931527738
356.3833560437755
355.06771559912545
354.4134379571651
352.81252254095904
353.5597458232203
352.47735414829407
352.2235122282237
351.51376543274466
350.2104578004775
350.6513634545839
350.71642102247586
348.292801298763
346.63166227154943
346.2472570043802
344.7793928576556
342.0317981994374
340.60724228199405
339.4611787000514
337.9003302102734
336.724079423318
336.6829004398901
335.85373689871307
334.9984172467063
334.09008627701746
334.7239473300545
333.94349494707757
334.27210409358537
333.52677061671477
332.69280916714996
332.03359460386736
331.2361245593535
330.393311508348
329.6154753231208
329.9295168468568
329.170797093448
329.0705409391239
328.3323669342878
328.6556226908089
327.23391266801667
326.28016946782583
325.8091467089276
324.3453746659495
323.404866284291
322.504621881748
321.78951884580044
322.84144528915925
323.59005437058016
323.7816365380566
324.8834308225412
325.70247223574404
327.4756341149791
329.0516647364012
329.78881971998584
330.3784933683081
331.96296022435587
331.56946923028437
332.1691848576097
331.69799737461796
331.7926481021365
331.8604407363022
331.3775985585118
331.114548226824
331.1278928772838
329.87938688983496
329.7338559023494
328.67660163468565
328.6874393960328
328.59217355014664
328.8964659136826
327.49638966218134
331.0391980084739
332.98382073756545
337.46263290876306
340.7623697275469
344.1849124169563
349.80621438261494
353.7577483028005
358.67591812655326
358.79886117045436
359.89787640245555
359.6583040050856
360.4001578347589
360.0646981097259
360.75466658498436
360.5082496293511
360.84531145853884
360.71389256200916
361.3793728318802
362.68810958302737
364.66646958147487
364.9781755929661
366.28098745914696
366.9317595031297
366.5524655847512
366.03714565087574
364.6566504403143
361.1403869686055
359.71797493189695
357.8671427344138
357.11671165805785
356.17256173079375
355.0643892415688
354.4871103377495
353.56682622663544
351.51731648862
350.7306545297055
347.9213818093785
345.6208902039285
339.19560383998856
335.59085945466927
329.4294409539178
326.49575118398667
322.0260417677833
318.3076028339283
315.2775653068356
311.80546480717237
309.35241910458757
307.40557491056325
301.85088992494053
298.2658185078349
293.07607546234607
289.0068285822138
