18
21
c
82.01859287348037
64.70146911889434
51.20769870547553
42.10916538218213
43.47679704176664
43.89516165978317
45.53443015007938
46.06812397194007
47.059423906491034
46.32963210629248
45.894450517922294
46.06735186717963
46.97580516853492
45.14765478477365
44.47050055896449
43.49394022609707
42.30096248076697
41.97540901071848
42.94621734308028
41.819375947787925
42.848900551268564
42.637900783339326
45.07930154940075
44.88050854874515
46.32949974684174
47.46444092144874
48.0886758319207
50.05815438751297
51.084406811767685
52.3373895789773
52.54376900275254
52.634895833408095
50.8333697633451
47.69547802866067
43.24674227520771
39.80625787391907
35.8205549740937
31.40818434202977
28.036138768705143
23.38396937007345
19.23391343035464
17.063782786833645
16.246284715062178
16.265881768249237
17.31582390592038
20.757911168045393
22.374559079553922
24.248243179309828
26.967956405527936
28.04916330516954
27.487464118760414
28.332793977580767
29.733589251962997
28.823312807887202
30.812398581816584
31.03917532085787
34.09969252826622
38.413488164835115
49.05480363573336
54.9848864778485
64.71405097048944
74.03292777231681
82.34653294361179
93.44936619548608
101.774983257271
108.0280359773892
108.64706749781647
109.60917675500863
107.96971309276586
106.22433976924773
103.42941534114509
100.82202837564296
99.13067246790368
98.23270284629056
96.74878296937959
95.49296955902587
93.98945882678811
93.8244144422864
93.58281991830104
94.37584058487775
97.06272704252584
102.15302719942335
109.76277724090622
113.69140036201884
120.37911466956629
124.63050609660857
129.4790191831763
135.43640759365027
139.49121511372144
143.7666579223079
145.5164569362151
146.4507859968324
148.31296422685398
152.58376499981196
155.05269691963343
157.74297290506547
159.7600467363722
165.77857916385116
171.88623365607023
178.83848585798975
184.79400919979517
190.39830354343576
191.41585084167798
192.21851354661723
187.2595218278961
179.3815833717429
169.61361568047724
160.71784442584897
152.56726177274444
145.40391468065553
138.09311462303287
127.30938558526252
119.51580231535665
112.09527103852642
111.19775166852766
110.63505543369142
115.24174594728862
122.5594923598048
133.9863222011636
140.88734903859563
149.5772115473381
155.6785198135878
161.89383741454415
170.71576846530496
176.86305738295422
182.33521788029267
183.14814502805837
183.30708279852655
182.22062102527528
180.69111742057493
178.57903130025107
176.7158924084816
173.9231034309497
174.31209227608437
175.01298730779283
175.57997613338748
174.96299164046965
176.14841374180114
175.3961418082854
175.12914956095688
175.264141504104
173.81292836927136
172.36217929947298
171.35323746265135
168.37296973095755
166.75113539046882
166.53674598928663
161.45249855413581
157.81430717058404
156.27038619722921
155.06552143038445
155.98860661428526
161.0605345814247
167.18992951589325
179.29712158523932
185.85470589768337
195.54603045076388
204.1818550836113
214.42068293355334
226.6787300784338
237.34920666522248
245.29262998231826
247.41491447796324
246.87044507579378
240.78594569077626
230.28319133886032
216.5883530029295
206.08894624361864
193.285041478013
184.24888953547241
175.4711419492139
161.93545324378576
153.41855114743925
145.8936073834485
144.11904413862348
143.71747180582446
146.78436609955355
151.6971603783147
156.4372146574203
160.3126307896435
166.4013918917857
168.30462473789456
170.4230193120483
173.33352706473553
176.28015424714994
177.01753185019393
178.1898026191492
179.87987940429903
177.3426610842342
175.49024898092924
171.41392973358128
168.6239558333402
165.76414076294898
164.46490691144297
159.9580449911375
154.0770137216069
148.4654100546278
144.7963310035872
144.05012720404503
143.20063517728508
153.36137842144274
166.57738035514464
187.3564368952431
201.28803511105377
217.31088850953023
234.22435104825615
250.2234445265454
274.50274548388893
293.6602258404924
307.41445097667247
311.7013099499125
311.4525383295902
299.6596442450226
281.8115031676543
255.86678263979857
236.38364298634153
214.91041555821155
198.63352279806887
182.71272024913014
156.18144178621912
137.4271584222373
123.27148210330516
118.75514275794892
120.36743978420174
130.17991552429024
146.71395754954335
172.86795351238746
188.6119256123527
210.1594341695139
225.14639040672145
240.2121819985839
262.90252462656076
279.80836626572574
293.05136974310153
296.1420028968303
295.73757632768945
287.45392658138206
272.4543304366483
252.3762120862461
237.77980706218665
221.21569263719175
208.4422492721568
198.74508781413618
186.12443440145108
176.27912298509503
168.19701045506486
166.28997963740485
163.7001233075236
159.03776263580212
154.73602426160124
150.28601484197736
147.18036927576566
141.3438713691424
133.18393617640237
124.37788886945955
111.76135056463349
103.6690727440679
95.02092219475468
94.46959232785916
93.88391199003243
97.82172093054581
104.05651241046566
113.34155081156518
120.80089049589444
127.4729667238287
132.80122086916043
137.7295244724872
145.6487841405582
151.24265278277213
155.42588796898116
157.58859953988625
157.58466610582477
154.26117509723255
149.10495248651623
141.6054746316419
137.07795683571013
130.32806886620142
128.68342263475432
125.24181527464813
122.86381721380998
120.26410625924133
116.92259176451712
115.65414530815258
113.38366061889974
107.9762771333549
102.93032616756193
95.46145537715583
88.69435517661728
