5
10
d
155.7199896848642
156.31823986167106
155.72356164367568
156.0095912942594
156.57701827490715
155.53907494542116
155.36337434169602
153.05743303894945
149.32813569455234
144.2944584500769
139.42684851660354
135.52981237365938
129.01305768757493
125.71762143371312
120.73241387879135
116.65622464191733
115.6762664371368
114.14609339037531
114.19325442882203
112.45471737412278
111.45403820849677
110.23019252866312
110.66174254421082
109.29358338819128
107.9216159013225
104.7456345914476
103.95235913551532
101.96513726370205
100.00970294078546
100.61596818685871
100.17040549178229
98.580773493408
96.72551601843544
95.84298145956537
94.34797071663542
94.33122022276261
91.73279405671634
89.09511106245716
85.78719757453734
83.42656082136307
82.99991159089036
81.98433013349953
82.04384529915896
82.4140660417582
83.4869650790698
84.92066425865596
85.64376278277263
87.67012809823864
87.4992341688653
88.08698863969836
89.04554045340502
88.05703811922919
88.18342465528295
89.34006674383402
89.15787656521358
89.77241716072021
90.65284670800494
91.132621350337
92.96714791308592
93.87084473961166
93.87408006822999
94.7051078917001
95.1428292076659
95.29407988620517
97.19321825447825
97.04020233532185
96.54225227131559
99.3514752641102
100.79950430807453
101.73029118518787
102.81329395048745
105.23923408652122
106.68573466034998
107.94441361998284
110.48691343747616
110.62555231136643
112.51901957892063
113.91560670910935
114.76857267964682
116.33418917552419
119.45174633816538
122.56853851619557
123.09750922228989
127.34252846302648
131.47070466923262
133.84136452977248
136.69308103482598
139.71954076036906
141.02250040984433
143.23007015045297
143.81352111558564
147.41252205934876
149.54366316605729
153.13865065753012
154.66138594247096
157.81350444481905
162.50145747252424
164.24706261779997
169.4354870943896
173.21618846811324
176.56302479413512
177.10888441892615
178.27307065640903
178.87337589488092
180.62547522247516
182.0720170901979
184.4855387958503
185.96479354497853
190.8056087198627
193.11472824279588
197.5972448573856
199.7589792625826
200.5635502880488
200.49003584695515
200.96646575998497
200.91271852204443
201.080485425404
201.55385751908517
202.01766586795824
202.63124824048947
203.49602033823885
204.40049139886838
206.68353376914772
207.5007742989334
208.50479736040126
208.01686256946786
208.4310068196127
208.47827714039562
207.69264458480558
206.27431879281286
204.9397669401836
204.471737345666
204.025749837815
202.9577545742995
203.2439734540959
201.53593947712284
200.58810655224391
200.55062048304038
200.7465093170928
201.18457674548432
202.84424608976892
205.54154046197016
206.9338381837238
207.97492401750873
210.38091411238838
211.70975210797957
213.7969927903911
215.98923695779638
216.05098988881133
216.0574735277602
216.31794531414315
215.57127031763076
216.13264290144693
215.2104155538467
215.46857567978026
214.7704648908649
214.68594008543417
214.57400169451526
214.51397577407778
216.11383774723527
215.35122842775107
215.24217878654775
213.92115431060404
214.0552498242207
214.6794274647716
213.99991505415747
212.8599927801798
213.3033122751636
212.31829954902017
211.0720559217833
211.4038895982973
211.45530562345002
210.30338396833193
209.90815034256337
209.85609775397975
209.5398163271966
208.7599465227029
208.72580323480798
207.70686089879948
206.64899568698718
204.91937824378647
204.5550352195179
203.3813409939999
202.00717424985723
201.91053852276372
201.65370303266982
202.545361742966
201.18327000293286
200.85951559189857
201.40020086147908
200.7866234972528
200.1031326779304
199.80930955546575
199.765016869821
199.79296574913923
198.86843033238057
198.02068077813172
197.1412944638209
198.4544503543642
197.27870385561536
197.9114847892545
197.27613134742154
196.9356243893274
196.18333979716246
195.38416463815147
195.73930024113193
194.4366325775216
193.22380146820424
193.48735951236534
193.33945725446733
192.88993113290124
193.68421816998182
194.69237225516753
194.69877849198835
194.40712832006125
195.87200665607838
197.2127513161042
196.70048778843193
198.18264003665058
198.3512274571526
199.01374021808164
198.98270391869318
198.5150525402212
198.40691482192787
198.39177170860427
198.6507324531516
199.44212691882922
198.3210254594781
198.08125330365172
198.3590808657152
197.09514788381765
196.66384769424883
197.72384440661992
196.2733746589612
197.16758983732456
197.98531760894912
200.17010271705564
203.47771205165867
204.42545467067958
207.78571893370358
209.97962467847444
212.17480677882074
215.30058335858993
214.8734577537771
215.88556694415053
216.0109466512231
215.89339716106676
215.33246390251315
215.64218090024875
215.8228537812773
217.50428935834975
217.44993366321842
216.4824953755296
217.60018356639932
218.080082162865
219.38771358154494
220.28543263006108
220.83921648632167
220.3808798215371
220.05411502009287
218.7220947780793
217.6419680246628
214.8722809620332
215.22574009149525
213.74939446140294
213.79918161436228
212.64891165963073
213.35497765737057
210.52197093522116
211.3542137530779
210.3325756661984
208.9159749969265
207.1389121615684
203.9264469696656
201.3092074380006
197.41692907498265
195.13652379644117
192.56654708649518
191.79434125951127
190.39723844925254
186.88170457823952
185.06462606934227
182.95373238738543
181.4080684695027
178.49457620278045
175.90957963198755
173.33277159195154
169.80423710068416
