17
24
c
82.07031630722254
81.50719911325828
81.12453591057177
80.73863853310168
80.95069108668734
81.38650378521689
82.06814138101713
79.50148819441436
75.25622350275707
69.90887317471484
66.67997292387432
62.22001484877713
58.66359120685381
54.18463260650993
47.24056649026757
43.747716671012654
38.46951406074494
38.367686830016595
37.64259718736847
40.42239771141442
41.30419967224992
43.5724115756748
45.17170041208208
47.36624823393605
48.2304643711837
48.015535014605675
49.84633190421823
50.798651624639355
49.990833732974444
51.50786419642815
51.002356337729516
51.01678495468604
51.19913598313482
50.713487529969434
51.780381486578406
52.187553845920974
52.155188028673656
52.524388741026904
52.5405506900225
53.290868835812454
54.095680262145116
52.89270672644414
52.95648694517574
53.30745085246821
52.95271444030254
53.11352765563433
51.908224139059776
52.61137993947298
52.72765434401447
53.6538660759686
52.62382048080506
53.2971997840731
52.58160579794265
52.46523037402906
53.01039682272706
52.99882942963871
52.858882810864934
51.707828336010174
53.08715255866098
52.55023750835042
53.118033360078186
52.779989045974006
52.142507709426326
51.40477255268157
51.39825428847577
51.733736866177765
52.38027444908339
51.99731147186162
54.27182980909846
54.87101332965536
57.66491637376285
59.427994593612354
61.918656663073136
64.75659675204507
67.86384518839878
66.96089148601769
67.08575910128106
67.49729277384876
67.46923931691093
67.90984019393488
67.33404553982749
67.72779277068254
68.25215924631449
68.03551999067196
67.69957842544794
66.88657308991466
67.14639518709555
67.8816682567856
68.2248109803916
67.96507251650611
68.58026715874328
68.98044722347042
69.17247119468324
73.8676546627174
78.89586032914252
84.80729019634178
88.11377185674739
91.85854150543447
98.06791298912506
102.47384350546298
106.0023899250187
105.87296785504383
106.11053873438331
105.41612179757351
104.76894317411382
103.05001635600722
101.12874021873195
101.32384667836158
100.97991773669695
100.71084141960688
100.98042545533367
102.2036261145838
101.48334821376292
101.7968714346816
101.4681690648662
101.2423395366713
98.21338554490424
98.79033961455116
97.72545132813605
95.42974492138588
94.16894308826052
93.65604901215977
91.25034248172554
88.74018880665054
87.99681020724951
88.0580087341942
88.56332635485288
87.33979277362363
88.21263115890767
88.767173803079
88.58273681228762
90.38661899704712
90.16552261811559
88.97722439588462
89.54663709484734
88.93817797146777
89.04578342540096
89.41462757446737
88.49721921605959
89.44944221825513
92.35570027384851
93.81200926827573
95.89229796900443
98.78029220306061
100.13452937289647
102.65772395562105
105.32199204030636
106.88844430565108
109.88262867261996
110.9167827654813
110.19550481387083
109.0740605258083
107.10298692554416
103.28819239713431
101.99772197932768
99.32908833090305
97.828751571549
95.99987374400959
93.01683518925964
91.66449391069379
89.55148462715603
88.94277805135606
88.18702479206186
90.17603477279299
91.68898829809628
96.17340457430461
98.31016627102115
100.80003674793227
103.08105210244537
103.85341970265624
105.637757726714
106.24749978790346
108.81731612732872
109.83211750852274
109.83136698263
111.97556600727225
113.00466642943863
115.19363976955954
115.88424948303467
118.45487797179756
120.63339865773747
121.87808117053544
125.74874289469557
128.5699416454455
130.61755613671224
131.73541363385232
130.837442535215
129.28911053242754
129.2750621635718
127.39448472385446
126.85873796687804
125.1235176541798
123.23531167833211
122.84615512661993
122.17896979859265
121.13346111399217
120.02714596779907
119.7414205251506
119.82373601918981
120.30690161953216
122.25455725760563
125.24206427288246
126.10901123789266
128.5993087349708
130.6285546562271
130.95777357392646
134.37251383901918
136.15984543009566
137.19607858706846
138.28890701048806
137.13992320862266
137.88162306905883
135.32836706571766
135.31654152072065
134.34809727977486
133.57499856310247
133.119268333606
133.41114530868202
133.5647842733431
133.41201175798517
132.8237516233449
133.8310474034756
133.560541544637
131.31092904441044
131.708995578613
129.05200385067332
126.24810650065803
124.93516221550371
121.33709845297217
118.95881980495705
116.42458705743493
116.46506211182268
115.8998429751891
115.07743777359887
115.19068139894165
115.29378534540041
115.47293327406014
114.40509507736365
113.77144469852098
113.18627291892743
112.77758515105268
111.9870178130542
112.66440378705819
111.88007873674721
110.13291111093416
110.90386066135021
112.22908911385186
110.71427079999083
110.4927510489329
109.53111371757804
109.11215521991366
108.1322912424565
107.81543184118364
107.35763353397265
106.45146823339599
106.13666414020433
105.5914534633529
104.92627708128512
106.0717188368533
104.95888482200361
106.204454744428
105.96380359974488
105.86113783431672
105.10982060174689
106.18667127365407
106.92132554561205
106.48792591003838
107.53514802856782
107.2869480285237
107.16724694861377
107.50017518581927
106.55572773562702
104.60606978479332
101.14663608481163
100.94063028288559
98.02279855047095
96.16455504366607
94.22350959066364
91.49197363980545
90.00247909438026
88.61579496344679
88.90770367923605
88.09777929606001
88.29118748566638
86.77301587228345
86.99983059560817
85.27012927785418
84.47206786395171
