18
15
b
55.24585125156859
55.76945754186903
54.91627208666291
55.6536288720082
55.24855320947534
54.62473002914432
55.23910746037924
53.09447466787643
50.191808320377085
43.43608982909877
41.838188810066654
37.823509658850575
30.85132174872734
25.64661638881915
19.900717799605907
19.026171478126855
18.75327326828283
19.19221456523145
17.897440696381985
18.95725278500892
18.39703322323759
17.94770051104528
17.133160301329553
17.758706452303286
16.335252529460128
15.966510281909652
14.885207465792332
13.322255810034548
12.026374945658628
12.861121780114258
12.508888718674438
12.987187434117484
13.440276158716502
13.61092678938612
15.18367515260577
16.84353160155199
16.88898074176754
17.18527891048891
16.92425520004218
16.953832895174454
17.570036687338742
18.399102092951445
18.75579369500198
17.731914069401835
18.60886135065297
19.78338325837809
21.685588131790137
22.852355683801587
24.160812794184515
24.739202063375632
26.060354490342558
26.077713436533827
27.13532308466779
27.830272008545773
29.343256330191796
29.88949921580551
32.630067486444126
35.953048391632294
38.5362258297307
43.29870352562243
47.66302130662711
50.195672211443686
55.91193306269669
57.263764452711925
59.06394245001848
59.69433487201804
59.84090354474165
60.76101136375155
59.90106637881029
62.03942586150823
62.05077111512391
61.77285545114025
63.48318484958027
63.0414961854081
64.09436354006635
64.8753062139158
66.14260607528206
66.80655576899146
67.49034263100762
70.30933767290728
70.82592529151871
75.37283901338914
78.19602265787724
81.68910570019945
87.30692688338681
93.06285146345623
98.87624428892507
98.79170639555494
97.58031728077522
97.67194305644877
97.7021591931737
97.44887269569914
97.91820241110094
97.91344739711228
98.00456430946093
97.44811827036536
97.33154244648102
96.69439793809673
98.4163179451861
98.67564623975076
99.43114162250102
98.53506878307458
98.88909415400913
99.58293392719023
100.83692562667136
102.78070919244738
104.76005372821176
105.9933684608028
107.80565624278155
109.75066834623227
111.96769887617785
114.58886841073458
116.25422610430168
116.33450547855998
116.37983062396624
115.61344744318332
115.66314534686742
113.39229672380294
113.47860063512181
112.06296672262609
111.59296332980205
111.34229990134088
111.32305868262651
110.93899852423425
110.70882689557526
110.47607314348062
109.86966792653978
110.13026022301551
108.6854305881667
108.2932964106507
106.36598631856599
107.19075592297104
105.11961231153307
104.86455834077385
102.99071816443747
100.40612359161071
100.58291254604009
100.30681006334652
100.57566579663772
101.67624645102681
103.95360044791839
107.6969843793998
108.6594529587205
111.12377878026913
113.08305357043358
114.79614967803947
116.74538333579815
117.70350113699352
119.90142278866975
120.86963185775674
122.502441640353
125.09258224251016
127.58169028709379
129.7882657221049
132.718389630171
136.20855064028135
140.080020482217
144.25328360913858
150.73432422281343
154.62874860213822
158.12262718567828
158.42973498626768
158.36062854789435
158.4651473523126
156.21018025720585
153.9855779301059
153.16037328685988
150.30365483390779
149.43503219881453
149.16586485716994
148.6211052778895
149.258597353929
148.45375166600655
148.32566326570557
148.44131720640317
149.5851011046152
149.31812242128746
149.26526958169933
149.48124771187003
150.42861627942278
151.92186825194244
152.14601601887264
151.441451230302
153.36470573012915
152.91566528019058
153.26864687189442
153.46035302717317
153.22366513164354
153.1633855714728
152.3972328921349
151.86866504812343
150.70910757811507
149.31824975022184
149.51677002437103
148.80516604346116
147.08273469567618
145.7552030755327
145.27434749383056
145.19510440956157
147.1945511654825
151.09952061016511
155.6050741118131
159.50484488866636
163.65886136595455
166.8262016032357
171.4437913702867
178.30716510898057
182.21245366913604
187.76054929267173
188.62708401266778
189.54973592550425
183.20196629317783
175.24324102834518
163.3384184368122
155.80942924409325
145.93739388834538
128.8107561130369
116.14518328074405
106.23530813319925
108.47070865542176
109.95222644160589
109.71368747743966
111.06597753906154
110.47061354039135
110.48504480670067
110.86397933891122
109.92548346177799
110.93381056016884
111.70810786884228
111.19754976025912
111.10921396206565
110.26034505746777
109.81286060633401
110.52077838037549
110.47464706741103
108.97151617322474
108.69271903253059
106.25007093485546
105.40610048406847
103.35721099354815
101.04211337193149
98.82926274043649
95.54288463746691
95.73298055275454
94.82865650483258
94.9160816626492
94.31152295661872
94.78299517226988
94.56148460812635
94.45772625027486
94.26957826580566
94.02789964114066
93.64362585828802
93.87670649082928
94.37565496931514
92.95726250453023
92.38862027113564
93.0841052302189
92.18141613873593
91.39169036819729
90.16658547426451
88.53787422775795
86.9715488356543
85.49296748171517
83.73570157546293
81.73622965065327
80.0474128611855
79.09707673862026
76.56353828423818
77.08396511380752
76.91544721563837
76.11663956901947
75.47405912409184
73.29466710729126
72.20085823849858
70.68448625417369
69.34068996141085
67.54416515650094
65.36843603195803
63.6892974206434
62.79013181388052
62.349508772044835
61.62945227017179
62.312681326243485
61.051994341547974
60.20805888508959
59.32422884488219
58.26631034909347
