21
0
a
147.16575202272134
146.61635404809562
146.65304052362777
145.43723013695853
146.0314634986384
147.39194143039254
145.36285993466856
139.8713941839213
134.83293398388946
124.36917709670487
117.04158253571133
108.87840735827545
100.186677336638
90.93300906995778
78.60871962681179
69.7339222681383
61.754275151585425
60.448824774242084
60.89062192233519
62.55744966244179
65.61020140801237
69.798689980487
73.06730440705758
76.12316043116068
76.56230517532252
76.95193236135242
76.79517320703768
77.95061700313117
77.71584670660496
78.21708089603473
79.04849678234264
80.47187349047937
79.5601427768954
80.96809417328987
81.95968983134397
83.28285484925915
85.52928302391217
85.72087128350019
88.26184557701589
89.8590606084333
89.82856934506304
90.59128124288777
90.74466049965064
89.59387335752554
89.83149354904656
87.74541468139101
86.96387788422454
86.27171861528929
85.98188655977262
83.88862959914158
85.07726876772028
83.90313658215564
82.60108222419734
83.03933846057886
83.32995635051427
81.47592196241573
81.6715173971849
81.19439235491075
81.5367979932027
80.8154788755998
79.56609694430668
79.16945598123641
76.71071709561915
74.56104153091913
73.47593345396939
72.68545741565178
73.36708704360808
75.7371149012118
81.97941617366976
90.84458673625936
95.8312034574423
103.56255114955361
108.82955512386687
112.41985253189091
117.28936721290792
121.91761269361277
126.70671675550564
129.07275327098424
130.81006245987206
136.40748998251217
142.40875338845782
149.5337683337755
155.89272771775452
161.2400753703012
170.07929413344615
179.43412496946925
190.9617762781601
200.93163969843957
206.89022573044016
207.38289782867355
208.56914112299322
206.85861292103428
203.57291604707092
200.10718833098872
196.1695949108529
193.87357233973603
192.7592473139736
193.41021714527602
193.74850938539953
193.14724868047324
193.03333136715327
193.31895725070075
191.86772347133285
191.27483935412357
188.9462947162742
182.30800821449054
173.49475433276982
164.01933922992035
157.92578849228605
150.90083283738988
141.07085937181648
133.48068215450107
128.47833007446414
126.45268994558444
126.07846762437772
128.00044877126012
131.1476188671492
134.7703968990203
138.7647812976198
142.06804667082426
144.0962957909485
144.77215031939724
146.1537178377386
147.2490666179061
147.74708020964138
147.70802703447467
148.0718528747567
149.041336753894
148.791003042375
149.25792142026387
149.06451457948438
148.94926546679642
149.6520927054551
150.62912267863638
150.6785835628553
150.44871866235658
150.8412170336854
151.6265139726308
151.14858026088214
152.0796060759782
154.08742694074965
158.34098182549903
162.52788854456776
166.17583815022508
170.4925936660168
173.5632262379392
179.12487105895798
182.2640612475419
185.22385852626175
186.4361299782206
186.0210443712891
186.31663945177687
184.31930533615557
183.2099140307456
183.02398799167437
181.13002821952307
180.4283573850379
180.37362528655123
179.9454266302852
178.43083188933167
177.05322765749253
177.60503895735155
176.2783173694382
179.1930964743121
185.14355544349164
192.64769549340198
197.13223778426396
203.57307711628928
209.3613292419098
213.8566647430227
222.54266507045543
227.4741769165023
231.9682925049711
233.65492870549568
233.43879043858317
232.2829968556713
231.34074406240046
228.30284244881068
225.13556016379468
222.81207596787152
222.5258548294363
221.84084740700933
221.87405348168267
221.2121504861963
220.10927242998022
220.2228132442863
220.03403464908826
219.6221726215449
218.3693847735056
218.13563203533826
216.49165852031092
215.5937061994564
214.43764162133274
214.40445094951974
213.85815112041078
213.713626345784
211.4598964417543
211.64374797891415
211.51753153103422
208.66934916460337
205.9533584756956
203.64289180599974
201.3422575615721
198.74635824547042
194.67887707774665
191.0239982447743
186.29380466935322
181.45372690523294
177.7798672676067
177.6280511114042
178.18064945301228
180.98603438697643
186.5089882359973
195.5810400726705
200.86237565451705
208.26891093664312
214.28126826324697
219.10513590896952
228.05466088184096
235.04204677918509
240.64360758421068
240.77719349286735
240.90941013509794
238.31277784345593
233.05748066234986
226.50099816714322
222.16494392503876
216.56091517587274
211.9137726187131
207.97573120954752
206.10543458549537
202.04298378939254
199.65667502278453
197.69098685805204
197.87021056640174
195.99224898673495
195.25826935557757
192.2757962016487
190.40095267562884
188.3894915734834
185.64754735996547
182.06406821302537
179.04934428041412
176.4625691021495
174.3821442594031
174.1569112485849
173.2124656610735
173.11074040662527
171.9429830310984
170.8672314197761
169.89220839933665
168.8022377302362
166.95527163109674
164.0699754882056
161.5429327220157
158.7511372173947
157.0218215003109
156.44501742025156
155.87637766856957
158.63737594109824
162.31867046650433
167.8513009027855
172.08464345364698
176.5451132870311
179.65542679459887
186.1969234843203
190.7065224903508
195.78800722719123
199.47356859059911
199.8092822850794
199.641828026389
196.5901896039779
191.360505822741
183.46143184711056
177.86231314876548
171.11553221298104
165.21354810735016
159.0241390450943
150.73954932322263
148.98870839193088
149.05433867913266
148.30157861652177
148.26411787678768
147.83721302863117
147.23884286791503
147.20993994075684
146.90210957415155
146.6921062579147
