18
21
c
50.187294108914365
48.963216546096795
48.99330887702811
49.112362639340695
49.36950676670557
49.658760991646936
49.4139470748819
49.3125118616464
48.57480245112696
47.76097711553503
47.82096583169634
46.149936879985404
45.691271873082876
44.94389512732437
44.22497172249926
42.87499322441347
41.9918339992168
43.35213422211324
42.04688327222224
43.471512156630666
43.486110207188645
45.139508604239104
45.225835893654626
45.674569062248395
47.42953915482293
48.226527436759504
49.894451841271774
50.973558563712885
52.82497031321941
52.9654105219377
53.21920584102405
50.463545274740895
47.496677604325065
42.518361775601754
40.75428150583018
35.28310968650233
32.52615770442927
28.592449839105
23.89073081230398
19.554631448376583
16.33325036339221
16.10308517997914
16.23542538656438
17.578117731593345
19.263922991036736
21.73343416693414
23.70462672858871
27.173769493129903
27.431879054821383
27.236235802488817
28.316674851901798
28.979215888975496
29.031062724130482
30.4428190115172
30.510192364867418
34.18267165580315
37.66912423836341
47.140547911822246
54.839941536959486
65.59667624359464
73.13160009631287
81.71410525478265
93.5204792303692
101.03270307712808
107.59140258971193
109.5130045701296
108.78854137221327
107.93355305381759
105.94401761128772
102.50845356964946
101.13376335902842
98.35569398333453
98.42056640439388
96.8335996137107
96.29504624553253
94.66979618617061
94.79923906657994
94.09353438994773
93.37141309815121
96.72186457044225
101.66848035115433
109.4669243013131
113.47659445376003
121.0106434402086
125.81264785358083
129.34297086991154
134.97424304891615
139.36955737712768
143.50999653533617
145.6348545413544
146.4261630403078
149.07533062085045
151.54905906100336
155.1192544693829
157.00408607813327
161.08124915123705
165.6286763928185
171.7502222101078
178.89487580322537
185.45003120261626
189.95458590212152
191.83467486783815
191.98301794101127
187.57422814076372
179.38474841027192
169.19353895543597
161.40888962104125
152.97615584397477
145.5586950185527
138.11765387255636
127.45446004369711
118.67463213919956
112.1644616047643
110.54803675187932
111.96921659194659
115.98219869883322
123.62593249189264
133.66998173774212
140.43984667953816
150.00834566880403
155.52808126056186
161.39416057820142
170.58029645443628
176.23138726811118
181.78267971900735
182.59959396754704
183.45599359388257
182.61272437307747
181.09416977647072
178.10658698155288
175.76397217364877
174.3571730690353
174.90699093544765
174.76542213733572
175.65433136811447
175.03404955551767
175.93322902021018
175.75956399264604
174.6773670486852
173.89828731065973
173.13427428477524
172.08456117421
170.4170209103968
168.76605586492707
167.18342489099948
165.2172881286716
161.41323271135786
158.95275883944245
156.30029958377924
155.0910057024513
155.8869649401508
159.94762396669634
167.8102108731438
179.54076238699565
187.61088444163386
196.3078706412352
204.75868188803878
212.70952723732026
226.31759475337287
237.41317917786697
245.55090282188053
247.7109827739412
247.44982771105686
240.9642351871875
230.90632037281986
216.24883252651065
205.88048595552485
193.11148350815256
183.8070330445391
175.671631967881
162.56377620684987
153.1205481605283
145.5344994312805
144.3326813129931
143.78643039492056
146.57034268029585
151.11916692323268
156.9128990870382
161.37977508162675
166.90475918128124
168.37788637786988
170.72539268019315
173.67040462745754
175.64967697321515
177.89821649917852
179.07191536775247
179.77499058091917
178.0743918399035
173.82469095593228
171.2731800902461
169.61133716655578
166.44464773781732
164.22785037011988
160.67211669652715
153.64488846574804
148.79067249294783
144.74022511069106
142.63531440208857
144.1541570665862
152.37447652992213
166.60503585837964
186.98203827838503
201.203707990354
217.53926755138724
233.0760181576714
250.44005185378091
274.1135772263454
292.64765547801363
307.3536129178734
311.63513289729366
311.2665822898999
298.99607473645017
282.4543604898663
255.96681141272913
237.09363903703473
215.6451311255407
198.3807993786118
182.00040265843617
157.06579946331578
138.33676162647538
123.22407399903362
119.28257749518176
118.64502017200711
130.37706283998523
147.13048656014837
172.3266720605711
188.4935606204411
210.41605525544495
224.8610249340463
239.07194632953602
261.8320920811631
279.9033605833613
293.14395096623025
296.08117319088194
297.0420106963941
286.8612714768879
272.97235066789835
252.22296966465166
237.50096210269186
220.57540475914172
208.84223664961115
196.91564910784766
186.2447658966301
177.02780728873014
168.78174041069377
165.7160391315235
163.95557952897482
159.19852796548517
155.1400622924253
150.23831894285502
145.9825556106453
141.9058331360547
133.37712022821228
124.3608185092789
111.67788651758612
102.38327335382893
96.28285469503365
94.35135602407051
93.40280492455616
97.47790273880372
104.87532218619565
113.2276290709369
120.00413705216064
127.62228385311228
133.7247602949472
138.04798915411828
145.65091380586455
151.35839436695642
155.70581603959036
156.92401330534602
156.37037417158538
153.75766658760017
149.58095181505456
141.6433185449532
136.65078794889925
131.1814123953669
127.73569590574175
124.91799884217197
122.55010566922259
119.81385939774759
116.73384308869937
115.07442411963554
112.52654925428476
108.00036053084
102.78296285757305
93.66732656147862
88.75751314358602
81.62213378654513
