3
5
b
148.6608785501792
148.668666641509
148.53157348224917
149.67460883597803
148.72363995987797
148.23141009363485
148.0563767374906
145.44300927565288
142.75919679883933
137.48512122621705
133.66502592147987
129.3193221369932
123.736414575594
119.56333309241448
113.45861532053421
111.6776278165215
109.04988765700418
108.67200285984896
107.98714895307344
107.68987338258368
105.49257377598356
106.10299011075219
105.53640633203864
104.67717470775503
101.71207458464168
100.51907806629369
99.12343252411843
97.72354973201826
95.35622071224002
95.13712873660815
94.7255180737276
92.69450069275575
92.72243460036893
90.79875071997071
90.0982032693992
89.15192237917145
86.76690352123373
84.46395824393726
81.29735066156185
79.53451517530968
77.87198852500778
78.31401718696158
78.77783794795621
78.05493880479212
77.97511743886315
81.47070229829681
82.00931860815011
83.19308207859734
83.16329553319778
83.07023000146316
83.6860897027023
84.8166863726147
84.73480537133217
84.81754333509858
85.8832381220956
84.94107450573068
86.21452258878124
86.19375533470901
86.85460625394744
88.34261107087607
89.19875107962271
89.49084033052627
90.62308008423464
90.72909186080955
92.18156143753306
92.02211310384486
93.11640622350617
94.00936091526493
95.98419036354836
96.69253092115004
98.3581991591821
100.24322775843086
100.74428483675956
102.76425677877603
104.50432665374595
105.94302126683662
107.6394207238234
108.34478529271047
108.23016628188361
111.57584381206085
112.92804312324324
116.51755181552667
118.6729489702429
121.41866834863222
123.8632156747625
126.85975958094191
129.38664317961263
132.67654281237367
134.73097585763762
136.10094129136084
137.45612726832343
139.95494855744698
142.47825633395658
145.59756152818878
147.59739400405246
150.88754486720998
153.98872767375903
157.0105322285896
161.1177185787119
164.00344697232737
167.3361292462885
168.5071543718023
169.3095676563758
170.99746931622087
172.01461585289962
172.22917076058923
176.10515494404814
176.5161985379027
180.6873511394112
183.53108779681185
187.867296876522
190.15075471292857
190.10270789408895
190.5808521662724
191.53250040561466
191.42917242388606
191.75700066691212
192.00618252268208
192.41588283640212
192.1671775617906
193.22713851648604
194.98831532017843
196.05480801380688
196.1370138744181
197.64780549455537
198.91778198194007
198.87093054833113
198.3120278565689
196.8058641978099
195.73394038490758
195.84287444553786
194.71323635374964
194.22415587238945
193.33300968136666
193.04792421063314
191.3192488456581
190.59160276449742
190.72683187135408
190.44037009863118
191.34507813991036
194.18703235759017
194.09079282740325
195.29495395339768
199.1995653895055
200.09970342704432
200.33852513642995
202.8194536688706
205.18237971410716
205.56007240728954
206.32368908190705
205.578809861119
205.79781618400082
204.88671357325725
204.10965332086508
204.53189381033366
203.6915795364005
203.34334125093994
204.73293552426375
204.91613101895456
203.96513330726597
203.6599828929223
204.61659643297943
204.7533154122149
203.8566040210788
203.72450635594933
203.05657897755097
202.29926363141044
201.38075353069553
201.74034678297187
202.56954223396863
200.52140466957775
201.15304376571356
200.231371398927
200.3951627971118
199.71089477889856
199.83577395709315
199.31415777007305
198.50899605027865
197.0260830251092
196.26714066542638
194.99600491507977
194.10942584119215
194.29378203553907
192.08668424927535
191.78492514231203
191.4141176141741
191.86485885358567
191.45448889021674
191.52659878139698
191.57941785373995
190.87490292777136
190.32750778218502
190.65947704696967
189.33267710616354
188.52059971738205
189.59079057598646
188.41284185714346
189.01023095895886
188.5634180777451
188.389115209763
186.81949490284808
187.56329597912156
186.7167829960503
186.47400868042837
186.12720545708567
185.6334916625017
185.58982525041796
183.4969634086106
183.9869647446262
184.31295246089
183.7225105694842
184.24160977828276
185.26309713498082
185.82822209244893
186.39306064920086
185.88728466378032
187.3160181185264
186.85246076466845
188.3485465924548
189.26542229074957
188.71791167856478
190.18683728909232
189.0726946944504
188.39087413460086
189.8145756410253
188.86898866760967
188.92496549100892
188.20397784169836
188.63348092599932
188.58947827080962
188.75205064407714
187.97092937862038
187.3104985594812
187.02517998245602
187.6630588270779
188.9952432704797
189.39006124627656
192.5217533405381
194.96419937766692
195.76665376861453
198.29141609359914
201.53141172058156
204.6797728434762
205.19146325135054
204.532867440696
205.69159157234583
205.56001527522804
205.80796463403928
206.2738965520571
205.52969996934843
205.5358421814942
205.64734964981577
206.89472873902764
207.3675180457031
207.51148086399328
208.5037848565715
208.89667241077754
210.04625264271945
209.17284141437517
208.013098340803
208.4772660303961
205.43327095391487
205.52424693426974
204.1914263561208
202.83309670756978
202.76476166589293
201.8558676267988
201.8534174138772
201.37516041326612
201.52861142812563
199.62953713322904
198.45652004958404
196.8683308417548
194.3320890741695
191.66584224655196
188.73562221664343
185.9305361978793
184.06477646063675
182.16202921519525
179.30085835661666
177.10649688558254
177.2542753198729
174.39542439014133
171.8825450648074
168.91994985813
166.5908129934817
164.53408216262997
162.15358137798654
