24
1
d
104.53731474049698
104.79859629720397
104.90363384167965
104.71343997388942
104.96239453488487
105.97742702708736
105.68020105101897
99.00328142503417
92.97753586952668
81.29049267594255
72.79372203910631
64.80754631684097
54.87170063626695
45.26902081248274
31.73406800452038
22.46770607307353
15.436968127431763
13.785549696294296
14.07947656327802
15.163639654618173
17.317670141945896
20.67709121890605
23.913142544539394
26.964466895884623
26.311757748778394
26.006972708217365
26.01467191384714
25.293519904017057
25.03146230110992
25.229495265301107
24.424935752390073
26.24512617814096
29.67053627182626
31.988649488012097
33.99349472975474
36.85734517112901
39.42022271181621
41.35828476955522
45.38126115650355
47.361730075766694
50.638702960135326
52.07434769599927
51.93531092623063
49.84158732801034
48.56540944306813
46.090565579488725
46.32464186641363
44.06637335118366
42.385082455225465
39.57791526255792
36.0070526647952
32.979159001250345
30.679583135653225
29.057214756461626
30.272603768777067
37.54897439717
47.46202423118281
62.92965427441024
72.78809387610643
87.15329120277333
105.54622328345454
119.83102707406935
138.47404623293374
140.2054189444277
141.42617517919913
141.0486743380877
142.67659632903178
141.7960841681752
143.97692895611706
143.32048467489443
143.46038313032435
144.3757014589562
146.1565979460417
146.12132630007895
148.36546539696425
150.25966457866522
152.97750083369775
153.4931947602624
155.8715274831522
157.4359155044902
162.46290971456645
167.57151905890532
172.24144965154514
177.6182010335547
183.38803040618646
188.44484148084456
196.98872562085862
202.94020742423749
208.25757250407884
209.42471625161096
209.34080280854695
208.5426909283726
206.41398758002194
204.68146431074257
202.7169332180307
200.80109391652326
201.34369124286155
200.5857624535549
200.35200976879386
198.01115236707008
198.44624821434437
198.46571772805333
198.83969069120718
200.26419376441982
204.46069006487318
208.07066864106392
209.88560637849443
215.00316464291512
217.2253690387654
221.43362840020288
226.33150577184426
231.4153553454281
234.72774407347453
235.57466351000042
235.1238806576687
231.62769579787016
228.96751725794547
223.38490737276683
218.19810622343616
214.29806611457914
210.94786928346005
206.32279521930084
200.75314387998282
196.65166711191125
193.4776439876638
192.70376280642446
191.53629792716296
196.2616465418995
201.03513942078246
209.94342591299764
214.32285492419746
220.37208853756837
229.71693107959254
236.14451465673568
244.0129145573001
243.80927674798664
244.49197294062938
243.92855654761706
245.24907839933118
244.17261471390842
244.21516279761587
244.86472134756428
244.59348779910349
244.92469314148624
244.76452030120635
244.39632477217035
244.55253538667
245.1618117996743
245.28592016716254
245.80331754842376
246.56446517168203
248.29406036302817
250.5082359777627
258.27613048569316
263.83396594306424
271.56455050517957
280.17461115765246
285.0599282861223
291.8523064612082
297.30972099591133
298.7774806667908
299.48635127432766
300.55501287058684
300.9685781012832
302.0448549277615
302.4388552208941
303.7294601227026
304.6923309301149
306.5142462118528
308.07027596638824
309.6192761415508
311.6210096058748
313.5665729679752
314.8595534742063
316.40933994657127
318.9001042204821
322.8028987931625
326.91843165706416
330.78279674527766
335.273855231464
338.9566065285794
344.5601142820249
351.8432824372885
358.64227154221464
361.7291308632954
362.7866488450191
362.7875383704418
360.8191431724708
359.9897582912223
356.927896729301
354.33456502600706
351.5988390891199
350.52511023998653
349.5641799470611
348.8528757400638
348.67771510274537
347.7742060176701
347.7851455866917
347.4597122325931
348.30773733289897
347.4204031057071
348.0246978035206
348.0633509352854
347.8197521237362
348.42451431020817
349.8012412029565
349.58917852299953
350.0925692269553
351.84379900329486
351.0285736904247
351.046641206079
348.2391981173335
345.7973000292225
341.69279294989286
338.3742805849226
333.8352860417796
332.7300852161487
331.4771484366252
329.5958071221632
329.03144012140854
326.28094743619744
324.93489700732334
322.056934495291
316.8187415235806
309.2747783760095
296.37616553720466
287.71979788183046
273.52883160405827
257.84673607020227
244.61418427773427
227.9521836455782
222.4656983974522
220.03850353217658
218.66749957105108
217.8077865756134
216.85468558294014
216.51525043365854
215.1928238901354
215.41453520935835
214.05610938065408
211.47273803256007
206.59382308810285
202.81047860858706
197.71238997416262
195.81551677372718
194.5591293851954
195.04490575571623
196.5459015386024
198.81832788677877
202.58339125755882
205.58950259424196
207.54040203124475
210.19639492858786
210.82978131485655
214.7337167213372
218.15637460242112
218.5737157133422
219.94734514767254
219.68431048869792
216.5184825628755
213.4452581307756
209.1770399799393
205.05693134470872
200.8961749904362
196.89816771334657
194.80064373545693
189.15994237364433
186.86014286390022
185.5386135772387
184.62802035931702
184.6371763729995
183.71396876580488
183.07172211392867
182.49041828797166
181.0846071467009
181.25850056081234
180.01857766335544
179.0549211003423
179.851185669213
178.53328803244594
178.11754017198234
176.69665098311492
174.40205437037915
171.55971031765776
167.61628779201013
157.16029238156918
148.5703683494635
136.99506975728937
