7
11
b
141.14189937821058
140.90471244788276
141.04235854291912
141.07799665183478
142.0473467904882
141.11207745933135
141.05348911408478
138.12695683049438
134.60367767864258
130.67571966738535
126.10453684227464
123.36699653403525
117.28617562325736
113.00460043200215
108.87368562910748
105.20769665608327
103.59052365622071
102.40258122295035
102.49114620278574
100.96765227663776
100.43710193239927
99.89665459595648
99.43246477919638
97.68303633707173
96.28888692618486
95.5499211106852
93.58520421963809
91.51232010770549
90.66136949120221
90.32311651087583
89.15892238728266
88.2954212661994
87.85080340827216
86.8903677391924
85.23748695731506
84.09938931749659
81.87142009619751
80.16210935332205
77.98166338945579
75.26063727938165
74.58616627099595
73.53828669048518
74.03146569810283
75.03519297076888
74.9199917904066
75.88977461490938
77.57581834452995
77.97259768410288
78.33405381699392
79.02159578916063
78.10748842888395
79.57862372515683
80.04245405476564
80.28549974636664
81.27064510230589
80.9608776213028
81.22631565780023
81.93500063287152
83.66936599118175
83.81996552713119
84.92207432959982
84.49887885295944
85.65041650419106
86.11306338368182
86.0506982453094
87.7666642579762
88.48659982190826
89.63508285147235
90.6198694350617
91.26702323956823
93.26566207527583
95.40148888774262
96.54839727086016
97.74196872189489
98.60961937812473
99.58942279631509
101.47358057691575
102.12301850486926
102.94540216335123
104.86439553527163
107.27509853313441
110.74465815583902
112.12635970262684
116.11305561189184
117.12109691117244
119.57970303902172
122.194473749764
125.32238048915382
127.97262222313464
129.5580826375726
130.34271652048568
132.8289729512148
134.4786138749006
137.1052752471287
139.23573125671336
142.0400640304363
146.24958249880117
149.04364924858103
153.12452510867573
155.38908905120047
158.5559095235006
159.08261311774083
160.95398864218697
162.02907743972895
163.8019553603085
164.68346621493265
166.21939052044291
168.66630246808913
171.2720736371715
174.77361481076895
177.7258328665629
179.3071650449664
180.5833396611944
180.86955770024903
180.48330140890147
181.63568711856232
181.65852819248013
182.06081736296534
181.9714475868175
182.2336628181899
183.1028099666944
184.74093019366876
186.11414519961923
187.4524568062446
187.83913818493818
187.64898855982588
188.08825471553357
188.6114538448627
186.69663382037282
185.5986125284251
185.02320685711405
184.3064697457782
183.4417597235594
183.24827394265728
183.48251271629516
181.4264642083376
180.20363059523785
180.27519793870448
181.08934179892938
182.93983547408905
183.69890023949657
185.33010461454927
186.39356875821298
188.47712998460753
189.79731423325495
190.95888670714032
192.71770250777658
195.5545703175682
196.05257962236826
195.0110075008006
195.72119958144333
195.01479504190917
195.54258185624505
193.73905257583522
193.36250954396218
193.40502307192753
193.16045808605423
192.6374784681836
193.40822939494754
194.14229994579313
193.60967399450408
193.51655832450967
194.05912612991511
193.0912364667743
192.77365906390617
193.21231398915072
192.0776272450507
191.62739519415274
191.25218424738893
190.73933228287976
190.40699411755924
190.36065366573553
190.23333879512543
190.28078788839562
189.1819715391591
189.31328268018675
188.7935623144546
188.09161666721525
187.6144161129635
185.88933489410223
186.2801975647148
184.7942294290314
183.7187659026721
181.96324494414245
182.85354092769285
182.7409070058694
181.3397037186856
181.68020006725035
180.98379193202172
180.77550633441126
180.58316723896596
180.34748702080915
179.79592482324122
179.5198305797466
180.30626150059393
178.6287254616123
179.73879028841927
178.04013286066322
178.4973886762872
177.36275230457085
178.20273242663885
177.35364853740472
176.78682082130754
178.04798738124313
176.66593801252478
176.43422662326046
176.09784572374807
174.1638015164405
174.63968853682692
174.3472361577251
174.5065626811124
173.76713672860507
174.9125065902539
175.07096300581355
176.38430457502383
177.3015831439082
176.60252589727278
178.37792909096552
178.47084989862358
179.07263149469088
179.92266673209778
180.19114741761058
179.43065496790067
178.5950292698317
179.52680355855043
178.6614988856836
178.76196784296337
178.5227577779577
179.423972439516
178.92139708784077
177.76660497080852
178.27093248705796
177.3505243739695
176.4525785291382
176.7476100202258
179.1318189651472
180.4147839571263
181.8131656941027
184.47789061534542
186.45222731385167
189.1182687423703
190.57066641184238
192.85766368294185
195.05306310674
193.72108549186876
195.11310177105108
194.63540797845351
195.57531700418534
195.89119313268668
193.91435975055026
196.28307216372983
194.1036951681444
195.89253928150748
195.998664267051
197.02609876553888
197.29813383750417
197.59566468248482
198.2238632115313
198.40218095422912
197.42650541386573
196.54566190852648
196.35815766616778
193.8066142988175
193.39878933468833
192.42469708450398
193.41301554507936
191.40539355356483
191.29397420951767
190.19878700897937
189.7896927678224
190.98547668309268
188.0044852825973
186.42077751138302
183.72700039873237
181.8940980998649
178.34246098320756
175.2567391598521
174.04578204643977
171.549356484039
169.23507317179858
168.94826561252765
167.21781036040994
165.49382012559118
164.10110570896904
161.68294156567276
158.3983676405492
156.49764100083615
153.3232041974429
