23
10
e
78.69515590337338
78.55780674263437
78.18454163744755
78.90927349852205
78.15297993206642
78.6673181974025
78.23728052319123
74.98928813807139
71.1864432087326
64.75719047504009
61.38243560947988
55.19599516288353
46.33263885236486
39.02825153582938
32.117049292114736
31.561611469706392
31.306899537121545
32.12497879816644
31.61700741590166
31.30445309152246
31.31725105509375
30.721067297879987
30.700352589049686
30.618223010379666
29.2344321344804
29.902657054067483
28.749909947762973
27.443537033410177
25.962095111096826
26.927153547285776
26.602673500790864
26.575171533400013
26.490567718880207
26.522262773424114
27.374648654714584
28.451161281800037
27.97001024009927
28.258801910393053
26.957884088135508
29.488711643538718
29.61014665076181
30.035548102433992
29.91937605508238
27.402114712274027
26.888138753180783
23.342171202461625
21.60637467934748
17.880663484759044
16.594728328367157
13.594240398436105
9.921317895443783
7.779101119125338
5.839255206826253
6.003553571649798
5.297884031856657
7.276040350886967
10.392486631546001
14.417619477923843
17.104686932722853
21.237417470626546
23.402031253651742
26.33018183953312
29.049153664463073
31.990083580233243
34.352384695038246
34.34650276099935
35.22653569087667
33.959192149204405
33.77938287169683
32.18094477015136
29.883719544114307
29.3580510589955
29.130800172311723
29.00085200190603
27.528256772700512
27.418236175020755
26.599258076734102
25.953946762019104
27.18498304857621
27.19229743124847
29.046052470392294
29.03971254161317
30.013600534023702
31.243578326025577
31.512006384064318
32.46849273960721
32.80991529189768
33.073515226092745
34.226236562589115
34.20558857063494
35.06900420725033
35.1185688314745
37.2097980358383
38.53849620340413
41.44625765402587
42.94981792365833
46.186999240203306
47.46216172251923
51.137723546846004
52.815557054129634
54.740592034685505
56.00047568858404
55.574733204411984
54.59655810403348
54.237612082613936
50.739548262482174
50.07610676603652
48.55753409749137
47.46451275026395
46.488337012400685
44.916955920828656
43.87221949010027
43.37586013029726
43.29142562047947
43.22125890689337
42.31186910487965
44.489805499570295
44.77460269512208
46.181316186393836
46.722642315781705
46.29972341894435
46.96345855347064
46.32047701020464
46.03490577966488
46.129938400707225
47.49031722729471
47.33440806032743
48.324752635306695
48.89305625677565
54.039272412724216
57.86433297642853
62.06516682160437
66.40043539332518
69.08189291929114
73.6500886156468
76.44799170117918
77.95338936684509
77.35079905969286
79.05067454649243
80.69573306820517
80.40316949820554
81.75403771324822
82.3382765979809
82.19107762720824
83.30851868005587
84.04129201062648
83.57600070529848
86.14517851443148
85.65681336438362
86.77549566195727
87.95896823352349
91.74663932897714
96.18125322372784
105.03377087596915
113.44887489674142
121.67746219079486
130.99785807245328
138.95904592170962
151.55281242138452
161.82959638918464
168.66844963989388
171.03127295960152
171.13213766731766
166.43510839154254
158.9674183525475
149.24592952434165
142.86845483317737
134.41686525218688
124.17559934877005
114.85979782553346
109.2474115068725
110.11238617999373
110.57593151378437
111.24299955277617
112.11627976023453
112.2200566267473
111.68149620216859
111.5435077611114
111.78049410827487
111.8168620426182
111.41118884172688
110.69532843065028
109.63569719466447
107.66732493262157
107.16507786605547
106.04571646411345
106.99602229648808
109.40984709909704
112.38830288421637
118.13158639678132
123.07555200961077
128.26414338969482
131.1361258045365
135.72076195321225
140.0792085840362
142.76077400831434
146.0281677200877
147.72194750382218
148.03838491272097
150.76747732538888
153.38477389043032
155.17529343087855
157.87227271566306
159.9732549811267
164.4833734067205
169.23791646418448
175.8096397697165
182.4911618316626
185.84296802031366
186.99801907579837
186.6540359774405
182.52132163876323
174.3627970520552
163.46002577402766
155.06985418091534
146.99250761968065
139.9841577551313
132.5660892119702
124.19824384823968
118.43976502750128
112.59640057540506
112.0377195849376
110.46864574593955
108.32754843620792
105.5643735563631
103.54421751146188
101.62395375504198
97.70095141022782
93.17176056188403
89.49110950910634
81.96958038984263
76.83438457763552
73.42011752361493
73.16095229234148
72.29449077793998
72.32162622072113
75.46128817966058
77.55860924524555
78.44637635154042
80.72382115353341
81.86918388737342
81.58845501208275
82.33699499698058
83.4366495951506
84.9587622152334
84.67350526242977
85.2052488022507
83.84700078565396
82.30314365532185
78.92611174324784
76.84755197574447
74.42288470784563
72.34329562437867
69.60152417214337
67.71109087052777
65.54235560084668
64.66139520472596
64.0162324413194
63.59906097367545
62.52174052282857
62.737515874056605
61.715178942465585
60.981868204106306
60.49201503652321
58.997067012931836
58.490404618624616
54.67727183627544
52.642731768432334
52.81303737584613
50.92950456193701
51.51989370709367
52.99805529597477
55.724696245238654
59.89147654943662
61.567705947087205
64.04402542871885
67.11877194179901
69.30915639773384
73.62507381298425
73.81242302948748
73.22402920427702
72.90988137013899
73.35433483406197
72.86528306582447
73.690513186946
74.38869147827832
74.35512940392597
74.05743409789763
