25
11
d
58.74457229603613
58.67412767421806
58.59561733651827
57.98952658217429
57.83138800864256
58.04117325215975
58.887204010206226
56.46031891677416
51.541604586612856
46.41861611003511
44.11457058943086
39.65404154223404
32.73228824663416
28.29792148930281
21.750084126700045
20.15688402986191
20.141462728103022
20.05848967136878
19.442411143989993
19.281079179427476
18.903051190858132
18.6629202816056
18.587175489028684
18.974852610579667
18.13550038202161
17.449648224373547
15.635067318555643
15.011593307854534
13.44880826127195
14.054228065885
13.356680189765457
13.602843541934957
14.712151393118306
15.410056799387032
16.05369981321256
16.66659862476135
16.7059349340539
17.935454541595075
18.324790193519934
18.35491535022879
18.389186551362577
18.89222010318191
18.70497504727144
19.232775954334706
20.435858391838575
21.914356561849242
22.612593304295885
24.32629717420897
26.00018375116144
26.48445339188639
27.217034107261718
27.310097934619606
28.420930504003124
29.80084319993436
30.1544366379265
32.26505537961853
34.13541607803165
38.33788329315712
41.182902262784
44.651820368060726
49.742010211275364
53.08774995088662
57.885576636935504
61.09402320884727
62.509668903530674
62.46815909561805
63.339004178989256
64.29299436725147
64.45734544314598
63.85092588699907
64.74412932638087
64.84616156201193
67.03580369047384
67.76746047842913
68.11436302396861
68.8228332954592
70.07947864585047
70.97427031953093
71.44369238402906
73.74387579695271
75.94942290276195
80.88762050211562
82.68537218169566
85.85322817995109
93.20684221359281
98.01582040060637
104.03850061773653
103.93087610241801
102.94607787952062
103.17473038548574
103.00152351143133
103.74885502296652
103.42371414902324
103.31542919085388
102.70063939685551
102.95137924430789
103.59705919837057
103.86875146493234
103.86687722101574
104.41497816479232
104.44868337419338
104.98031723444936
104.30169312500192
105.92463141006888
106.56513780644956
109.09775155101849
109.43559173883267
112.90244217046977
114.14386157600865
116.25627123479627
119.36588482597055
120.37923650082152
122.30323548692125
123.58865098361247
123.3000987587853
121.9516833457161
121.11366665769029
119.9855567103979
119.57231146946751
117.75055091179453
117.8066220279542
117.36109393315452
117.58955804531954
116.63849632492565
116.36159080586796
116.72072478279483
116.25050664485023
113.99387205268958
114.20816510013137
114.2526287712126
113.9737869083459
112.61340210062184
111.17476242765663
109.35766781418371
107.89335146753633
107.443381884672
106.1551304694644
105.61326415616034
105.47608701807427
106.63252326925411
110.11818002886538
113.59960409691178
115.12570463699802
116.82168863469194
120.29530274139081
120.90530049264301
122.53359338027339
124.92569512320748
126.55035858036135
127.42160307549561
127.87262238434889
130.03559159674444
134.7188407640477
138.7466114703403
140.9356355572991
144.60275602603002
148.69452168808672
152.83690361407324
158.68824823232907
164.57909587346776
167.23516483339804
167.12276844015219
167.38764528167945
166.18437328317034
164.4617801363487
162.66473248623794
160.24601312415004
159.1116667819802
159.8005736261855
157.5465608950845
158.13444533477778
157.62941764779436
156.75779352285323
156.32406272029897
156.22596178642797
156.56028668500718
156.93924337436013
158.18654279378438
159.38654598327648
160.132012082744
159.44828083681418
160.58004495125562
160.72426633304414
162.56001901598736
162.6971181092533
162.61209014400708
162.89602304100697
161.4054186816478
160.19671518087242
160.5272253446708
159.82617111386605
159.44821681450068
158.419850349942
157.47211508677572
156.53644537515615
155.5445069869486
154.3513232983315
153.29079225259613
154.35983462262078
155.7933883380976
160.80421526410095
164.7826524525605
168.99291880066227
171.30116829163185
176.6872669856593
181.55578446337978
187.77668616610455
194.41470514398202
197.10152224179762
200.0615644132101
199.20584452908517
193.15330765554825
185.65036442298606
172.05330736195518
163.997703702756
153.95005674131602
136.20942611541707
122.73248367718529
112.2036969180925
113.76127034983949
114.86745298938773
116.02226397275435
117.44791255962875
117.84625868014247
117.10455041889892
116.91993319702242
117.334356104408
117.68095699721202
117.39362298119245
116.89253686025565
118.11556856378922
117.08457556366011
116.26511997945828
116.92517238431032
116.60749734170895
115.12891488220022
114.56073653508975
113.41542724844723
111.1657623678074
108.47209465537823
106.39928619285332
104.18622806654787
100.9490995812427
99.95033899447515
99.73802460219876
100.07824620303944
99.27509436139488
98.65682712685192
99.64483063161194
98.6817154243788
100.14109545860538
99.64670321419737
99.15357632872481
99.57077605200948
98.59148554638824
99.59126177316972
97.17942044527145
97.42868891251713
97.70590255519971
97.42877715727519
95.51465652515107
94.21872700417471
91.24804925839568
90.10059471620933
88.6668143116241
87.11061563595406
84.56262771023721
83.31476758600033
82.01032551053353
82.23663479868064
80.86527591167405
79.30287476588464
77.69153866310573
77.72931947078142
76.9896341750158
75.25889855721796
73.45535220727612
71.22502654498186
69.81481695103378
68.57666838209002
67.37721600931827
65.80216046448385
65.41894268512019
64.88742955151244
64.91216272086119
63.19968835120951
62.217397311101635
62.50485912756245
