22
20
a
255.78872771507818
255.1783402689324
256.2774058088382
257.42042970145155
255.29428828773405
257.31507293141476
256.29303176396746
251.57933368643842
245.56391260242896
237.31855658033487
231.82176486732578
223.13004106281798
213.35343969251335
205.93419453544368
195.38215182908695
191.1514703995814
188.25100055204024
187.59903662573467
186.50591894538397
185.22925250309498
183.99673963236384
181.76783824090572
180.43468433500436
179.7538929938409
176.72217015969974
174.20460875223256
170.12631037270165
168.18495734276672
165.16951427390174
163.9434945159728
163.50661612577562
161.55243962492392
159.23561070240194
157.13544720314283
155.61748226931863
152.89793340275295
150.1267940596647
146.3883651570299
142.03846458589314
135.88327182174697
135.03871253678147
134.84646835988417
134.33481010991935
135.26684683105103
137.48519945201724
139.39740479358366
140.86676356634212
143.0882268199138
143.84421417818137
144.4707331674775
144.98813549574854
145.22823229424526
146.117292143447
145.25610297740323
146.83731871822974
147.8667928723095
148.34560658838396
150.21707738378956
151.27674686311508
152.70083662669927
154.41236245884434
156.7041290857328
156.75870431245173
157.63862429351173
158.83054923917453
158.48865534564231
159.90343582272547
162.0695745522314
163.70387578354342
167.25559627920543
170.10416705608802
173.56530347905155
176.0437869734261
177.80384663248387
180.9848015000574
182.04460272498136
183.86427266649537
185.971795681725
187.75243813843954
191.83028478298766
194.2984267179258
199.62973050093711
204.95948457895884
209.86824368786645
215.29460498461705
219.0526430941353
224.0621086693126
228.6443192249106
233.163429431627
236.13069942863802
237.50917116341836
241.14075454151748
245.2831864889846
249.9627487325849
254.58252380034688
259.2066389106946
266.77299235371504
271.0723123116902
279.1915786900532
284.58310025168754
289.7187459655613
290.62418225896926
291.3667621333009
295.67604254416153
296.68078978157195
300.8105633679646
303.05335052087935
306.13853146216206
312.9702686991778
318.17137681700086
325.0665036515875
327.4381687456618
328.77336525013516
329.75362912798204
329.82030904731886
331.2486245307622
331.73660475258254
331.1850934395064
332.25670953246913
332.64241445449386
333.7695609581321
336.01909700578875
338.03819904029945
340.66968089578114
341.87430357773286
342.09416435402295
341.87406159578
341.2629950024791
341.32665971172395
337.70628213199933
337.67737060488804
335.8429169210321
335.29311986058156
333.70776018460793
332.9936842577049
330.0951684148093
329.95379348047663
329.82147524171506
329.6750934552654
331.1337116406426
332.9452386527874
337.2197765269946
339.74281026676937
342.8612079367126
345.37661113755075
347.37596356751607
350.37333778223166
353.74573556022364
354.90512989634533
355.7633912230674
356.2329347941437
356.45010383817294
354.92600698567924
354.37526022460474
353.14529837762177
352.02286184578594
351.95137703316334
351.74610888912986
351.69261844189907
353.6311812784925
353.08508076671916
352.54925148011023
353.1295183964976
352.4408647084096
351.300950169708
351.1785000899696
350.32124434775085
349.9118768709085
348.83116448632455
347.3435539995641
347.1214250448045
347.12501245176924
346.7682447944237
345.40510304664525
346.23135621689073
344.1968736665499
343.3390288792725
341.37471050227873
340.741363876738
339.91107510036403
337.33262826980416
336.1028081126553
333.6063871181321
332.4200196248995
331.75619478477523
331.69523643360304
331.20266164575975
330.80119415947735
329.6924276368357
330.7053073812137
329.35959204008833
329.03322240225816
328.754661384845
327.21847491256085
326.94179287478323
325.6500898819126
325.8976186037569
324.76825245651133
325.09745617316855
324.99223904158
324.0643523424445
323.6645497252662
323.23950313002956
322.76439470352403
321.7417729045716
320.3185747407742
319.39556943306263
318.41674869562996
317.5330067611061
316.77258730865105
317.633915767642
317.844829965509
319.1846590790672
319.64974122058226
321.79991247948925
322.4055178813233
323.3193608719991
324.0621382855518
326.38547308555513
325.67964153926465
327.0886002443781
326.31582630987367
327.674483071532
327.05415298404796
326.03501056345505
326.3870973666599
325.30859586261283
326.1608323116839
325.9618990438229
325.5807080242007
325.34017388407887
324.23303024836645
322.9938708167934
322.78745230288996
323.73130394382036
324.6599284462505
327.2986758217233
332.14023866155526
336.66731233564656
338.7296815466252
344.15601151215014
348.1024573117488
353.11284421082996
353.8407047343496
355.47637923397417
355.53746298328343
354.9558012697401
354.7808202973486
355.72810325171724
355.39074294665375
355.79963398220616
356.9535343781287
358.08109395064974
356.91606693412155
359.0697816855773
360.37150862564647
361.60635244331246
361.4912186381384
361.652276645364
359.75622331023607
358.4508873423026
355.9639771618084
354.0839809549013
352.3798190139708
350.81675213455304
349.9731871608026
350.5385924235082
349.0651323415418
347.9547435220874
347.47311954098274
346.48747387470485
343.48101649779426
339.63597946041455
334.5322186975863
330.90732950654797
325.47679086529143
322.0396297622797
317.505259232019
314.02684358015193
310.2727761980568
307.14460926444485
303.65872344832104
302.4664370520144
297.894363987437
294.25752794809745
288.1422079058947
284.04051166270443
279.34991941717357
