18
21
e
55.54572043825302
55.29350932692232
55.64276958590078
54.858932343331375
55.50974779185302
55.21034812056902
55.369776962164
55.776470660078466
53.89317490037584
53.43102165237471
52.98669227798827
51.53932508421407
51.1192508476111
50.8272376402479
49.34603031749778
47.57329426886687
47.61486334708878
47.0288108349581
46.77754732922982
48.02363757314384
48.770241687368625
49.581437733349375
51.56286544629924
52.337408519410566
51.66688302396862
53.747794480227455
55.90758492749066
57.04978450772523
58.37861790503511
59.23393824372765
58.252928677579035
56.24249909972725
53.08738510289121
47.31403644008163
45.04020578191631
40.260871827756695
36.031956547259924
31.38709524983507
26.70721118379356
22.06368439376173
18.57585057815234
17.554953903909595
18.01538869583969
19.140467162074106
22.378592096602798
24.948204294066702
26.93306521475063
30.443265807945465
30.533215653681335
31.350007575589466
32.13063735829921
31.829754214100905
33.15970746651202
34.0789140075741
35.47296377162357
38.2996864057651
40.94095759691045
53.63425996530701
61.97839455285653
73.31257570152552
82.3608786368839
91.0003002667137
103.99981800647453
113.29045193034928
120.90516654102619
122.386486568562
122.65507302103002
121.42426015903035
118.60516616541175
115.8221464134171
112.70004359424671
109.90421796292577
109.95531482716167
109.39521539530459
107.93596754151997
106.13911389496106
105.97092949768509
105.09075899459518
104.5190969121028
107.84736128349016
113.7085215408332
122.50927068549761
128.33002881278688
133.94250831226304
140.69580085651765
145.16261548505568
150.77302217044166
155.78978900326672
160.84644697170936
162.48073708503549
163.12010153195862
167.5306213921393
170.52873085326567
173.5176738476799
175.4445451007251
178.8683121858259
186.44476507077536
191.77223295880992
200.3062356748
207.74155098746803
213.53526103857632
214.20174829250945
215.567914233987
209.36868643032616
201.3264145797423
189.49771621068317
180.72320216619082
171.0329014758102
162.9926286479719
154.44012827317647
143.3755958258757
133.10738873445362
125.93388007087842
123.39351524755625
124.25482530527037
128.81463123914685
136.98481255468317
149.25980470566006
158.55458150984336
167.65354293189782
174.7360938014712
181.88271767243202
190.73405458699864
198.74945449533584
203.15663569950675
204.75018319397452
204.8279835269336
203.44312183295574
201.76733152344863
199.66610902634184
197.32386557123633
195.18433901354433
195.352222310473
195.63498098591734
195.63320643845523
197.0541642618561
196.19877343352283
195.35465455739657
195.6700550537219
195.66388925496696
194.26737582338936
192.76982041059696
190.77050847325313
189.31156590561778
187.68254926256859
184.6842811857022
180.79635593966495
178.06930438215034
175.6949405044886
172.93303404866734
173.01018091994007
179.5509431505265
187.96687675630156
200.57756325820026
209.1019752888277
219.9447958314529
229.08518231069783
239.14242580884627
255.00371364734275
265.40692778703243
275.0699751504692
277.8330424797362
277.28145278273314
270.0744874233146
258.48497177084056
241.69878684003731
230.6730554530813
217.144043417719
206.71609358560536
195.9758779199969
181.96281055392438
170.85432368111154
162.52959688196773
161.09592763912113
161.50905920378494
163.64922508252621
168.5069926777461
175.76735920848384
180.49895785728765
185.93001070377275
188.5071775268386
190.64088702475425
194.61104008995164
196.83363433280977
198.90396312420708
199.96764312714618
201.15980152990585
197.52590996913173
195.99754286775473
192.79342877872767
188.94897550074126
186.4412265616369
182.8230933659438
178.21396327986625
172.52744779661106
166.64908809996336
162.26450789807606
161.06426728807367
160.04083068178585
171.38892933123262
186.9181409548274
208.94152932335533
225.65440429868576
244.1512568201806
262.46237718621444
280.962948942441
306.82933522701194
328.24557305583744
344.15013771948986
348.6406361267998
347.81657331151854
334.38009658334386
315.2999952144565
286.711961786031
265.2187361635263
240.57555943642075
222.85445844326028
204.41427310938892
175.30583858410773
154.63534248896113
138.27028139701892
133.4102962416326
132.1029994072855
145.4186116233203
164.41592897761694
191.91572833269845
211.99545044385457
234.52818165601417
251.58503397908646
268.440602174324
293.70553322822883
312.3729144071798
328.50026760896077
331.1696906217322
330.73869659555703
321.8733437155566
305.2407480632389
282.37743226355195
266.04488392617753
246.75164738958824
232.26115802723282
222.20817769402314
208.66681482746114
197.64414771347882
188.78391695269156
186.03372980348718
183.41010012468664
178.34755454710503
173.68011379353018
168.40191104053144
163.85209894191394
159.08885482514137
148.78807676918157
139.73416868302547
125.7960438657892
114.53167627253048
107.0993276046431
105.49563721158854
104.401524104753
109.54432440944386
115.68345472104117
127.33388374466944
134.69308152655026
142.88465788951038
149.40526949924072
154.02449904061
162.8484498497927
170.19768434999082
175.26950962550578
175.50683393140648
175.81437957984113
172.04654216904157
166.73935118493776
158.5791757021073
153.1035178325496
145.9612299319607
142.66696055002188
139.2365147862843
137.3933745515257
134.33371168951254
131.28673645894213
127.95457432297009
126.71178495364234
120.05591172147857
114.4641230765061
106.33901906708704
99.20505598958503
91.66606007081805
