# format: from_node, to_node, traffic_class, traffic - demand values in each iteration
26
20
a
101.35881558057255
80.68020459752657
63.79561907141703
50.293870424951635
53.12360609002335
54.671439464775275
55.90677417263446
57.10928505510175
56.410925819199925
57.12528110256164
56.52292074919165
56.43249849876543
56.12145682221577
55.01877704052793
55.3393584816625
54.0445007127298
52.78567500766797
51.84621614070829
51.490187234466916
51.20083453247099
51.63196417682794
52.39073938112509
55.354317390386015
56.11133608487807
57.13293724154729
57.86032651555161
59.427711364201784
61.678003615190356
62.7738832995152
64.01312090468232
63.72992844453252
64.98511285720697
62.291184962463134
58.46638368906787
52.576987408295004
48.128979672577564
44.38305058846163
38.47693792746746
35.30098405105868
29.22012283061462
24.620251712772014
20.4743225158337
19.316461557264773
19.857469671365198
20.761774283121557
24.336549796947143
27.13942158069716
29.30604309526045
33.79984458756545
34.183956168553465
34.79809380976885
34.4988811250022
35.333744423493194
35.955179175616415
37.11621239787633
38.91959829837053
42.896710185508354
46.0492782653058
58.683344420908405
68.55349245327417
80.19499703062588
90.92015906396456
100.1404964100593
113.71981640652093
123.90410227420064
132.60479951566688
135.12862805545515
134.64932329281473
133.97116996064693
130.07537987757507
127.01160192049153
123.61374363672327
120.25491427625958
120.28514330202637
120.17754412263446
118.4802980202907
116.40550043250019
116.22004439636291
115.07797016084128
115.25673653737047
118.05270291841587
124.43101774253603
134.82556415038684
139.94308043382495
147.10611778122197
154.42091590482605
158.6568955121205
166.32557223923368
170.75280308846578
177.16975698473016
178.34040100710277
180.51527956952407
183.7474168065266
187.1177038370532
189.2766442575245
194.24982817608213
197.99839583852554
203.2535101164122
210.8226883677005
220.00718993608663
228.38945428876326
234.68032230553644
236.35507398985365
235.30527662939934
230.3432797927006
220.9429953546383
207.41335678398565
198.78460915743082
187.0230078015999
178.506246187674
170.14114806523656
155.59680024053873
146.48181183680393
138.39455434618193
136.66065172003988
136.294637350246
142.4270901204962
150.49435115125013
164.13828239363028
173.71597059095222
184.5172204876419
191.41179029086499
198.67045016813918
209.8608921504092
218.1752452772202
223.45910123682896
225.062920773363
224.92462657313897
224.2548809412642
222.3713967104496
218.70645569030773
216.5318687915415
214.04739041658493
214.71430672427394
214.98595609472795
215.13134941866386
215.28321695050673
215.32436479386297
215.35344435133712
214.87420059551175
214.8382352745001
213.4126636080042
210.78194506384622
208.9378707361715
207.87117168363335
205.0723591676394
202.77050891102857
198.73920104926282
195.23246682596738
192.1794634687115
190.86476455466973
190.27880510135768
196.5591322882931
207.1616429483289
220.58894060203724
230.15681753157853
241.41346389589842
251.34826045115616
262.6343725862724
279.57689033736625
292.4340768028917
301.11478890878743
303.92622088375686
304.52814691687325
295.3981281888649
283.32926964366715
264.631128457131
252.95418852472403
238.2308444336351
227.4803733996978
215.30018783509172
199.85818988861834
188.0608447793208
178.29228429636458
178.01763966569015
176.25553940154862
179.87941309760112
185.50837551094503
192.70220413363674
198.4130942498832
205.06367781196485
205.81688040863673
209.7425069477442
212.9719588252995
217.19983180325866
218.26277475333146
219.78467349217547
220.75467380177338
218.02584503675635
214.98036809909448
211.676031483607
208.00057004314652
204.01594892392768
200.608617705975
195.96903760988545
188.75350048540997
182.45753817853281
178.0864721499087
176.2860663354676
175.2773019014219
187.92949772626187
205.28587136345013
229.5163057440683
247.54445582393163
268.2900199578771
286.70067648695084
307.4995217006398
337.1144740232208
360.640791524656
378.0572420034884
383.2062639299572
383.04688189520203
368.62388546180375
345.61877492703917
314.840147542201
291.9059937955984
263.79643189071794
244.65263361863637
224.2889445184479
192.87504452561328
169.9780950336778
150.85528462799442
147.46138668735384
146.75457465681427
161.46008485500442
181.13392069315185
209.94222432488723
232.02328038890033
258.715685680637
276.65892467293975
294.65971401747436
322.20895985327746
344.1350256996128
360.15122865166114
363.93444276274437
364.02580220950216
352.68318769367727
335.40745942830654
311.0475015532503
292.19849545130256
271.8659611437403
256.3026178380795
243.77784322594545
227.88693230352743
216.92626706836646
207.23151954174318
204.64074395835667
202.0938146268448
196.05379517659983
190.78011994848836
184.5287507289513
180.04943864545973
174.4986788047825
163.56904289670908
153.40437665229726
138.62421753054036
125.86511123734836
117.06357704129998
115.71219950554409
115.17589037837732
121.6845234982531
127.72679406083215
140.06529652984224
148.1374654895234
157.09491726490333
163.75028009186664
169.8185149367139
179.3769476402588
185.94766362937565
191.35176576624164
193.17812485858323
193.7454012728406
188.96598462608023
183.02843808906962
174.1800969047669
168.57243911447986
159.92229396230405
156.41454367421431
153.51628137575304
151.40114590762096
147.08973117851096
143.44235373862062
140.87548827612252
138.68006508621806
132.53711754211201
126.14140574825707
116.56860338661788
110.09403064042883
