# format: from_node, to_node, traffic_class, traffic - demand values in each iteration
20
15
a
91.53007251415667
73.67351116253873
58.02615236284124
46.55639959103182
49.1283504457611
50.01935036937495
50.92539718748554
50.89760819835332
51.73629780243818
52.28347136912208
52.232933468875736
51.26069855844054
51.78101020005004
50.85556425585895
50.11639717720507
48.18156082687224
47.526470630618796
47.22718975233049
47.34579996715563
48.088134680318866
47.81851584023733
47.85152981305911
49.275865726447954
50.798969278869144
51.11780050831179
52.693952153344
53.37391211943238
55.474543903017576
57.92597337257373
59.30901983144129
59.806891114888494
58.73622417345894
56.39327385773083
52.725162432755646
48.32719409559117
43.04659091280529
39.6185072964949
36.13107921008589
31.229098031090448
26.012816331145707
22.015461890686804
17.59598980751075
17.07078889890941
17.0469782242132
18.816573859637653
21.893550838859742
24.436812137850225
28.200306018884977
31.23587520427208
31.429718847879467
31.452898576727815
31.34342500666695
32.148229726824525
32.856159981947016
34.123840820768606
35.0540083860471
38.017621868180655
42.80283043585487
52.462129096887686
62.70619688702781
71.88218531578976
81.785255323813
90.76212708410227
104.72315217030214
114.58165570250989
121.38956504871308
122.5338249419354
123.29267367399672
121.8480716320669
118.57664584133309
115.62309966998465
113.14889403318072
110.01996331539378
108.20748160345309
109.08964719930557
106.95438984573106
106.17424244960098
104.71989627861514
104.60354208171579
104.68934141441056
109.30947206165838
114.66440985616126
122.27472752278659
127.50979271608455
133.52070435200088
140.6916821913421
145.34803128012027
151.45534847496768
155.90059791077402
160.6731077781642
162.74528620076103
164.23308941561592
167.30059505126178
169.46012021237047
173.12667634082942
176.91375795404116
179.832303546076
185.45832605437678
191.2861822146386
201.237013388259
207.5858434891864
213.8211131987114
214.78478472608776
214.85069133794056
208.65743847944483
201.89987124631395
188.9533351043734
181.77155365341977
170.27679365710688
162.91047324725898
154.65672778824896
142.00786371935862
133.74080228881934
125.24619954173903
123.90482840976344
124.59517667428275
129.379992594965
138.07318138265774
149.19785726376554
157.84872669994013
166.6503040715861
174.89145138340743
181.42546236215594
191.3194291058321
198.36198901549557
203.04159511176275
204.5351732497961
205.59147801648763
204.99992706227613
201.36224205033366
199.86338940280854
197.9227593098483
195.2662624845623
195.70327967120593
196.00499108119297
195.24503811871594
196.5427863430948
196.19734937477713
196.8296100475243
195.8935461881753
195.60547216732806
194.06207091728172
192.01652853792837
190.94987024887683
188.76662949812126
186.5304612730233
184.75887226497198
180.33026090372704
177.02983290025
173.83173141340492
174.59731509326141
173.84751547056453
179.5868342042442
187.84543585346313
200.59773754808148
209.22506450774847
219.63796181507425
229.2828482594022
238.42323629802704
254.38667233666965
265.96961015053574
273.9316049404626
278.25497461473395
276.60844936104115
269.03428974287516
258.279392694437
242.76254543983458
229.49487397749715
217.10585183459884
206.24747814951658
197.63060320593902
182.17319866104006
171.06907206236076
162.95718625132784
161.30017801137703
161.2114420606938
163.80319030279614
168.90337639545032
175.58960836824522
180.53538867688982
185.21607271483074
189.31923489726276
190.783475503317
194.68191174434347
196.96671321493412
199.18289868857354
200.35998296488367
200.39203385848364
198.45903369801124
195.51131287247557
192.4753416978095
189.5317933368138
186.5384810817159
182.94494595205475
179.36448806124315
172.61961427868738
166.59213494367435
162.94511048978217
160.0220723928492
160.528946575678
171.59761396055427
186.55554481966587
208.31459394347516
224.58023441291954
244.08795123537118
261.4426396726448
279.07431054345517
306.6530043069973
328.07185218772406
344.3238091152888
347.62634638325824
348.4467314034062
334.13597209901894
314.8676509147392
286.2890012471125
265.2701484088163
241.46906607061445
222.64609881857464
204.72999428056926
176.17802598454745
153.75291400703358
138.02251652831265
133.26712295243075
133.72260993338702
146.10059187651544
164.2767462263641
191.75909125680144
212.38368304137344
234.79528810132103
251.7583908844302
268.3575491501818
292.9581958818771
313.18533674492903
327.6421725297088
332.4545294496077
331.76516379049497
322.20009718608895
305.97391012019114
282.4934848006989
266.522502147038
247.25558428109355
232.69396976912296
221.60240721951038
207.63034990190906
197.5119773986984
187.83006166342017
186.28829323381834
183.0363141445505
177.74979081031546
172.71286998127673
169.15426276632758
163.9901406016703
158.2730820454977
149.69263992849355
139.71764192943402
126.30558197845366
114.61628468308265
106.64111358171519
104.88902256477964
104.78164033626815
108.67806048372388
115.5819152259149
127.14179640751362
135.2953765420513
142.65367923394533
148.74599039206103
154.41557349558002
162.60252729211473
170.32872808551278
175.0427136932004
174.91885455611214
176.43038268875407
172.37592217359705
166.6352195937777
158.2091115331713
153.53977034415797
146.89784670244677
142.3512364256093
140.47891632353108
137.37125831929356
133.98713630608054
130.73788903297194
128.5531618629543
126.29962510995666
121.63866499592397
114.56249149526802
106.92139072792546
99.2062983356428
