# format: from_node, to_node, traffic_class, traffic - demand values in each iteration
15
3
d
56.37658985577595
43.787549333477024
35.76142721970651
28.17250998430299
29.654538051274866
30.797562707204115
32.063796117327435
31.920233072793977
30.881934205130644
31.203526933305795
31.93912442031706
31.542126237580078
31.388438745647136
30.5855841626259
29.97303531439572
29.978649616635973
29.522547034447157
28.848734721764835
28.651847079627323
29.0551125723323
29.499131498076135
29.7122100195087
30.94681286136792
30.663075523663885
31.82121746027717
31.551641601552088
32.89365967447386
34.18392072951168
34.382043201228285
36.80098676205211
36.4918046208496
36.192765633669154
34.58268031610889
32.304686446111866
29.120779622172375
27.332329677936197
24.83353228343056
22.082377329825402
19.64195329225936
16.861160910571332
12.423654480660984
11.231307250648138
11.841585735334364
11.05886728555146
11.451435751276753
13.476031655032171
15.903995798412096
17.36392617734327
18.434554322681777
19.274520392716777
19.340931078259885
19.054481666458035
18.64031782925014
20.20389734620401
20.64340743308297
21.846868383020325
23.119718845903563
25.84613371749179
32.259801507743795
37.99133979140787
45.02946732350763
51.22972939438985
56.022317461052836
64.19187983665533
70.56152635221306
73.76697757782809
74.7489746421361
75.36426851388082
74.60071833764715
72.8966770756358
70.71884200061785
68.34831803596872
68.01094337139497
66.83579732756347
67.01789337045753
66.28570972376978
64.56805725633417
65.24648019576927
63.66458869820129
64.59711148666847
66.51730531166936
69.9720045398002
74.63839475014397
78.16155069176146
83.10390702288431
86.58329971847664
89.7289646835917
92.8405306860348
96.03040757615935
98.82427719425112
99.78426639556722
101.16002362748829
103.02511586127042
104.39576313434478
106.83870425254796
108.64890546629347
110.75567891895959
113.88614322021868
118.41851348772362
123.76319251771095
128.49527707227494
131.6288470749959
131.72685733298323
131.4248842200069
128.72068507502297
123.32772078064461
115.7141229353865
111.18714944792818
104.55707649900334
100.39111864920258
95.47343995625837
87.34265606816291
82.05726901835895
77.87191864156517
76.46893777687393
76.45788424216474
78.8693723317287
84.38998676031912
91.09464385050367
97.36040186973644
103.17466879560074
107.32205352691236
111.54457817723566
117.78398219655739
122.16626184562372
125.42593106737745
125.82389411676628
125.1664826387016
125.1958259956571
123.8427770969306
121.86312395058086
120.6706875232485
119.58194832448598
119.70310363202982
120.53101704636646
120.23263392407972
120.25102576429659
120.4028215666191
121.34653841739008
120.07385455454698
119.95683796524699
118.93819168795542
119.06442608636175
117.94626376208215
116.22459109693756
116.03684388970477
113.14520144791918
111.08919483240145
109.16739990882756
108.12918664981119
106.69540801680094
106.70033624013871
109.79384893066899
115.05078588448642
124.7053900787147
129.16251239202447
134.50179495487885
141.44063027655946
146.8230583042273
156.91329223248508
163.22511286217994
169.52900261977058
169.69125522270988
169.91012251339936
164.5179217759118
158.62718735466217
148.80644373456246
141.77933141130507
132.62435320423344
127.02119152244781
120.37547281365994
112.54220143539679
104.75008440747683
99.48244031855364
98.38602576962852
99.82409616269312
101.59626620070749
104.05684074958721
107.0267698928115
111.7135108366558
115.09370808955227
115.47947258795175
117.45726607745317
119.72673504630305
121.58150921697076
122.7984886782662
121.94147460211248
124.19492515724245
122.38117617376788
120.66783679724183
117.72540656783579
115.99130672921154
114.62407930803921
112.37943025870753
109.61121911015908
106.07186801070802
102.22096920505244
100.08427961550443
98.36584103478441
99.30008573845508
104.521643677326
115.37769863597782
127.82669840993518
137.99831394239632
150.28601038564017
159.84323208992524
171.7294656941095
188.08625758069456
201.7702147628189
211.0489830723593
213.73026917666004
215.16405035140107
205.66699908901964
193.48197720718596
176.03444911179784
162.793353456407
147.937444035296
137.1552835527336
125.83145704485408
107.74198199678456
94.5446201277887
84.19123727607791
83.33165039807285
81.89971001845484
89.02850428609311
101.1042897789891
118.20693854507465
130.41526460299025
143.81323571805984
153.82266943139325
165.25043925313298
181.22306825579923
191.396881529502
200.5175727597711
204.0846353637542
203.15347890234722
196.8569335193314
188.34029681870788
174.79119449869953
163.49297075965805
151.77477291394766
142.93674343340092
137.18057630161857
128.36281994003977
121.19671156650006
115.2190754572507
114.78843692334
112.30211646754275
110.12980090047711
106.31627085709444
103.58298700952257
101.0649950284863
97.7668258627782
91.681001468467
85.55405754117223
76.9996990633232
71.07167999630796
66.0952763972659
64.74773294232132
63.97815626533939
67.35130678807359
72.46786057815892
77.40956460552913
82.86134332917798
87.72485879375628
91.70068975473292
95.23531010375584
99.67819397171004
103.93704292417515
106.6757371228156
108.39622773378993
108.44703261017698
105.47837109067996
102.52715563432663
96.93166733377605
94.1097184470303
89.53048762959752
86.88190902157658
85.23927156262086
84.50941616223842
82.84711115690564
81.14579565628048
78.84799399041896
77.82441635999868
74.30418068877334
70.79330310576978
65.64940859121036
61.747945769275944
