# format: from_node, to_node, traffic_class, traffic - demand values in each iteration
18
22
e
92.06880343383979
71.53584211503201
57.89380249700237
46.636555505751375
48.246715131360524
50.52054516768776
50.99627110197775
50.16721114978629
51.317000908961994
52.27650451675585
51.959029416605034
51.722270018711924
51.40340632130975
51.536792796907
49.93086157098363
48.854900300035
48.68720563321029
46.62791342455315
47.186391738226426
47.314336811978386
48.275028898927054
48.62885341442667
49.65267259823889
51.53436926895479
50.990538657212724
52.29783842631636
54.67924859534738
55.73212616773544
58.211275307686584
58.206885511143376
60.388704161451166
58.52441317407803
55.93044532650518
52.48363469326141
47.72633822292442
43.50856253200168
39.92427339741653
35.33804201727376
32.71615795977405
27.37452484662169
22.481883758341674
18.82692297704888
16.948055747946775
17.902262110287662
19.13829566350643
21.805747430517226
25.058849694307472
28.601852792313203
29.53923746714038
30.88415169068104
31.399616575685396
31.963764139878215
31.6967968405884
33.19170925853678
33.316105787530134
34.74303456249291
38.80396562161345
42.26122034280604
53.16880215032568
61.749843566662065
71.95075341714988
82.36201117012766
91.41764516383812
104.39677633358478
113.55014188991377
120.99919802101685
123.19797367078354
123.01622265069994
120.979734738789
117.88403627779849
116.0837751725955
112.88840213195273
110.25215565303792
110.31180387886333
108.23030673396764
108.29797810507974
105.9480536104175
105.87836682521485
105.07294308246064
105.12666850831752
109.1085242319985
113.34143998134772
122.40994744050776
127.33787591885147
135.10259324348488
140.44556636264176
146.06794818766986
151.12882604496326
156.64482677684617
161.05615500248
162.9972450584974
164.23938288314173
167.51857380230328
170.17794318685856
173.45498870007458
175.9304802264927
181.34921649390972
184.6796128885395
191.7684459831377
201.00135961813055
208.28553686129393
213.73540470340342
214.36974592783562
214.61735552313286
209.29244606554226
200.79661104708472
188.30587400480906
180.8723478642071
170.55142825038692
163.1221022292815
154.68161959442298
143.164884182232
132.9232123108772
125.94858998906359
124.44114762327777
124.25336288929331
130.19635490205079
137.96272109749222
149.37183170817536
157.53260130560548
167.61198259684156
174.35943584620964
180.29516130549263
191.61234263323033
197.4237118850516
203.4515364263856
204.8695356404394
204.98947983822524
203.02476718084603
200.9000434534934
199.7094870036278
197.67831376253443
195.07979221511187
195.79574842301764
195.37115878162635
193.84748188639307
197.21779540757476
196.52884944261507
196.0405561606736
196.73679637698598
196.11825158226543
194.41164343411629
192.01828173936912
191.4178210257897
189.9044897900359
187.30631843029795
184.90536195828065
180.17005256987653
177.2209579579248
173.8038585123498
173.6584332707041
172.9318557812128
178.8356412873843
188.72863505443092
200.3057381969668
208.7892391752275
220.28870352355062
229.2742112872823
239.68996691276752
255.00957798601354
265.7550124039459
274.3050399905623
276.97094634773185
277.5750040229974
270.1405552907206
257.54813127374683
242.27752256134772
229.54396091021218
216.5580820960503
205.71635293777766
196.28409708744425
182.25762740828688
171.24368504693794
162.62089941285353
160.7174103165655
161.15474480373345
164.23709547007877
169.77643675823816
175.65472321734174
180.9977098756555
185.42709206997984
189.55993249385352
190.51755148128254
195.1047022243697
197.511540905433
200.0756679877104
199.52806402345723
200.99875863460676
197.9373643629265
194.75926620241552
191.53590965363483
189.8250245149073
185.40844962113164
183.93653645538487
178.16897500189395
172.4044255435806
167.52683825180088
162.731957370589
160.73653009649823
160.68062056526705
170.79388196329307
186.30273265366696
208.79549701381745
224.78287020319087
243.58843900313073
262.6457570160857
280.73436934718114
307.4924975559574
328.38705882656546
344.2029279404762
347.4938458923751
348.4768180333563
335.6359033587389
314.9009660485233
286.2301328902555
265.3404549189074
241.52844631284
223.17016305466012
203.7080254738146
175.72735739938506
154.8896135530854
138.03741353375818
133.16462551742336
133.58773657357014
145.60762597339445
165.42704872488994
192.35278748899484
212.45761816321328
234.89695507971535
250.96020030297882
268.3888503796369
294.0839371518883
312.7488164685724
329.0086229086706
331.3525150586074
331.93474123414313
321.2323491391132
305.21703477644917
283.5235796054114
265.7969319339042
247.57294097690712
232.84584736766945
222.19000232399833
208.3778524782927
198.78701557773928
188.8626055400588
185.39707933903637
183.1290061994765
178.29723545911838
174.08878128220346
169.21122169381678
164.0816943186618
158.65812602148378
149.21336126669792
139.8605247234073
125.0496807382975
114.25876364200349
106.43323272412381
105.70241459275312
103.0290892235644
108.59811757111056
117.22574413209642
127.21031692897681
133.9637513289657
143.62200566572008
148.45833369878397
153.7396557835644
162.52444483204243
169.00404581817727
174.7114721916614
175.4795366515319
175.33126911969026
172.11560280403634
166.6164431823868
159.03186545060743
153.1237618570765
146.35861130079368
142.45139325147932
139.81449919871602
137.51761470426257
133.81796049549868
131.34646705732837
129.15069765456386
125.75541346320549
120.79047816064198
114.60511072296984
105.66250418808475
99.53985045636314
