# format: from_node, to_node, traffic_class, traffic - demand values in each iteration
11
27
c
53.41132994237535
42.02468096606552
33.49936671297535
27.314752941156208
28.61750416778796
29.199859734704777
28.821780589673207
28.962930032985096
29.998912035253
30.256557499296758
30.236587189148743
29.495257113761053
30.035242729075087
29.36770886182172
28.5387911366395
29.50864820134054
27.920782323308824
27.363231701529752
26.848976285686362
28.092268057504633
27.662843144353637
28.120052355482734
29.49478203132939
29.572172315775926
30.30495696172748
31.009457859712718
31.47284392118485
32.027578417742966
33.36399230637761
34.093369418215545
34.804174193160414
34.7500277512954
31.643343707709725
31.308649400039616
26.635710338643683
25.328564464166334
22.80655748239609
19.710123573768062
18.662066105836914
14.888258524963879
12.89208109207405
10.479108738282077
10.07850436788255
10.677906109518743
11.576613747675948
12.987790685676966
14.547351279218324
15.993200474432651
16.733162575085085
17.718262134453838
18.665418261021973
18.341132323637876
18.2737137557622
18.825076531666117
19.96396718855174
20.362395379965424
21.600554507947574
25.093671590216005
30.868166420321007
36.13844753473403
42.421539555653894
46.986690716249676
53.10619170811711
60.636764453648375
66.83951042293862
71.1176813802667
71.11914403802915
71.94302677400215
71.1013993586113
69.74091048518854
67.18274453208564
66.15772628545135
63.638726804554246
63.73376169637485
63.45647545872593
62.37334000773796
62.056610295259624
61.31147731651662
61.20019080841357
61.87528747232717
62.93674540519065
66.68302693442917
70.80319347308085
72.94426296595395
78.25407291693482
82.68167267465194
85.10263143226018
87.51289120339243
90.91980286760837
93.1195750160885
95.1127325147894
95.4077944175503
98.2490796584356
99.79147564262146
101.11147248146243
101.9570284592646
105.17598463434794
108.39322465479246
111.65777485361338
117.4077645474861
120.25451455719964
124.66900516149174
125.18037790672045
125.12973155658294
121.71960802759493
117.04397163527186
110.1983004458369
104.25250124840282
99.9967913504032
94.8903881482121
89.7907643388057
83.15768034992925
77.76502573128877
73.24187148046605
71.76353560869406
72.49636726603707
76.20069868085041
79.41534221280193
86.28289732401336
91.97248328593408
98.04344183759852
101.13823163059791
104.88753977472633
111.50411036639032
116.18234017776244
118.21054633567894
118.8077635181985
119.74280727141786
119.04134656981901
117.80206211542018
116.16001395309489
115.43475678649311
112.7384721474646
114.41856754462685
114.03930228475235
113.60606533830443
113.74813131774891
114.62612095907961
114.29503358248404
114.22454908383551
113.86423612093972
113.26032477272106
111.42586720888876
112.06968814892267
110.98427205743262
108.94842888978941
108.35213392373193
104.64946293028709
103.85182800062076
101.27229694484487
100.45701144843405
100.28846256804479
103.6100506798295
109.04099959423512
117.53403741695368
120.76419163819556
127.80957374352452
132.747267038479
137.74811291798267
147.17037595486224
154.88659728185834
160.06277669955003
160.97371353773363
161.00577610501375
157.50233163094578
150.89194690571622
140.66427362631907
134.85071439830818
125.89352055802408
120.7121922902568
114.64394683524714
105.32181302595704
99.24686177899905
95.56109005348489
94.73899718395745
93.10472774593433
94.84832964734187
97.67278672311365
101.67957156722042
104.72671708869912
108.04398893857915
108.3807045537632
111.35415056988461
112.92136491924887
113.33919783145919
116.74717439055296
116.86001532074978
116.35157260544506
115.8057226176329
114.2681181466049
111.83954053356446
109.20054323290654
108.46400152839183
106.94731863625536
103.96266682108181
101.07338630446989
96.62084661624387
94.05718543955824
93.04205280462803
92.85590318233196
98.56682223738513
108.67022260756903
121.0862438974854
130.51309688309402
143.02197706420253
152.0767506027827
163.22711838735722
179.9004576337353
190.9862906852321
200.5743546345299
202.40264134344167
203.21690391603735
194.87255438602082
183.96223422077512
166.43377430543867
154.00565093249017
140.16336507104117
128.98028479085912
118.55864176592077
102.11242901252618
89.70031022617918
79.06585582538975
77.4752076546975
77.56579519660785
84.57599023037234
95.55177798679357
111.85926598270841
123.45807235437776
136.42644505718874
146.91830049817884
156.54149673644747
171.29826591089042
181.93098268718026
190.95115302421019
193.76294624741587
193.4362559781371
187.80337261484712
178.43457379841848
164.71190857598359
154.46031744660104
143.46339770970093
135.4457095274525
128.50105202264166
120.73282154924335
115.21917787801169
109.90064947004797
107.61153637148884
107.16084459078124
103.09199451817096
100.37005401952018
97.56605896350355
94.98867012334955
92.22827364152772
86.83967232905623
81.322440493375
73.54385428276673
67.0841428871969
61.46004541822734
60.711912580587175
60.33489532164195
64.38474299707822
68.054384565012
74.14799897153702
77.85644050145335
82.7336122045271
86.27560470144284
89.5496159032585
95.05870353051662
98.84593262220417
101.20960358763222
102.24531932265269
101.7604739491555
99.59406143923466
97.10448385031431
92.04884404574065
88.50336578761012
85.46666231159722
82.88137750623589
81.82266667587332
80.73115639872701
78.449547014696
75.66983746393993
74.40777996106505
74.07329678859348
70.684720049598
66.95948898802405
61.31181908037524
57.6716233220533
