# format: from_node, to_node, traffic_class, traffic - demand values in each iteration
4
23
d
52.14791515656654
41.03435474843261
32.94600110531212
26.022720898211965
27.17149437563777
28.286268246158855
28.868558819804086
28.76927361953277
28.638536402605414
29.53334097947659
28.974028166153136
28.826412844274305
30.020197170071974
29.591282321466583
29.139851740881067
28.138979260302317
27.83958378055376
26.700456746787516
26.5587822070025
26.51017787544617
27.29033289806802
28.05003444973216
28.106984012272548
28.373061857180947
29.23064436873215
29.25089568851068
31.730256399760393
31.21698518134175
32.26759676127528
32.733896403275914
33.28505602992921
32.79708266107573
31.719322778649598
30.007039351966988
27.45247887377731
25.645997440586278
22.39625097239095
20.86896792832811
18.443006986631985
14.584766760259681
12.86761051320886
9.855162134892197
9.828011231072212
9.969573548674278
10.880430435733112
12.55644302679621
14.800195692018919
15.513143440596037
16.325017027364638
17.583650961291454
17.303373322416036
18.641953348950913
17.93230958085022
18.262375224102726
19.30085139569271
20.06015813335181
22.280006746558932
23.625042556171916
29.793985435373596
35.54867088502407
40.89709259443076
46.46798878464643
51.57466170997464
59.28068565617115
64.51702103115123
69.2354492478025
68.73524357141524
68.5974591663486
67.99451496752695
66.2318571268708
65.31498708699768
64.14910509807608
62.31202764964893
61.76958427357605
62.02303148285788
61.244613838821955
59.95869540413729
59.53649480603603
58.798094391399395
59.35618948718836
61.93991666990159
65.52769992926318
67.99685963602975
72.22138647334116
74.66602853705734
79.10039343353394
81.97554640107548
85.71851825753473
88.59739889819544
91.43932011359767
92.34742836109558
93.14446055593302
95.10993177702579
96.31974719740053
98.95865731434766
99.14707086736611
101.84220408289897
105.06713902529432
108.33388025353526
113.64674454618967
117.78357248904906
121.26948725814495
121.74577143424605
120.3701980134763
118.55261706309135
113.88056281451752
107.11396788788251
102.7921060749048
97.12415770013045
91.96490748679778
87.35502599708721
81.18821408316721
74.99233524159362
71.6622948487734
69.9770928347074
70.42439052264923
73.22566361050114
78.43691040924439
84.24326800105786
89.30666268837801
95.50666948109127
98.94290866197578
102.41395622700115
109.05109964495882
112.7256769951872
115.86626924551094
115.6741021170223
115.06576988570328
115.87439323103578
114.38048191880198
111.9438341157549
111.61228673066721
111.00378286852828
110.21123200707825
110.84057190435814
110.52308065825524
112.05569139165434
110.37359555220725
111.39967429247623
110.38838451680459
110.22138985034286
109.97023908166607
108.30297406328972
108.15295059652674
106.79444533920355
105.78724369219645
104.84024732354565
102.05707869892844
99.71912565318372
98.51772627616582
99.06769646519453
97.98749651256975
101.31626949643484
106.66876768226068
113.46099306539146
118.60338461545248
124.33654671373328
129.21564431207162
135.59263212160226
143.57939402140764
150.2973207294552
154.9640782432659
156.1470334022964
156.484724467559
152.19765146767782
145.7526385567705
136.1698531846771
130.3227747078056
122.10747269798044
116.84473228000094
111.88158193393033
102.49937649442694
96.76612962388998
92.13370200365154
91.9272039980814
91.24505671587671
92.8143737278584
96.19914212248673
99.84156719089262
101.73352342938716
104.89199088420514
107.39669878079036
108.16586316909338
109.78934801505225
111.96566930440956
112.88884139654962
112.63780850746146
113.14673524117663
112.25028928639192
110.74409715720122
109.21132171736383
106.73270157467135
105.00431803735921
103.57253145941647
100.06526031364818
97.3153861214086
93.93550867965877
91.59512130876806
89.60735401037039
90.77871414512687
96.36323126734857
105.7785864647942
118.124075767047
127.79007403010858
137.7361046029427
147.73763527253908
158.00020064079777
173.79580026215956
186.19832750144738
194.87628520603207
196.900072509095
196.88595547149293
189.47878574642857
177.75782811539264
162.3396799769018
150.05602024216586
136.07351248753605
125.40515697131951
115.56206040484473
99.73692324715998
87.42848985147951
77.82195868346604
75.14215736773642
75.28734401336129
81.87970315364652
93.15055137280248
107.84635821564179
120.73398576661653
133.02788510135406
141.23881337789982
151.42804905639116
167.26659045704417
177.08091119311013
185.1381639463783
188.25350956176433
187.57251621756174
180.5957274147932
172.86151596734746
159.88727477528238
149.38724429650824
139.59576094947826
131.15769526238256
125.69346159590711
117.01545209757775
110.71651509814521
106.35863476986276
104.97607127791115
102.85678688022324
101.24550018770871
99.28246767633765
94.64422372535934
93.41095592209436
90.19606429084548
84.32189873568544
79.02144675414499
70.89124213695375
65.08382645553849
60.8878317885222
58.67532084430725
59.468781169910166
62.27596550553677
66.50866304589478
72.49630161100133
76.50387654839831
81.65800474148607
84.65664152899463
87.69767502737557
92.46242612307796
95.7268583006353
97.94760262251877
99.39029627726401
99.06616857937806
97.11842156771924
94.45838215800846
90.45577615446845
86.64632769007763
82.54878564924795
80.7109947697496
79.17933030693438
77.97920706558888
76.75776845890769
73.52058188099572
72.894839234729
71.81622824666884
68.33913390519331
65.17503412131693
59.152276711233036
56.39656744819251
