# format: from_node, to_node, traffic_class, traffic - demand values in each iteration
10
18
c
91.00125661119377
72.0826388750358
57.4041316470878
45.997728065898436
47.98907766395894
50.04160960030275
50.17375712569435
51.352167764911954
50.978562631406845
51.31494998802519
51.07932811050559
51.19946156927502
51.440090343064284
50.356324809686654
50.20379230440968
49.13563476803539
47.55490131984483
47.08800938271491
46.71191212057557
46.75960068181119
47.62225332053146
48.51988142283694
49.74061114016975
50.11272178218279
51.36476418687667
52.83544206190657
54.040158864877526
56.65791870740173
56.052484952910234
57.973973888612235
58.830426594999295
58.47165234660532
55.79193955537695
52.60508014325449
47.404823355882485
43.06150557477807
39.5441875415781
35.037729686218334
30.730638033443146
26.968508620586373
21.63133854599405
18.824207558944558
17.515452632817414
18.0584403148936
19.309720122653765
21.112847670464483
24.376240002970302
27.054842861105758
30.20506693800782
30.930718341426775
31.011681070877508
31.05306391541996
31.15782500999406
33.594121458732474
33.54062750731868
34.36297626645002
37.472211703549455
42.364086272728706
53.03728167337508
61.12161830621099
72.6801137395246
81.81438231081755
89.57260535531677
103.16293138568919
112.90188810808515
119.66163677753636
121.54836602729421
121.99372840018032
121.0459471813072
117.77372480431485
114.9708045589155
110.96648385272694
108.2496710483124
108.78666433105424
107.4405989286201
106.68984835168078
105.6415064736484
104.48157140836406
104.60824917424632
104.35959154893462
108.59146946841065
112.21114516569071
121.03247874510008
126.07614658588875
132.68986430458617
138.91061385261568
143.90340686085273
150.00753992879785
154.4504062297391
159.25141571275662
159.83324809771952
162.11034136002252
165.68994832487644
168.96746842490762
173.1901178906978
174.5708556920751
178.13574179416597
183.5622049834614
190.754681630652
198.76333770081135
205.8384568737825
212.2414887618276
213.28748123904737
211.94307418937905
207.00195012891896
199.98986772264848
187.90464433882897
178.7624907030814
168.97027376570574
160.6029736403747
153.25676186009125
142.22606793025028
132.55294681921208
125.66721227245056
123.08727552986035
123.1346476584525
128.27394099705555
136.5376287996537
147.95068160884466
156.78020038359082
166.67675939577867
173.71628607487867
179.90087036989195
189.59808274550326
196.54392846943958
201.88418065627184
202.73960580749815
203.71613891041437
202.45778340016568
198.9476866879617
198.35114986735826
195.74396400775893
193.4378934492107
193.26421418756533
193.48764347813258
193.63766854728829
195.20649751567018
194.90202261061222
195.11468619708816
194.83648025247857
193.5511719463322
192.89329632665508
189.9447483997555
188.70210801083772
187.81130280021975
184.67353515485186
182.98779769235387
179.22125311579853
175.8465956952777
173.6549376209716
172.91523947907078
171.59118099518344
177.94854743093174
186.35202749136036
198.5855902542469
207.40292661894958
217.00834249538065
228.732274536077
237.1074845228433
252.65718708511636
262.597635625094
272.1144309987328
273.9997051421033
274.4215235119776
267.975264260272
255.6532787584709
240.3237925524874
228.86694757663395
214.24215296389295
205.2594948653985
194.85781478205175
180.69601583465413
169.18856584760925
161.32999795114605
160.16553294715527
160.5126596024158
163.42239746098656
167.84459550367595
173.06972730458764
179.07730374408715
184.10486904712334
186.59195371297938
189.5988639845273
193.1852596966462
196.84194432250106
199.45249742298827
198.4045686784246
198.54210150764283
196.82483895672243
195.03431415620938
191.02833613371945
187.07351156868754
184.74136057281495
181.03130136611063
178.21754669323178
170.693445713438
165.10087403306784
160.5479150281006
158.98702895824525
158.17523588577401
169.43544311139044
185.5642946914211
206.71705515574675
223.2930855876012
241.8550877299096
259.8860198884811
278.0598198304785
304.30530123732495
325.5885413970397
341.10828718881544
345.2558714139579
345.42712221972414
333.50294028572165
312.9195715051836
283.98791951718505
263.78426824304364
238.64150981783078
220.7057157762096
203.0781872171382
174.02593938347493
153.31141651437778
136.9708705605061
132.89661894084543
132.30422414381061
145.1586511728371
162.79848558407664
190.1691069049823
209.8116840366605
233.23035096142726
249.33315075061398
265.83292622611265
291.7967934489288
310.5097773603965
325.4274988300061
329.58967190705766
329.48332777103127
318.26876782011635
303.4408285521934
280.82342856656135
263.6052845948321
245.39278469144645
231.7356130224269
220.12317879899828
206.90307698155277
195.32158822506173
186.41387653436723
184.38351400008727
181.0895333128779
176.59659551673343
171.75047148647678
167.59483725919992
162.3268934270391
157.29360902299862
148.05071440044537
139.1426562098896
124.01167362696071
113.98729190834867
105.71711306347538
104.62930827687049
104.65432777894976
108.0328889550662
116.5344806173428
125.54434405632132
133.47847755734207
141.33300328075575
147.3026430814171
153.68398922733795
161.34856538782466
168.37351427649372
173.00385804538087
174.56268559672756
174.1992164739253
171.93557635423934
165.54048596184958
156.94760981974053
152.47780861677774
145.19847600791837
142.0672797874627
138.81844041318607
135.92602071152155
133.7693862769306
129.38940469820326
127.81079907496006
125.57334994789042
119.65753045341386
113.13607810823537
105.44004610477361
98.53358976949585
