# format: from_node, to_node, traffic_class, traffic - demand values in each iteration
23
3
b
86.61079042662284
68.29770030943625
55.03773828196113
43.36541904501591
45.96021457185358
47.80099139081806
47.83905061623918
49.200533662404276
49.3729369930952
49.55631382756335
49.530098365510646
48.78846794202118
48.07740176897424
48.11541712316575
47.02346735187205
46.597100392796065
45.234381726518315
44.19235332104334
45.32275446423933
45.07650204107766
44.574858743962935
45.706136869319636
46.8959566691586
47.71644055124645
48.86137330425934
50.382315021662606
50.93423904829788
53.43779370563328
55.020464705829184
55.31061857991464
56.19677879206487
56.01646841781378
53.65566651159929
49.79869016813103
46.233678675502574
42.03978022559644
38.04183073546763
33.57786464349119
31.329709474939243
24.541288917013507
21.294072264059274
18.015943564030852
17.37962450083648
17.103074541774173
19.02195180973235
20.53566750678355
23.98133546756189
25.01779568844381
28.793526684532367
29.32703449272424
29.996603943477822
30.56257451244765
30.86054704196111
32.29045407837222
32.765926906809
33.016166036310516
36.01631137178336
40.66032449614286
50.89025633038772
59.44048499530144
69.34613424075565
78.7934096563895
86.10715847709942
98.72008604010836
107.4458071615232
114.6828621398767
117.02695689397045
115.91562773352632
115.20511466032684
114.17094082536502
109.57448951372305
106.15168212719979
104.17072511740275
104.32953786353558
103.12183074956097
103.2035344493128
100.92923606827063
100.35811443532991
99.60264934379535
99.53634088607717
103.35236316751315
108.67932806985323
115.65387288052733
121.55862558520842
127.08677090306095
132.53940101788828
137.51032649984643
143.44940541782253
147.66657180253202
152.98259961668276
155.29108480725282
156.28887634822513
159.22310391209348
160.9971958768489
165.1472758970822
167.29598326427046
172.2498554620486
176.0760305381141
182.17242174785278
190.9024106901875
197.32290525081845
203.24526682419273
203.24109330194014
203.96432537822525
198.67027458317375
191.27380891553003
180.44172784739013
171.6107355872845
163.32556750071447
154.6606366889642
147.70100279985346
135.3558689894432
126.44223075836008
119.26952556487139
117.56306777557292
117.78604157354823
123.52755057938208
131.23518281799042
141.34719467820966
149.5703455330762
159.1134231526045
166.7776388825154
171.73838603677584
181.26367060907623
188.54000385652697
193.61565869764217
195.50338198758797
194.89486593824103
193.44861847083018
192.27734602246886
189.1834947104914
187.3265319011215
185.2904642082672
185.5095443883653
185.64197655128993
186.31010081536147
186.31400210668173
186.32785486234712
186.962351743347
186.34681877943163
185.33611792228933
185.18049789092964
183.68133132707436
181.25207733487488
179.4973504996972
177.835464616285
175.7388406702268
172.03409177681166
168.65307038766903
166.9251272928989
165.50403126100088
164.58643485414308
171.12416663468127
179.2135376398661
190.63509139505462
198.85079304173377
208.86896274322893
217.87841983222523
226.5594865488885
241.6042592163689
252.00841533421783
261.173846019907
263.1429184873956
263.9685007602422
256.01265322931454
245.38704996659985
230.60286534596423
218.08055156598584
205.17464925589937
196.2504558076701
187.39908655097054
172.75389431663092
162.5904561162125
155.01361493601948
153.54282530024167
153.7460145880967
156.39107377215115
160.2375146206722
167.04617770592566
171.24557171941854
176.43724932507112
179.3817746651559
181.3284072001763
185.21269369491168
188.88036429541734
190.58329060463387
190.80513187163118
190.89620823139342
189.0750762488165
185.4839686068891
182.47002093655232
179.4108723273998
177.32575720214126
174.68546940798464
170.76500255274712
163.74737471776757
158.37611332188
153.9954803777038
152.9795293351687
151.8047555982123
162.24817125632913
177.68881304161715
199.19612970330624
213.34618229145048
232.1539658127108
248.85643785367344
265.6168471224112
292.1120858732457
312.51792269745744
327.32385947485847
332.23738849569685
331.640042890858
319.6840438043897
300.14031942445047
272.54201218812085
252.2630793916289
229.44505631180476
211.61229665499067
194.72843806579638
167.02553064581485
146.42730515555982
131.12712983662462
127.30515285368702
126.1538596245755
138.63116663276017
156.40291408555876
182.34511124365704
201.19863556945415
222.45080289500044
239.93352433997592
254.53075089101844
280.49230681358205
298.2608711735421
311.101885929387
314.51779566207847
314.59798051287925
305.565741477801
290.78680642561295
268.7109025660742
253.70656662178288
236.0671086996113
221.7847956648775
210.53419078477347
197.2860085194173
186.531608413119
179.7503543525331
176.63747970066325
174.68978098324195
169.57333217255336
165.72967500802363
159.85231544482514
156.28812494361378
151.27251320658988
141.2237942953257
132.53659951517199
119.56674952893344
108.44155776790069
101.52619530555641
99.69297102954033
99.90042261537158
103.95817069293012
110.74143178374585
120.34905178991536
127.97105230309643
135.17288653022777
141.4447283458558
146.85997703436456
153.69487513732463
161.36447879267922
166.84955155989422
168.00528991932717
167.61488597447507
163.44448187059476
158.90041865011528
150.49198140305967
144.88812983234627
139.56975740214622
135.0487887095811
134.02831306609465
130.77937044219388
127.70927098937997
124.04553170805401
121.97204068787455
119.814006864538
114.61423022226766
108.54083987042492
100.0464889526368
94.49546328207973
