# format: from_node, to_node, traffic_class, traffic - demand values in each iteration
13
15
b
40.90752144050587
31.221639718161427
26.51663109900081
20.74482388256361
21.381383642137596
22.435426902682906
22.644897968457684
21.13446192837416
23.34053951208798
22.790412849992837
22.761220098186687
22.377893655603497
23.11448510849426
22.243644445588217
22.840984007735603
21.957571138903322
21.45155127057962
20.831462317620357
21.246189616775737
20.206716996178233
22.229173116077114
21.534528460480992
22.009169711292955
22.491343287560017
23.318910933864885
24.77629025895446
23.923344781046513
24.64363782197241
26.576220228011895
25.828434867022445
26.16691332799839
26.094441035465756
25.189119882438103
23.24998451039784
21.21058166717943
19.143883158218678
16.785267033771586
15.724496026885546
13.993221890545145
11.835291661497909
9.313627174478004
7.366030394568765
8.140563788349
7.106041853744155
7.459803655925966
9.13278435454706
10.66167020726184
12.3812106506094
13.477916439693162
13.594310126644062
14.29032861726711
13.826016265083144
14.17314125370095
14.956821593571537
15.644342741093741
15.75069201037691
17.22385216072381
18.545081693165457
23.52587852272164
27.2357405395778
32.659058015622584
36.37009760354472
39.98435741589144
45.65143614844665
50.81673465322747
54.475236016426166
54.70528537199378
53.79057317504919
54.259491501483105
52.770755869909664
50.81213077266166
49.75924020999252
47.95805661211479
49.095103281823754
48.34049613141738
48.31236900855809
45.829788940733536
46.88139459210714
46.46358917157915
45.67754475439207
48.69987234171327
50.626602686743986
54.0761820244833
56.17936615874143
59.032376574565504
62.82269691779033
63.820607511718016
67.23519248411549
69.68590426550301
71.8919200431496
71.96109875906802
72.93734473662782
74.31492380899552
75.01831827336224
77.17243935983781
77.45476538765136
79.63795538890477
82.54048235670498
84.76220940606248
88.5269027129874
92.72015496900661
94.66113756058417
94.70666846659117
95.29936499448338
92.89238578244044
89.64685962004526
83.31981595155546
80.25041891495515
75.19708793611109
72.49327982028483
68.96319586316424
63.055146207112564
59.07146203146175
55.15063115655955
55.37858862629975
54.06773056112101
58.27642126945332
61.07752727321357
66.42342942902151
69.97978836246189
75.10077203684284
77.46597043936768
79.23225292363104
85.29146502346875
88.37699907899508
89.82606014415491
90.88582873434926
91.398518743333
90.31567241646812
89.93748215989251
87.08791052195294
87.81025758900748
86.47186796692255
86.66669940331566
87.2977035864096
86.326426364055
87.2787400837687
87.01378684390743
86.77129531759785
86.08533488758978
86.73445645185484
85.44582941230708
85.62698806705885
83.43722557986693
82.3345034651449
83.1128962851717
82.23895218302876
80.0078195265761
78.3510310889427
76.6579882326057
76.89030116262339
77.06575524574635
78.61142519991161
83.15441885461743
88.8320591277641
92.62235679150842
96.91286675946968
101.31150781951523
105.6912729118364
111.95954601918415
118.40048831263147
121.84781835360542
122.03715807541805
122.44294720092861
119.57876754737812
114.14972877176017
106.63213218638568
102.7421463048978
95.7252879968434
91.16124244868273
87.019612595415
79.54851407139542
75.43446690939773
72.32506279631195
71.93605755003702
71.88549088080396
71.22871180934871
74.81818671536527
77.89038854125975
80.42590585370364
82.55142816504134
83.88311102493252
84.0760520879741
85.24439889897727
87.91019499009974
88.8109405965975
88.19941794364539
88.59046293923022
87.7098433388524
86.29484580412648
84.84252623401261
83.88345745331058
81.62695831480067
81.30963171602974
78.93462460545982
76.79454902250313
74.30606889205761
71.43309309792359
71.39320154133983
71.39186555997226
75.69668824491505
82.69672422618238
92.48119162460483
99.077123990898
107.85123459084413
115.78575130674281
124.56654557854696
134.6302215245446
145.62621544329383
152.24781214006677
154.91671613240496
154.36612673274448
148.70469026249455
139.0085259181851
126.07780840685102
117.43616144350278
107.37095481979092
98.52190145158234
89.85469097933246
76.97729636836033
67.73866036442664
59.98052316039686
58.650520106988594
59.008383489083535
64.45097109191839
73.21569292257325
85.41728352855822
93.61230318518261
104.38725145499852
111.42626148406256
119.14018849502268
129.80563738309363
138.9335081468634
145.73505862079494
147.70048125829211
146.70374429584146
141.80291633728217
135.30184780493357
125.77702185728334
117.63551783015077
109.44051538198447
103.63525938259053
98.3335560676154
92.30497517788052
87.19216260676481
82.48887387996449
82.64831147445365
79.83030261062103
78.09208103772048
77.80947504206694
74.18161471138099
72.1104905742229
69.48742595681384
66.06094846531427
61.09397503538313
56.02085780519705
52.26742371439402
47.748925336858136
46.222246450049866
47.19198959515641
47.70378921284928
52.1617249638249
56.74208812968688
59.69126144924565
63.10706825993768
65.6524045117811
68.25240447925314
72.49073903455445
75.08184443525086
76.79914422864056
77.59812658635049
78.7093656441083
76.17545506076402
75.20474672928522
70.21684331626398
67.16299535259198
65.23806509650792
62.04697983534354
62.495396895745
60.235344504968054
59.79616151804256
58.06215879410029
56.36888551980431
56.27803871698525
53.3842113359199
51.043879319278666
47.5086473143073
43.98558370640433
