13
26
b
98.26209916292763
98.05271383571022
97.72486142858804
98.15701540845167
98.46238361815676
97.62553156142543
97.87583061174378
94.45328872769818
88.61384359694077
79.99482505998785
76.5277421466165
69.40371769947075
57.76039194481415
48.40825519990496
38.78239739024815
38.938712778403165
39.56011439872362
38.94649472854979
38.555198714679236
39.97068132711552
39.219470398241675
38.63333505926778
38.90601973118665
38.5642163800699
38.53702242534131
37.347487939824575
35.30496686945537
33.89546751264333
33.15230073330709
32.26192275947136
32.575051569341724
33.865874887031595
33.92198292780681
34.141226626049885
34.048663302039756
34.525966653987524
34.18463514313881
35.25647942702429
35.81603145766069
35.952086134342935
36.61041998817887
36.771072033766295
36.44565143071388
34.48066363749922
32.698434842796274
29.159846197364654
25.766440826486416
23.513312468847722
20.851911615208543
18.492255307417743
12.926954934450698
10.17699948391106
7.168336804302761
6.083924443418541
6.979074053053142
9.759947084625484
13.443994530487402
17.2532228900745
21.694026980000487
25.354615255114194
28.805000286095407
32.37232617294311
36.14849517783126
40.51360704760509
43.18371227573869
43.1980409470781
44.24639281276554
43.13111541008618
42.19823965419698
39.33566495295784
38.55354810098831
36.43325128823175
36.45435446645907
35.739328618734085
34.156610140840996
33.276881087967446
33.028970224770696
31.95523215984289
33.11468599704852
33.83453087099514
35.46570854136432
35.864699754355534
38.0369568380252
38.430072447116814
39.208195349757546
39.89434263992616
41.266703621166435
40.94196661879771
41.58231256277512
42.76742465786399
42.99455860041357
44.72824848604392
46.95501843232968
48.85327005912237
51.71132253168528
54.19419930253503
56.6489247789426
60.29702961491199
63.18741306558348
65.7913259542843
69.03121809147802
68.33551815793777
68.84272533762007
67.95371749006401
65.33948324799631
64.60683451714686
63.0400088126814
59.33886839520191
58.75550696342967
58.089391443420894
56.368779911744994
55.22306182186153
53.883278481962265
53.86775811380487
54.4259588360991
54.79874388760629
54.75681472165833
56.36368107905242
57.33954285767692
58.13969134265536
58.707176322189916
58.75214338162359
58.19818209098024
58.494722134250075
58.37537551666613
59.28240883073982
59.27514779491457
60.50767550600463
62.220445818935204
67.35772410695499
71.08513632738979
77.65882317470705
82.35010768653673
86.44174279388004
91.55630179254675
94.76744600025218
96.98339878838436
97.87446083662672
99.23552101338926
99.81644977965927
100.50944969806257
100.59107737188344
102.83523168073533
103.72254919870342
104.70896477004348
105.4005999246026
105.1906886322675
105.44402896678152
107.85097521312734
108.57689501941589
110.2375734433225
114.35030129569097
119.17404289305273
132.88043357356491
141.12997085708344
153.24362553939042
163.111248285991
173.83636080165107
189.52503403469913
200.99275445934262
210.49358788599204
212.2850539455136
213.18411876468474
207.6803496400141
199.23928679640872
187.59464591468475
177.52565918644652
167.31628973168478
154.44351058203887
143.89016254220863
135.42732703666985
137.880431120205
138.8512580760055
137.9232361671905
139.33202261276074
139.89425259496596
140.07963991766377
140.0035681333079
139.75986261134923
140.30031573005832
138.65504099053723
138.07463227160213
135.0712369619031
134.15608580796737
133.43949604380376
132.24673687622393
132.820541131266
136.40616993511978
141.61611630108652
148.33244863716527
153.30681640813523
159.32664053794466
163.90412142444748
168.03856511778181
173.91355313004837
178.1260990388522
182.94227358237038
183.47819048408792
185.75117796993817
187.64288037709892
190.08188764541717
194.27801959609192
196.61416487433448
200.3465498963422
204.84624457855523
211.26187340931455
220.29711290741787
225.92615788664813
231.20035882795594
233.35911195356798
233.61583325104561
227.21459608604638
217.85134289644412
203.97795842776893
194.39047572815227
182.3288878855837
172.9654080156155
165.42279869289243
154.83355613090677
146.702483150863
141.2967480637105
139.36485014407788
137.10024541469127
133.68648487699528
131.0742624592816
128.0786814421121
125.89286119466263
122.77658805405697
117.0378440543724
110.19913923175483
103.1632725250135
95.42530897472602
90.96604052498003
90.30740160573517
90.43196467636612
91.11999995289662
93.14684025860362
95.73338011343608
98.8157893242895
100.33742939049066
102.08164587299376
102.87359366482646
103.90940832633842
104.99713297124485
105.83371662381842
105.79231583108083
106.20486928642691
104.17075632211333
102.25764828033977
97.97065499900364
95.7229822533511
92.78329390224539
89.52592872289685
87.76665938367904
84.27586014853534
80.99717395497042
80.70720967888394
80.1731964701714
79.3497176564417
78.30406214556676
77.15903333034848
77.01416210775143
75.65321109700011
75.95738826373551
74.10767081561406
71.37538635896205
68.73376199600638
67.11687520303455
65.34700627171064
63.61611957893146
64.01814749984456
65.53188985298317
68.38964690009833
72.44208666342963
76.21145650003803
78.54530645416622
84.79716282942218
87.72684996707675
91.640491752479
91.66238049526955
92.87799144005429
92.32697064062836
92.02422722371134
92.09464608370514
93.19425770040414
92.39607727679078
92.1334228214404
92.65742120384559
