11
7
a
192.95615892052814
193.26896797629198
192.7145548320971
193.24244031205131
193.01401087956364
192.37447495002905
192.45052160818898
186.21645549860935
178.5686853829662
165.97105619067256
157.52261747579513
147.2444113580429
136.3426329236398
126.87069648411529
112.13480102774543
101.00620147396198
92.11424231895089
90.00893010893722
90.90754763690437
92.71794095550962
98.24235662081352
102.17348256410743
107.279749710034
112.93441541837733
114.58607763384242
116.54681528189252
117.48160069942516
119.00635800228507
119.88401316265603
120.30168937402199
119.56493193370927
120.74519532428978
121.4448154525693
120.90433107447261
121.98203826228594
122.02187319729828
122.29788516851872
124.73218134173433
124.04316388786064
125.11999637924755
126.06978014014959
126.23840969585831
125.97375429109552
125.80420953643508
125.36720150627126
125.61797107545968
125.26951563816425
124.6790090359221
125.38493027717786
125.07590465835554
125.23750321840434
124.35095829460178
124.60950486216676
124.58290647212132
124.13214906279053
125.31200963709891
124.4322746040846
124.81706487436091
125.7704792609817
124.85419127647427
123.6960374506413
124.31012789068399
123.39747333735967
123.01366310052676
121.8224238369382
121.47478590276624
122.03315095750835
124.16696007587923
127.82477548691888
131.4276355016423
136.00259464084385
140.31814170633868
146.7189861904765
152.0270381020142
157.3712081295279
158.00968120608718
159.0245960046354
158.36436483244174
159.51283488668935
159.35229557362567
159.21179754187378
159.27773738108604
159.25862360539995
158.4187621896287
158.75573108526532
159.0461562796351
158.95309140224873
159.3010749960931
160.38873330675224
160.9699535540216
160.34665979459322
162.83198985001437
164.27909730674207
175.50752658473365
185.71251021459088
199.1911396895729
209.36257944119595
217.36130091362585
230.33003730029134
242.433361467039
248.77536714564366
250.81190874746778
249.87583432341566
250.20664257137716
245.23448088628191
242.49098145801105
240.4871276247976
238.132073380427
237.93219973978134
237.78649187053918
238.62366885419306
239.93821578347737
239.78991073049613
240.40851785921706
240.19232644384644
238.54516388967585
236.33442578486142
230.9988658654616
228.57659273327067
224.63233693360004
221.90444048137778
218.36415351307937
214.32743169556505
210.91090525544632
208.65291410364713
207.65840008398504
206.7668698834428
209.03310982647582
209.27707208678544
211.49482713755094
211.23987342264388
211.88109866329427
212.05962340592495
212.55850987955617
210.79350785622762
210.25183014649735
209.4947921047442
208.36180367398364
208.34791519976093
210.95231321053583
215.91683776422647
220.61314966901546
226.60347480007317
231.7348464781131
236.0781244150596
240.927378233231
248.95331405945052
254.09751717321728
258.59737330043606
259.0808538598727
260.10021341647985
256.6896910303907
251.3709897111193
244.0934897556145
239.16419411379266
234.1208217476831
230.0972310590444
225.97154231397917
219.26780618055537
213.46128269495242
210.8815213288953
209.80229274420012
209.36159424240012
213.31711594087727
218.80917258312618
225.6519182613511
230.02471932989417
238.24390626208304
242.6244222823238
245.84384294007776
251.02995985902334
252.58928358347475
256.55901785978233
258.71782304756147
260.0314677454715
263.36838961036636
266.0852280669461
270.64077717710813
273.5158648024193
278.4467420277655
283.97128251549947
289.4951301841994
297.02624713441753
303.8953583632646
308.05804230262504
308.0222918672929
307.57541573188837
305.97065727565905
304.1084773156789
299.87799858161
296.4938020932973
294.19436626475976
292.3349964866081
289.43280130304385
288.5305629559884
284.88810549063555
282.1560485636237
282.6586544132413
282.14653145648197
284.7258284744986
289.0493955195268
294.932687304066
299.02200218480743
302.39075967043567
306.8471847218196
310.9690920814327
316.3410391737583
321.07449076623976
324.2848397338882
324.5489930140216
325.41708756893576
324.0682967934898
321.68143944633954
320.19466084805015
317.2502500117058
315.4718793976925
314.98446228239317
315.10024158443696
315.2785166007733
314.9033176118899
314.1353452087351
313.5712108119827
313.82586123665396
312.9783306467023
309.63652262465865
304.88195779314674
299.6451256192799
293.7717737459161
287.2734216810432
282.7302322190891
275.4793703063512
273.7333933548815
271.95249486567957
271.21494373805984
271.5727915999347
270.4563131050466
269.6300577838583
269.6880615793239
269.16336748277735
269.122569722603
267.12295900871845
265.9988396013592
264.2306428908301
263.46969864490467
261.6779050283231
261.1541003708439
261.30475414606934
259.5306753683249
259.3967452764434
258.01209405226535
256.68233470930846
256.33565587939694
254.3303576060407
252.81257414125733
251.07187409973736
249.4273939760884
247.9574546042309
247.7785530350841
248.32072004531565
248.00609499545382
248.97674393731302
248.45314851314512
249.8964345546378
249.4174972951386
250.12325446262773
250.49238723232037
251.57753214499348
251.5874627968362
253.49855693085283
254.31866283184735
253.9286089932043
250.74903298537362
246.72166632819471
239.98221342686264
236.54484432599176
232.35200828512913
225.94164919224298
222.30535190719644
216.37345992269988
212.24562416915188
210.72476566013017
209.33302710217862
208.56441692902192
206.15163603348546
204.87215216323304
202.97129415794598
202.31132325542407
199.8763820293167
