3
18
c
94.07155861257974
94.56410372433753
94.09705076461813
94.27544957869438
92.93687405368631
94.39795502032625
94.3673828320748
90.61521977409139
86.34857010343126
80.76616065190828
77.92677962959652
72.54328691171119
67.027711639791
61.43245245635331
54.53111014584775
49.50022390009684
45.40654636183335
44.16076708558956
45.177880174500636
45.40478707628126
48.51809404607405
50.51382707037551
53.165900926709384
55.73490769763214
55.73360961637762
56.59162389028091
57.183636416384196
58.26977511378972
59.81071200221898
58.343690760109546
57.81015406388474
58.84458479572623
58.30394977711119
60.03116593087854
59.33786455028352
59.19444839364115
59.315408908480215
60.06871446842676
60.36932685956163
61.02783713110334
61.60630472536446
61.70038092866746
60.70397322227718
60.996837735171525
61.52673354096131
60.48287014146723
61.25923307285424
61.38951955981974
60.02988834154595
61.44650787493473
61.183879906956754
61.50301803115028
60.01182890429015
61.95069373665464
61.2131581077982
61.30818114063064
61.02380281619352
61.023513311371154
59.7156215259668
60.40610629030072
60.44022955411641
60.88676446075147
61.121082176935325
60.79475783165945
60.45763794310192
59.67738557942977
58.851327640526584
60.60782694723211
62.77452289776094
64.95220787480271
66.11820038843275
69.08818724168503
72.15776660178275
73.70744261982868
76.99319914904937
77.89804380424343
77.13924474475334
77.2371548052911
77.58767712731705
77.36473213762883
77.51034082058472
78.18740472985722
77.75581734156013
77.90736496549482
78.02216613975519
77.77931221115321
78.44157217590697
77.175154391287
77.95697284775204
78.32767319823944
77.57874401426558
78.64377520837186
80.63815161841141
86.49877367411167
91.4023649970161
97.52824786410528
102.24368255162881
106.6832714413701
113.31838369361034
117.72321833802125
121.45487297966554
121.95317865594717
121.99220615297654
121.55688978702881
120.49250568518981
119.2087813212254
117.43895862846432
115.54319549844513
116.46680975051184
116.48175505080393
115.90918972601192
116.52376033959148
117.57198982833724
117.58565567468267
116.42550196034529
115.48756320918477
114.84957620298489
112.52339463063959
111.5868467272691
109.70116960506883
107.76330827718344
106.49116086090075
104.96872922522029
102.50991645277713
101.42223782569226
101.14116691966548
100.74569996791433
101.4071801040795
102.15929891822273
103.06823906411886
103.11049860412155
103.81562789576338
103.5461881986195
103.32873772779409
103.10503790464011
102.06631646697592
102.36688741867061
102.40104418457265
102.49265005895765
103.46069531751536
105.534467773608
107.85512265291429
111.14198440046577
114.13131023707713
113.8584246901688
118.27012052774603
121.57865744403908
123.85586146452901
126.57476138552465
126.80751507424425
127.14340911880599
124.61449460021743
122.09534475656524
119.68026045449768
116.98638384694128
114.0271591549174
112.1740236741843
109.73329904553562
107.07736588191027
104.39320524039671
102.4406785987382
101.81241195826126
101.9254609197646
104.23922657147496
106.00864317655689
109.22840816204582
112.66739882126897
115.84258155902407
118.91856980120754
119.07896688454599
122.7442411245898
123.43001050046253
125.30559395952871
126.0534747052991
127.07802290717713
128.02856296439978
129.56984672783403
131.79326129549494
133.38339809017992
136.20998664786777
138.3614669933045
141.00124092858695
144.81941433605726
148.57847450677752
150.45319836729212
150.9897159300356
150.85937143482266
148.7789962024354
148.28707802401922
145.9550861109939
144.60846097591335
143.85462512316556
143.5407833213019
141.29697837091783
140.70294227888675
138.76647868210708
138.16465155651935
138.1120371382649
138.1285181391627
138.96904919980298
140.80205735061773
143.66591111202501
145.5445346207378
148.0935532485
150.5135817946474
150.9495334691204
154.14643809807114
156.84122281484534
157.89427609102708
158.16742767599467
157.5037667491729
158.9976384654966
156.431593830934
155.964608662649
154.96274473479846
154.4142773415284
154.13593921851938
153.30875382339238
154.07521840123016
153.77218117870166
153.3321267195277
153.33004676173945
153.35641968074404
151.41949156868466
150.6122323347786
148.63873139571297
146.4423712510024
143.24156658769743
140.46428699222733
137.79546517802657
134.2791037400078
134.10496417496014
132.46802530778555
132.57861396065502
132.13227251341607
131.44428902513428
131.51554067986365
130.7015662883627
129.81573184951435
131.02592089406306
130.50639138504062
129.43320053047023
128.96357607633072
127.76064701223251
128.329215929348
127.41996512460902
127.86061731342073
127.04502387425681
127.13132220616077
125.45498592726898
125.4894131212676
125.5527832138305
124.43704423566419
123.17696334331337
122.42933574564935
122.47230673753401
121.49657451739589
120.7623219595833
120.8975780705593
121.78614430778147
121.52062780903468
121.75148035894894
121.56390707384048
121.64660046948795
121.67574642543552
121.47753639292081
122.23049294776125
123.05765736052284
123.5111191127137
123.86131827192558
123.70735665130854
122.91944381725071
119.33678405854265
117.18296615385806
115.21783172601883
112.56851499677208
110.17112598687662
108.19035519587267
106.16734088608443
104.52566772687145
102.02443813862688
102.906203462129
101.70933923709029
100.89369617648288
100.552661400702
99.75974901234196
99.05041733348762
97.31504309175041
