4
23
e
275.9532317379016
275.688377532251
275.32636940277035
276.08548366617555
274.7448834679262
275.9425916255123
275.07103923222456
270.7968518685343
264.6179655902117
253.1120794768617
248.34065942337492
239.70988519357735
229.38530448606727
220.98092557387744
210.4943058055828
205.38374632821083
201.93558483307206
201.80611688116252
199.47679377386876
198.77681494996006
197.00510830411295
195.21771178928697
194.37645286563293
193.06290295803626
189.96477052180543
187.22615331968544
184.01363403411685
181.19227984747945
178.26591136887157
176.9979050206193
175.9786546239279
173.6968340098509
171.11299349400153
168.44180207279857
167.1025481685691
163.9469744103048
160.6336888309872
156.99005967558887
151.97118375232256
147.70835152126028
145.23684463888372
143.59592844358977
144.05034213601604
145.25176781954085
147.17790017812425
149.58217906540327
151.6942173529696
153.75205542512177
154.75875318254967
155.3256680717835
156.15803123582114
155.15391698272757
156.3538644863802
157.40677866260077
158.11528753699653
159.17382889591963
160.2183923978719
161.3284911536874
164.19910513490672
165.1033421763772
165.41162319754022
166.9483162590946
167.6508872948555
169.3707555133888
170.03377197549568
171.45250524958223
171.69058851876812
174.99048737858075
176.28369219944878
180.52968707298209
182.77801462918612
185.0460602007228
188.48789728217784
191.18565545667164
193.56178662010004
196.28670875351628
198.34200788084433
201.3642537659417
200.8225987086271
206.67781859031763
209.34552381054817
216.16772019702302
220.9260772983206
224.9958556713488
230.42372618932956
236.22430278764796
241.81071440893848
245.22467445227156
250.38573334297976
253.50404468724082
255.00094226951452
259.6302526532606
263.7790515654997
269.01412327343985
273.233023369238
278.5431847039633
286.1002588466505
292.3784280772316
300.1601579860962
305.6889526239634
311.14375756435396
311.7532637479679
313.73208844503046
316.86481856066194
320.95060967522824
322.2482996140708
325.5136190207559
328.74816761761736
336.1006570920127
342.50211391292544
349.9245039674272
352.6889738998099
355.2862175466748
355.0012699105739
355.7639994904579
355.85952659730697
356.2719771307424
356.12940349908564
357.2236572301834
357.3119021116116
358.80630738499883
361.31695184738544
363.4223738684731
366.195645530384
367.04005345778364
367.9962288997424
368.0182050612638
367.03974316016445
364.89078977033955
363.5451876085946
362.8364808338906
360.79420322763036
360.39817970135505
358.2555371065154
357.1815199131959
355.82434580249634
354.7230444330339
353.3235182343973
353.8400763961598
355.8028673576094
358.44872721892744
362.3914434630531
365.5236774031023
368.0139117717095
371.18499414832814
373.5539086158705
376.4523844010289
380.803713258976
382.3535420979602
381.8980693150355
383.08423707793503
381.92814668583924
381.5941542829321
381.1139795316642
379.47085966379257
378.3456764044697
379.032552896457
378.0177389325514
380.05778410357
379.4530541547029
379.5232451237758
378.7757440519357
379.95172182403604
379.78599547148923
379.3565030154555
377.74530930149336
376.7365385433214
375.0543500475675
374.6837473440241
373.48016841398055
373.4560746466031
372.2265863715894
372.41155591923456
371.38739145876167
371.6621549667161
371.21676198322507
370.02736256274045
367.5557588165599
366.1161878166933
365.1769070537677
361.8301370336128
361.12009809760576
358.846037866304
357.6664824508565
356.49455373171514
356.4968659673765
356.2681403173702
355.67951594018444
354.74212389181054
354.6288290611119
354.3845912042761
354.4176954304692
353.3032916175528
352.6478309849036
351.77278441951324
351.02809292610294
349.8485201832125
350.5501612190189
350.1703576745525
349.410227730976
348.12053343008705
347.92723698609683
347.3442122833091
346.87860135869755
345.8201433841327
345.638440927223
343.28920087264396
342.53709425889707
341.8269931747668
340.987625116108
340.9402647337919
341.82368416953153
343.3793638687677
343.74669192595104
344.65455430846856
347.0460508863986
348.0401898711036
348.26933970862353
349.35552373264466
350.312653207306
351.351147064225
352.1342951051245
351.04497563806837
351.72610482620826
351.2220457754232
350.4706855062052
351.2914667230594
350.54879516982174
350.0798974548684
350.08585840404595
349.7181022769194
348.0716654443561
348.37958109879474
347.41360856506014
347.3764855889761
349.43875858113734
353.0827163960969
357.2545280818924
360.7235880782278
364.17177408171494
369.93583298752867
373.6509392800506
380.297440063488
381.25474128418676
381.03890042535994
381.6327507908043
380.6615234889739
382.416765769296
382.60232141283507
382.152852018685
382.25459450340907
382.3677760667849
383.2324242440029
384.5601761937504
387.26986331303533
386.8671786329818
388.14616040738986
389.4416037628734
389.7134148534193
387.60007514488177
386.12223356643113
381.8398496211104
380.8773831806204
378.7366535693308
378.68139234830863
377.0109509358143
374.98515745337227
375.47470522162786
373.5881219951829
372.91519075107794
372.01242797586957
368.63521718216504
366.2882868393007
360.21784589482684
355.57192518854424
350.3875148114563
346.94610860184235
341.75489470928517
336.9812016574265
334.5640423278726
329.2726607195998
327.8401286294358
325.0934917914719
320.4212195213152
315.7802290803327
310.89786780274
306.7437641558808
299.9351934770373
