4
16
b
145.2345373182664
144.88570706550956
144.68513903054432
144.74248782791022
144.24371616452314
145.0024428424383
143.44675380123425
142.35879196972752
138.6850645411713
134.02655307820118
130.41003752443382
125.7845865016597
119.78575009483052
117.02544551442416
111.1431203726845
107.57608484563698
105.86513801965226
105.5193595524586
105.16888582374067
104.47233343482404
103.94585719637135
102.55253467187804
100.94041740414511
101.4672449347218
99.4182346472773
97.99279130169265
96.4836334242296
95.3927259160908
92.58719282485454
93.09929868089912
91.91651131151424
90.89145746301216
90.01000363112067
88.5430456725444
88.57683693017383
86.38117460857035
84.21346979810308
83.03134306507042
79.26361250811499
77.3629694975982
76.84443863676044
75.65458854201849
75.63988877144142
76.97275040027428
76.73048969479674
78.46778439834821
79.73128159791987
80.45376820552215
80.51472797101582
81.53865901348478
81.56690973052015
82.23423787982684
82.07327316735548
83.41576538469566
82.81969206849041
83.96204368366844
83.91305909150849
84.50839335979857
85.39353173127255
85.91018671698876
86.48317109945671
87.54145267772054
88.38264429266144
89.3392204025712
89.64383604450106
88.93115682663979
89.91512997005297
91.42685389754136
92.88683087774196
94.84552817941902
96.2625211860175
97.69091425129545
98.27312732824754
100.83993461499533
101.63166547230585
102.10899513123522
104.90888208173185
105.25913506448964
106.30296917029057
108.39602349520784
110.01548251824939
113.55629114707516
115.2024011591482
118.00714718712712
121.4863840719564
122.99218178666018
125.92652469570196
128.5751768167643
131.3143205179854
132.84574908954139
134.13044122365133
136.3030919161584
138.4726258304886
140.82008151362677
143.79552980943015
146.5792046003119
150.1731503083013
153.24318451158118
157.10816961645088
159.81358345885695
163.05215367599396
164.02094982389136
164.3258885112763
165.87826374703127
168.4107380364314
169.30465289602694
170.86276563984552
172.30753818574934
177.3648102158619
179.2237344013554
182.97612883447732
184.11270559855217
186.02420911390385
185.81636520516415
185.63817293005846
186.91054759577256
187.05591261011207
187.22475757946916
187.3271255449863
187.44335644891532
187.64442534785053
189.2348066084494
189.81114964573956
191.98270817397793
192.7369947953947
193.72550786664746
192.75005893929378
192.1942843641703
190.9749554006929
190.35667611122926
190.0643390135781
190.78582952248527
189.11325786167626
188.63836063322208
188.72450256379346
186.53739365919324
185.9176610496912
185.43545508654466
185.69138090786296
186.7887062634252
187.7856033250606
189.80852909872027
191.04608228584095
192.61833826296544
193.2607754798828
196.0111465474447
198.0896973572394
198.52188471350644
200.37499440691172
201.23870064606987
201.18835793630095
200.6158330746045
200.2026274182542
200.32308594124
198.83170137540338
198.5862535873724
198.5712859890288
198.44440912485888
199.13843258539933
199.6289260174673
199.33861868975106
198.84687885358545
198.9231453588
199.11069727938192
199.23563179792686
197.04608289307512
197.5372829491734
196.5683295234315
197.55325967849933
196.06869387383946
196.3107462175637
195.98775801993676
194.87623811120721
194.64325100969103
195.0005767811662
193.10900744157675
192.79674601018584
192.34130500943235
191.48804958232483
190.84919423582238
189.94973328280037
189.41558731659134
187.94511854881128
186.3815939178951
187.28901671662456
186.42609795680235
186.89921045532134
186.53967703330494
185.1307230547439
186.7019597016225
186.58629139679292
186.27341379440873
185.24621052432218
185.48312289762873
184.15490790526553
184.57029332091457
183.94612092367888
182.94531386409167
183.86702589593833
183.24827295117652
181.72542086154706
183.38763824174845
182.01281214993838
181.50992912186643
180.72961006197283
181.29874139630715
179.4088494669632
179.70285990616142
178.33811188407216
179.12286105332495
178.7700388190768
179.41520067980173
179.85759801190233
179.83902846181763
181.22962769737714
180.7172634655122
182.46768693258997
182.21252949025546
183.98131626262227
184.11363422142213
185.1205520066011
184.53633641537743
184.52487696502138
185.2995456921314
183.71656393650616
184.70451043637678
183.84633962464795
184.0580693984371
184.45781106357953
182.7739842173979
182.87523775219125
183.03596268971188
181.69318955890108
181.7149752346153
182.18120800544176
182.7576105188947
185.0919997632353
188.06017285376188
189.27101439714016
191.45056591894797
194.13427826604246
196.8005752724693
199.60756442091912
199.56720213900587
199.76641887774463
200.25682450089275
199.97844819754286
200.73469501311124
199.98866334753444
199.8530073255368
201.20944855035603
200.55223877157044
200.83823397214195
202.7562410390424
202.69479011369785
203.01721669920744
203.45948847869303
204.0569741897073
203.20980343312596
203.74864448209036
203.0595443098032
201.11147180712726
199.68820528008004
198.69721704642382
197.86554738524592
198.09411922228895
197.32273285954432
195.82996811015153
196.35420233255817
194.76809415091674
195.65868324451955
193.63125182781337
192.04492230677556
189.52690935808894
185.6572827167525
183.24208698350202
181.37081115748458
179.36951222138404
177.34897023843286
174.83561420053513
173.34512204913833
170.63916870085333
170.64061201428166
168.59633173088895
165.8107689928403
162.6164257420818
160.20861236112071
158.4000106576162
