13
17
d
46.70214161361134
47.870847200664564
45.913426583093226
47.72663252860503
47.74766505525156
47.265520566994915
47.66996609412597
46.50693334744729
46.03583554824789
45.85204354431028
45.18219551340658
43.37535288614279
44.53186840391541
42.055666046170316
41.36908741637925
41.699269186622004
40.05946170968645
39.52361996050904
38.80996680290881
40.84458771043174
42.20046969393647
42.913501224386
42.474526717137415
44.74333478182449
44.95524836159178
45.449188335498235
48.63595621145402
48.713374916701575
49.944946220304345
50.617429484922845
49.825962985094506
47.46662973219624
45.177553420164934
41.31447338518054
37.183180184347215
34.259053251993464
29.92617796910918
27.130244172666707
21.922552591124933
19.00949583503457
15.753576465825034
15.332022070191272
14.987651114053929
16.72981609516242
18.72394775763406
21.509811721803842
23.933139342217288
25.663892607367195
26.327320665001203
26.931432167023967
27.127670984085725
28.269035106056165
28.246873290065402
28.85852060118513
29.67825371011583
32.931866122708016
36.21309892965282
45.130209514219025
52.55778244391112
63.37100911929028
69.92291667033278
77.72840521791338
89.08731306521939
97.17057244785148
103.14947136073215
104.06325558138518
104.91979581026706
103.47394637153103
101.51691988339279
98.18924157610196
96.79102352590449
92.32067636063945
91.71578341724218
93.38363266735875
91.55874439229596
90.92055756984297
90.06870692188966
89.01666623803787
89.16199307731114
92.28568850043467
98.02874792463541
103.36237503427854
108.39398167913751
113.95971678469517
119.34071971797229
123.55185137135416
127.923059130371
132.960671145626
137.3280353773107
139.2333275712159
140.40896880715763
142.15163368442887
144.90500727113985
147.43153072664586
150.98870336844814
154.51510555824524
157.5281422825094
162.96147047356322
170.7662554306729
177.08749314671368
181.85968757086496
182.63847861984678
182.90157698351248
178.93683029384707
171.3686415540039
161.48697401127416
154.34034773077437
145.25208072199445
138.9095721324543
132.52202283924674
121.37051215641903
113.66313746958943
107.19632859936348
106.06613568258967
105.56007600619209
110.77915478234142
116.24080811719682
127.30873498231011
134.88430989394686
144.05932769343204
148.91808359661778
154.5564421991371
162.07116478050582
168.25984949419276
173.95459986286437
175.1186640669817
174.8997814472009
173.72006059240778
171.64247002337387
170.01600297027906
167.60920621594258
165.87759789223955
165.96146308884116
166.83184975425777
166.64148798989885
166.79152945400355
167.0247387912
167.47726666663
167.1863911264762
166.32189511779842
165.6336151491401
164.74819274224018
162.30803345964242
161.17156839903268
159.609560860721
157.41553173995024
153.81872088064569
150.69696582354277
149.06401294450092
147.25150750376366
147.93591388642028
152.8682516999448
160.3256234364255
170.80720266297493
177.72399542540427
187.62886916111972
196.5765006680205
203.27934565857365
216.66848413965414
226.15952612897976
233.54725904648168
235.82141606289895
234.52836139391124
229.0677500385014
220.57890074958533
206.72171689395276
196.01531887913177
185.33181476360627
175.93189063711182
167.52029472628888
154.82506441083552
146.06882911848382
138.1878423431349
136.95736012266187
137.71752085053174
140.1255579424123
143.63329906841125
149.46129165121604
152.8739097822736
158.25621884021172
161.32194341413563
162.81879722871489
165.93487943870028
167.52794196417977
170.53720680642746
170.02532548889292
171.32568130629681
168.6565381034435
167.00086844954924
163.43738274776032
161.47082074547998
159.2863946682995
156.01457420702584
152.12507378800927
147.20988002595658
142.51660802746704
138.06749466926362
136.58123829685226
136.9259438820562
145.64145924338627
159.22911237093027
178.2637353383957
191.612751351097
207.2496911410857
222.50841449308695
238.63522779817845
261.6050034327606
279.5777898890114
292.91533337614675
297.4732170500085
297.25405344823974
286.9718680906762
268.44290060517767
243.2182229603688
225.23880064610748
204.92779552459973
190.45284963050406
173.4659733719319
149.87713798590235
132.0830064422822
117.4438515250418
114.04370642791302
113.90390878898413
123.70953180989326
140.2888298410481
163.83341267567397
181.23989281515304
200.49561044116538
214.63942646622039
229.05298117702773
250.34893891375305
267.1145415942938
280.7339577251473
281.90277182615324
282.5204438397679
273.93342636489507
260.123038492731
241.52600485208674
226.7894725838035
210.74489693568847
199.20678955950956
188.9739309326115
177.824590942464
168.32171589437615
160.17084202971907
158.10594494875744
156.14612256363787
151.32315369769512
147.55711830751966
143.12654673396605
139.66333857421785
135.62532356608077
127.64517739425446
118.61916178257216
108.06918540958837
98.37116530024237
90.58138933287982
88.92702334217444
89.0126249749707
93.54748387867346
99.55275790419266
107.90679084451826
114.53566324451508
122.84736235813845
127.63200853000856
131.3726947966048
137.8635395619719
145.06698661211007
149.26540871324
150.87863417993842
149.43823347242315
147.19399271648513
141.5837913282312
136.46400584148387
130.90283943097194
124.56757549693823
121.80166483928438
119.87291096454803
116.57277647646511
114.2593265796996
112.10648482349812
110.30543338069842
107.22323250766432
102.47082846514502
97.50421653199115
91.09014560368227
84.80483399699482
77.66541650970873
