18
1
a
64.4870606083282
64.69550800286424
64.96623557253687
65.6232723177923
64.9342827763325
64.69982698978758
64.77814436777663
63.98543179583093
63.8617133935235
62.51231608177797
61.89004628168634
60.610782637183576
59.40920462735438
58.65201890082322
57.296635949635245
56.79788409265026
56.18651942745396
54.91678547002285
54.6988351564391
55.30636016310637
57.36831490375792
59.005572415672674
59.09951886113673
61.412263800616756
61.05496709239717
62.91203960902946
65.259952766473
67.28705353905765
69.32608076818714
69.0010783709069
68.57160453016144
65.62945245131544
62.607025102556854
55.998567661179735
51.22180775794201
47.212489516763796
42.154793556298614
36.748373656240496
30.90352764663186
25.231886111669397
21.67481226687843
20.684067993211677
20.83099538414563
22.377704411836945
25.516368659195336
29.77078869603414
32.84038984008018
36.23200963120257
37.58085024932423
38.00153348821716
36.571666582225774
38.08635479830279
37.61915632560011
39.97522218562591
41.16351365343446
45.33654095008962
49.10435141230609
61.66518892010765
72.16362423520175
86.00025815591583
96.5696949210193
105.28617966548681
122.47624908277315
132.34793885798308
142.5798910477043
143.44852061092146
143.6082333551549
142.00170056636063
139.44711164750447
135.2734915717758
132.42213109502774
127.75915587892398
128.0331781312884
127.32417025638455
126.20625785245413
124.47625188553278
123.51539851779015
123.57717077498829
122.30243209321786
127.51511410314423
134.03614134866328
142.64958227346602
149.79439135702881
157.12765447309383
164.72683359664063
169.89589286007498
177.7690027199965
182.94674237477136
188.6113136753049
190.88674682447825
191.33956324525653
196.6001747877716
199.51188619010435
203.37337607053084
207.29525242514495
211.5886822039625
217.3410735684536
224.98894229623227
235.2475647503948
243.3139101905475
249.95686596545664
252.44099454740225
252.39923115198025
244.76201793304773
235.9277538774637
221.41112101505493
212.0583960053065
200.62970892980988
190.88547448970806
181.81868955647178
166.65861825053398
156.07446478667276
148.44655868538524
144.66875239519686
145.4569301494496
151.78418046842742
160.8460146445081
175.0736969037772
185.49137731142096
196.9704274346882
204.58942000551772
212.8614536586012
223.47226294868764
232.7036040803234
238.68557911105873
240.56966968906406
240.0931639770153
238.74759240873868
236.6379892707021
233.8720761558377
231.72753418134744
229.3515191810236
228.5098996877291
229.15873025219744
229.75333878101807
229.5205357058477
229.78914973511738
230.93948414948198
230.09549360736904
228.91019463683932
226.8727066979236
225.10222507596066
223.9155022771575
221.1379066788693
220.1982010298411
215.581074990516
211.0080548162887
207.21772688791563
204.60119655445584
203.33802976245153
203.73132591984916
210.50447443241663
220.2329245218051
235.571098246431
245.11309266944858
258.5262209108989
267.9250379385057
280.41659346628444
297.22521257525204
311.8294551481526
322.21383009394776
325.64200110542424
324.3491484348057
315.7985831141397
302.64352764678694
284.1527374415625
270.5572239035544
253.45389358747283
241.69731913890502
231.12091670833811
213.94977943663594
200.9525334907908
191.51421090488358
189.7426794379651
188.506716023695
191.14734623457701
196.69770270412633
204.3754480759254
211.77465998538727
218.2118177008546
221.0946392994784
224.72188125873421
227.6016499371448
232.082067387575
233.66459970805232
234.75948874408454
233.84854502941633
232.23867160739889
229.01510347515875
225.73055997708417
221.22094083085483
217.59250845012875
215.44580767137703
209.77362081990717
201.75452771596792
195.8251200299074
190.851912674239
187.50798315828146
187.9628495500117
200.27837599598718
217.92387127612605
245.40794257969895
263.91881494986876
286.32559288607695
307.4559455539774
328.43473749192754
360.5753972667123
385.54303610968907
403.4857808738237
407.7943906408072
408.38966091534104
393.052496175025
369.54909793614655
335.8317184339786
310.7554163223614
281.24091530874375
261.25835717450514
238.67768102626545
206.27763346995357
180.3333172584201
161.69569319809872
157.55886723355738
156.16503629247046
170.88736762867003
192.73631291953612
224.74334113478898
248.59056273464378
275.083603134642
294.29115605323796
315.2237632292758
344.626333465338
367.2684412536755
385.0603191611216
389.08789575369684
389.54672019010104
376.70476513466025
357.9875228181183
330.93537265698944
311.6753348811718
289.13882573833905
272.6593191666627
261.459824514017
243.8508919062227
231.24497450599873
220.82670085751633
217.02716456663896
214.29937172543003
208.83206343827618
203.31991739337872
198.839762297876
191.52580010484382
185.72511760593778
175.31059647618883
164.0019210597017
147.3812797484376
135.1407553158333
125.61810826173917
122.50111298804478
123.76900456930387
129.14524255120347
136.0010111310616
148.4932130161608
157.712923599484
167.8162715788506
175.00463560043946
181.38199639286418
192.32992446015146
199.41109933093784
204.7210617197666
205.01193800063893
206.54435919692244
201.9312572023087
195.32624713239554
186.11030855461024
179.13031414869468
172.07806602738364
167.94140607181424
163.97258913776196
161.27115624414589
157.9013080086699
153.36310152447342
150.7960869932118
148.82227057337232
141.48304909457408
133.6131324218663
124.98414591576096
116.87885913206816
107.51129643521087
