3
7
e
39.019940687025624
39.6735784290737
38.97243872360886
39.932592911384994
39.84699882371796
39.08156971844589
39.51661084364569
38.2676797636163
35.03607437044432
29.92491644655867
26.962048377811477
24.444224093703962
20.339713198744462
16.95855453729039
12.236526177719
8.591977354381749
6.14901784410543
4.842418558597141
4.660065024943388
6.428414988914341
6.247748931088467
7.601525782241362
8.610480958311653
10.246788391652988
10.15298299202021
9.79469667124994
10.131701434065128
8.897873893311626
9.656767405625326
8.274604760433936
9.238300021404548
8.978045647222576
11.64327506117747
12.289136378823068
12.629511678455518
13.836040737824693
14.851247474361108
15.194551924381969
16.72485397083303
18.587801995020676
18.8968845399381
18.981717429535845
19.274858393777578
18.44121961632069
18.034915032758565
17.293235122937524
15.370414106555103
16.395428584167814
15.148016812527981
14.866772896630895
14.119725079356197
13.361776449595276
12.384481829090998
11.304302716955231
10.62830552016226
13.130545280899698
17.406512123958837
23.92444117184138
27.438730175474742
32.45765199393175
38.82887831035614
44.194874873331464
51.86944934229896
51.81113604454611
52.35948007973581
53.00503454224978
52.38863330629389
53.496228481506016
53.63374996852951
53.861060043974696
53.70110091147434
53.852614833317304
53.94579326337208
54.7198880659611
55.71443848518087
56.34802619075268
56.69218838812548
57.40041778114198
57.17050124149064
58.91349981908576
59.55195452813192
62.77667517816826
63.2028481335326
66.56363409199245
68.46879107191667
69.59412457599643
73.53141105437919
75.59973031410374
78.23705033710125
79.45460550295091
77.57664505422672
78.24979502887199
77.13257950580065
76.21201421469415
75.72374648055661
74.9626945435841
75.57053133774983
74.88112842480881
74.08288810697337
74.13760814674205
74.4226652721664
74.56054643821722
73.83398606491178
75.04495442437931
76.48164221602092
77.6305085721856
78.83927753259137
79.84488157034853
80.90604702932677
83.00731401825328
84.36168815288289
85.94209069974622
87.74026818231846
88.0594327577426
86.86643158560882
86.04054283697306
85.15360874208274
82.6870339927289
81.55167221274375
80.92537753445029
79.84619860543256
77.37909605509891
75.32258400107476
73.35844984807714
73.09897638419896
70.8520486038133
71.56335543639175
72.6460617883297
74.82396317459565
77.55289595086488
80.81643889647104
82.28228180946036
85.62337004686293
88.21981292092381
91.04280179675074
91.6090687640455
91.04105786380856
91.17730142028803
91.25417581875313
90.98580786865014
91.29695533727973
91.62738486687249
91.13064486484848
91.3434384241845
90.99453638154931
91.4674928255197
91.40465157882254
91.06632277283201
91.37022463332926
91.86285162672817
92.22816586142075
92.8257097044668
92.68382211843364
96.22971116261908
97.95866820474957
100.77049951767815
103.3824526092524
105.2782328457883
109.31918398224386
110.2529306630495
111.253525363655
111.37938211452783
112.27009004160851
112.16662374387103
112.38887953407813
113.45025915783408
113.38593217137323
113.47695307591219
114.72257547139574
114.70225603664814
115.37715106850582
116.90389104308954
116.78576204550934
117.91055195075705
116.96470007281953
118.70431587202451
120.54175385627359
121.78720617092813
123.93618627484713
124.00077708097028
127.29067937573132
128.43774076729866
131.57971344931977
134.62079011976238
135.18413370299623
135.5659248406328
135.69828985723836
135.32550509862023
134.10663466430805
134.01787954503172
132.04299252518084
130.99022395221115
131.60488164399177
131.40894162146444
130.2699818458462
129.9036820693389
129.99566896763616
129.39323658179956
129.60127893372547
129.22457062683375
128.73456285030838
130.49863368831404
130.12205660666297
129.88267988765756
130.05944686346
130.11613682702705
130.9606783343789
131.38485862018143
131.54759496062258
130.5555509725358
130.61482425175586
129.5058004813269
129.15383963996757
128.17210436883
125.92941977488796
125.24692269218419
123.80500445046022
123.6798700121763
122.96012769666729
122.87455496969164
123.09309711738727
121.36006720110412
119.70990352630461
118.6787326506806
115.47443915287167
110.65805914760212
107.93122489232525
103.36948469462645
95.2648435670581
90.46657257480396
85.50127146029769
83.06147383809537
81.16264801329417
83.3451477850975
81.27601668064035
80.16805402062984
80.871649119994
80.87325417656899
80.50607897139854
79.71431276227966
78.79692250011567
77.76196585981228
75.79278610864336
74.44560962696748
72.40559635450046
73.39544324641822
72.1796721409817
73.58325237061028
75.23922075181989
75.67706859311882
76.06165002970162
77.43966764639028
77.95632009092316
79.2000869004162
79.45623801433617
81.02140379304295
81.80919830852457
81.85006477611412
81.09649012699623
80.35208662694463
79.03930690902982
77.57528160695159
76.11635511353407
75.80002282976828
73.95052054683012
71.2957681357732
71.70254868260415
70.87800552428637
69.2751865708558
69.80854321946548
69.28134912917453
68.75380231814542
68.61483305281327
68.05452815310079
68.9387839258326
67.64775910948428
68.33297197142653
68.0907951239941
66.91977729883645
66.51036426803357
67.10053630635218
65.71584612272666
65.43999629854714
63.116465138924355
62.449325948308314
58.90067320560291
55.79686499521835
51.626043603509736
