2
21
e
9.736250666440569
10.274201354162608
9.531929900497664
10.118264702504558
10.833037472067785
9.916704930200758
10.145540508579563
8.839969567771602
7.776004131993198
7.515511301880655
6.129864208108323
3.7393748494081165
4.3520184950677585
2.1046234368514245
0.4341127028475631
0.0
0.0
0.0
0.811081673222381
0.0
2.316956877770493
6.905362263869683
9.638660569974336
13.044683610675348
17.677655701549785
20.883734946848698
27.59563037647435
31.30825040672744
34.675316820308026
35.34749690866891
35.00501490596516
33.2506040932823
28.450345171663013
23.53061371683278
19.031951949293557
12.294684189097898
9.794207631919596
6.126981974708451
1.5351004197002218
0.0
0.040371876590410645
0.0
0.0
0.0
0.0
0.4040288176988423
0.19574093603330814
1.9124104171717557
1.8532992001715893
2.9884977911937045
2.9643503040040318
3.58950058019058
2.921745657657902
3.938410573124968
3.9915192868677933
5.997090133920624
7.830049044365813
10.40882566213246
13.864363874529214
18.574147977008476
21.235290626113454
23.36305917887533
23.566701138663262
26.42694031607765
27.953376948627902
31.452877921714695
31.701549872281714
38.1943100065725
43.04379157649132
55.693371489617164
63.8517597466713
74.13368959638025
85.91833280161474
97.27236857883837
114.14738765575272
126.91746766133258
136.8178181956437
139.02341449310003
139.85570718662836
131.71042606109813
118.6577927076553
99.8835157612681
87.63117060442713
72.74924778549196
60.58445730896656
50.35134038826608
33.336877967596045
21.283171137597137
12.74136174662876
9.648189150864827
9.98844639261288
14.006337742724956
19.077269953470392
27.737196733136123
33.623205233915655
39.446829296358224
42.605071865188265
45.31616542311009
49.30543118578011
52.516124642727334
54.665627231738895
55.06593521527721
55.560190663064695
54.90432929914966
54.2894921458074
53.36228323533965
53.14172225181285
51.29607470036194
49.78741387488493
48.01167224863672
44.52926012221402
40.67752120930234
39.00576965262966
38.052692554421625
37.48480739001514
48.55544673192397
62.565612805391964
85.75413616904952
102.73477563170285
120.70993185947341
143.87625529681995
161.38848563283253
186.3463961693442
197.02558247606063
201.39830449093785
203.93330126093642
205.5478403594302
208.85240360129723
210.888189302899
212.30491345680562
214.51651430287143
216.09166658069825
222.69914678457766
230.81487678185957
241.89764310992084
250.36910373769112
257.52907224311184
258.6741996032554
259.25193668020177
251.2101437187536
240.19781011924573
224.70525034181452
213.35688723931875
200.2748989994804
186.57602178285157
176.96145606365963
164.95003558534404
155.38055523375309
151.57270526613271
149.72580544955508
148.81007303418093
145.64392690259425
143.9397330327629
141.94267632876176
139.88086964808463
137.58138300831814
131.78559131628347
126.84665531315899
121.44876894850977
116.35831431122175
112.91106305530919
112.49345005788373
112.1792216993242
110.36744965710668
107.29060284480786
106.02109389511611
103.84485275108075
102.42251791189369
99.16035534622712
94.87414880147628
88.10088795510653
82.86198198996766
77.81282462644126
76.14124966049096
75.98369613142815
82.72808791244172
90.00130433776337
103.3762859222392
113.01586273373216
123.1196284642668
132.415736195471
142.62765592447656
158.852923726747
169.0316475640313
178.9218859124426
181.57074744661762
181.31684412253998
172.0116360176112
157.73847037537746
135.78891615368914
120.15591144586827
101.80786983173665
87.94881340508873
73.91796797963532
52.56507099685527
36.1257078154295
24.762752186973895
20.29580779913174
22.350525144701933
27.538900561394648
37.96960238464954
51.81240779894576
61.02640665086466
72.06359040408643
79.07258672589305
85.44994677119602
96.09431312308132
103.87437884943164
109.83725790501582
111.159080167074
110.53600828703824
107.13467509123896
99.81041618137029
90.63531331016618
85.34056962444795
77.18467430724851
70.4063635666426
63.2998351853406
52.089612016245745
44.10702502458971
36.565438520582106
33.882741564610654
35.246300426077774
46.881114287864825
62.88596124380982
87.66490045379375
104.88300259964234
125.06064820155419
142.74016815038183
160.06857874312885
186.69648079648857
205.97981236039055
221.53809739386486
224.27956592194175
225.0806578574771
217.40039587247233
208.51396679962056
195.03666295828032
183.8701533339543
172.2902697160037
169.10735251124154
164.46415874963108
163.04403319563096
159.72439399637713
155.4534685633068
151.85235465051665
148.1764226503976
139.71025852367217
130.22445708210807
113.22787714056102
100.9703101218805
86.10089752873058
70.72895162112802
54.42011218070907
33.39037704070111
15.96933623456887
4.495353930636102
2.1656391543315587
0.11606229799617984
3.46368308672139
7.902427382073373
12.561532337169508
19.018176021351373
23.26641907115865
21.90549338002284
23.52449342875815
22.332950004259132
22.635328826603246
22.533939400473077
22.892506125146095
22.24444857156207
24.184375382441875
23.415118516631022
23.949364214827767
25.809123204064022
25.705835135505055
26.562885290886264
26.3617976894248
28.84328883361942
29.073346020134956
30.057843143464737
30.88648713087147
30.668590602388015
28.397649521540824
25.918330383891163
23.200488612432867
20.98532920361378
17.75948619654214
