# format: from_node, to_node, traffic_class, traffic - demand values in each iteration
18
9
a
20.661383854250982
16.687397534477885
15.040301956558817
12.006002892309807
9.783600550372004
8.078855436134948
8.788492343552024
8.846551701967282
8.132340977977188
7.275510237203268
6.564957233217734
7.041511546682836
5.958777345494652
4.521128262006874
2.4429998513932083
1.2556232620039727
0.0
0.3311363358048099
0.0
0.0
0.5213621771197768
3.166311771126414
7.257002553798162
11.394057652796091
15.88484035057902
19.748721633293485
24.42629733620553
30.775144739891974
34.52222483847899
37.66940635529206
38.95463233360375
39.343005109262485
36.6339428117724
32.235880463398864
26.802335755877987
21.791901758463155
15.24437787617303
10.676924359548222
7.415223294965457
2.6042740526918777
0.19097135015786176
0.0
0.0
0.0
0.1719488280501929
0.0
0.07837626131423511
0.6527619243656669
1.0734721318915867
3.041734227681961
2.9985787737134046
2.6213502043189556
2.5776473211801587
4.177968378308869
4.456967520098615
3.624396869515033
5.787293569445158
7.681775185257683
12.063504860769596
16.640645519680106
20.735629473792518
23.204059125008722
25.379014158943324
26.52257734186739
28.84754260358763
30.816029848613262
33.007179972795825
36.23612499717733
42.15946737258054
49.800290470960455
62.23277880060908
71.19205471078936
83.75522602627017
95.41810523295351
107.73548740824023
126.96411058977374
142.2161084219567
152.30115619843127
156.06451349328185
156.4543080539493
147.09568467697412
131.8834866052012
113.15696164269083
96.71360319445111
80.09788323912417
67.53818120299236
56.40956581728018
37.20899429160823
23.61151527590258
12.722408891476569
10.891867171840929
10.709441918579069
14.869374615246894
21.09802702112736
29.942275752883887
36.76896192082406
44.314587500743215
47.95217282449971
50.79212921619858
55.60174622653452
59.543512637888924
61.41918475503512
61.97996048440866
62.028829255987176
60.7676996807058
59.735726397852545
59.950607415488896
57.432464008071044
57.28017528106404
55.538763336531815
53.423444657038885
49.74544173581691
45.98771721812135
43.316456966285216
42.484510237184075
42.756119369781025
54.0859255094159
70.29302934290966
96.41043084659795
112.87160561923619
134.7110840164169
160.62294338442288
182.17222038528791
208.13971165781467
219.7806334472658
226.0549672343356
227.0414264144518
229.62226442733532
233.61139552342345
235.3438586257184
236.67826157585776
239.2316051050454
242.45489965011956
249.3280115176117
258.35910363535555
270.57264653482906
281.2527002380471
287.75256722168456
289.05256988830405
290.0756673597865
280.92215301895146
268.5520426881488
251.16397447472374
238.76337490370037
223.64403684709822
209.47412673147807
198.9236067572384
184.19640568593613
174.07748084714035
169.71025173492723
168.24391379826986
166.47493252262697
163.97121716971716
161.48038680305675
158.88421941692795
156.40402517062154
153.258602038175
146.80983085317348
142.55734151480283
134.7224811309432
130.8952400541231
126.86041203414356
125.44398298270961
125.38288689989737
122.29565831467355
120.2955299343976
118.27103270498688
116.22583587390098
113.8671608204373
110.51407563397045
105.14702365933576
98.10122168620317
90.98930742854351
86.89856132965133
85.09740084959984
85.71222033071051
92.94665117111083
101.73207649964424
115.66893755963409
126.80192161005236
137.1255185148615
148.58581147020112
160.3569839697342
177.07417666628155
189.98025693400712
199.912660159458
203.28800163574883
203.32598625476734
191.54552560724946
176.2187742204046
151.24425600698854
133.86937339564443
114.3581025773854
98.70794163761859
83.53715269078279
58.750825963460166
40.35341877964706
27.62366344535138
24.724063290098666
25.38228833881991
30.980974734296588
42.89095231400355
56.28521610846897
68.28161932767723
80.73360806453256
87.71336794847961
94.92800884365896
106.54441794030619
116.03051652792638
122.57175117622772
123.33970949439676
123.89867150848703
119.72394718076168
111.40993907062219
102.18559661901983
93.33374571001322
86.15919735789944
77.77334861052755
71.43058963512462
59.4298376759316
49.470460743802704
41.96505509188885
38.58466559191943
39.13030717519155
50.05494536528466
70.39070611335472
98.58963504886046
117.5866152976823
140.23728425892128
161.02775151972156
178.8383436554307
208.09838837366595
230.46858668322204
246.88139562351708
251.6562664761559
250.62591320677606
243.9668992172167
232.70219343613786
216.7911637333372
204.93940908507776
191.78327410453977
188.19662731482796
184.7914748562943
181.2610882583447
177.8015891653928
172.5010306370391
170.07948724333608
166.5537170660314
156.30238132395206
144.9191870163573
127.89352047749821
113.62236323381534
96.71467842855098
78.01338179264467
61.70565476764247
36.35854731732095
18.304046149592637
4.398385626262739
2.3599594382811064
1.4351878325139622
3.528242789978884
8.678928614599924
15.680992349198116
20.719437103296045
25.146061582350065
25.231246917511026
25.286995336918064
26.256374285417042
26.0846413127542
25.960823193638028
25.44130581814396
25.424656708487106
25.824455599301565
26.116923214096566
27.75968810768369
27.619785152504246
28.594972196830334
29.473816094679837
30.046009355136057
31.0887703928987
32.73220463133412
33.53381124141928
32.8312701298727
33.833538095034925
34.00637177997974
29.985525821535823
26.500075078112417
23.991157023093557
