# format: from_node, to_node, traffic_class, traffic - demand values in each iteration
13
18
b
20.896187415964533
17.788782489748513
14.666912706032605
11.579493952582768
9.6675442403416
9.642259450708032
8.140671821208828
8.292647284757207
8.055159913448689
6.058583205990049
7.039766306315236
6.6600314285071045
5.018202573619097
3.391153615609519
2.064288941657744
0.1385953873146163
0.0
0.14352703280080562
0.36720753747788754
0.02374885121216356
0.0
3.029498512608438
7.689745319009064
12.503737846488193
16.139151661886896
20.115966921320034
24.6201182806026
29.435447314999152
35.60372933406905
38.45128866082767
39.72964245065017
39.31203661226195
36.36944263024549
32.22913561548259
26.020294203353696
22.167064643441833
14.817836020323249
11.955605468529022
8.019510918943313
2.3364536984669773
0.6461791298531242
0.7249288028378683
0.1538672046815554
0.9064363229039851
0.0
0.0
0.6420195822601836
0.1394509573083359
1.5361145210767853
2.2693890903769476
2.6788241853188497
2.5197155286080144
4.036810459531659
4.847841074148558
3.770984981714169
3.812216456736901
6.242335473483704
7.9361043196315215
13.137589214814353
15.735173316328792
20.773240916763292
23.420395692839442
24.675944189313725
27.291310023464337
29.917286776272583
31.427548321998046
33.725094300535766
36.00065661744938
42.1519442146919
50.43570943782339
62.05581506195526
71.66943291871269
83.38885204695426
96.18744022550918
107.9021468167517
127.61678274198773
141.51206620376755
153.05006761825987
155.96815726649672
156.18824864366871
147.17728824023646
132.77841110251663
112.45271818623752
97.56985332374258
79.61914016986135
67.68300837431165
56.281143232883075
37.49507460578768
23.800302782268645
14.064402961848213
11.796288917833083
10.5864145153563
15.68208817906435
21.39591104645218
29.825781697200807
37.21047949628648
44.01695615205037
47.567515554212335
50.077761879024656
54.9054925859437
58.62594842228267
61.59786037699023
61.222125613951086
61.35721490159925
61.72944660170711
60.85598057317147
58.439704687337674
58.12559817771153
56.72183289727758
56.4981603853261
53.7771158056605
49.70444823327275
46.21413897208467
44.270417830195505
42.39692853438939
41.790375036252776
53.714333769669665
71.63552412803992
97.2255927580426
113.36805910002076
136.1193567667519
161.40125054905403
180.58362436701978
207.46117152744458
220.39281996318616
226.2342381591075
227.45085706954214
230.43291488046128
233.3833240975005
235.15016813064813
236.7939796157014
238.74087048731505
241.27749306157872
249.67220866710983
256.9247015496179
270.0210349557721
279.49134841633565
287.04111544415184
290.0134085048658
288.8017463178406
280.9497133642437
269.34183448796466
251.78421719881703
238.79469352866246
223.94660224058552
209.35063346887324
198.90851328425757
184.6429970776353
174.93113750982627
169.64355959211161
168.28150234243805
165.38958095932435
163.328361457595
160.77841486358096
159.11164603600662
156.18628750040222
153.84602207211194
146.52752054497404
142.29714860084545
135.2722110710683
129.8646920558569
127.77219240537319
125.56677303942521
124.33140931985882
122.10728612651982
121.2315963489655
119.34310795632646
116.38348444152062
114.64698295411317
110.32747203459029
105.56480268932167
97.96231148213727
91.39196657906959
87.11961176639038
85.02230694094975
85.05472693406394
92.41986122965278
101.9466636899176
116.05525863028117
126.29231634157203
137.93801164943685
148.59300875370678
159.09660498896795
176.7665805476875
190.31651474414778
200.35207156985186
202.4323406359749
203.3544889979091
191.3219582502007
174.70720152232377
151.06845345821242
134.7847264243319
114.74591557279645
98.68661716876636
83.66232556366671
59.416310623600374
41.681538225956594
27.433497165550683
24.110070517961855
24.08093153793569
33.166675248987374
41.32534742994927
56.96096552942023
67.40252201927765
79.62017616610416
88.05735162288995
95.3776034812186
107.03044570880286
116.73996860658292
123.06418504459936
123.7294787166479
123.77881817003016
119.08286333655813
112.118745360412
102.25376672218039
93.77054049024152
85.49960515016242
78.83978549773043
70.53101977986118
58.69335472506504
49.28709868160078
41.735180237817644
38.50162496681758
38.2324663801773
52.26578349645832
70.07195559510686
97.81902667744652
117.28037389100987
140.12976950613384
160.0550358244518
179.59805800923974
209.93436396183066
229.99154569147916
246.56583442041247
250.62993428474297
250.83699125024512
244.66038777883347
232.60063464214076
217.29080368640408
204.712733892087
192.30085825370222
187.7902003699984
184.92920520180826
181.37147606581323
177.52700857836277
173.8831626828943
169.81576547684196
165.86814432657016
155.6812078280049
145.2711151520758
126.67943783734107
113.04116076710257
95.36694954867389
79.12973801441967
62.052769637108725
35.90082475170168
17.819886139547453
3.7143256136907317
1.3473925744065594
1.010900308780099
3.6315125330983133
10.08680097249194
15.375580227510726
20.117271684311838
25.39309856063214
26.18427305630565
26.29651271856178
25.671824652770866
25.178460254520523
25.4472872017549
25.111383875868704
26.26056935188884
26.30094340403436
25.766268928469504
26.8755887116505
28.178957887982985
29.022472746336536
29.383701949911757
29.705940124027943
31.534681424312613
32.67142201603939
33.63392091370654
34.57163704035582
34.69002823925346
32.324238892317084
29.87763453051618
26.41341828869074
24.512824655671015
