# format: from_node, to_node, traffic_class, traffic - demand values in each iteration
5
16
e
14.704593035972298
12.60745409385278
9.680983090186102
8.188533048779723
6.886167482483738
6.00914629102406
6.118862905557107
5.908941462325153
5.291562781825902
5.563713525661305
5.0893791895154825
3.437216099600357
3.958628412446262
4.0871371829542715
2.9380686900573654
0.0
0.0
0.048035734645223996
0.78655184052539
0.1630201208575365
0.0
0.7395217836512893
4.842801379155558
7.323458781642061
10.967101265074044
13.738176016502159
18.164248358677803
21.31555560066374
24.19850214739777
26.60108463341029
26.67416467342008
27.375665101928593
25.619768660445438
22.790418030450837
18.816364876486865
15.71395324075278
9.541336635432783
7.677635020846098
5.326597245077648
1.594001506331003
0.0
0.7040402118657753
0.306965342866762
0.00929538644213988
0.659578998850637
0.4936946907379538
0.08056902521164408
0.0
0.3544995946196946
2.1074996829194776
1.7557248183160818
1.8409325626827002
1.5278496525095404
2.661093156527376
3.052459619587359
2.3460249886857625
4.442837793396765
5.5564503401219385
8.20803883549021
11.098004645455806
13.989803186000756
15.31452695702526
17.36626267819159
18.362566698143226
20.289974734031894
22.174209081520058
23.944587477702058
25.427788768212853
29.446733425812326
34.10732852081809
43.40896101328087
50.63502820276935
56.98412815052521
66.07672138816076
75.0700322452107
87.92795822856516
98.5162000986702
106.57931229386861
108.30662886395794
108.16254215042453
101.52923022563306
92.22936062668599
78.17287844739099
68.00515661159687
56.04239801663767
46.98661668569541
38.36453993819482
26.494730464193875
16.104583234309317
9.822915128455223
7.0171380321070185
8.275184858869476
10.433310276283981
15.378656391900988
21.157328010284406
25.81105547912688
31.079716906344554
32.97852338765631
35.4546519842026
38.510566742455126
39.94157809063726
41.985184756422065
42.9734416976164
42.112681941520435
42.65090729619647
42.07469880071523
40.36060295139536
39.5222532187695
39.235005916585436
38.96258646097941
36.698646971018285
34.73501279490222
32.07224257021258
30.898463640326312
28.939698054675567
28.520982301471445
37.378591302976574
48.70124766378721
66.62402852989162
77.95985940130434
93.4127827415441
111.99638238322176
125.05821923952708
144.7782942099973
151.8910442222986
155.94027899890023
157.5129412918686
160.0909077527804
161.33886149797414
163.13856271610197
163.55135177151556
164.94841006649423
168.0314020093054
172.93824336126025
178.79671237301267
186.22701824054386
194.11732426901992
199.41323711080761
200.0565365113468
199.29359189654
195.44535087344858
186.21929438150465
174.5212559391083
165.15539090071854
153.8838122940017
145.23931262720998
137.70722529597842
127.28110771885679
120.48601265631196
116.55869337236003
116.07027409201686
114.99952093241329
113.11663224060322
111.1786162775634
111.30321970397864
108.34213654471708
106.04963565203671
101.34314319589859
98.30744298893343
93.73080401446278
89.90131492192708
87.1973874043647
86.0449836609102
85.74337193260963
84.55862323956829
83.74446109472824
81.24997330168868
80.80885054421239
78.20803819665089
76.55513111347533
72.00266339155596
67.61301961032673
63.48638076549861
60.38533415428035
59.668980988963916
59.04217429344651
62.86681153686654
70.60353511431379
80.26519414603617
87.8020562372272
96.14196659948456
102.6751430233006
111.39348795006293
121.6469423990823
130.68572179317545
138.32356432753403
140.24829430064972
139.95941836160785
133.03512071344318
121.28925292918079
105.74804063940373
92.65705516397479
78.9567365325514
68.31492719696344
57.845145894943975
41.27334820273525
28.154449923823506
19.50114312861337
16.37350711735008
17.25496363882403
21.801610181022127
28.288313465799604
39.51974866594308
47.022501020885045
55.298066476898
61.03223322055033
66.37849576547806
74.72920015079922
80.38524113539472
83.67116983716853
85.96970876620787
85.60749796830014
82.42776441694622
77.54549533165803
71.01041398263187
65.41060674825223
59.12645655660269
54.33526834706688
48.35343129770656
41.88664231705658
34.549144210130684
28.94609517482357
26.450273543123135
26.849212370568424
35.04886047478681
48.16745642488578
67.33086914051661
81.5606295219011
97.24642259892794
111.7373899681011
124.28582056917027
144.19364047154235
159.49696095807965
170.63189533166508
172.98663764320182
173.37096895298512
169.0197118995779
160.45294154444298
150.9758352326893
142.34284566521944
132.33556248747584
131.0663939121607
127.70441014836697
125.42898119468322
123.17518098052061
119.94237963552581
117.56562186346471
114.72062027615254
108.43581135343767
99.99584123413727
87.53681132395282
77.91418081671726
68.04791458155883
54.462652781849094
43.368074129197375
25.796036864297097
11.105759231181406
3.1703334763832727
0.6994680521156671
0.690626061054218
2.7885530044836226
5.601162457624827
10.958946106799406
14.486154295193778
17.655693920688417
17.816278410740313
17.71136467087288
18.753303757435237
17.985651698708537
17.84980388309184
17.74093810197294
17.98998337641151
18.01103397026932
17.535727768190263
18.998741046927098
19.050723512789208
19.12947283101449
20.760226512923662
21.774767989551105
22.039217344713894
23.09497082244138
23.30220549206305
23.765797353597975
23.419737719559958
22.033749209212782
20.087127417295303
18.949934869410303
16.866585820233066
