# format: from_node, to_node, traffic_class, traffic - demand values in each iteration
14
19
b
16.4739458587949
13.847243997543467
12.160732383889584
8.762714841816825
8.326451575491284
7.53116956198692
7.1246722581201745
6.475158564849578
5.3283452392029265
5.151974441506203
5.9246478128702735
5.468286997425537
3.282931309671671
3.237958425089333
1.4077412176581907
0.13550305973297577
0.0
0.055259456543682674
0.414627776250822
0.22673602316157543
0.12220363006449309
1.9501952462453203
6.4855454863161635
9.075395789803672
12.43094609416042
16.518036439468148
18.494972544440763
23.543524422649888
27.770311213983177
29.96195265798048
31.434291449146084
30.2931880055373
28.38222157533246
26.10934421805061
21.18386848049788
16.275186152747235
11.003200473806302
8.53053621799189
5.230813762539359
1.5765937524386437
0.07312102300403953
0.597794605332976
1.1789785511229258
0.0
0.07409757517082706
0.0654774915566282
0.0
0.0
1.3640971525170136
2.1563717994333915
2.868703873808811
1.5095206056928006
2.0903542152412378
2.5453603998996046
3.1836249692260408
3.553508229126759
4.884519461189913
6.352981780713
10.868586303493007
12.585715922955602
16.85924783711456
18.581992884540853
19.62864848578517
21.893072229443415
22.631662716886208
25.074682504241206
27.515509772732052
28.484033248965503
33.05987592247679
39.8132055437241
49.276824280069896
57.10482904898446
66.48238064514874
76.23169161998422
86.30705323080076
102.34969532067818
113.15688592522308
121.43087943649641
124.35125024351844
125.14477122476335
117.42346651450352
105.41718329442945
89.43521554681767
78.075325475186
63.34592559531674
54.43325097231852
44.179530171242334
30.312542769076337
18.501994993490218
10.67993476974103
8.20308999115278
9.901206812315639
12.853847556974884
17.056359234921764
24.117201347695655
28.735638657507646
35.34102441834402
38.412660120329946
40.33554478839994
44.54230895710766
46.902656934217575
48.00028417090116
50.055873942930646
48.49856620881148
50.140262593937166
48.206658552049205
46.257545255749704
46.25289539462085
46.15837730392714
45.00819744659288
43.2697863081676
39.899524262848495
36.93753181798007
34.78526292439515
33.00412907313221
32.73160117907063
42.38908500361204
56.99941165336024
76.85408119298386
90.6116226298369
107.69618168741435
128.61642987898603
143.9247718197227
166.07798431753156
175.32066214574658
180.40884596536853
182.41506777380522
183.02573730255315
186.0930109506155
187.9505763004247
189.0193579376898
191.50807974764948
192.68124400448139
199.1389951720122
205.66061232902533
215.96915373223246
223.1209163393228
228.7768203872233
230.36581575683326
231.36674540317003
224.8392671798149
214.7327949270463
199.64153770915053
190.0183478030867
177.4574983026239
167.45777104394475
158.71725721694668
147.4335564026043
139.20977872586374
134.53577458883646
134.4332980281037
131.62972078888524
130.63874644755433
129.03082089300682
126.37526094970762
125.29340405566437
123.10105959673022
117.67133657810774
113.126382673627
108.10059087561254
104.03445587740156
101.64746601387918
100.92771599901516
99.0682359025985
97.81240821990824
96.15781509942411
94.89832780484967
93.26521544367706
91.58830947224287
87.36224382338004
82.99879954223505
77.64778087251551
73.30766342060453
70.42955617547146
68.11964086518026
67.78739416828078
73.92031956284886
80.90122414299374
92.83952548371656
100.71361386129631
109.37220230390773
118.50284168530064
128.08343346717712
140.61682180267482
152.13284923514496
159.62633830325265
161.04682615989725
162.05177910860118
154.19822714345804
139.5326240429537
120.03753097711892
108.07388876271929
91.29064541798056
77.98927465625603
66.13028020156104
47.81722388250216
31.736452940301728
21.486685074482402
19.583771534517844
19.543781205727008
25.567258683781663
32.78009493961174
44.79689940215675
53.33108368413654
64.62800446009079
70.00174453334135
75.9047018443654
84.77425785008435
92.32935446487299
96.68072340140615
97.8029272152791
98.31715327919275
95.69669853458787
89.66327087287821
81.34582161182581
75.74342020134883
68.16377180358731
64.43747400142702
57.374856569658284
47.06501052416455
39.17158455961201
32.27623161922355
31.666494224397493
30.651819733794884
40.87102631151209
56.27448418142707
77.74935620967891
92.93664767566308
111.98027446883624
127.54013275135354
142.80057230095974
167.5063070675735
183.76144651212797
196.93593012516547
199.8702359431309
199.65181892274978
194.38004339477726
185.50610000756794
173.82751886234558
164.59148069918922
154.29931979030783
149.50661751384075
147.6779643654677
144.75746334319334
141.8042368854936
138.53171464747118
134.96027396856152
132.66691703605457
124.60832494278787
115.68891752689342
101.41901019130674
90.12111930687755
76.60844579784475
62.049995647549146
49.24135257183648
29.05452956698067
14.139129063850618
3.4185371588340407
0.34363439889066605
1.880347437134985
2.9567615461845027
7.1010246795064225
11.453201994137164
15.707412194869507
21.299614036746153
20.23265419068126
20.654316694579947
20.366833949130847
20.522577963993033
19.53373597331727
19.847175160732856
20.18991328216465
20.37985119147533
22.145857291582484
22.488889301152014
21.599067109806686
23.18767624957404
24.175841281376055
24.011478935935042
25.023471555970975
27.425342423910095
27.082755601753597
26.243505045872798
27.748294669439467
25.46213167733766
22.884324305918575
21.44986000048551
18.329581525420647
