# format: from_node, to_node, traffic_class, traffic - demand values in each iteration
8
1
e
20.603642134411242
17.35115979221852
15.412086525366403
11.687393678425344
9.74060172454901
9.878597945680157
9.15528451823876
8.664841015071966
7.62410884958497
8.370914539589707
6.585362475055588
6.759326315637522
5.400288984117202
4.538741252195891
2.607855862746775
0.12683645834614127
1.1233491997471579
0.9719046405182095
0.47203587579110584
0.0
0.0
3.698090332632578
7.6159450950383345
12.875028239101303
17.246006397122198
21.262014950212002
24.64304573022591
30.665320677594718
36.26831660557754
38.340909495854255
40.075595273073645
40.328943802511944
36.25488305524834
33.016080579223384
26.611352366315856
21.863802166350226
14.745737070579663
11.507688227126767
8.255786355018301
1.8907028635683323
0.0
0.0
0.0
0.9731823045221912
0.1765059703673035
0.0
0.0
0.0
1.9319090842253277
2.8948718185561453
3.147102997594491
3.0830780235179156
3.052929468978386
3.6229542399110293
3.5748495844887263
3.4284596072116216
5.98372876598254
7.4823749443741505
11.52724755016893
15.71261254882179
21.362186532150496
23.482978887165586
25.086660169604013
27.619062333401047
29.079665819375155
31.541849163995625
34.33818824122433
37.03213306480479
42.6303661777401
51.10034420074619
62.36745793942257
71.8030174694608
84.10296251732743
96.94311605389187
109.25912217745866
128.98006859844034
143.22356165202694
153.29029705744787
158.3490234401104
158.05275353521327
147.55924373716098
134.59954596801936
114.34213446030027
98.01349925571857
82.01803619330406
68.48149377572584
56.51596212450637
37.57497714698398
23.557224981873272
13.368160862171196
11.492097244730306
10.951039649750104
15.709823220172641
22.180647452308087
30.3676846145287
37.31468860243299
46.05893630102542
47.30266982289728
51.40556087720056
55.97880249529845
59.93296895720723
62.33826082236666
62.54826723506936
62.23559492498987
61.75100763790784
61.560449411909595
59.8767962359217
59.06872562402687
57.752525101344226
56.014379185081765
54.71065780305098
50.86061534038287
46.61078936120432
43.92422171460102
41.70564250094772
42.11285218127367
54.368050787330084
71.90676096212174
97.27034908885045
115.52758525937337
135.72289865837666
163.2820052601871
182.28453393672575
209.51908414615974
221.38468886841167
228.05580122790664
230.81243343839114
232.04886068881734
236.14200711905346
238.3796051382993
240.0054083977278
241.13619155666944
243.8817680290668
252.0590244822509
259.121435993337
272.2818719406635
281.66439217491234
290.255460158608
292.77704293776185
293.4225333233037
284.5129592783535
271.9580177834797
254.0381164824203
240.75446296663006
225.71374834457114
211.5915825796395
201.0550407192296
186.74834693571995
176.29416178639502
171.65718641006563
169.01226269823093
168.17396381904348
165.61992080084153
162.1221892299742
160.55092381539984
158.1856292877585
155.00037154857247
148.40780395755664
142.87542126857883
136.78949286708874
131.66131632761946
127.54408290890673
126.96254551817785
125.64820396300989
123.3937543235892
121.38380042772928
119.52293026164183
118.05429661308804
115.54840950868999
111.5054865738606
106.3104389765775
98.42208846942584
92.35888050279553
87.77053944820403
86.36200068735266
86.1574570207235
93.7178829872398
103.08991332937636
117.84680738514399
126.69869541258653
139.17693623355078
150.29943555980657
161.332151377431
177.7116103522449
191.11548459064417
202.5289985938921
205.09564892596916
204.47777191602776
193.53558833525253
177.41752658344555
153.5227500133473
136.5963406537578
115.33769633497108
99.7623484525485
83.67717266875577
60.574162205875865
41.78215267370908
27.92821682646338
24.932935143661393
24.668823888203438
30.774529403539947
42.61336051453173
57.74114622309055
69.13146917066007
81.15533628133454
88.18536868921574
97.20679843690529
107.97101150986293
117.35751958363653
122.673424600959
125.6363644288547
124.08398253828067
119.5805297950339
113.04877761209684
102.92311097543315
94.96983055550625
86.38608557542072
79.32697468025076
71.5713036606237
59.7582754708531
49.88564197321051
41.7393533813827
39.53405449501443
39.10896180508034
51.85296774398209
71.21602556308814
98.43671156257341
118.37826257050851
141.1441467735943
162.2232520297932
181.47380205538803
211.5468388928098
232.26740685347235
250.21829378016818
253.191024142842
252.98047247497084
245.35344865153553
235.38887208960753
220.39042871472486
207.6486217092783
194.17653475651107
189.68831705764524
186.18162038635958
183.62510677220126
179.58750488854528
175.50857887743044
171.9393101250684
167.3800296296457
157.8899046791294
146.62208888323298
127.71230096584324
114.21076455249913
97.52277904230368
79.35078604096762
63.05692510129204
37.07361826846441
18.735652292668014
4.826881560907728
1.115554056372931
1.540469887846524
4.071026322172511
8.946426712023014
15.165905882705097
20.65866135335993
25.517936234734915
26.169059817661918
25.17075589318674
26.200760087690462
25.83283660998447
25.388600562456954
26.221942905658516
25.183072878094844
25.935643257974835
27.135242652621866
27.133359616803457
28.294370938472287
28.244585812931195
28.642112059777787
30.58341965122523
31.185756931361382
33.37286701272385
34.30491618192398
34.92385836621378
34.94584967326068
32.75152367847352
30.822898981452408
27.242853679765542
23.982458738559348
