# format: from_node, to_node, traffic_class, traffic - demand values in each iteration
12
15
b
10.74854832020831
9.617891421034091
8.064008773337903
6.73120989558963
5.527097355399177
4.651730236561503
4.603060976886443
3.67433699471279
4.547980518014722
3.4700694178244946
4.436004828260598
3.3304519163486543
2.4618623476173505
2.3832162881188403
1.7064421642682892
0.4115846600792012
0.10171295893058119
0.0
0.0
0.8447248229247118
0.0
0.8365393764126888
3.909154520099275
6.070612744196229
8.395153938006061
10.541323813017316
13.647406658999644
15.7938314520726
19.43620629184272
20.675971664220274
20.481552486722197
21.744319248164643
19.318860379449667
17.102113286536248
14.005754715702382
11.379248072632725
6.9481023494975025
6.145571080942048
3.239215725658394
1.4562241779729994
0.07648878845124349
0.8469535335369596
0.1913065713739227
0.0
0.0
0.02493670589915139
0.3443521045064263
0.10566782423353008
1.0580942636914825
2.1441559307659266
1.9849077929923502
1.0779564810359772
1.8816702949366635
1.9038107311066372
2.062661654691775
2.7709893195008677
2.77715124435047
4.437601162185452
7.06162836258688
10.106462444529884
10.617677394940861
12.341090764295783
12.943780718153668
14.266890663582412
14.809369859288465
16.25320954275006
17.472340659964775
19.411035729082027
21.36611519379214
25.842845252607045
33.37628871352072
37.487550910964934
43.55437761374985
50.89196694975779
57.836898106399914
66.31139403810786
75.16021957088522
80.71504026872555
82.70925675058099
82.07478707019976
77.3146629548367
70.32001379265162
59.39790528905752
51.42703142287357
43.056566227393965
36.17248370566394
30.386338271995655
19.429841704493263
13.07159284108633
7.295516153932005
5.875416185027327
5.562563249025098
7.559916132384721
10.755504767734502
15.990921582094597
19.06203922198493
23.156514009701734
25.027849534869777
26.723514134082407
28.7474474116274
30.873889803629837
31.78575988659066
32.37553126572328
32.81454335813602
32.8782819635372
33.23561051268817
31.406763021069764
32.25341438035495
30.646802113631544
29.2777376834532
27.851577684472396
25.546296245286783
24.665432139951637
23.40031365091272
21.914927236803432
21.37039465106706
28.882941267380563
37.5575754656152
51.212960046909885
60.5335452934687
71.9446276867904
86.06493861961621
95.32114104864564
109.68233232213689
115.65119410840299
120.58749177263714
121.22042633039464
122.10800696241533
122.59172985927873
124.80583223595451
125.5835062776083
126.91023887588061
128.1391494242045
131.28487634730328
136.7062487507835
142.8819618252865
148.0788672366775
151.73944923983618
152.34189287715137
153.02996162190712
149.0565544945083
141.65562384799725
133.51742636744896
126.25526311900806
119.15868859002856
110.94022765271903
104.97699020906022
98.06085049007127
92.56019741233098
89.31947785415315
87.63386383774358
88.23288230252452
86.22747374032899
85.61560534273153
82.84278908399084
81.28950387032457
80.82392584746263
77.01214060036337
74.50579389380563
70.79920650406626
70.12885681825021
66.87978823445528
66.36961249993814
65.99382950587614
63.75753746676287
63.578957787233115
62.71816257233233
61.680829906997886
60.10256774640798
57.911883121520056
55.914967186013854
51.33066539204583
49.72347865519367
45.85080649631357
44.73080341074855
45.43822422023886
48.44650240115433
53.64641738191855
61.61711659895292
66.65806447018127
73.20333118118062
77.86558204551916
83.83590136249748
93.17026668894736
99.83355779580201
105.59588626805272
107.10834777361549
105.77344461220238
101.4907491519873
91.53565591034864
80.28422581168063
70.33139172690078
60.76688832874001
52.69200033961847
43.946555772526324
31.224695310320865
21.441636791135462
14.45472077044882
12.901242034256788
13.003630498934426
16.180986379361137
20.85663248354745
29.518887937554048
35.575718620927695
42.27387365118434
47.47624055405136
50.473567335179354
56.27709552177377
60.775911531951614
64.6706146978813
66.13998010566411
65.93635190747331
62.468321193261986
59.66922598395541
53.77283287551754
50.089794616868524
45.41676784426323
40.67992887939778
37.56010357468861
31.46829235054781
25.829606474002762
22.110131096642938
20.686148678162475
19.585076632568356
27.366503872000468
36.344430671150775
51.135912812049675
62.41857966638006
74.52974296738314
83.87001425775831
94.87418236010852
111.51025543849278
121.90786380229196
130.82516839064922
132.24511308354678
132.47149916089606
128.54634880332407
122.38453064932611
115.19152951694878
108.87328631133924
102.10652016389739
99.7559379957901
97.964500131943
94.46673072335582
93.75763299340971
91.9753173931147
89.64528956097367
88.18975384299583
83.05183319712768
76.44484084583407
66.97916460267817
60.20049558666262
50.535979027216115
41.68017801074171
32.62396153779978
18.77285873902839
10.015657769312273
2.6936789648647004
0.7559294930600187
0.789328697378245
2.3516317924819163
4.06130744055549
7.610193020308015
11.500576676024266
14.12639969251129
13.582676570234334
13.189973215355828
14.19999083246486
13.025046586540869
13.776848906059584
13.736675652298855
12.485134085434758
13.930377449274827
13.223068352536721
14.651544365845407
15.451169873033374
15.953581435539322
14.439061813732016
16.580724502569282
17.181037055019193
17.167239702044203
17.861240926206893
17.905301590816983
17.65348467292954
17.096218221776954
15.840176592080892
13.50169935086064
12.485651868257714
