# format: from_node, to_node, traffic_class, traffic - demand values in each iteration
18
27
e
20.458834516993402
17.919543119527596
14.160795107926242
10.125693268678726
9.389451555585596
9.04496861599599
8.91049937283363
8.847226272241253
7.184710132902698
7.265877165428796
7.075136791537246
6.58943910427047
4.561124757968957
4.072150712668014
1.8087454793233286
0.4508808524122772
0.0
0.0
0.0
0.0
0.6664281569802715
2.7001318697829486
7.560277723290646
11.273960635684844
15.482009678110645
20.263550607432425
23.94461449174975
29.650809975816298
34.8980995058363
38.04413122502142
38.469848136845904
37.88848355913261
36.20047354219553
32.37734762570393
25.917481909053503
21.264206599789908
14.140009277191062
10.708566990848068
8.098287426749732
2.1181430945117072
0.6993909192590204
0.1526484160607858
0.0
0.31625294299924384
0.0
0.0
0.0567151085408888
0.44320737119363757
1.025080504135466
2.944549706195535
3.198296861020528
3.3043197438787413
3.5869441524943495
3.606484784151589
4.500669653118938
4.213558083835742
4.791667549769247
7.468275168661513
12.489041458700068
15.181371964146662
21.175957497599715
23.281432414634697
24.566873498538882
26.09961166922801
28.494925665592064
31.585487663414142
33.86176863900039
35.53923993285027
42.28043192080019
49.14556118963217
61.06831437794473
70.96028535469664
82.3271519330542
94.81568182849755
106.49141014904654
124.79709405834608
140.6153950576017
151.34252721616218
154.83725881119707
154.29204883514916
144.79284519993098
132.46239855329654
110.62838911323149
97.32823343181958
80.37086846076313
67.1577227020943
55.54336777838066
37.054200785228396
23.660277621855354
12.73460447005363
10.734084769448911
11.069803806848693
14.588735116130788
21.443007571965417
28.6987469244118
36.68830349736498
42.924873339245295
47.443420300910965
49.74570389833202
54.686327952678006
58.0147976380189
60.50887250744634
61.35536491098012
61.9963419038804
60.243315648937205
60.38113633985174
58.39529595687975
58.76150409916511
57.149826817551194
54.99608415530283
53.677444751412175
49.64665481267452
46.41847858922296
43.331441175088294
42.495531948726565
42.11602235054141
53.70804829760012
70.00409480243106
95.40279762614104
113.19776532645741
133.65325811900584
158.81590703525632
178.7175356675283
206.3127084465923
217.29742270649479
223.44331938712395
225.01462384710698
227.9904642206128
230.19807122973074
232.467011174145
235.45783556211674
236.33909647435775
239.45401188213384
246.84018076577632
254.64062891538717
268.3215499917581
277.94971449460195
285.352190463921
286.81855539439783
287.26365136010924
278.9056573604071
267.2960951244991
248.92688611148938
235.98031918345666
220.98293734903305
207.00825026707406
197.0645735857822
182.0863113783941
172.49737449754963
168.3138685665739
165.897369575507
163.66213013949155
161.61252174124763
158.6997035427857
156.18445603717373
154.99683206771468
151.34287570885067
146.4302758842705
141.1692595448873
135.63232272165956
129.83032099184405
125.35338204530359
124.9823133408922
122.89194897793386
120.73619542217955
118.83036979852939
117.44004497271634
116.26470733266092
113.59144263981857
108.37182042116487
103.8505976276864
96.9192706361181
90.3467954762027
86.50361505075247
85.34520339760525
84.70377772114934
91.76256079491263
101.03073392266722
114.50392404446711
124.1432295497282
135.93344971009017
146.4006083177123
158.21254307212652
174.34339992900786
188.49647783364674
198.66456025864704
200.68672043137738
201.5336971033457
191.40549047703055
173.2587204901124
150.81597626277204
133.0439565436644
113.41723230729278
98.26556737959753
82.08584484754223
58.48576773493863
39.692459903572995
28.09911187317022
24.4076515023754
23.435841231749844
31.105290738696542
40.796720458643996
55.83652415495483
67.34099331416157
79.94362134411675
86.94341828331866
94.6224522035214
105.94451379937773
114.1219140527446
120.70991375877009
123.46357317785164
122.84845491757409
118.54134187318712
111.24400522721393
100.48125682833083
93.24912106713641
85.56010327521356
79.51624650378022
69.73133026842304
58.081948185486205
48.46610905840589
41.35354379958021
38.94261525384242
38.03735709735695
51.29844380437369
69.63690645913948
96.75624852768553
115.85404184843102
138.81588367066246
158.8804293575203
178.29840526916593
206.74020450807768
228.307017447586
245.38761615251357
248.41571083034904
249.13896639886107
241.38426995903507
230.40218292758243
215.00221164921788
204.05080814260694
190.661793464151
186.28210645914913
182.35712976166258
179.608335439405
175.89315211490356
171.7014956270084
167.53832953381954
164.53084455926015
154.408850043566
143.46627378935554
126.46394824769236
111.90641807443153
96.33669876016448
77.43892207073968
62.136651919642695
35.883421890485266
18.42880128009158
3.290035373971476
0.4920469558974936
1.4399456995845383
4.0263114379357905
8.268475519712721
14.553869044996862
20.41745140052244
26.080059396970334
25.489343700421237
25.409543793807156
24.726633591330835
25.578460587754098
25.622626326134082
26.073800876651543
24.638282532763114
25.35051777346759
26.071905461759364
26.67284069725707
26.986858267895457
28.409773946267926
28.835255482109723
30.22316531577585
31.33166850729779
33.519453705391385
32.65150345623528
34.10552871345258
34.11760197722481
32.66839102789092
29.193521925458597
25.86650709431549
23.15408209395505
