2
4
a
156.19299383306222
155.54276111557706
155.61369575304167
155.39287276260828
156.69463015705117
156.74336747149403
156.22033904146966
150.0741980808992
141.48764235274257
129.14315161349938
120.24980892975049
110.18389923824967
90.94309077448813
77.60008208108957
63.87076792892545
63.15216733556724
62.36114540351272
62.74245166026311
62.32191321534749
61.81142870823556
61.52424904028934
62.751042324638604
62.1720326582075
62.099546793775836
59.306022790730935
58.846231211461784
55.68634284509716
54.20613524002716
51.75469275073171
51.94605298692749
52.221293621238104
53.03300525517527
53.12203668248216
53.377725914560656
54.08979505858631
54.368458904016656
54.464154406919846
55.002837802716876
56.61102691803824
57.45888340242581
58.08818116626879
58.85099486337576
59.2391616192238
56.14979888788422
52.583138946002855
46.658106404838875
42.29999453262432
38.1276840755487
33.304296609279916
28.13861766288002
21.59357410206782
16.047922845510175
11.101099879198838
9.919475975319735
10.367165202981392
14.512033477425739
19.80663764903317
28.471383255249876
33.82186437112365
41.10383843076923
46.42421620806094
50.623960081424705
58.96529590447255
64.62076115467627
68.91277728461628
70.82167271085041
68.71855820881166
68.77992895457145
65.53739296753591
63.48628796058204
60.3477725469861
58.07594109367386
57.91949943825608
55.794028861913006
55.90032599907106
53.32432543735629
52.52841735835093
53.135140912852144
52.53110363523898
53.32403706937617
55.08104230931136
58.17202242838325
60.14267328539447
61.25900843379891
62.82565168208167
62.76124507572035
64.71996959502968
65.8617929508835
65.94838598517319
68.04753598760786
68.80061679869735
70.86132819888661
73.21012949361072
78.44497190435159
81.15026109167941
86.42700254031763
90.15375808931904
94.36599587687908
99.9266609693175
106.35856330542322
109.54004890488791
110.97509408423868
110.62950675255422
108.51703750776879
105.88998184970875
101.84418513712848
98.6211951186436
95.67967249857044
93.58329863922937
92.00526763857665
89.68967946192971
87.66019776270824
86.78146246946316
86.74651161007948
86.72714526305195
87.19836719762696
87.64218525765325
89.55639059674648
91.3350294518026
92.63196459159795
93.02121201156055
92.56881311395968
91.06175712121863
92.64266411560867
93.21135796298942
95.01174498219224
95.08915484633472
96.56611504238307
98.65878198079841
107.84533575450538
114.08584765354541
123.13601515858079
131.68036566329707
138.5111940283759
146.5777174872235
151.04884379342255
154.9574262324969
155.58764271539428
157.06727451542045
158.3823693025997
159.89769387679578
161.13544663132225
162.0014973007581
163.82479153506395
166.02096074610378
166.79351300670095
167.55305994234672
169.27654097007587
171.35856481977885
173.63734772977952
176.23395352975598
183.24129779826652
189.6239753496032
210.00203928093157
223.98586042384852
242.67449693633452
259.3254080807929
277.07051105477257
302.47801669915617
320.6835286015431
336.6836728311595
339.70176866845907
339.5451830061146
329.8268438970149
316.8301030515522
297.80796759904536
283.4173928754486
267.84758047514737
246.19795959943917
230.18680901845806
217.08465943676808
218.73672882366643
220.11808046709945
222.02508790091386
222.71528433570003
222.8883029466062
222.26514628838953
222.33398783553778
222.18648261246074
222.32859126741172
221.07702884691204
219.6869338279764
217.20625925884505
214.34160889338187
211.6186783130541
211.13641302500798
211.23189936572942
217.17959609058713
224.32060801399402
235.61453462282162
243.924143885431
253.54206082479584
262.1619721269537
268.3340348275267
276.3405463426659
283.82247711505187
290.7151714785333
293.796856392641
295.7315350029925
299.66726663801376
304.22359515757137
308.77888476689213
313.21636492412205
319.1318078013384
327.3485382923893
336.3625570382542
349.56748111381233
360.39136977134996
368.4619524616463
371.629123785346
372.9676106656245
361.6739209060636
346.9653634005318
324.97564555199125
310.1703386760748
291.431867910195
275.7266346961189
262.86762931110945
246.10139065312623
233.1120126445105
225.5312021009289
221.6955457135449
219.00804667521024
213.44749270080212
210.11829330682048
204.75887845602514
200.6921134686497
194.95360399405965
186.3097639444693
176.49698723601006
162.54262867778922
153.00621915287243
145.51486119809115
143.5794293362667
143.33172381130123
146.26187065140135
149.78612819367248
153.46831826233662
157.06913903420102
161.0332681767029
162.0845187501323
163.41528391992716
166.22044822904155
167.55686226996198
168.9010445160257
169.849695755982
168.94394339555626
165.8539557797221
163.04583506627478
156.10225727300835
152.2813671348357
146.79695935786705
142.34185928888922
138.86316360692211
133.53005990938084
128.979539900807
127.85720608884999
126.68786905858701
127.3122964807327
125.0643302179563
124.40180032967332
122.18755234133005
122.2395795166843
119.65292323242574
116.39560722366855
114.82451834813953
110.10290299782284
106.35453298669714
103.17394093510083
103.0655122534981
103.4989851680173
105.31724691505742
110.83824600018977
116.56068069787342
120.64102913712571
126.0407507793038
133.64044618201584
139.59759089819758
144.73008475392143
146.21226908822132
145.5132352827612
146.75509103957629
147.2643321844494
146.74875107540134
147.04472970452792
146.90074573789386
147.1721945433863
147.35350932013645
