21
4
d
158.6943607016448
158.26917240785636
158.75180804796952
157.6159791732863
157.36082750473753
157.9544370024349
157.19870253481966
154.48216046747484
151.22573549881002
144.67191000739837
142.34583206038366
136.99694273582364
132.432191045217
126.51167856510769
120.8429144308274
117.36713773617028
114.76868488930522
115.55972187190157
113.98012964775712
113.46630064335328
112.69636420391586
112.81773104168617
110.72428995259816
110.89832496692759
108.43697703012595
106.16797028147137
105.31556424041898
104.8155330775908
102.36857684588301
101.57738925788595
100.22986721240352
99.76884277519758
98.17277855995827
96.3704000279128
95.11686012464084
93.48759909591008
92.38022725170106
89.9641995809514
86.9119354344085
85.08567240444472
82.81487784404344
81.85210486019076
82.98796676665222
82.89533731635997
83.62834465557202
85.55815886858488
87.02868824959518
87.31675559878772
87.97918526002356
87.63274707414175
89.75109957235394
89.65526223019504
89.09892933895863
90.73832226928958
90.21319563924227
90.43230939503842
91.04486357519491
93.72546356180533
93.89180313225569
95.26254876263069
94.20486582749805
96.54144486362605
96.4658933719025
97.35058548418937
96.81105185353879
98.12429075367316
98.7915988844461
100.04585640830845
100.64082720400752
103.49742265650411
104.78980377926922
106.39998653979333
108.85887464947115
110.07462358652518
111.40930343723127
112.09975616433721
114.67949010289858
114.90875420437551
114.73004657643703
117.63760069162213
120.35960390389266
123.50402629212797
126.55088195905692
128.77857922091752
132.72820673122857
135.290471903801
138.58906167172103
141.2399547797385
143.3736324642112
145.29897344366424
147.08334843373797
149.3295097849808
151.61788665081434
153.62528569111828
156.95294756264343
159.7997902424861
163.49677894496105
166.87442555019328
172.53683264470243
175.2294801711374
177.3067666361691
179.63904413802908
179.49208490192936
181.5792333442851
183.0494015917197
184.03216315712984
186.0695064311172
188.3685512511467
192.67320097372232
195.85363381446777
200.5899831915389
202.1170914661844
202.7732693626047
203.27020559540705
204.01144838600348
205.039910025292
203.44015657099507
203.847518914304
205.3375772554802
205.0504220711778
205.73541662342254
207.6571237181576
209.57762010891966
209.47480526733247
210.37917170481904
210.52381216273747
209.98719684903088
209.62947851404428
209.8351466391692
208.68771308286142
207.83297420937686
207.905237408551
205.79372335532415
204.8367613967616
204.87757833820658
203.661292595445
202.87627541744718
203.30015907840934
203.20445641431417
203.52319064500014
205.68344592740465
207.4381368155587
209.80745688823393
210.8935145858479
212.0292389672283
213.29033221656064
216.14146603162362
219.08568965731376
219.42612644786826
219.18000607661523
218.61845980227548
219.14914328050278
218.93836678748096
218.35248794255995
218.43001088236653
216.65081641438317
217.72650646517968
217.14104651156757
217.72849018657124
216.33307818067428
217.0653448766674
217.5433129027564
217.88725994196895
217.5495143610015
217.35190768785347
215.52449468190335
215.53155921160808
214.59926201948804
215.3873309717755
214.3080941627995
214.67100699431123
213.8501152096688
213.64715925368682
213.56822547682677
213.8548891670983
212.7962575880308
212.61838425197357
210.39773071175625
210.50700335495745
209.2113007580731
208.5223530902559
206.54474389965935
205.1519786496642
204.8973254411269
205.22002053320023
204.1784730876547
203.76755847109987
203.58710954945516
204.1579062243542
203.13677875131495
203.2315996802071
202.65259910868642
201.88295495018613
202.3581297605197
201.30951990394817
201.2247989352229
201.0153678756402
200.39505173100193
200.63665931600391
200.5465597678596
199.47252168626875
198.48752736049354
198.39647162183044
198.28367755701782
198.34663538485742
197.44217506025953
196.67029907489868
196.410618455707
195.8702908459178
195.78315086003653
195.00837857309332
195.84608655253473
196.13364706018533
197.7897984765458
198.10440478115373
199.14260848739852
199.90927437987682
199.59701135439693
200.3482741258807
201.4004852175239
201.5841815193122
200.78731806585336
200.9892359139971
200.94538805593112
201.28123139082348
200.5070448502284
201.08599167419382
201.66896327296345
200.93795288228344
200.3217359467914
199.89843913043623
200.04007278849164
199.5219272030166
199.21338675327297
198.62225048889124
199.8245425077341
201.9893101740776
204.586991808645
206.92469610170747
209.3401631862174
212.2400413685656
214.41392879493054
218.38723366611526
218.4059141900474
218.43498557147726
217.5727851705447
218.81373815184674
219.4959723085709
218.71109308314752
218.90229698686824
219.0457565531204
219.72100800210987
220.51637803248968
220.8210319705375
221.75110268224267
223.21066204621323
222.50014568827518
223.84538624843302
222.92978760658204
222.67517551334032
221.36390230270345
219.18545107591268
218.51607382770177
216.90875861831694
216.01382692079514
216.32959212480486
214.74261018089447
215.4140576109731
214.2214919370404
213.6155058279193
213.45497265287997
211.23396170502488
208.9155183867235
205.44487008427419
203.38961128200566
201.36473935369455
198.78146705845265
195.79867035823094
193.3289375903275
191.76022245616622
189.58980702249954
187.3890272945895
186.41286010187756
184.46039103657208
180.38932739206115
178.9894665464764
175.35044107285734
171.5880713699877
