18
14
c
45.64155345348817
45.53028766356207
45.339367516494
44.43520132673906
45.62810523858217
44.741903603925856
44.37900303975546
42.08122334305193
38.83227337278144
33.68191077527004
30.87766022607294
27.664860525802858
23.109012060188377
19.967346482895714
14.41424287431045
10.253551283956297
6.250731923509358
5.540627102715679
5.335663728629971
6.246332822589348
7.253034881554594
8.177699785502943
9.580883008321273
11.88402661204478
11.277012049749008
11.499581381047566
10.205808963949513
10.216053523993628
10.215575340043157
10.612207198000835
10.791503723485897
11.138622631699766
11.796716489648889
14.335044726834976
14.35366739110205
15.808975565712844
17.33492735384301
17.82436002999403
19.844823305056234
21.040432769394954
21.354083903343746
20.91280583141656
21.61618826007974
20.895235489147034
20.338015950641108
18.94355331745416
19.195839910560924
18.90272399129794
17.89768305556489
16.8403496415242
14.922916247055326
14.838689692285582
12.627519103676994
13.113826284260947
13.075060113795079
15.24981419260606
20.3271755126132
26.12038818567064
31.727764482021435
37.10422762253983
44.74175562774621
50.78431574213381
58.18301779755789
59.17559451138746
59.86970372184254
59.73042833568894
60.795265315373555
60.80001849497055
61.63893038982156
61.70703313025293
61.337133056985685
61.291922689321375
61.43321713852897
62.52279276433544
62.75806890484373
63.9365421773782
65.08909057440704
65.3508950778531
66.34566169600454
66.99064435385986
68.98054650147527
70.9810130477819
73.3131853602701
75.150780112541
77.7743432418864
80.44609519139343
84.0898811291228
87.243982596196
87.85768468538747
88.74603730683117
88.81718051256965
88.33406150208997
88.08285479312923
86.27697857423674
86.33247506300556
86.28092660302468
84.77684482732742
85.06771480372967
85.1087443868077
85.14602875759333
84.0274471038181
83.95082238798771
83.62858332218276
84.42887568689416
86.56097498747786
88.51652134207487
89.36467643405592
91.30793062578493
93.49282812207149
94.54112967797597
96.45394481373242
99.29680522237406
99.94038116977163
100.25452417482089
99.9481346678318
98.82646333439764
97.89415798621741
94.438820314948
92.6841943083707
90.59493306410121
89.17759402456737
87.34334678218804
84.73810694400336
83.68359148225208
82.48028812743537
81.87076781622551
82.73418946589636
83.31049045476523
85.58237142256642
88.94330668957576
90.77284927140009
93.83514427694729
97.91153904172991
101.36187249686246
103.59515341201282
103.71767416769357
104.21785526692895
104.10009752651142
104.45290259883012
103.80152522220149
103.72343705056717
104.51650984409774
103.8699728558179
104.32823315127143
104.2610241671287
104.59883186020411
104.53962347475887
104.24516884730498
104.30576440082727
104.99016855327993
104.86084249707164
106.27627343770679
106.64407545611962
109.41551982951967
112.20374437124758
116.17196672439803
117.89325254866034
120.41070113623078
124.70335109920975
126.89312159741317
127.60160501278155
126.9056736273106
127.51651718094882
127.73812063731425
127.90795963941237
129.18901951261844
128.9999675735465
129.24541646111388
130.50909768672662
131.16170885721803
130.7850886647051
132.96973252631528
132.81051587813974
133.25095783651494
133.69898904151424
135.30794768244405
137.4266049150324
139.15176951019654
140.22743171923145
142.62220941483557
144.09616393440388
147.2285563000079
150.26023155494957
152.2817134620758
154.67666976166407
153.19136291662417
153.13091729634093
152.6776053695771
152.58387884383362
151.9269544059938
150.54718301362917
149.52210280110216
149.2731898087832
148.55025292997203
148.4833603116765
148.83520867187337
147.7477978291052
147.77330885288623
148.0278548102427
148.08283331427575
148.15021188131328
148.1211815908849
148.02194690765162
148.3411991935887
148.55922769593988
148.3569859268769
149.17470145168465
148.6030448164076
149.3556899895346
148.82962971910723
148.83496527449475
149.47016598763892
147.0506402314728
145.623592022207
144.45591913396896
142.28736719119155
141.97954370180386
141.3515661880009
140.33984835477125
139.3319918574075
138.46506659215743
138.69929109000475
136.57304105323448
134.29172442369813
131.0583326510836
126.49244967175635
122.47896555925027
117.26469973669404
110.66876826965448
104.55377972780762
96.56822649104508
93.62706395412876
93.75597546330148
93.19389374995532
93.13617258784254
91.8653556216137
91.9205577903084
91.78311295981672
92.13093647581196
90.9262958226933
90.01760895079005
87.52938447331105
86.03584209731825
84.0622356349898
83.9623097573409
82.42791597034362
83.2415022911895
83.16607631025562
85.06399865912965
85.69332926620672
88.0387660861448
88.26692082752461
88.37956373718038
90.41012630983299
91.57993168075178
92.45710496401644
93.20133610483362
93.0742307808805
93.76172410973173
91.12780883968708
90.43417069871474
89.03882469479953
86.9724220823512
85.94041416432258
84.73127164490437
82.65195987532181
80.73559578025765
79.32325996554916
79.2318036450521
78.60940494963002
78.14734863712434
78.36141216786632
77.0062415484501
76.68941597220925
76.55851041566362
76.85624154099092
76.24549990914284
76.04730864514114
76.46884990850158
76.5743957782302
76.01817415051678
75.66406789745714
73.55790223548482
72.94562549179805
72.36935470757746
67.01636105297189
62.49667436194091
58.63947921279056
