8
12
a
46.20021684177995
45.589475580887566
45.41052248261536
45.400584805413935
44.74099102470814
46.22717650026192
46.500007738499285
45.60393068154223
44.793206499754675
43.65528145838184
43.19750337630394
43.768351544561554
42.88021347242458
41.7465555727665
41.007557772208045
39.36746150960347
39.055346562737185
39.09356456281328
38.803436071534314
39.320050076909524
39.31959205167329
41.47616601563298
42.033941896661794
44.21247623880755
43.89741609993337
44.872564569925174
45.25623685896412
47.44760083023716
48.54631826363738
48.77134242282158
49.84205567540587
46.44251310788788
44.208551783125834
39.178744535132736
37.85025731071975
32.72608347297574
29.11467152213013
26.287045952536033
21.076529902342173
18.585103989255533
15.854569564535401
14.82585748214712
13.836472463487652
15.538822762596972
18.089659930549953
20.78272143879468
23.53158580463781
25.284590938170417
26.124355071981483
25.498497494073884
25.22980930934355
25.888288230711872
27.326019043610223
28.84528202133706
29.046830979690377
32.33477529274054
34.821139832297554
43.39408084101297
51.07924440385963
61.02556308224346
68.13224057223948
75.14367785590946
85.73438332310286
94.25527864531637
101.28428553536932
100.97274069191431
101.67329456570154
101.05417072486199
98.17275892000788
95.58505111262438
93.73743225256874
89.76288088564549
89.9098681504049
91.03881777463543
88.78534461475977
87.03936363297576
87.22974728937584
86.61516170028052
85.94475663591116
89.81806394321234
94.52043959808799
101.32574007501144
105.31210239549105
110.97589949859153
116.91718608133853
120.56227987159411
124.89178480087035
128.9288512186807
133.18791695142093
135.20488375609128
136.0315561691461
138.59528725444437
140.96379869249475
144.2690836462135
145.58052982155704
149.91422875898022
153.6987217049421
158.588280781065
165.514527296378
171.57604565999827
176.86469987040167
177.90294409473415
177.84857776663637
173.67871136116136
166.65943427845724
156.71854165890898
149.85477332255854
142.25916541393997
135.57590186254552
128.39972011700516
117.58901372437107
110.7876714545815
103.92764539719015
102.9817255292262
102.08080842911089
107.29373168099478
113.31919658986334
123.93462309172078
130.87363300958742
138.95259931371004
145.31231006148292
149.1330756847409
157.39751688834866
164.6514217477203
168.7836873565924
168.75849970191572
169.78981360553058
169.03083755000875
167.5196007518789
164.9786992058983
163.09961720766032
161.1826387535854
162.11577326902923
161.30911263937207
162.4887329489864
161.58009703390107
162.8146066294501
162.5091571353477
163.05693470896347
162.63457372643592
159.41837493639377
159.64173999839636
158.63231951043534
157.62004267629183
155.43101389309788
152.3154624272756
149.17761861459655
147.08317486298884
145.56082411253965
143.7802115896154
143.3376114791729
148.79995910767389
156.53918255714012
166.110451225327
172.6009789855752
181.6019858845875
189.36870165242675
197.65896222578513
210.0621504451542
221.0269509077141
227.81229402475887
228.95603845349282
229.38576372384534
222.9887305721408
214.48222479722432
199.9365838870217
190.89138928945832
178.9654827158449
170.574454469288
162.5976488746423
150.8607024196558
141.5916182177835
135.241537210885
133.21140556925323
133.06413651543443
135.7868791780347
140.77481528984723
144.84064611702266
149.52422698359683
154.4195428939872
155.62793468614964
157.09198104295345
161.18886416457025
163.2046045526447
165.63069842094254
165.93014152361116
165.295397744109
164.8570394697154
161.32444156458763
159.82693905440246
156.14584946676078
154.34257759531368
151.17128553456286
148.14739138059394
142.2958580688679
137.6063007956954
133.16899890330413
132.44729553788392
132.01228913543042
141.17425483062374
153.87709445323685
172.773744656395
186.70806886567811
201.74396334398855
216.57230642103445
231.63508223174694
253.3623890358104
270.99846092978777
284.2907530374273
287.41679110436996
288.8941865537063
278.10119660721597
260.8673141654153
236.7750098172903
220.5197507578289
199.23605391069475
184.06723136175728
169.6828084143486
145.93640211852008
127.7528088019672
113.78931614117636
111.2006264760733
110.73568078113372
121.24528485935751
137.1513646709836
159.06812441813153
174.92792719722254
194.4326448164851
207.44463953234995
222.2904119799386
242.10206492667365
259.9308034260542
271.6321969388213
275.7610897673787
274.78261780174563
266.6084621328921
253.28714565540452
234.40471483135116
220.19401978434405
204.55412351559727
192.65996150770252
184.10397365764695
172.1862983928513
161.7995668554392
156.44315860749427
154.16950879999666
150.79685636991664
147.11889938316807
144.05412979383354
139.66336431957313
137.10978653383808
132.13927241020443
124.20361805058621
115.51438197308237
104.14942760459603
95.21559472232741
88.43402940973415
86.96353368463166
87.03645400738637
90.54712666716271
95.60300115430496
105.01096289541361
111.65845102939736
118.77150521159653
123.53795169847824
126.73729774425826
134.96184592060553
139.97569312473377
143.30263603749242
145.84988246932323
145.75965106678643
141.88785655317696
137.83527530587747
131.0537495835352
126.26659408715219
121.39024627196203
117.91888839406674
114.8603314432753
113.5383713505305
111.11612659882844
107.97628094703398
106.17770490105183
104.5618187603853
100.20754217954276
94.9974029876316
87.68622298195561
81.59784411146383
76.53512365385751
