10
19
d
72.31491149506263
71.21180133534529
71.55733335779813
70.9985003341066
71.37178205438693
72.04883056176934
70.63208873521236
67.69761043412821
61.66892950969332
54.08467830336532
49.35486249992134
43.26821464957794
36.86046728372521
30.558794440343664
22.525107967431794
15.122819246325305
10.437857271244635
9.22243103036518
9.46915622173751
11.134788694709627
12.675878091060586
14.50760005890711
15.959716801946577
17.95863685254427
19.06755691966725
17.944368540801023
17.47382495457152
18.25761535255397
17.11535211812574
16.94405359682253
17.130513699847192
18.10112902013379
19.295756634828724
21.64903868368353
23.193820488197836
25.081738700102882
27.289154009128538
28.40798915851152
30.562071724931855
32.66868494115934
34.48115728240567
34.57463954004132
34.78260272009646
34.45456459565508
32.29211602647991
31.644691556780426
31.10461572025553
30.204507847640613
29.40635636710087
27.773976997239753
24.39048176897372
22.631830503430923
21.059462739714274
20.595669856638633
20.125723608149134
25.107186452312003
31.901249793727573
43.351604029036984
50.088715658634065
58.81731379049674
70.88952006846719
81.60413198800352
93.47002425308902
95.17960904779086
95.4311692944291
96.1332839207311
97.32156813504344
97.09477663905949
97.38728428558348
96.47667702443167
98.23629114452457
96.90186925864157
98.26991496123202
100.319909155576
100.52036292866633
101.83743502398626
103.28747721561508
104.01868941419488
105.27856104793932
107.38662518957462
110.70188699736096
113.5661180272307
116.05939149634793
120.32193800606144
124.68258477337042
127.99753204766257
134.42600552400634
137.88975136455548
141.42059873721945
142.5846452384065
142.27830383128878
140.38849142083737
140.67434891824786
138.89172817891358
137.00516535120127
137.0982977113187
136.31980367453937
136.36237361146573
135.3067213201454
134.77519640747002
134.57138460448664
134.54863037162642
134.31155068586
136.35169077395986
137.96601875628875
140.97058241064295
142.5257952319366
145.73518461355147
147.48772834163364
149.96294697906797
154.7513585456869
157.9788910911729
159.3046957946981
159.4623779409346
160.14233132259326
157.81103449455117
155.41007055042127
151.47339285469843
148.64278201775574
145.93245537143827
143.52879491386383
140.50064930184868
136.7458011584687
133.2839029709461
130.41603382631732
131.11896041230622
130.57083374029332
133.0084053978217
137.13466518182676
142.2598472981648
145.94941113780254
150.16144834298495
155.74654174707987
160.9905925810428
166.41767574666486
164.5765547175827
166.519939998332
166.32789279786874
165.81809543972085
166.2040616129314
165.85740155822876
165.53501935591444
166.24747630398656
166.82529676097639
165.90451418984756
165.5271806394757
166.0472906749408
166.99409221408618
166.96988839695734
167.58716688115487
167.98567453303212
168.7857797196152
169.97874366033525
175.04315682952037
178.42593105435884
184.8974528556239
188.56913463794396
192.63809069674278
198.4805579632992
201.53167438587158
202.38701914206496
203.56777953788594
203.6911335142242
204.52113022688357
205.18102361651856
206.69080835300855
206.1889330976525
207.74347872249137
208.14533204166477
209.0274599349053
210.24151794949262
210.80585258931106
211.9958601355404
213.1997869941085
214.1373340584119
217.37070947685925
219.54080757327256
222.09174865082258
225.1876517656946
226.75402311858505
231.3314998646358
233.32821117037156
238.577140102209
242.9012320491698
245.05369524365403
246.79316750867346
245.9226080109165
245.78200912427485
243.6358306020926
243.1184576308628
240.0841510521949
239.12701890235482
238.33682313461043
238.58171631226307
237.10545667927903
236.08878196533027
235.9406163324843
235.96058604040385
235.52390437602003
235.4006602785488
235.27929447132527
236.78972352193176
235.82207284708724
235.91081615480397
236.9766123462456
237.24518390368164
236.94930917810078
237.61592659740919
238.28423512253306
238.2366963591334
237.96818706101982
237.2835261469754
233.93389046655955
232.18585519443096
230.07502852634332
226.88564304455176
226.6448403402929
225.14594145713974
223.44817388635607
223.1670907865873
222.14320107658614
220.656457623907
218.59270664942244
215.11397699585916
210.58329994218892
202.15978122729098
193.8724980377301
186.03047239176644
175.42029800138542
165.69273422435793
154.52560213000584
151.57786325679203
148.7416720628472
148.0880655325784
147.76160159079296
147.26339416611134
146.9230870436444
146.78871466634524
146.67417623890583
145.25083269900261
142.98765208848184
141.00644344164644
137.5569236492358
135.22452949203029
132.44367461969992
131.89323334550235
132.19669220687703
133.32208333300522
136.29339473666684
137.87794264141652
140.02982747447246
140.8748146045301
142.31017258328038
144.16557498688863
145.13933585273585
147.13117825720457
148.05783546991893
149.8538694307469
149.1340478104463
146.91375255671164
144.93231149372923
141.90479958913804
140.1992354163753
137.05087425595713
134.24328833543544
131.1975732001558
129.81135042747786
127.88118285751645
126.94560978418744
126.16371983760496
125.40109361987089
125.15388605782493
123.66834853468734
123.85449387139461
123.45122938739027
122.99359539743192
122.49367110163632
122.10107394915505
121.23824107349662
120.81270058925644
120.90952052751403
121.24856542246701
119.47205918853672
116.57540015062656
114.29982204403301
106.4644708939463
100.72989143964577
93.3457046262409
