2
12
c
95.34695176232765
95.86458437906737
95.87486669161258
95.9065796970025
95.76013566939075
95.70021363107897
94.44173597424768
91.97387190127615
87.30321491757974
78.49004951710948
74.17082709292112
68.42343609783609
56.362643114883745
47.40892132941576
38.834863493527344
39.17216904213513
38.64904639269304
38.26533262332261
38.699191134148926
38.01258206035115
38.42766262948682
37.588031491210494
37.40924921968988
37.62552117826258
36.487681424116694
35.02855598979949
34.72436844249689
32.974156467088314
32.76454227675385
32.395724670299366
31.763501382032505
32.519414117488786
32.310186346373364
33.13682048732027
32.07863245227979
34.114762878127564
34.18829716652649
32.84086664854292
35.356039005498
34.951675998601054
34.70388440034977
36.24710365292617
34.964232755538454
34.866554399002844
31.584147287164075
29.224111002392767
25.87342179807697
22.812097377515226
20.456444299032476
17.593652172373112
13.010801860409
10.461779747646098
6.995167813582815
6.636811436783939
7.153199716786555
8.482624832122424
12.008388839773877
17.56403181527684
20.494128440824614
25.99852896525957
29.02494679000409
31.975175282263642
37.00164762924321
40.218364660493826
41.943202434696296
41.99612003404847
43.29799478522425
42.15397484494871
40.74640813884374
37.974741526903784
37.50228466413858
35.224821951682685
34.87456209036795
34.30208545199494
33.191827085683144
32.85215779113224
32.89378007354904
31.654266516620382
32.796599640621075
32.08156927914031
33.91505086855946
35.74204017481467
36.516839878883886
38.56316723950829
37.945231274646794
39.10276821641615
39.872471505567624
40.12570514193899
40.644003238580545
41.45096066432524
41.50593147513162
43.16054621415842
44.54251115548453
47.970584824332455
48.991738884970694
52.95479735156714
55.14405643333237
57.63643544529196
61.82285581739896
64.20085068551863
66.83469824992311
67.76267555207336
67.30515076931123
67.63988312356283
64.1209076851722
63.09267526881044
59.97443362703684
59.45915604649045
58.026667498153856
57.14643946270285
55.256442303164775
53.694919420047746
54.380426651837396
52.4523428125503
53.180237400546204
53.558619982817476
53.35575376137215
54.88058050164233
56.44198292064455
56.27068450807894
56.09063600915277
57.00183656352777
56.75348603279393
57.62453763329052
57.47054235269961
58.0426319766591
58.28699699146321
58.39170204454374
61.07792237983997
66.2739134321862
70.3417997596064
75.25074103041496
80.10300667449647
85.04528722458686
89.81575094220483
94.08972472946346
94.47885908816453
95.36988775509064
96.18284749934467
97.54492271230156
98.17768308534158
100.0335013200057
99.81559749919298
100.51864614659928
102.04682675037704
103.13441733833105
102.18817119334761
103.33176204992405
105.542174957872
106.3075155845692
107.17503451498
112.01189617725379
117.26504479598307
128.6439678789662
137.89262284969197
149.24248853461467
159.99902478542197
169.76740804230687
184.9691697144887
196.69720762924067
206.079031087784
207.7327700934267
208.32698610755685
202.9816065784549
195.22597571828885
183.05777410465285
173.8598153307362
163.43505567196556
150.54442878940546
141.40643945654563
132.15051885184252
134.59128412347047
134.38656970121588
136.24906380549268
135.28665827092803
135.29043821684002
136.6683611817663
136.0194277178117
137.14359063155334
136.3937047860083
135.46252289826498
134.91418505829824
133.40410569086367
130.90321955292805
130.16225144174942
130.362399261934
129.4830366132742
133.34800633505415
138.22829158632715
145.2197227726328
149.52492365634237
155.47963637809485
161.05514301862584
164.25379364139715
169.37375151225814
173.42701802532324
178.13992118454283
180.03355572159387
181.95174858088268
184.0677841522224
186.929203186446
190.1532203177761
191.63687599217795
196.01841854236173
201.1917236766439
205.7523231406233
214.8243571550053
220.8283709782637
226.34064052049484
227.50928227635592
228.70328955991258
221.9828944633833
212.0811096593211
199.22776207090308
190.60236731051072
177.97246137157595
167.81468809025557
161.18156249808044
151.38307876076067
143.95657584197
136.8530243535449
136.5773268460915
134.47434239292463
131.40589300734646
128.77884820271376
125.32728076127522
122.20869798821532
119.63966898107147
114.20078795828394
108.20993939421481
100.02850127735115
93.36938242825067
89.01200592023204
87.66535305088613
87.50826116454665
89.41883195815717
90.19606819442615
93.69227782103403
96.24986572062231
98.07369600341735
99.60432651383617
99.8779390906547
101.37184296756058
102.52663627571532
103.28313549408627
104.11280506562878
104.17910163778343
101.54732296155059
100.16910385833991
96.93932458563935
93.17930258643378
90.4990721091489
87.29337278641387
85.27352205718762
82.30957857035305
79.636474062148
78.70176902222374
78.02007160446328
76.77835533151692
75.60258245060093
75.93815138507827
74.80468885456013
74.49818991296023
73.39634167634524
72.48219044137632
70.22317637170272
67.62446466782421
65.54326723487999
63.1429723790318
63.371877224918514
62.24012793303983
65.91306435398933
67.01704726040019
71.23555384485608
74.3316183702347
77.40840107532719
81.90008971396945
85.12557670052426
88.90543784029897
90.06132648148727
90.34361942941553
89.88813362827212
89.83047621122928
89.80657730092146
90.31685497068725
90.55589607628131
89.60027882150096
90.85005585225873
