8
15
a
136.08771075467726
137.1120641347545
139.57121512912317
142.38457384168026
145.41932077365328
148.33655486807913
148.2009602782201
148.3649908005716
143.09510737598757
134.13751472939248
121.46908567757548
112.54712571132156
100.70117297314152
84.91129924009087
72.28043797486588
59.303539065170604
57.42210456365061
57.933947714347745
58.04444268309897
57.96041613200562
57.5831419302788
57.835750249649756
57.027843088944216
56.7776649203555
57.34441900559112
54.9378033899654
54.20510253215679
52.03743421084236
50.49652665997295
48.08128893178932
48.70586368567686
48.7691390255596
48.17724951514254
49.332407335938846
49.57436624483358
50.22558172568204
50.79357443950267
50.32333893002329
51.56476281287802
52.25583046003398
53.65342218206977
53.543696630696545
53.79011073998337
53.770860135910226
52.51944441136369
48.04869431740377
43.07932212756125
39.59598353617652
34.09635715165678
30.591296927450962
26.609586133903544
20.69430769937233
14.765205121459726
10.0223738484881
9.573663932718214
8.963228162636991
13.014705685849906
17.986586874633808
26.36995750187812
31.89048839550616
38.46198285750782
43.237903217551924
47.58052327166359
54.427705881639994
60.128859514707095
63.73714398966729
65.20329700139617
64.15740177757552
63.564280751070385
62.421793422781526
58.50500104854976
56.3698742521153
53.45948922790028
53.11788584258868
53.07478733536018
51.61931428938852
50.01947279210173
47.89604459923878
47.68336257106904
48.47872160650523
48.46531700268934
51.224908744651415
54.04157744216299
55.13324770464702
56.8412119026256
59.04721034063356
59.122887530073335
59.666543062706005
60.18557998728841
62.44039090413584
64.00978868993246
63.69594939302628
66.11904964217162
68.81957188889336
72.15740829069586
74.78412205635139
80.31002872291782
84.03224270926931
86.76303349890682
92.65524985626837
97.36027551677815
101.32440718980986
102.04420255781646
101.58399699799509
100.75180218743878
97.57719446399027
95.01351593107533
92.51984756337167
89.40993604889003
87.22915823507483
85.50655770146962
82.70652751754677
81.14773862484874
79.87576801359039
79.83284614117312
79.46480611307045
80.72337588044047
80.51079170531771
83.54853490567075
85.16654419722695
85.95257253252964
86.29817268491993
85.58171360366899
86.12084912293744
85.69772331705263
86.83531257077748
87.16419432223704
87.07677380707918
89.74226123897338
91.7587034251907
99.32980550871727
105.38997795670407
114.70767956578432
121.17974024357535
126.99710099777667
135.62077732002078
141.32140057845848
144.3286758439285
143.3723422499025
145.77745961433587
146.6418528490214
148.05045570902405
149.36913401155653
150.92837427190852
152.01137314839815
153.96851331801793
154.29517018152816
155.4413282304946
157.23934218882965
158.65814997170614
160.58399683755727
163.09916770806655
168.33456911481989
176.6176805694767
194.85230784154948
208.3162907655574
225.31198799002183
241.54262214511508
255.99634583941796
280.50818379878643
296.8384345801554
311.5748720558902
314.39768665671
314.5849820727367
305.43263580419006
293.3049436073368
276.81679173082966
262.45714195991144
247.11407280286997
227.67146776050907
213.20629099297133
201.6921701411139
202.06264599285942
204.0969349538362
204.99057137932408
205.69746756391115
206.0114622065282
206.31468070207254
206.07681794309218
206.8911082834229
205.4594673052824
205.30457693462083
202.75423183975425
200.24753610692397
197.9755224037484
196.04805104688745
196.00757235019066
195.55572380205254
200.05484451248645
208.88633921364516
218.64719701886557
225.4572113856056
234.00315800030057
243.05834356179406
249.98868242643925
257.19098488716213
262.8867437776266
269.66675805867783
271.42319430120904
273.73226319603936
278.0758901957252
281.4468427381191
286.25279900324585
290.41535737592693
294.46899591134616
303.23565472462326
310.5165172129925
324.25519519110696
335.37404415699234
342.33655512659055
344.25183317498676
344.90353622040874
335.281973083088
322.15319208163817
302.08499082421906
286.605901904261
269.31952696178126
255.54314074013055
243.9417546222866
228.1518361644295
216.58818603432675
207.90892261298097
206.2066945685947
202.29124819129623
198.21561139114934
194.75979417796637
189.80188175270789
186.7715989765479
182.00985130653294
171.21775564422194
164.26063495747312
151.46989659469898
141.88142862707176
134.1951869822344
133.513841970314
133.36150199203956
134.90205226790002
137.84836469971654
142.23178256253846
145.31770157071284
149.5784110726142
150.39854731811127
151.46194740048307
153.59033930921376
154.35240447286853
156.4160653239862
157.53951773049516
156.90140492520788
153.8516903681952
150.35763120777165
145.26292768216422
142.21778039412737
135.07796805707082
132.65821265828782
128.86664370862698
124.77435011221792
119.95268513220982
118.98521088807516
116.76456534642539
117.57094953105835
115.71088702116346
114.92131230410054
113.72576318916575
112.67991677655351
111.52241761541933
108.10667757502425
104.56931311414155
101.64792719845488
98.45090648266549
96.198023061269
94.38787750671636
95.9058715595094
97.86293880623589
102.0004622578397
108.17260218405728
112.08756718626415
117.14024477108097
123.8151596429523
129.10441273064325
134.0904832318316
134.65436646317445
135.55762069879668
135.44976800401304
135.56890883077497
136.16503698052395
136.3807171909234
137.00134158346816
136.22694470017004
