25
2
d
87.28807180729042
67.27054264047469
55.57755413379064
43.631272962512476
44.950660987944104
47.0214815987745
48.01832896233037
48.0393352224188
48.3099319633388
48.43428917441921
48.59222975693314
49.29715602215722
49.34073929320427
48.821519905743294
47.85290995360461
45.97420196187463
45.208771520412235
45.47394802692827
44.677583330646485
44.175217517063615
45.23545240806069
46.943275359118545
45.94719565410225
47.6662324518275
48.58679584841542
49.651076865235794
51.89578603017325
53.11820437727478
53.72049251598507
55.82132621937617
55.2525135802468
55.044215131795056
53.84398063784011
49.76930646882025
44.791015583296904
41.60759572508203
37.55456234550447
33.12334738239285
29.92584875427185
24.708345026423643
20.238717965591498
17.113152081127108
17.096879107972857
16.622494487466557
18.45176620419397
20.843641716484495
23.702697831512356
26.654297537039547
28.81220542046952
29.01552033719129
30.41170178446134
29.27923978331304
29.78195666855412
31.04477538660016
31.69197591476609
32.31015440195002
35.829272036882074
40.17901314218906
49.62954285972105
58.35919245594053
68.87720855801135
78.06527247181228
87.05685453440145
98.94475426228357
107.71405216942615
114.97805716291457
115.80716231369311
114.75729884539285
113.83765465224919
111.25600391411926
108.94956842016988
104.81324796218965
103.63630383257335
103.29409501899252
103.02598037330915
101.2544060512443
100.02995926192713
99.87889960976605
98.91731526926986
99.01293392159859
102.7138724606502
107.11882117724845
114.76154543093494
120.02301650441784
125.94779149461048
131.76000994635072
136.78949818268978
142.3977975803677
147.29711340526083
152.21863867265964
152.39809294445618
154.37610957729115
158.94417217240763
159.98489011168172
163.9389814922622
165.81831644124264
169.5233524695683
175.01579509672516
180.25716127558744
189.7457632419679
196.08130254778152
201.48485596716947
202.9934971284534
201.76310090241145
197.22557470902314
189.511542142536
178.5980802898451
170.62782991055107
161.1221895010579
153.47213857478528
144.88513371348756
134.48178382119744
125.72306437394712
118.67087073132029
117.34950558383967
117.72308496326305
121.46754093830576
129.83974015075248
141.32165884621637
148.0357519132501
157.8965549302692
164.90280242835465
171.15325222313712
180.35241081475004
186.92450280929307
192.59822480506298
192.30906170287741
192.67874819625297
192.9103231565393
191.1194396274956
188.63221967143014
185.81446924649813
183.77277730731439
185.11066138114967
184.13301866776857
184.78185670717477
184.6772813861217
185.36935644374256
185.08444349845124
185.65744172417968
184.82761337151464
183.20478549404177
181.14590235355382
180.03981055984062
178.39011227891064
176.68333367116702
174.76284122954937
170.7325798751568
167.46843489382067
164.7216123532635
164.0829806758889
163.91559604780005
169.29284453488168
177.48021964745092
189.01838993984504
197.32843079567522
207.31124466156115
216.28949510623096
225.81448097362778
238.87059257608996
250.3678604255379
258.62221663611257
261.07337780109134
260.8222864335863
253.98527542297688
243.81301557897203
227.9684716003882
217.74876107356954
203.8795275668094
194.11140752248303
185.0332453576488
171.59353397620654
161.33389098933384
153.22941137359368
151.72505223925572
152.11321572974168
154.8853906234005
160.14320548068235
165.17468359918547
170.27875312702156
175.30858373915697
177.326402859545
180.1685454754098
183.3400511097999
186.16165188937396
188.55036764198687
188.9104334551887
189.2119577009571
186.70618767872114
183.95809767478062
180.42471844688532
178.06485522014808
174.72908642465015
172.79952954046564
168.3491950984114
162.47970061882415
158.09362229321326
152.2789581782738
151.12653701387205
151.495137004764
159.69341126678114
174.72692943273003
196.80461138587168
212.67125665420423
230.30508509315834
246.58157236065463
264.4994092120737
289.14571709072845
309.00832012667263
324.3500243537621
328.45695174053776
328.4809361789941
316.27329839331577
297.1183072564705
270.8452350171242
250.58137476477364
226.8744025722567
209.6564996849122
192.6098686499287
164.96461773957003
146.0595329703399
129.47844484680596
126.25187133650527
124.63106796773066
137.40205841009407
156.25475739380877
181.20618638191758
199.46200481863391
221.1895211131212
238.0963601451059
252.95643171800984
276.59246954109517
295.06872992644855
309.8744194937686
312.63803315481584
312.6450947144601
303.35096791516827
288.2487502935718
266.1659497261347
250.7010294331013
233.19869525259193
219.44763198048818
209.0561915090515
195.74090040024484
186.19238918842103
178.14415763697622
176.21273008242622
173.24569728896157
168.09106055769314
163.93459272869305
159.07892199624632
154.10291670015673
150.34494158495772
140.72713578163135
131.30399813979759
118.18853843683125
108.3601214118864
100.80338044324715
99.73236674297802
99.34069512579009
103.42966801750944
109.76341213681411
118.60933921308595
126.49211050416163
135.38981595632478
140.3542381045957
145.46490415249602
153.4527295679323
159.82330402043218
164.1620058925389
165.31609176620051
165.03712523086222
162.63996827181447
156.66534512986047
150.10134479348804
144.77085006681705
138.29545372263394
134.25979595997268
131.12217391843294
129.7113622723292
126.22155081012444
122.7066863750148
120.34990631159283
118.86426672862035
113.90299638116265
108.66907627242405
100.08804777912759
93.95422523443683
