8
4
e
62.28983383845243
59.64335187708671
59.90676122018281
59.21595847069843
58.482484625585485
57.459222104383954
55.91644732001401
55.204909511309616
53.58405280126397
51.277020441141346
46.595551402183155
42.949006200825075
38.7472559693013
32.27190946661707
27.718607451191804
19.82228482083963
20.212079096191932
19.369679539071196
19.39477138817038
19.7670827085494
19.34014001565787
19.267570949171965
19.56085302245205
18.4967531507711
19.52597568926669
18.63122054246619
17.004350682623134
15.598269229158078
14.355109949658267
14.44486169180515
12.771023378892474
11.992543031655169
13.561319832102042
13.597059529723516
15.530851385753653
15.558586717823179
16.014818378134247
16.835156082289863
17.194721804073467
17.39360266293659
17.254679339202873
17.618959549479616
17.94447285896296
19.042799184299096
19.249938222283593
20.832716716689617
21.539913959713022
22.16316487792738
23.720146354933306
25.56894798037154
26.47793167813894
25.72744037746013
27.427689181477607
27.778102207626976
29.297984643763794
29.200033277054477
32.35539897405128
34.02460871585813
38.27301856334167
40.9485415848265
44.28911889068488
49.87066404120331
52.17882539578379
57.776936857451105
60.82598013826332
62.50589008873704
62.12468836238878
62.51193017384029
62.552569018762526
62.45218382625345
63.78915268893018
64.83116356198484
64.82528510717518
65.5552409576302
65.94058181910701
67.30292360884803
68.24065243489392
69.1156553460633
70.2680640651794
70.16419388933792
72.70707995333883
75.66786795829358
78.59440487514115
81.80775402465643
85.04775329308838
91.62247039222908
96.68598636876834
103.1205298593366
102.18920782059364
100.98425768183246
101.9276896374206
101.65632021090794
100.96510901464988
101.11001941145034
101.4386313048407
101.54885168347734
100.56917136544638
101.85132804722208
101.5771876632707
101.95590398237904
102.08107224130009
102.74072354938588
102.94419300678271
103.54054725500235
104.76137624856257
106.12886948782922
107.94993829049139
108.62207200772033
111.53882352382038
113.65963701487608
114.45300693236376
116.7418513618664
119.62325538434241
119.75728182108124
121.15638197148661
120.73460899847923
120.66040370862757
119.9481569523101
117.9844398633151
117.95236034777112
116.60920482822186
116.4865921428417
115.24896377970464
116.79496320946366
115.57790271676302
114.88856287981964
115.17289937984894
114.86194503021389
114.07035392502937
112.58086916147214
112.8436332315757
112.21009694513523
110.95441577231762
109.66016566868876
109.03980669108469
106.39457939652148
106.12742950619409
105.04981758950846
103.96585401380504
104.9679654333034
106.07848034937899
108.70367199585743
111.71128540941498
114.02047082423549
116.63446861579945
117.88789775627073
121.01149250481144
121.75153777377851
122.58335915768087
124.90285499651814
126.25880570176649
127.33269214852722
129.64218199910988
132.09358954837805
135.4559916067094
138.627606111963
142.55751960902768
146.72585668540106
150.45252269231318
156.98173596239505
160.90859914068287
164.4128754884406
165.98183220477227
165.4588973644739
164.1545704090002
163.16198003411023
161.21075368511887
159.57593389542973
157.15098282430537
156.02603940755063
156.7779331480857
155.25425822738924
153.62147505160263
154.68534747848724
153.93653873695274
154.7299528532398
154.47189172080547
154.42714842345265
156.33719246611176
156.62720696848467
157.07150146927881
157.90064853958006
157.7265625228357
159.52786108571277
159.17711674277768
160.42138386569368
160.91492719433387
160.79099916472114
160.50780835197483
158.83257495205567
158.49428233826
158.10494392079596
156.8778333506937
156.335624952526
155.26282861526903
154.7844917613336
152.9800115964262
152.82428732691758
152.2970799772099
152.71324042901134
154.14183902249414
156.8765851403838
162.6383925721208
166.18989066991855
170.2468944977949
174.0447135995744
178.47134636000627
185.59501000187797
191.08594839484468
196.71840071834004
195.82187181894537
197.51185305604176
191.50486538237715
183.68207384930386
170.8809963334593
161.42572963917857
151.3652383060994
134.43408489910166
121.00437774403242
111.03172527680638
112.80645526967261
114.93338244743096
115.11650968638509
115.15592875621267
116.33367792167742
115.68545232876171
114.67059998909227
114.60132568516671
115.8605203351718
116.36889444414103
115.1849309505121
116.30129587124534
115.99682387337103
115.37765028358312
115.38452712710517
114.70466972796112
114.858261618963
114.03750311341541
111.77690838872628
109.89714242864268
106.93307745734681
105.12726982683316
101.35690224616943
99.23243697058781
99.01340470735165
98.5127263822077
97.89566659825465
98.55616833961676
98.00085677733696
97.72762407579626
97.98855235224424
97.61118530624834
98.22547511421718
97.86854434585292
97.37369235926879
97.43481902230401
97.65031817597455
97.12056394072701
96.83517883834108
96.5222483720707
94.80886692754515
94.7843687820329
92.29477795696496
89.96154130439501
88.71952242211428
86.64937146354505
86.0332368930252
83.75429538914246
83.00551912542726
80.60724189979388
80.3406549712136
79.23943838074436
78.33056790543993
78.12812483588046
76.05774648406076
75.43759209037306
74.09477114393775
70.9384640406935
71.1187182053719
69.04999738432456
67.262461457284
65.73012113626764
65.46587785845213
66.03652220837985
63.911764335834775
62.739824955920255
62.46384760551857
62.1564533200992
