25
3
c
6.5483421546998555
6.416713476218868
6.4020954218270925
6.885502496633717
6.232579668417485
7.0449373074410815
6.040981506108327
6.621410534199192
5.461207900531682
4.6501660636459485
4.47345981645732
3.1109192920096067
3.1946880478036856
2.222307519248733
1.9413015043607453
0.0
0.0
0.4059916409457903
0.0
0.0
1.5812122364661452
4.476015019012447
6.765212337603917
9.436234548728905
11.881471346893546
14.889154484271494
18.50427939034624
21.388171339177024
22.857922930025115
22.381755289791133
23.375989929938637
21.949812503266557
19.556581780998012
16.12969991282003
12.646895766193243
9.089489992854155
7.052392473904069
4.214440593906317
1.0007590505922903
0.0
0.37980110638049647
0.0
0.0
0.0
0.0
0.6393627151132262
0.0
1.7554115826280157
1.2767969320700732
2.3178122481089454
1.8320667556656756
0.7641834841172617
2.1559013976006396
2.8683488744337295
1.9834866313902526
3.8467562199592074
4.197785226251012
8.052526554487134
9.597499048341344
12.688905856979282
13.385967240614837
15.13468420012418
16.064650968176387
16.66447066066975
18.89540006123269
20.5979977898251
21.653993288656128
25.178690493597532
30.63536862010815
36.28867382410922
43.14013387030767
49.62142843552214
56.270448939014315
64.1209531087843
75.69662373256213
85.2649407333219
90.59060305270854
92.41540432901664
92.93074885819823
87.16122723390508
78.80217653382668
65.94028195461118
58.085032916649
47.09412717806495
39.87058640815023
33.00168608093803
22.152840825771648
14.423044328736543
8.366725472947492
6.95553735887559
7.193279274462487
9.13312646672791
13.324833404907352
17.292791328074326
21.821725579621052
26.197929532695273
27.903040148453513
30.43084837645507
32.50374550633997
35.05503616525576
36.63159382067843
37.19336373531703
36.96281849120841
36.44577473064399
35.810479752607584
34.81727616712601
34.10545677239355
33.600008289305066
33.75231606858659
31.941144659894487
30.568826706191253
27.762866656917403
26.16696250577536
25.418097529464262
25.571751404496016
32.12591366577954
42.04580319284745
57.661369453525396
68.59777787691262
80.17511367479625
95.32466633060874
106.78575577399447
123.72918238637871
131.20343668454032
134.85908633972403
136.06740010889985
137.34179565172016
139.3000239612732
139.51089572575884
141.12326046334766
142.04635987631346
144.23003750380786
147.5961058261975
153.51915678215622
160.8919231499862
166.64036987008316
172.0077269930502
173.61827585081613
172.12096426742067
168.21292858071055
159.2280453990068
150.04644152331386
142.22578248621286
132.47896720313005
125.7590063665343
118.94720713313643
109.25058236097419
104.2406098450552
101.60250735021434
100.1859401797252
98.84941638049017
97.39662608988883
94.90525358107674
94.36629177182617
93.110551754685
92.12466628201764
88.06171455507064
85.02950542018482
80.68138429044461
78.23758618352345
75.76214528637149
74.6273818905134
74.24586172241541
73.07890076263305
72.04494477513998
71.15383494197819
69.17163585653846
68.74481944837027
64.44060088212521
62.87772933318878
57.94812196400346
54.72600114612762
52.003745217954474
51.23682203392445
50.14361191367824
55.59504364715025
60.827755635692206
69.30387205018344
74.84977397540735
81.24987198625135
88.51012345409987
95.37243557542185
104.92993911815535
113.96681505504718
119.44109738600513
121.58303339028359
121.02187585162255
114.77304661175347
104.25626031018354
90.33137115717871
79.54069317888562
68.58141348871249
58.969000555505325
48.956236106696146
35.22288149530312
24.673044057172905
15.822911304579542
14.105551477279967
15.25823219038968
19.082303549436816
24.689661761484473
33.411848117727345
39.860727970163715
47.92646914708061
51.48305549504164
56.870304377025285
63.39865172870126
68.22936705934075
73.01005836725113
73.39991898318202
73.71733297198023
72.10893371786494
67.62363860912767
60.62949520237482
56.249950889536905
51.034156855138114
47.33963331830559
41.91897351941595
35.12863928420944
29.283571728600503
24.28196446714906
22.96109643765257
23.136229251469345
30.082200629095084
43.423457998694225
58.026529186133494
69.37781069381352
82.59767610573348
95.5003265134158
106.34696531485682
123.5077934974597
137.23168520047645
147.6616798307562
150.1881163232649
150.01700441511667
146.45937237591912
138.33055879194436
129.935857889671
122.81517498813776
113.98451910213613
111.98776924007811
110.01108150059378
108.40084202108012
106.36328540045025
103.8570474972532
101.75425168055484
98.73690989105808
92.3252670703472
87.05362463507119
75.36595335795091
67.66474392735245
57.327554510432456
46.19620567585171
37.06740393071121
21.43361011207958
11.137527538624074
2.19548868778231
0.0
0.9620520193659432
2.30386742477975
4.813976589629982
9.461903559126508
12.438867478925024
15.67649287929571
16.043554351108128
14.464822515666409
15.46900854652654
15.388788516989257
14.92261419895085
14.743881993856581
15.102453231744692
15.392142306989149
14.649855717596306
15.907710314252123
16.887940433950003
17.474296050100367
16.96631963155333
17.902675561630815
18.87971963038727
20.1672275125386
19.271261937718343
21.396244187950423
20.265201014855368
19.75412125946895
17.251016513382616
15.440090033916086
14.115120436012102
11.910378108476088
