12
19
e
223.49088241443425
222.68411199213114
222.66881169677572
223.15490200505334
222.44672868275129
223.1418274817801
222.72259959680926
214.82908373621026
204.29802035244907
188.2408734142068
177.5697029767502
165.75423597486215
149.88769468617278
138.58755892273794
118.66980385054475
105.34798717506835
94.62398707963133
92.2418455300607
92.62993781681872
95.68661936383437
100.34440556540007
105.43674788676628
110.44035217357535
116.059520871442
116.41920292150945
116.82340338009999
117.66532747001928
118.37483538087915
118.73106458284192
118.53349211950011
119.44729257326189
120.47384416251322
121.85066782745587
124.70673529832523
125.3731470878426
126.17886265370512
128.6140165259159
130.63503036860152
133.59264744761185
135.31005995178143
136.73897109978148
136.84187465972795
137.2803224121735
136.157902997719
134.5293138961842
132.70197026477672
132.47511980074876
129.3331411788656
131.03806243593868
128.47898436471607
128.97066035636246
128.1680977022301
125.88593930825687
125.97334952384199
125.65409953017904
124.8307335124329
125.25469061134261
123.44708578208636
123.54900837431349
122.54565095595876
122.08413787930486
118.4195583210427
116.43579521192387
112.97785668773643
111.5001795248694
110.38811591904819
109.99339005575109
117.18363691171737
124.39009633838191
137.5084630458517
146.02432111985274
155.8818552705073
164.62864043923284
171.51276467748968
178.0141232078745
185.19777839346537
192.38586413367304
196.26727766585554
200.0411130134362
208.7736000946639
216.1628594674698
227.08877749103115
235.65255460570063
246.3035625034224
258.6430223288064
270.272058051889
290.20525475111975
303.9737165290318
314.9391065966174
317.3743710436447
316.63363859065765
314.12115169765354
308.8769372465301
305.26626882163237
299.23922752080955
294.6093231534975
294.545281033034
294.0180831695288
294.1847571201867
294.8149580442946
293.91030336110896
292.72658178378566
292.13571425713064
290.137929612475
288.50298361543275
275.7555457992892
263.6957470683854
248.65516237006543
238.59644855659315
229.75320456161558
214.03112954726632
203.1304078070713
195.045523277657
192.82005073825079
192.2573929011702
195.48732409213366
199.62254300539655
205.52784036473207
211.93285582582857
216.28565639032706
217.45416521680556
220.44114549052048
222.96973142992366
224.0678193997894
223.95027185115646
224.9100088292602
225.34958611083877
225.4149304739501
225.86629058345508
226.48810564977688
226.5127472110673
226.98079006066652
227.34846892820195
227.87218764530877
227.614434863154
228.58980532635562
228.86383190243106
228.58370507742782
230.63520095546656
231.93863062473858
234.37587438093092
240.77651595546433
246.40187936969127
253.15712016533809
258.39436244292347
263.8763712567337
272.3246423088803
277.8625848598271
282.635454331941
283.95568419213043
282.96676978093427
282.5547083948666
281.27188053339125
279.08351101933886
276.9630949016325
275.2501675165617
274.99220117570866
274.0060179229502
273.18450852352777
271.031857428601
269.5696763520881
268.9710756541869
268.49823096016314
273.4711789338703
281.6729343895057
292.06957990562273
299.0142749807156
309.8994931367365
317.55227975848135
325.0977984639555
337.69136283626597
346.97239130994353
353.5590783847223
354.50565887345675
355.86313723692115
353.51527618503303
350.1872631226706
345.70269116641634
342.3332396788878
339.18854766245266
338.8656350922797
338.114765413449
338.027112855571
335.98900163535495
334.9720919118671
334.93909673674995
334.9921912931855
333.52954810478985
332.33756936712666
330.8260393231479
329.3857232034667
327.8287624428477
326.26934710727113
326.36487511740626
325.15566972910324
323.437051843423
321.8911332464814
321.5795425393789
319.4723487454363
317.83036089929175
314.693478473367
310.11136420380876
305.081465578508
301.26883105573313
297.03837449773533
292.0327618395772
282.2182537754268
276.4127831188664
271.8458962474734
270.4386480027614
269.60354665680643
275.7686724391075
283.65225055638336
296.8615330805291
305.8572380566645
316.32672434795023
325.0331259040047
334.49412243730086
347.19249847952557
357.2689273960596
364.2622969843715
365.9419516930358
365.46645107746104
361.9389455667868
354.0768769777172
345.0075187242685
336.7633420984782
327.9939985318275
322.03139463475344
317.84834083312273
312.05428345541515
307.6829864984446
303.42695058606733
301.73647670102997
301.07200376795527
297.33686936632665
295.52340723779554
291.76063828122386
290.9723524216252
287.3688551514306
282.5464500509159
277.8723994843267
272.14405170097075
267.93792989322304
265.3008144572287
264.69054166050194
264.0112957724257
262.41728617214005
261.8126561951716
258.5117752098671
258.1977720762759
256.77943404082515
253.77918015386683
250.17177822072327
245.80990853210525
241.77898048416418
237.31582161446227
237.85176359888467
238.10105108626192
241.8521828731587
247.14891679589482
255.0482036407577
261.1824972988554
267.9829469929063
274.26145397077244
279.69975219989766
289.9156368660047
296.8020715639375
303.26483739332167
304.59741476929185
303.3078988198559
299.16969101979026
290.59990137486517
278.8297148928043
271.3897490970295
260.75890370782355
250.36551507255427
241.2045678671589
229.49785614676787
228.3437387243168
225.8919098632657
224.88335372994294
226.85227146161392
224.67158483572135
224.7762795329176
223.40914003177446
223.25677212975071
224.13918685316273
