0
9
c
77.61565285554477
76.21756159910916
77.66349084283041
77.11063345221635
77.37560163963697
77.44468532825424
76.83561931374815
73.84360616132426
69.21225609347195
62.75798743180995
58.176656368401936
52.50441821959592
43.294834536536364
37.04069302453289
27.784538197625
27.197579332487862
26.64986106860432
25.404009632502238
25.766002313056596
25.1847364518101
23.898413756202423
24.67904174086002
25.22031028062012
24.020725713934976
23.01680043083359
22.471063948597358
20.60171205562284
18.021147297881146
18.183386282755045
17.302696662022477
17.910174542897746
16.90567732849532
18.912271925903866
20.824438739070143
21.788841274730935
22.06928056651604
22.510753958778693
22.830773968905405
24.07967709133178
23.213484323084792
25.033249131276982
23.89299411870601
24.2063337081721
25.940498364320867
26.94900211229245
29.797150564820118
30.837781257670784
32.147177767878304
33.585026600660505
34.449329963592064
35.24185965165972
36.074433211168696
37.556762570173426
38.80263770662878
39.89060885852193
43.53226774347165
45.573840748551994
51.245051218254545
54.398562254451036
60.79323284041103
65.99207747422128
70.89351408505837
78.27932245884976
79.60230565259009
83.1585276868508
82.92842304883396
83.06008259867579
85.07592388015523
85.88503816747075
84.56417023979112
86.87106594702263
86.71767603911326
87.35953267636643
88.85809376684252
89.72654641449736
91.14990231161532
92.32783769792466
93.03588902869008
93.43185863230177
96.97956354140472
101.59095923874625
106.15707783422879
109.02109000568608
114.44471170224575
123.71753201438233
130.07677751779113
137.69062957070238
137.0224214490681
135.67959898660754
136.84160740306027
135.8317857688292
136.25862789704365
136.9689319411611
135.73396022785246
135.7046928320263
136.25509751655943
136.00352374827108
137.1540169108803
137.57510629600594
138.40879176045922
138.6939278801921
138.283749271365
138.14229979573827
139.33575095778772
140.4959257437365
143.54510575313392
145.19100560135948
148.1490538874538
151.32537709644862
153.51301469671185
157.95538327779417
159.74898451001846
162.38178542694843
162.42333604340445
163.0271922219274
161.84464017712014
160.04001332976918
158.94670733051598
157.87767472306996
155.41344608307637
155.9894407802453
154.82224899961517
154.10755200854211
154.3272581688952
153.9453527209435
154.4220462147086
153.61198141163862
152.3406305353652
151.1421724757509
150.9189939706147
150.098881219658
148.61198346589208
147.99712457117982
145.86819730027793
142.41600848421868
141.40425780136152
140.4251676728404
138.7922687772349
138.97158322949429
141.39056219578947
145.15905502244112
149.20934508056123
152.28091946793444
155.56137045438442
158.20634273038263
160.57259368725525
162.69205995438597
163.73713896521227
166.75445342736802
169.08968295955273
170.27821182934917
173.47456203205346
176.79004858606348
181.88935977218998
186.504675697003
191.5188644929347
196.42898175937015
201.20943056860625
210.44616541727567
214.7633021759289
219.7610537844855
221.20588474869803
221.18749009566702
220.3339034899906
218.27262030658773
213.97717993312497
212.00936828195734
210.60322268210908
209.19635150349762
208.67050609651028
207.46104916769096
206.87378800086177
206.72801129489346
205.90644058195096
205.75661732420173
206.90829711175195
207.84416295653986
207.62891322801858
209.64536578645777
209.69457244775487
211.36278082603954
211.50166546992645
213.58327863551483
213.75732834493888
213.86536736976072
212.85590949759268
214.164469830949
214.33637521938465
213.29179921973807
211.2574327160681
211.05044497270578
209.3101084430559
209.91399587459773
208.28176132644543
207.0509930409819
204.36938138842623
203.38823782742347
203.92963246524656
203.3352686023213
206.4506039875663
210.81906783327477
218.02316223477567
222.06741325300408
228.05272413038657
232.87588657433707
239.3963621928754
248.24368694732564
256.2363911548214
261.650924892262
262.4057141634395
264.0049850666733
256.24185066827147
245.27969827605392
228.55476209526148
216.6296578733575
203.34228663604245
179.10914104802654
161.72295755540247
147.91642542419766
151.48301168508442
153.83067135303577
153.76136605211522
153.80583381343976
155.03979622958374
155.61516671945253
154.68577926099755
154.02524562289162
154.30488226274005
154.87186056536828
154.61582239825344
154.152392660237
155.11949390098337
154.55967485081166
154.6767404680554
153.60670565096424
152.28385845372082
149.92096728820937
147.95642887777228
146.7728521871838
143.31732483696925
139.59865453601753
136.8737897976442
132.9366711728661
133.08042875960007
132.10217131339573
132.06398927027803
131.6231299044246
132.54079546050053
131.70025746107282
131.74099736182288
131.91644545945675
130.8600701319383
131.0092868453172
130.89957646953482
130.00745549719522
130.98136195694548
129.5433589521788
129.72228533628936
128.83545468719038
128.5472364583866
127.68021045850402
123.62633948140802
121.626772959942
118.789811667002
116.38636062353
115.16047446561292
112.2858464546408
109.65760948050938
109.2637659241967
107.97621367284084
107.47134903665204
105.53865634644914
103.85010193046996
101.94146639592944
100.41300419032659
99.48332371260604
96.57591934167277
95.19140626196355
92.51975044335778
89.5106874767645
88.14283803206447
87.004131802674
86.77277783748522
86.10473740330187
83.85937296995546
83.99886689810525
83.38667749903288
81.19535482549949
