11
14
b
156.3126251006674
157.03685016127992
156.8998361968205
157.24052335449227
156.8759431772611
156.67388515455843
156.69300451910462
151.74113728964883
145.22412680079285
135.11907991615976
128.87463439387352
120.31458026412517
111.10549016598412
103.55410873076178
91.15001789978321
82.14269909175927
75.90378437413531
73.94956744778543
73.343136027682
76.74689832741907
78.89075894955512
84.9061481565286
86.62086529031531
91.60762499498198
93.31846882049923
94.47909404083737
95.93854703859144
96.79534929013413
97.18603767545359
99.17310736322821
97.91361959027745
97.79048713346083
98.41613933936551
99.38623274174947
99.02996229655756
99.3388072834938
100.16914083509843
100.81440723619488
101.84349711262003
101.85943574635259
102.61508937995887
103.11288689142062
102.85135053314006
103.2489198582423
103.55809136172395
102.53361742425234
102.60855248249179
102.63765302548978
102.31742831112044
102.15407459708621
102.49546488071782
101.33675840028884
101.52798550531871
101.69731014941732
102.3431165206362
102.33895158946898
102.47195091990442
101.66597228235094
102.1011711651985
101.76679827013483
101.2643919726729
101.53173698744085
100.1100164546729
100.03723171740101
99.04520028243942
99.47165952796244
99.41544667516399
100.70250884839686
104.08792248528432
108.18248652633014
111.63220073993023
114.40456000081119
119.93602977802158
123.59115385292297
128.91209952254772
129.80178162598634
129.4099749566801
129.70867609221355
130.4498028826736
129.56760463771562
130.17660133909823
130.34502851724227
130.12717990056584
129.73303677615974
130.5723917990451
129.3381925778517
130.08025261827905
130.39067721158113
130.62986418574806
131.2432244847519
132.0773975789731
132.70469129630763
135.36952678999032
143.3350903916024
152.02585587904107
164.54876793585788
170.8498004549746
177.80246689602703
188.20126500740653
197.480985602795
203.4378589147592
204.24232598313614
203.8959762010989
202.9500945533775
200.14096788672194
198.797808684637
195.9336059516874
193.77366908688288
193.22025414201863
194.6225142943415
194.4399575693616
195.68432333314024
196.45309016793203
196.11154740014393
196.1131733042821
194.29647896517324
192.07281749577373
188.73996931421144
186.0566524038622
183.9667620595197
180.75453397509688
178.53420182233674
174.7960622929304
172.9846184459179
170.5093043618345
169.3290459534176
169.0969330370981
171.58252644417345
171.25116525029102
171.34643827053685
172.77204820156035
172.9648025792897
172.72059016000446
172.98911956156678
172.91477456584843
170.8512013391005
171.13640829990536
170.14774284301203
169.88566151294881
172.6063970836254
176.64543956347708
182.02131800385771
184.7452994679343
188.33193114874223
192.76582465769056
196.7045920033243
203.0433113414907
207.61159298849793
210.97235854825715
210.7158830082298
211.23479538799455
209.4476046045885
204.92513264173294
199.32360472862754
195.24613754490983
191.07132561022308
187.92696335737958
184.61933003874205
179.63117764014171
174.66609463016022
171.6411437772555
170.33161458541434
171.51980907341954
173.74580334278917
178.53720042653057
184.46115216786552
187.94574718703547
192.84188876099336
197.0475778745164
199.75272398893776
204.08391490720626
205.62482386125225
208.82690440275843
210.90755470537104
212.81177926001877
214.73422518334885
217.66421897833604
220.90344107375643
222.6948455311094
227.37795715365422
231.78997450275105
235.2197658469453
242.43136716265403
247.6304413788745
250.49011127763572
252.6940558645533
251.82126359929384
250.62369827435944
248.2881318677051
245.22827163872427
241.91736284581924
239.72889318072757
238.5455187743193
236.82656296887086
233.31339295930263
232.87578425002295
229.78106099720782
229.58591526952645
230.3354204434208
231.87554175735517
235.49804800641076
240.74640810399126
243.83024141771241
246.89982968810955
250.03951502575694
252.67183676683115
257.77403500879217
261.8994121638973
264.13641283613896
264.856882057869
263.83456002062087
263.81241758773075
262.4961794683604
260.59478906445725
259.25050198059756
258.00075213752484
257.40827724552344
256.8094595666838
256.3174792729177
257.720989406363
255.93847984945594
256.02280082542177
255.676328180693
254.6274904141547
252.66399542575206
249.40697982578362
244.74133793329108
239.73077013351613
234.4058176155781
230.78221033867243
225.37961265855296
223.37338549968135
223.03794120170957
221.27669613130763
221.18726084130807
220.74690792542552
220.11699258740833
221.02300981744472
220.1263628630962
219.39027786709715
217.59283687308692
217.10498820057242
215.87891223300284
214.30330698117925
214.2246213545767
213.36060978115574
213.1972964042452
211.37525588751353
211.51363659716523
211.25475975822405
209.79402764381737
209.57093247354703
208.26162604030412
206.92647409867885
204.5932644074569
202.89676955273092
202.51420260340674
202.77798379022218
203.32790670591936
201.3560851258801
203.58778548460424
203.69067715593016
203.83438458996366
204.08578615551852
204.94754083387195
205.22694608764832
205.08067853887067
206.9711719792995
206.66857632315867
207.5773584721074
207.02033237875688
204.30243820389944
202.07852818385248
196.62832264776813
192.41063151235022
188.08470019585272
184.91929432037176
181.38477451990525
176.7481876101208
173.815202717584
171.26227144713948
170.3922391676224
170.07365223567226
168.48989891857232
166.84465148093273
166.71320938698196
164.47737934388218
163.56314164627972
