2
7
c
62.659010833922764
62.74075420559356
63.579357892173014
62.05215984814216
63.83001014883341
63.69997846533481
62.94793138666973
62.827155642039955
62.755203641663506
60.979923033420675
60.637625519929955
59.09502222261586
58.54199137751885
56.57265420645527
55.28845972917637
54.38644216361249
53.41104211168341
54.03879738790152
53.74214224771547
54.338328812235
56.03435716141269
56.40811876782169
58.670916808753795
59.342698486928256
60.53643834204684
60.819907126386845
63.271648903679626
65.3225172099662
66.33537911198043
67.38940614425852
67.6000522161979
64.26022404953865
60.86697090751942
54.12753625340851
50.353098508986854
45.583932334077026
40.36521423531733
36.14309990262676
30.091391186821564
24.477505014414223
21.161288194721177
20.25564025628319
19.514070275319185
22.15199327293278
25.06113321370213
28.579355728862975
32.384592566528966
34.42033462560872
35.98531931138766
35.52046265603819
35.703490854887086
35.806640431754296
37.01109741099315
38.45086570813535
39.724937363711085
44.25217458382894
48.168071973866205
60.20440187556591
70.73799406763389
83.84877826928654
92.85238666027857
103.35909685989614
118.933886939843
130.13027891690845
137.83128755559812
139.70836351210102
139.4072744732147
137.02325687911352
135.76424353519565
131.46398028344956
128.66094754701348
125.71308630651465
125.12144015815873
123.21697253858514
121.40599378578852
121.77415029790866
120.59025351123556
119.89928538432814
119.39834685420807
123.28003245888344
129.60276181219533
139.45919285637018
145.25417074640927
153.80226119444552
159.7762520701757
165.65875973573563
172.07985006031942
178.36147337629703
183.32362051914416
185.47909421573632
186.94084515135464
189.8259596641293
193.02502641677304
197.1415585969195
201.31790744873678
205.19946904502635
211.3485126288666
217.86022264934965
228.3383155997255
236.92678011419997
242.05856534921074
244.49829143439612
245.10471076601408
238.37421330375358
229.01376782464342
215.69696096689
205.3613166747932
194.13719613856355
185.8929792862949
175.79718359461768
162.21827004990524
151.08026933122105
143.14011852516555
141.41505111497733
140.90617539288465
147.4233585766026
158.45989861623048
170.60500091121241
180.06437847954766
191.77968365277502
198.0145097277245
206.30935164222316
217.87381801907122
225.55795214301781
231.8345489124118
233.44819754187247
233.45256078091063
232.78995130082234
229.6217198833612
227.85109800344216
224.8305073100597
222.31060818974998
222.09163516190654
222.88114989419137
223.26026392439326
221.94125813182228
223.13116570705893
222.88750102888773
224.35673798285833
222.94491499019819
220.39477297096093
218.05153414730324
217.81448587480213
215.14484458968187
212.68754344904514
210.6188014049218
205.2884384275833
201.36457289671532
199.03309263881266
197.5147197044846
198.19494036529483
204.97641119916773
213.97944674694307
228.0519100350347
238.58697642711837
250.12674225885712
260.4834995147106
273.0810850360062
289.9315711501246
302.2000876846271
312.643776084581
314.98039431416095
316.2015117176885
306.320539931269
293.9558140623298
275.2910974785647
261.48210621503597
247.49465932602936
234.1883413673577
224.62745613134143
207.29157475197934
195.3928407144542
185.81821068337118
183.70841307931553
183.54938935895794
187.05951737684123
192.11515392246676
199.6663886412195
204.90702518378552
212.41168948585903
214.41654526291833
217.16435923037747
222.14119554806797
225.0235300919992
227.8369397510819
227.3021041144807
227.5797631560716
225.66197060906873
223.09820489379513
218.54224512059756
214.54108781999324
211.2643300641013
207.8568438471128
203.97695207650034
196.55516444501424
190.13999801375306
184.6265091626801
183.33255929060854
183.5453378024067
195.18210521039805
211.76508508209045
238.6139450655252
256.39867533931516
277.85207496305384
297.36818571042215
319.4571501717394
350.1685994504128
374.08769802666313
391.89633009895005
397.4454762924496
396.94914721204185
382.9362119122686
358.62175313095236
326.8870381983923
302.19874261562904
275.19772144918664
253.18746274578896
233.55370558273853
199.5353678694296
176.2634069796024
157.3596670382102
151.97479931340345
151.4543461851114
167.3784214785821
187.80430505045038
219.5994512737641
240.65236656792752
267.7782577258918
286.35687288903557
305.8585548365868
334.7245276954502
355.80841638647263
373.6551031963636
378.0561992998516
377.41121441160664
366.87199340288953
348.52985759314123
321.5695229917362
302.93031058646955
281.7782188083705
264.52415623488406
252.12206053034842
237.07085291929664
225.8409042741536
214.58553346369573
211.5206750484731
208.17051063263565
203.03082407199116
198.12683371593127
191.24374137215935
186.71419715052417
180.70428914263178
169.82706193294413
159.57521300721268
142.5728973331445
130.33738087462748
122.0978187213264
119.58807274232593
119.44828233575954
125.26385369399567
133.84075451127646
144.77916646764837
153.81896982593776
162.34961508039277
170.36786314436222
175.54383370751157
185.3551976907882
192.65052654069675
198.52871145412223
199.29232036145598
201.33456399577156
196.19376619236394
189.52073962019756
180.3531820834397
173.70890768383012
167.3697609163135
162.21150384158062
159.56011593754647
156.72416883545904
152.9722162092316
149.02376437799924
146.8199174049404
143.95517969811237
137.14014369204963
130.633492751486
120.1771197860972
113.7344099763175
103.78905176799086
