22
17
e
68.28795172719624
54.16926447588615
43.43318060743489
34.87425729957318
36.1435915184509
37.07347216050241
35.63083021392512
37.04890161885956
37.91727145693096
37.85862504317076
38.772393723537895
37.59200495848331
37.59157067826819
36.425325580452
35.51652600083447
36.67781514816151
36.48088676465821
34.81108780507242
34.79549486159874
35.02442800187842
35.87328779098577
36.01940975400822
36.20634614448476
37.923453757890826
38.86785265776095
39.20932995652053
39.38079275905596
41.21980676952748
42.9331048217798
42.52307080353914
42.86468499042345
43.58615060353652
42.188995843372126
39.82817453371196
35.508936332392615
32.27414503133185
29.01585928855495
25.96038605045298
23.532880203454585
19.29639026440822
16.267165904367555
13.820836760697492
14.065941399046968
13.904528342337624
14.257655202335757
16.1071782593884
18.36611289438577
19.347921262302062
23.194609493500632
22.835623274202803
23.037851035786268
23.22361595637896
23.6002669187117
24.295260897144416
25.039718794101336
25.179931774785164
28.17154482807935
30.296731058928337
39.27848005758124
45.927829055368704
54.34050914398715
60.39110400053806
66.56040362105246
77.35440529016537
84.15476746584112
89.49372493579678
90.46560912917008
90.61609838844213
89.53428831457256
86.45629299014277
84.20140762143312
83.36147476964311
80.74108185405481
80.75195312521012
81.01162720905073
79.86351711868795
78.05599481485835
78.12563293282457
76.2990799506527
77.4940663973447
81.00564691474169
84.69788808429297
89.97644290797417
93.51230941135115
98.80024624000598
103.57349722689474
106.809393705893
111.50136477701353
115.58466257530782
119.30280790077998
120.07468769716564
120.72554510037855
123.23743501664345
126.12004398206489
128.39701099267853
129.6461830562059
133.25223323008277
136.4668136877293
141.2677790975473
148.20730977456057
153.1518818936103
158.11814466308732
158.4109229459874
158.48914093509507
154.0969127014056
147.9020237315486
139.42853589720846
133.95833700441077
125.7754203800676
120.01748393764368
114.29528473461212
105.53686569080094
99.13888001205923
93.31848169087203
91.59398862568878
91.68328020902332
95.94810023840765
100.78553430599992
109.39243062736656
116.69102530444289
123.68133613669403
129.45552003156578
133.64582878410084
141.43504748990696
146.81294853215735
150.99790287083434
151.84297710921115
151.1111424726963
149.459281836087
147.92239998362788
146.84564375612555
145.86446740007852
143.70059283980987
144.57395221458427
144.32918714108803
145.23286553953196
145.0410104401974
144.35043285292574
145.35018431871248
145.93048216754016
144.53350884597108
143.03879921506834
141.52666189194113
140.03069851177514
138.5925750243115
137.71650028746848
136.47761931118393
132.70948455803236
130.18948540656234
128.90265200924603
128.31811554992197
128.35275652122033
132.50150926187777
138.24764527485897
147.31963153952464
153.53254775880566
162.74437027879847
169.78221110895097
176.6541818275739
187.01099734177
195.02812306223305
202.22079024742925
204.6573080061003
205.04475960040136
198.90388200286168
190.52438537363378
178.53528088731986
170.28343374636242
159.33047571959128
151.7087034864315
145.85401773591911
133.0899252500581
125.83083016959091
119.62834360066883
119.09964095850218
118.84813585233957
121.39349982196642
124.51240934592006
129.60108096479357
133.44282953282024
137.32036250668602
139.57776977937633
139.68364713864074
143.3367548332268
145.68030930375156
147.61413736712112
147.55598385620644
148.93638925506167
146.87090621279157
144.20702551635762
141.70151799746927
139.50809835857785
136.93086995182702
134.58485649960605
130.87202574985017
126.82638230705457
122.79125708858702
119.9139108034638
118.16958930190494
117.98302713975669
125.76865537013713
136.55394244584895
154.1427638170111
165.7947346277455
180.34319318744724
193.5795650071093
205.88605511227146
226.33577190677124
242.36979741836882
253.66717922237268
256.7543571515076
257.35123157632347
247.39718269998912
232.58579055081398
210.4817482795958
195.58546527092017
178.0577066944164
165.21204224234754
150.5351987440581
130.43151406372826
113.47343312417175
101.63602769280484
99.08689643665099
98.83109562374844
108.22622754957393
121.24170183636195
141.29836520005293
155.3539481576821
172.7774985555616
185.28624730022514
197.78587848140307
216.35864248800505
230.8522452919215
242.128997088004
244.55695668281214
244.932661926014
238.7686646979012
224.7549872523821
209.18431280443383
196.32328142263512
182.51946632772103
171.5213263575557
163.71992902567223
153.01512733711326
145.39343989946644
138.5299058679159
137.1879719934571
134.7746340998236
131.58246203211272
127.99116677381919
124.69715929386666
121.05981283284946
117.2275026416635
110.35778678591576
103.29967091144937
92.3664901542735
85.46590920475063
78.6939292858578
77.07854874170302
77.10109988523011
80.06771345638741
86.38696749368727
94.0680300313968
99.18773663629528
105.68256861836494
109.7088087340215
113.64416437133946
119.62244863828032
124.8954116743119
128.07349719642588
129.68762380124696
130.33556999727654
127.35451872206825
123.34461207259092
117.56504154147622
114.01093837246334
107.78975645623801
106.17151455077274
102.83345538563583
100.68648825766851
99.2701079333139
96.14943048835134
94.53213924664404
93.3473699128446
90.00863257476959
84.2285464617367
78.91302453656843
73.44037710815637
