4
6
d
56.108597535777875
52.52181160920265
49.7863348825233
46.7736057752125
44.02724053190507
40.38319644948198
38.960294118158224
37.342501820711554
35.74069465140795
33.522143141798736
30.874659632592646
30.474988059073237
26.543960592966677
22.421545412270223
18.983295515817503
13.388245002754228
9.223502358369556
5.712263279887773
5.801703431522508
6.7781205155548925
6.555914084072715
7.544422932703892
8.10237023420642
10.917100709953914
10.726418933796888
10.377235862642975
11.09456996782576
10.717122299532035
10.569527911073276
9.510831107989047
10.865302939034413
10.769848105588894
10.346848705390896
11.261598432216289
13.500728637528281
13.899127376900623
15.492627391524122
16.22812401569895
16.459064538588486
19.341129950316112
19.839245286748245
20.68214709591023
20.605744717873094
20.699680926640763
20.962033725483565
20.392553894278194
19.61143369894316
17.701613383789933
17.447759139984107
17.27322435997721
16.29942452654487
15.648222566256683
12.919600095632077
12.209778653144474
12.827484023446232
11.740534512773202
15.125470279432426
19.150369725270163
25.67586351153311
31.243475262065502
35.135448785957266
42.37306210711402
48.640376043991736
56.99309829636521
57.22091232931707
58.107942104670585
58.19862833848545
58.83641197446135
58.109462689621616
58.63800317275128
58.73800304783247
58.53384240714498
59.9227612553264
60.356265219552824
60.59692174222779
60.77355378604338
61.61543803265615
62.87628308211671
62.596522691047916
63.79081268446568
64.80710301004257
66.54752015693435
68.84268025183779
70.58254232271472
72.94591153956353
75.51394955767738
77.5625884015765
81.12081412389007
83.42677701426123
84.94240499848996
85.95272409776581
85.26769479266338
84.91296871114331
85.35753875072363
84.08199585403496
82.50003556601548
83.27570502381343
82.40002185910713
82.43556498275716
82.47628898754722
81.1905980665894
81.76601162941155
81.07237717550296
80.80272068394429
82.56840429446959
83.39965837672712
84.63508975410709
87.10405287563904
88.51398813083381
89.31018883680267
90.55482621878254
93.90313234080509
94.34848755939421
96.15246003129376
97.17095684018405
96.16983947184566
95.82266675481752
94.31782969269028
91.9742941614693
90.05711086265372
88.32675689174965
86.45743843991109
83.81584901157638
82.48231668398921
79.89257220335121
79.36865066075579
78.45451428875002
77.88394175718715
81.13004665115768
82.71586778911819
86.20373782799719
87.93069391597044
90.6971174917788
94.36650930051452
97.96660445308034
100.50906896996507
99.78614011480968
100.30429008196661
100.68328840229728
100.93424835791755
100.28208759585814
100.27568073635251
99.74546016039656
100.3647061064905
100.24895515746074
100.26185090108592
100.49295093975772
100.5978761989619
101.0400960799321
101.11968657711598
100.88661754377448
101.98443822478632
101.96316752833272
103.0082706956587
105.749194584165
108.21198037153599
111.89799939535581
114.48726624883655
116.3881595327529
119.72433012193842
121.51891677580785
122.54488385455008
122.47044815954928
123.39039184395241
123.74388179234153
124.18604066083536
123.50261944941322
124.86969526151132
125.61270001860976
125.65676759661396
126.71974282050155
127.11119908927182
128.13564853889872
128.95286818924095
128.3013292232403
129.55532526512627
131.88742077368167
132.03250241992714
134.42285822582906
135.61818679566045
137.72482584351664
139.69370584443007
141.6451628423178
145.0058211491211
147.05345930006615
148.36929312047027
148.97886699177783
148.85859857544227
149.1440929902053
147.55337441569588
146.04197259825773
145.40646972987727
144.70287108323834
144.29928067573005
143.32530085598628
143.49364585030932
142.26819592857618
141.9496658901868
143.2534493908439
143.36431378564546
142.3636089700449
142.7790591849061
142.84457511051326
142.19870455312724
142.35359855544283
143.25744758827216
142.7223650920529
143.4453713750879
143.3148159154504
144.08067056191902
144.57921132370558
144.55805023379654
142.19541819039392
141.4194832601835
139.56177484999927
138.38844728249373
138.19311714674873
136.6659261958848
136.674813720227
135.71174667076167
135.75780726993028
133.9497035543442
134.15422053408463
132.45315851034198
130.44776456100405
127.04181940558512
122.39785499312195
117.17069200404828
112.38463216015428
105.37228193345321
100.60621187689091
91.88521232347111
91.88688202284698
90.42279845995702
89.67379669004282
89.4651455487906
89.31805892523285
88.1411629130075
88.09651553040959
87.92082473859057
87.5353710197877
86.60112751656509
85.24107136308533
83.55355829453661
82.69362615242322
80.88483240982383
80.34759971935063
79.93262055617008
80.80120177874703
80.87357902795043
84.04913143949243
84.32702465603138
85.39818163143723
86.99968436421902
86.00857857101987
88.29655265255201
88.20312281843269
89.0197314414587
89.9618689405725
89.9553002779104
88.7709714578654
87.25835523666271
85.8785416059654
83.38772776006525
82.94499337027864
81.32521083328085
78.6465458749592
77.96505226772862
77.17093427364824
75.8652010251907
75.29107437194526
75.32146437000186
75.34695612755868
75.43814784271025
74.4963823391134
74.88155932192454
73.77696128528099
73.91773075834146
74.27598825812485
73.71429006593742
73.49010407683878
72.85509018102705
72.26484540410083
72.23201818253793
69.67925829223938
68.98501600458263
64.27982355998066
61.71205481766798
