14
1
c
108.24072085018668
107.11301931176541
107.71838029735152
107.85859752847082
107.95257996703111
106.58134350265748
106.47847059148751
106.1588054083354
104.39500667275671
101.08342172899427
93.16000623501043
87.20986065058715
79.34110816381947
73.03417142355077
66.75418493206672
57.69234880345897
51.24149251748611
45.88866700120088
44.54409822417916
43.53996103419862
46.206964997515406
47.12537340278048
50.59064416778944
53.84345684363285
56.098903542229046
56.09624664948804
56.24088583631916
56.90078175361974
56.78069992786579
57.640148273888265
57.72033566243274
57.97061001613152
58.23621071323205
59.47549392013906
60.009660434560196
60.24436064766353
61.16691640021016
62.18521942069921
63.03960262848923
64.9053453565865
64.77849251334953
66.70735141405798
67.40018296258003
65.99639042219681
65.5378252294348
64.81993487739832
64.10638228713704
62.82888575455835
62.850019245402656
62.73542408326791
63.25147380675988
60.74626272006856
60.78362906152748
61.0613119320475
60.81186721137734
61.39978889342864
59.21617467179687
60.40853019740515
60.229707030969806
59.42090281584439
60.10388178183883
58.37653928258315
58.33705237197802
56.18723078333828
54.63930168430824
53.43196506891707
53.52691404242169
53.25033056351189
55.73582393409881
60.32852913692278
65.72329012743246
70.3039896651042
76.15756116424633
79.4744100755046
83.07362367036521
85.83950777327087
88.7412533270396
92.41733118050566
95.14126581284417
96.40686427959251
100.4797117697632
104.78573593461806
109.51265357300879
112.58369932966345
118.6372764334049
124.21399376808569
130.65120174939005
140.17690435721167
146.81841913914235
152.67848416693835
153.2514841509693
152.96852904508376
152.42511630125932
149.19808143510107
147.24828639683176
145.1612281191652
141.50756292073416
142.37273771023717
142.37396940569212
142.07561109678602
141.95916015807484
141.2618148826629
141.2400713929534
141.66755465301856
140.4302702883643
138.69634365427237
133.5512294932025
126.83141480644542
121.11482104055055
114.74930752541225
110.84686577677867
103.26241875327395
97.83936646748164
94.14564595559855
92.71490174894784
93.22830554114041
93.96629052176046
95.81856762403328
100.40719181250256
101.62375711023155
104.56014135368135
105.1293159187212
106.18466534602577
106.92373038949381
107.6961870615698
107.85914959007884
108.04270908283885
108.80373017788446
109.38215873226439
109.34929669687295
109.12338940059772
109.82822193378097
109.95242136930212
110.72722466455967
111.14994614140763
110.71255695551571
109.33324490720064
110.07240120938455
111.62046589705412
111.01394692248593
112.24821596070338
112.56701708116378
115.77352282321334
119.07402328298762
122.33132978462308
124.46312047583201
127.58338227998536
130.96613582775197
135.0147014315614
135.87029610031308
136.89869026375843
137.3573863920769
137.03843616020586
134.69952592368855
135.21344392118328
133.9034548152773
134.10585888613616
132.41952636433712
132.42822922532298
132.07999267279493
130.93063541887975
131.35447294236184
130.0533319932724
130.05994628701882
132.5694824797244
135.7120422750843
140.90624660364514
145.0530189019076
148.4977244441235
153.30771987105658
157.1424647897347
163.43620641809986
167.63239224707618
171.0314820970121
171.84508704030736
170.95868685110486
170.33965384469218
168.4131121926123
167.31421975330414
164.66742106357924
164.7682162749969
163.57300989350708
163.53802839376976
162.41502283669553
162.74639302272254
162.52337854508423
161.73728699498372
162.09018277109934
160.67014354359742
159.28223020314013
159.84779724619992
158.8665575174738
157.61801574645284
157.6229115178246
157.21744192157595
157.20304061746577
157.0188469956854
156.4964032525295
155.02797221316484
154.90841407059068
153.44381987718637
151.83611286941328
148.99243456216382
147.53366352796985
145.82914130660305
143.28453698568558
140.50714036477456
137.59702309589187
133.59313011546877
131.68805851619902
131.1365229540045
130.41901945528394
133.94138875520403
137.53549799554253
143.2692576296423
148.39206544999487
153.11286754387356
157.55007069503196
160.7975553070782
167.02201051844548
172.9429671769718
175.9966132159791
177.65720676213013
177.56624775791784
174.2157498758579
171.40740112704296
166.0107258205987
162.45316841362055
158.6163925030991
155.1246860612329
153.46679034750454
150.30487971143899
149.50136464441542
146.8370857644012
145.91853684323365
145.4958551189658
144.89372068348567
142.29649668172328
141.5135028227543
140.13609877785524
139.36061626681038
136.48579053427392
134.4117435212854
131.96430188936486
129.959437969943
127.85059408158791
128.5393460976109
126.79491152646884
127.31034413185365
126.18518728381571
125.41050304256753
124.69943867711379
123.67094751965838
123.21873844835461
120.50633808563583
118.14365932841434
116.63521947427638
115.20336326574109
114.86503731699939
115.46895044221533
116.98014043410188
119.84511209600291
123.06699474828015
125.8899571411632
129.83927300077087
132.69123680920325
135.06355645800036
140.23134715009954
144.2921706561992
147.04503835338352
147.144766602432
147.43339195561921
144.03557797831158
139.87658777290713
134.99433826877583
130.01075576877284
125.90385000065007
120.75038906890747
117.0642931812987
110.67974925630978
108.9490956912647
108.72171685205909
109.23308116314205
108.83644223139208
108.1196515497839
108.4882905605826
108.11467742706583
108.0227016586435
