8
0
b
29.62839592711232
25.3645116554591
20.55052799348674
16.272128709450936
13.373631583689528
11.665032029762754
12.375545549874907
11.637833369065019
10.393956771109103
10.79865981941977
9.692825953982641
10.086116149747566
7.863361929389973
5.954195047947008
3.5576098389061994
0.6814432168587023
0.43109575360079194
0.00980600916537565
0.0
0.0
0.0
4.046658148533087
10.588075589627886
17.123556830829735
22.547560410438116
28.123488327590298
34.1854402185939
42.793251525541116
49.62525254860769
54.62255587021699
55.36031926740268
55.76776749972012
53.14350511728321
46.65697375664031
38.453735881959794
30.997938553582728
20.72705578056925
15.557332966751556
10.748686592839526
3.502405890631949
0.4175183336501216
0.33912996750471974
0.03274009144286743
0.26096900271026996
0.0
0.688347741778299
0.11238497210294587
0.4582150874871267
2.236284079658219
4.119021721699969
4.42255076818589
4.631035224922634
3.434227497377638
5.136530829735888
5.448674750960655
7.221535635043136
8.792911755116613
12.01048686843215
17.30655910639777
22.946259052983276
29.41528383087878
33.00359498068916
34.91523788330001
37.93186273442791
41.1889138657286
45.7308448574765
48.352345416312865
50.530584705414306
60.20084113144208
71.18907058874073
88.71087067103034
101.71164544388193
118.18423966097048
135.6125739130607
153.35560926686045
179.87259593286262
201.1978181365873
218.25418540304662
222.52890325432912
222.3411465242066
208.2534286790925
188.3279052920054
160.04362991239526
138.86230386415568
114.8806382648844
97.09524064922277
80.44649734516692
53.36573758522305
34.23494799553983
19.053398297934436
15.77947391326989
15.669988075878406
21.57658468607604
30.765427580645426
42.07705707915278
52.683090328212636
64.20067397335518
67.55538475597221
72.13310430994916
78.92123489239098
83.1455701110887
86.27092784442547
87.62865610126318
88.12710600062084
87.59850709105193
86.0802904806122
83.97281224921436
83.93536095759798
81.23238205233073
80.36820690240452
76.51752351187046
71.37233555074982
65.74655120219919
62.05979987884151
59.83746575471706
59.70714234590767
75.99332490787506
99.98999446917021
137.1447419562954
161.78403385134152
192.0469037172432
229.1776744843196
258.2934685556413
295.75456378379715
313.14431782891404
321.4953789250706
324.61104768393875
327.5900253173476
331.5499682069206
334.25158316930134
337.46904812685324
340.20212805739754
343.9067942228283
355.0979823650132
366.18386762685174
384.6261461098438
399.15430456380017
409.2670848984937
411.71125568648444
412.82753257602326
400.48231466258943
383.133594490326
358.20444211138727
339.3942428044114
317.5838076740977
298.632667502473
282.8026390823671
262.38742125866327
247.91649717107458
241.92199511642073
238.73705247231518
236.2367105680752
232.65570647963497
228.19116225211016
225.4422504217004
222.72697116682883
218.29253247989155
208.96027499370473
202.70373815793835
191.86491799562327
185.86090465137366
180.2108367968497
178.56121819503326
177.07050443664966
174.4884809986933
172.10562332170937
168.95308689444784
166.2129420069617
162.89065240752623
157.15904078147403
149.7907397746521
138.5569013551583
129.26982914857865
125.06631904317398
120.53085299972952
122.40252281818806
131.3137935349309
144.25690764107634
164.36320360970814
179.84576030087695
196.1652818623565
211.66521558123304
227.2773159284336
250.68284908705547
269.77289710498997
284.3931523351844
289.0605765729282
289.00927766148686
272.6304970625156
249.7226910803536
215.82373973622944
191.69630746934658
162.84476488403595
140.04516524854247
118.24171307795866
83.75889202395584
57.823555899771
39.451471889235386
33.56967474061482
34.53879357799617
44.63715033808149
59.004466462295206
80.50577061004388
96.48861520936703
115.38512539673492
125.2596100840707
136.5316029704407
151.73896418199206
164.83651455800657
174.08400475023097
176.63113246150692
175.77502289483107
169.71612159499978
159.74388598297065
144.20729788783962
133.5954540456903
121.75774039261331
113.55395830557896
101.48674890253952
84.255533294225
70.48375825552793
60.28778793631559
56.05411731260389
55.07949856838702
73.10475771866199
99.40693605059923
139.68125876071352
166.99978963760566
199.1773077348391
227.27597087896103
256.2671149850618
298.51950670508353
328.7099319325432
351.65023736910587
356.8104629659014
357.37802859730505
346.26828848784777
331.67677904623827
309.72404837438256
292.55530559047037
273.8575902232873
267.3282597010387
263.50639819869394
257.38871647313016
253.58804204560744
246.36193091446867
241.37013644051297
236.26309986933015
222.02633697831732
206.12336712989404
179.71568402694427
161.4761607575556
136.45970263756416
111.73953900758077
88.27052985399752
51.50759338930771
26.05901767219098
6.4643533164444635
1.179293107355198
2.0805375162543562
5.868277969840464
12.93482470569411
21.16148216268046
28.68715962372717
36.75955882944972
37.02042090117672
36.71989587934725
36.34155172985247
36.58361955172329
37.30358854146293
36.962356926805384
36.633314874017515
36.80327587713304
37.88412057889013
39.47637870636686
39.37826988814142
40.12008813428871
42.30279436531974
43.04893736948156
44.91114064296112
47.5550132152291
48.099593180627345
48.12875176103484
48.935133050542824
45.6909990656546
42.36272253647162
37.741267422460126
34.12190290537948
