25
19
a
238.80588521899935
234.80873187195647
230.2504845608876
224.5809226578005
220.41443975562137
216.77282694949437
213.49516532935948
212.18535044570697
208.1354391224616
203.5918440782594
198.8290595767335
195.19813707210758
191.60317626644408
182.8403239839934
176.7113682808862
168.31574762493628
163.7931716090716
161.50692588518118
160.04538151821356
159.02876642574537
158.00050342066507
156.89645320973423
155.79666087840988
155.1836711202396
154.35262328484413
151.4861556615967
148.49646801325878
146.15898931943863
143.7325603794906
141.96910910634176
141.61447948200487
141.39692208465016
138.8191020595353
137.55967347857188
135.52279691973283
133.58644179421316
130.9741658678374
128.225038027471
126.2231931420319
121.6315088179445
116.67823975108455
115.84222201720671
115.00452558231049
115.30130647577937
116.47816128505082
117.23068850506249
119.05947678848527
120.3068504035503
122.76051619594
122.88537059775811
123.80496853478434
124.44102792184029
123.88799910762262
124.81404819963646
124.60669459516508
125.63684148657447
126.35146508067331
126.86075826705114
129.6925404894203
130.15929348570762
130.15725422443597
132.87709287797063
133.30990207740084
134.47940586497097
134.53091924279215
135.5844288400028
135.59739519179934
136.6395641204215
138.2318058137517
140.66313219706674
143.2929833634652
145.85160223672474
147.91486150753343
151.30839390853566
153.32368296206454
152.75451561153594
155.56413441574156
157.56084056179498
159.2869787075754
160.98430170651642
164.42949431330408
167.94480203530998
173.1351343050253
175.55296986910457
179.50764483144295
183.01283912946568
188.44958195669437
191.78607045025294
196.25356448333642
199.97531092949933
202.08769489278868
203.45130081468233
206.67899493433129
210.5350433035224
215.12734645524213
218.49883256574682
222.94029054175533
228.11680239283058
232.97088185547204
239.0633256408438
243.6122452289781
247.74445179007242
248.5080243923063
250.65695611712135
252.98134327836718
254.83919773528964
257.04195699816745
259.96059342989173
261.7506396572427
267.9383109825981
274.0700552161953
279.0869382127545
280.18051906674856
281.8421282171554
282.8475587982843
282.6644418312374
282.9175258523185
283.3195905232938
284.54292394278895
283.71856584963217
285.28487467198624
286.35180809834964
287.37669730146877
289.61009151125404
292.03373927198237
293.09485511174734
292.58680629716997
293.3129516856148
292.0623377669589
290.91329289098707
291.01759367539745
289.30804328267834
287.44873009057306
287.42939534120575
286.37548742264994
284.69568147495863
283.67361085489296
282.1539674545512
282.8942941329931
282.4336921951395
283.6134886211871
285.45770884173453
288.6181385396289
290.75310195914653
294.7191683990672
295.31973228023776
297.055199648499
301.2624172913763
303.1961735423994
304.10924892373276
305.5189144609664
306.07507744122967
305.0189612452478
303.9344886480405
303.55608413740407
303.04529438908907
301.8772802130219
301.96872519377354
301.7539358899896
301.392032793121
302.970881101959
302.2994311570507
302.2554733335395
302.3325715234338
302.05341643637297
301.31907416989975
300.1643604147338
299.6674171147958
298.46269915429764
299.07600737622937
298.412952423678
298.0619409224457
297.73614778520323
296.6562411633586
296.24552115202255
296.0546969072766
296.0080918284883
293.86677794656083
293.56581128914576
292.4666864153714
290.2483556717502
289.4762179657169
287.0675783776002
285.8622351282265
284.7265814364457
283.6770590905886
283.0010849576564
283.21109168078704
283.2468335613869
283.5762727871028
283.4564056528355
282.46832055275297
281.6883534271477
281.6285906651169
281.325566603023
281.1266796390476
280.13733251165183
278.8030349592551
279.2110712558642
279.6707659021246
278.12641858906414
278.5298660537149
277.1413493055583
277.58247895293016
276.76257805856
275.44883233485024
273.8185181349756
273.5847928083157
272.9221726538808
272.40455470934876
271.65943756102376
272.20096074456404
273.30033828047897
273.48494419805604
274.0061579792223
275.9325440336726
275.9946069946602
277.3368292456158
278.23254780651826
279.58692636168706
279.5997822251452
279.7685288585111
280.5332995696442
280.1706773767364
279.8979813975546
280.42023064818306
279.5496530460183
280.39858853426546
279.8120820607026
279.38645468612725
278.1442597216917
278.7986347666869
277.89166440994194
277.2386626968967
277.08908263558664
277.3117770725927
278.3197302532158
281.981462281052
285.2371025191109
287.903698134102
291.4535114645718
294.60834834703354
299.0631898893031
302.9697238541789
303.0605772706252
303.7300305783473
303.3298536208624
303.7453960137171
304.39179751640427
304.2058856727043
305.9112072377693
304.70088334535905
304.55383075691503
306.6336210160361
307.1966585760679
307.90307558436615
308.75062664773213
308.6514134058928
309.7805639328512
309.7638349099156
309.1846502148373
307.555154420841
304.87299522682895
304.063225811031
301.90604249650005
300.96949465042604
300.13536647953777
300.63281312640004
298.47700102471094
298.1202316710411
297.48151509681173
296.10871904713656
293.93610205931776
290.9117243360129
286.58178324486937
283.21678188677026
279.974523786959
275.3901454499519
271.0016928300787
269.01623486029604
266.4251697054532
262.16407343002544
261.46384471665704
258.3688364299125
254.88246662384282
251.17553064742026
247.5629616765084
243.39538550754907
