11
21
a
14.776358412643273
12.199025685894487
10.256631569913646
8.611365721983384
6.247082263718895
6.483850339159107
5.094858829242625
6.620566772695927
4.885178792987483
6.023050234228871
5.005747720285452
4.370524439776819
3.889536055081626
2.3803256119660525
1.1622172162343019
0.0
0.0
0.0
0.10841269543073562
0.44160880254260004
0.180087737798284
2.508362256444686
4.665366867632568
8.13051671219258
11.957138690929636
14.416674824590666
17.109835143640293
20.356603098389886
24.44213840865968
26.97967552521106
26.309093878613904
27.260734632558385
26.049119817779626
21.886038659008182
18.764101691213437
14.911900234504795
9.606609556884115
7.7384333038721955
5.996173535804742
0.5397318475443187
0.0
0.19295509600469268
0.06402241284467422
0.200460723516703
0.0
1.173085256402557
0.0
0.0
0.8099816454887563
2.5089185771182048
2.164803401429951
2.6743330444943716
1.8133434634267342
2.2669054001830506
3.0681034143967745
2.5218893619363483
3.955411910628767
5.374396912217573
9.002979295495217
11.754970699245678
15.208594755525148
16.22755304956339
18.8712005863486
18.926154160145302
19.904035331530842
22.475943604302422
24.30060256075326
25.724068584194026
30.216895386738088
35.88617457672978
44.08066296087945
49.8358018153062
59.01735618598316
68.507459794576
75.31339177089438
89.27285254336734
100.96171418845161
107.23999475807946
108.85666090465058
109.91281668298647
103.2328069900741
93.21485758775962
78.65884695969879
68.11696941792495
56.772369808497274
47.85241445516884
38.48762508217832
26.392146706016966
16.819597288068437
9.535124291520136
8.163740555420423
7.533759158312903
10.29581562948795
14.396918979262344
20.772165141385468
25.633968543444094
31.038564829180977
33.61815377448084
35.62514271370236
39.00093845100897
41.23316752050578
42.939374304812205
44.39111431238958
44.2086932992048
43.3425468950472
43.063900975684035
41.97984262744321
40.89196986955281
39.940478213284
39.48273420267467
36.75106013386766
35.41492399979121
32.99591447041685
30.91658596384808
29.229978341205392
29.910788814287997
37.04860836614659
48.705942709148275
67.93353300431868
79.82243173428175
95.4798739239646
112.32305861529593
127.57604932988242
145.92185886167744
153.8609140667273
157.9369460925408
160.5627511597182
162.03124444555638
162.82676331055458
164.77426677513253
167.22321382149
167.76199998673818
169.72876031001329
174.56109830886314
180.87123535774185
189.73975706654983
195.6860420723647
201.2107380017222
201.79657500419282
203.44146734814336
197.44107038285168
189.2825436241946
177.5596461117999
168.34197650675074
156.85485054050235
147.97472435397725
139.6877615799846
129.6785046174356
122.59645693555503
119.27463335349069
117.59177577370649
116.25206834256318
115.19137748477824
113.17689852598296
110.99313560233718
110.48442971009713
107.5674064651051
102.85782192460509
99.63894048777543
94.359281965724
91.34796764786337
89.24167543867978
88.28743199606122
87.16231861925795
85.47508237994644
84.70146760868532
82.57525183049874
82.62011935222291
80.71191982657805
76.89918645904248
73.47848653357269
68.68255183095846
64.67022461919747
60.91702451658029
59.8456108510083
60.11372286148731
64.6356903131746
71.6988802743236
81.69426712647181
88.84249907127098
96.49178201618439
104.72628654262063
112.60254193275547
124.00782066919601
131.73823863835864
140.66756409281112
142.50845896936315
142.49074533349864
135.28859374464756
122.79866154600107
106.13901050729022
94.53911268542839
79.97332536189755
69.61028254429726
57.850320671002564
41.30463701264035
28.529187269267762
19.312094399753324
18.18645002192813
16.741780759925394
22.150873822407025
29.74392456757588
39.295348575586246
48.7201968877129
57.15720651822886
61.58189434092308
66.84863243518936
75.26666804048158
80.20236670563466
85.63622721105264
87.46281112098019
87.56088495285647
82.41736289153906
78.45176000198276
71.1685846557885
66.16111199281215
59.88967426911849
56.19916852693998
49.22080551462137
41.96980737794242
33.61234452042716
28.848897009153543
27.557913175807514
27.428884275419765
35.022127651326564
49.47464772986203
69.29238009550869
82.54513326557243
98.79776643169966
111.97539851438552
125.72995471977946
147.8212172270446
162.17082167627052
173.33031011337852
176.3134887204147
175.51881597607846
171.9672465666711
162.96661140786304
152.74125995445215
143.89272534049653
134.4111643824018
131.8583348080556
128.74601629121926
127.58091290856208
125.10263743983421
121.86613480235802
119.22257820726982
116.14035250852729
109.7889032509298
102.96109467384979
89.46326153511615
79.05259165476363
67.35869451820774
55.85265110112514
43.79327656168879
24.987514858185
12.198967457397336
2.802212404971946
1.214608173949931
0.970862045435272
2.8682044922600376
6.1968851396296785
10.691037205223708
14.071468113647882
18.802172647154343
17.95563915834845
18.877846584678572
18.058735509213438
17.168303967323
16.824820711458845
17.974974451484034
17.668307905491027
17.851716927671838
19.154176179640796
19.316947580381076
20.160710622751473
20.156450717182057
20.561243656055364
21.138606203953064
22.71001001686068
22.871720498450827
23.528857546077834
25.169704268202235
23.352858191192844
23.02748594910614
20.807293736425063
18.643962752828926
15.984239264794525
