6
5
a
61.35275948948726
56.15136514925656
53.345993531359014
49.88597190117685
47.211514765737384
43.43348420746771
41.050888233021496
39.992443978944635
38.566464704236616
36.048006302680506
33.32355351557496
30.765581500283005
27.732997381426358
23.910922105150757
19.619292207237343
13.672406985491419
8.901578370224687
6.688234729526353
5.976377870632176
6.18743412368966
6.879590773433453
7.407318344608521
9.1337520267018
11.608093179269131
11.777914339157922
11.569145337877789
11.393006852857848
11.868641694293302
12.243130030064146
10.695710451789745
10.985097253296477
11.05788301301322
10.86604390229995
13.004013696956942
14.230441930864504
15.259370262090187
15.839151944781522
17.62275754340441
18.588858230174143
20.233445099125774
21.335286371728355
22.78909852672773
22.365164996469645
22.675272864072557
22.851718004166056
21.353688258089143
20.921535943034016
19.95673958954191
18.629837072987137
19.459251586398043
17.47612724698078
15.623748522683277
14.467566089925821
14.299796623652343
13.105641276475364
12.455572497089575
16.29220908623443
21.088830462746582
28.37071850857098
32.978783948095895
38.11937254940903
46.72970290301993
53.10831130104025
60.33514132111153
60.3116813622362
61.910515908172535
62.999725629174705
62.48258333075682
62.57986946878554
62.94079121757163
62.301390780988875
63.392923091688594
63.44687555181436
64.21717329427489
64.545373235879
65.11766366141701
65.93995675539708
66.45568426502906
67.0094912616798
67.37035329934928
69.90659625090238
70.95838080234527
74.79613858700345
75.57013983267868
77.48050354966655
80.82271933035405
83.6449876321231
86.63462777399839
89.07051321920636
93.12934062863953
91.52023341844595
91.88531975240714
92.25149766308625
91.32679688450622
89.40969865299826
89.75155514663095
88.45370641024766
88.15250998445188
88.39947656331846
88.24889983847758
87.49146510844596
88.40662591796297
87.64797197849326
87.66532257439559
87.79812980116779
89.68877606899352
91.13856534174076
92.17575393534838
95.09032690882123
96.79660180689025
98.03762063082591
99.17685727211597
102.03446245577568
103.51387718026608
104.18770015434093
102.5693875638717
102.31441654067248
100.28024458176311
98.10887732281824
96.32058025855787
94.87726576742645
92.97473454850063
90.88953591795779
87.59421707101134
86.27943066342881
85.08204984081085
84.67139861820925
85.25864202911212
86.34692926165096
89.98540231075131
91.91762355691037
94.50484955110431
97.62386726660175
100.10143684344132
103.58492707118619
107.37540461244
107.52642628128599
107.21891083768287
108.58269847012089
107.5793134060988
106.8880135765291
107.48088322535484
107.12100589998356
107.76485534370303
107.72217372675527
107.3159457174146
107.88565516221304
108.07361079135457
107.83953294394985
107.5367667295212
108.81468377518149
107.6798525907017
108.8061014392115
110.94986156628322
113.32032147692759
116.12297894040645
119.7606630634585
122.4368051696392
125.17287815037602
128.90381723675299
129.9163386835066
130.8906281234149
132.09832064689755
131.91658137040687
132.46235004299245
131.94353689640135
133.25698286874461
134.3782750516924
133.74705441537628
134.88478399589096
135.9176010661532
136.39088689028435
137.31724725797264
137.8530205406018
138.78271089466173
138.94678766384422
139.76401304922615
142.15337837634326
143.95185942218518
145.82718282816305
147.77803326060462
149.49829070979015
152.72447693889572
154.4347327080453
157.3312845107249
159.4250336347807
159.53639341469162
159.48634860824802
158.7866976745265
157.83338676585896
156.5919699155435
155.361850471784
154.7717686904874
154.8388506943718
153.3465725645991
153.63382808779082
153.93449747058088
153.42486262690204
152.92805182524867
152.28669515609434
152.5574361848894
154.27336886654138
152.89964105269925
153.68891903921218
153.64585967869303
153.98858747459624
153.5179430083513
153.9307527716384
153.90232552474893
154.73448246440702
155.45632766506944
154.07922038372737
153.62015183151806
151.57614314505773
150.07074693108768
149.97257228045243
147.41229185139318
146.45810207322674
145.98394274043451
145.18139670113217
144.52335854649212
143.40858575506252
142.1824719125554
141.26746688582534
139.93428852745097
136.54267775834475
131.93278935927657
126.59973657043894
120.99873576808298
113.42382331895757
107.11219292419258
100.16859495912499
98.6887992887347
96.8620023071306
96.59317816283212
95.64099122046667
96.49600139828293
94.30903604523358
95.27277019203304
95.08100228151642
95.38031162314746
91.86201389493799
91.62829631501616
88.5289427923697
87.6102870604948
86.36968406112175
85.93796472495396
85.90363241305685
87.34986483835867
87.56324330943406
88.3864401744331
89.49918092740819
91.42796484361455
92.6997938112634
93.46354923204204
94.6257627991093
95.45432840659302
97.08458216313072
96.82670841876592
97.3388466901399
95.26814006225155
93.77201074230904
92.69122426759144
90.5727263648246
89.18601294704614
86.17497818936388
84.8822258392495
83.45307047083568
82.50909698106283
81.9281479390716
82.16350019525294
82.0182590134854
81.90840225770134
81.25823477111972
80.88162660360324
79.84832179036462
79.28387411453355
78.9845945787891
79.46197691293966
78.27246277530801
79.39357222180314
78.47798381682547
77.29984566601539
77.70700677872014
76.38262722171491
73.72749778048589
69.91828939407051
65.70176997924361
