14
23
b
66.22814108812074
65.6165448259746
65.76385374723134
65.98539261362922
66.25915781429423
67.02364630967703
65.51553305558087
62.89477537664378
58.72413412546107
53.332431337090604
49.583179542167485
45.71197139619521
36.518316596475245
31.559425642347584
23.206191859746916
23.309454386885697
23.52785428429441
22.97569199716595
23.37745552109582
21.649755252235384
21.595591033206208
22.007607421975912
20.56928622155204
21.313936179129698
20.0085004786186
18.935443258401097
18.197685691454407
15.729003163836863
15.619224420824192
14.994875697261824
15.240054444835607
15.58822455061045
15.846356220899471
18.1591280487878
18.713830656905447
19.73968811182873
19.87420636842083
18.972553649191518
20.301890557365034
20.19877906827873
20.6564813302559
21.40587620740079
21.23594825410088
21.803269422192248
23.331915100626162
23.848033388105332
25.847271824290114
28.034164712592734
27.37342369419439
29.107043445121963
30.039158656961337
31.037463709577757
31.40904416256843
32.912736850759046
33.81285608461089
36.0477099080483
39.11437848282836
43.897879295671856
47.03098628617319
50.89712686932643
56.04937103517038
61.79960205938283
66.14454296762419
69.25443386699352
71.1162452387161
71.55866281357375
71.87071368027456
71.97470405546892
73.1929869678677
73.68111622491155
73.52140191278737
74.73399485240807
75.21807334479591
76.2684698877446
77.27098077683684
79.02371287075019
78.83698999783488
79.17946790471852
80.38551549410252
83.05214243898399
86.93255449362482
91.013962927777
94.31018585075623
99.34734593852463
105.29037719708316
111.92637210464277
118.01820535013037
117.50054069321884
116.33441963687986
117.43661534313698
116.58234613805827
117.07972418323146
117.38504270710253
117.7150291214179
117.71288078079145
117.42405630954421
116.6711000245992
117.1803973088916
116.78937525775333
117.32072429916762
117.80340759097543
118.21361372199854
119.41194397326743
119.8240251685273
121.19013877312383
123.906863003952
125.36615968080928
127.5375567497836
129.91769808343398
131.7966514482523
134.52733698132602
137.504387188561
138.20129771354993
139.47110224209203
138.91930267990585
139.84375511568734
137.58658969365337
135.97967120084826
135.86077181340286
133.69402899374404
134.34141579827212
133.47870674427256
133.56986142220205
132.5203342978875
131.93007507501233
131.92748537543923
130.36231372808163
130.82923052079298
129.54382312310668
128.82775223068978
128.9669902139472
128.00682275637527
126.30149172856748
124.84762987735832
123.13298014387982
121.08100259884573
119.23212649554382
119.24864163352261
119.62869023936827
121.20790805226048
124.4658534794303
127.95043581031989
129.89298867211986
134.1894924508165
134.91563241354288
138.734803113722
139.33633150463513
141.18661402561733
143.29487332277367
145.07215967950265
145.7553245221275
149.49918545193512
152.47424620502625
155.82228512928208
159.2741314903442
164.24936698313672
168.63203118335886
173.45904581999503
179.72566643491305
185.69076844761003
189.2272611590093
190.25258091692788
189.05889785075712
188.2517731060606
187.6029234552237
183.95272309496588
182.24538422139796
180.65378482761093
179.65747639807626
179.63077228715287
179.16593245009597
178.22338232155352
176.64033270352834
177.8651521940653
177.83306710435042
177.89244615949966
178.2920777591423
179.47674699697632
179.56056243355215
181.23291284046277
181.76020243674574
181.83416969379087
182.8883997299911
182.99374363998967
183.85158013274503
183.57598638134942
183.9931262502353
183.6870666044675
182.92440085220764
183.67132501033507
181.7990036869446
180.4930139871016
179.4461983486239
178.87417366142003
176.89743399758243
175.97053054894846
174.43813214157868
174.79020288655622
174.59728050116107
177.0106826827478
182.15829620442727
187.14843428952426
190.19548867361294
195.96903787142264
200.35282563614382
204.8753378764052
212.91979589432393
219.85242927890494
225.6106033169492
225.97453752559426
225.84996818365477
219.8013311475158
209.28349084993528
195.8833394662855
185.97927228316215
174.21246637949335
154.40343125553628
140.079455280348
127.23815028500701
129.82340007006303
131.224832546598
131.3952120177656
132.92863491627594
132.65567393828465
133.58334929121693
132.90560681764262
132.37947261637376
133.42552403943753
132.8209772136334
133.05276730575343
134.26548249729703
132.5318183782585
132.57724075255354
132.6290174326681
131.70398271797916
130.17981757125156
130.51238994272362
126.85011882803907
125.81633396690317
122.96399844016722
119.93018735512283
118.28504599511726
114.5199448350348
113.48466906934276
112.57113219835186
113.3916428090984
113.25770043859647
113.23133125583418
112.42376276582779
111.80114578962178
112.6343459488913
112.86360140068223
112.29091068813663
112.05168727296417
111.88324783202863
111.53455205410572
111.79855679795986
111.86586783669219
110.45022392508601
110.05662029057005
108.0108158614124
106.70345343701179
104.65718282501575
101.43708272971077
98.823638622132
97.3783060765103
95.35853937289995
95.36768355383835
93.42129156462738
92.08028639170159
92.12945654574602
90.16016318410942
88.67920077669085
88.48698999510792
87.00482894281298
85.41048366902336
83.61201477515434
81.28221312498734
78.30865508813515
76.10954643580526
75.22296117462233
75.54407209299501
73.61964711188864
74.14219497123219
72.27465994039316
71.07111571338042
70.58448178295463
70.02697198460672
