26
1
b
204.4681312068677
204.4521711580864
204.32725957956268
205.0649361322681
204.28402197004417
203.34742941687364
204.46677106183546
201.26929797522592
196.49969939599296
189.38220830533626
184.19647541814606
178.5425929244042
170.28519523755273
164.01141521942665
156.2675692432148
152.60783226916718
150.30593128354397
148.91197273926895
147.92201357307934
146.93943167892758
147.38476972515113
144.7320250458672
144.9026934947715
143.2228955971029
140.28013664424645
138.57258077402236
136.1299779653837
134.20743668329655
132.47576311370034
130.93485041918186
129.8267880434657
127.94747916439863
127.1128468050039
125.00050924667892
123.50934460163818
121.85336975535621
120.64121601581284
115.67247700181544
112.97333130637973
109.60971180090513
107.5909108636092
107.49860004297825
106.61270082473604
107.92804761459881
108.74902827744206
111.29670427062374
112.38542924309716
113.63468412874006
113.97786738416548
115.28103509077825
115.68840403735852
115.60823105160685
115.64641261987208
116.61530586570167
117.2705906847
117.42580943040379
118.50617453136147
119.75924734505877
121.1755096008036
121.65381109215905
122.89658716988754
123.88435345647738
124.07144425524241
125.24258311712659
126.38492822387254
127.0744855589756
128.13140574563764
129.77562391613387
130.75657247135305
133.35730759000134
134.57720427514442
137.79511684253364
140.24224234845448
141.0488225608069
143.09521784873138
144.90765814539748
147.18236117253534
148.701767948161
150.36516431177995
153.49463901237627
155.33643485740927
160.2268808547855
163.14458505447055
167.43946171046048
170.87422153030744
174.74889343771167
178.36093005318702
181.95324592110413
185.55230195871454
187.54512065624496
189.8072198455327
191.89965626156376
195.6098068864973
200.26556412220324
202.11535373848199
207.11798398250795
212.61224233269803
216.74020151595303
222.3757505303471
226.4023409335416
230.3419862419656
231.8251559298631
233.15267572266777
235.14283480549895
236.47208538670895
239.35650524978266
240.97484690461434
243.7458034508377
248.7642593385093
253.35804810673864
259.20977446347183
261.5087153503114
262.68361414428693
261.7669416648666
262.5817278006928
263.7002870790211
264.0085047891601
264.1179977255067
264.27969869448606
264.3836094515235
266.3878223982249
267.53994718455647
270.2986862536601
271.39581448838493
272.9953879347051
272.26509446541615
272.82061470393745
271.88841523080066
270.95545627253847
270.36302050081497
269.18184345890677
267.51327825890485
267.0231430239933
265.4363242721112
264.6577166301611
262.94877739264007
262.5721236038851
262.2312837423086
262.3400588435077
264.6500342327944
265.63467714381864
267.52443457662383
272.23272481863694
272.99607168325684
275.88798022303985
277.1374383677818
278.5648904431579
280.77217979352514
282.806850946499
284.6060765635765
283.7230316734754
284.0815521495817
283.27173698899446
283.2674115199939
281.1837756984929
281.657713952267
281.33476711258965
280.4863151471122
281.3521868040606
281.396189338015
281.01694744443455
281.120908839189
281.9841253409456
281.3904633538688
281.4265322511343
279.1171813857264
280.05153299391037
278.19809145937904
277.8748617675176
277.1582037097229
277.01652772192836
275.7483634033021
275.7106217409546
275.4625346504026
274.91613278238265
274.8058623945674
273.06456397052176
272.572486983842
271.72232246236547
270.50332663089455
269.8564876714053
267.20420132171336
265.8929938630364
264.66402398168145
263.5736028715497
263.6901524328383
263.5392812011659
263.66704210507703
263.3051141186931
262.696912966504
262.61661684557464
263.71755641728276
262.40507781619584
261.12263653781696
261.04835645794066
260.12085626128106
259.5386137188879
259.8399866417946
258.4109457611281
258.54256295800775
257.9224483000458
257.47598382562916
257.6621472543139
257.02081590591854
257.44854052075186
256.05487572614464
254.3355566746862
254.48073279527873
252.32431675828207
253.46025743875109
252.45687854313798
254.04596008396805
255.00002361386888
255.3214893212179
255.5605247500831
256.4018492506217
257.64880410384484
257.80133811762323
259.2273580964501
260.2188450436795
259.5059846034028
260.56430730632815
259.63176930833095
260.182871533242
260.0855525048694
259.8824034727578
261.0432022834048
259.0874581880487
259.2728912589891
259.02377705893673
258.74847588473074
258.11396541474045
257.67537162388345
257.3835066118299
256.9227054982556
258.85234649146287
261.9524999505652
264.57245881960273
267.8172961231107
269.91563759380784
274.9663009479583
278.3019151395952
280.91460963580766
281.4450794536105
282.15658187903495
282.48521916874955
282.9497491076109
282.3566793343651
283.6442909266925
283.59558104340624
283.4756727514432
283.6931162876699
283.939852901903
284.7586506842835
285.6066041422036
287.4921364793139
287.43179161653916
287.73226528529125
288.3658806841564
287.4910853028008
285.3084490014141
283.92237623893345
281.8407680805948
280.9373864104361
280.0879988736472
280.13874298522006
279.1652106253091
278.16884977740744
276.87163764808184
276.34937514014223
275.43209994474705
273.36562970624215
271.62326660883866
266.96852446271805
263.38534002570026
259.26077980637723
256.0186239775712
253.69042807719416
250.87169892525972
247.22609891333968
244.72799654125328
242.869608820595
239.90408238874517
238.81653282279956
234.27971622010452
229.3509898211216
227.04405658119677
222.46887504565666
