12
26
d
161.72949874666713
161.58037143073187
161.96227985812658
161.51938749850675
161.17549329817334
161.4480260832754
161.61457429905488
156.98410747642293
149.37850598545927
139.013338845004
132.57347252464797
123.02615044813173
114.75864389373632
106.69047252507667
93.58692427161688
85.4580598056725
77.59331027547877
77.08966508740107
76.37146607863653
79.32961266293084
82.23970112038107
86.36918029988688
90.52346506369402
94.18480466286762
96.49922777485621
97.05231728308534
99.14256595664197
99.1683844627456
101.08200967096376
100.2673860621449
100.97941349435786
101.73864401255304
101.33575562888738
101.62160006195379
101.91180143508966
102.80865471913924
103.36689391186515
104.44086165630118
104.89481884319241
106.20246530744122
105.47438493306362
105.59270343501848
105.03902651927037
105.55408333497782
105.3969947391567
105.21683308010152
105.73607311778589
104.6281214076776
105.32313959534814
104.93662638759436
105.11994106448599
105.11008440106683
105.93625032787642
105.86052957079615
105.48704283518315
105.47488108772257
104.60418417848916
104.59938055834212
105.41207886788621
105.25478220493993
105.3891877251682
104.2282055217086
103.81972811664004
102.65849341133163
103.40733230595646
102.28800687845829
103.14310191165532
104.37993292189579
106.7473402210784
110.8337765580909
114.98920695216694
116.97948432436417
122.90091144280166
126.91005419856691
133.06487012911703
133.047535003942
133.84554005030563
133.48951844617372
134.0111899969082
134.4056933642158
133.70961228894572
133.92356684020095
133.58614496687764
133.6151933114295
133.9184285670538
133.24053490617374
134.07151425207883
133.7404981693945
134.88890089420968
135.5882276505429
136.4427749466196
136.000346810029
138.08911370095436
147.23390039625332
156.1758674650855
167.76944106680273
176.58984013605425
183.07775206281076
194.91307082873087
203.06030819226044
209.34435128862637
209.96295515805616
209.90998938398388
209.13576709347834
207.7749992120757
203.8963242250095
201.22380789389814
199.494649694251
200.0953971279955
199.31741130876924
200.26539186698227
200.53860882587298
201.28793490567475
201.23399643841083
201.202060013349
199.3961766611238
197.8172409265202
194.09544718577223
191.49209771868817
189.5386051824239
186.2933766279932
183.7480491137049
180.76648896675832
177.3431603392407
174.9145990925597
175.3514676851731
175.88840269453257
175.2345391031111
175.91877587129392
176.91051557414377
177.57876772654944
179.44355440019675
178.40896809796016
178.13771257593092
176.8775164049293
176.7716841339756
175.5209463836563
174.86124315209096
175.56302367517097
178.64648225274732
181.28303323417734
186.00816347461952
190.0726030288393
194.81224639397558
197.611471317916
202.60590291286007
208.66936838717874
214.05106879211175
217.90492119246042
218.13808767313708
218.2847475431054
215.65400817328398
210.88750212670732
206.09479822912965
201.6040938981568
196.82855886909925
193.2280078136523
189.89508631493482
184.63401800068482
180.0136507130798
177.99328970271768
175.34477623943621
175.69101298840377
179.29754292328596
183.02506310479285
189.87865159794097
194.57618516142657
198.88331080162934
203.0862653854535
205.85460107750154
208.94744113031805
212.8558294814366
214.95658427873047
217.2200535244232
217.47744777632346
221.03420697581356
223.9243576559164
227.54133244970154
230.0374363197491
234.0415983577089
238.3020283828818
243.42238007960054
249.02028498849904
255.53916403071767
257.72957846629424
259.87825564127064
260.1686955379955
258.5168809769005
255.47907970689363
251.98115548432963
249.83445787886825
246.59947079609395
245.21264049465262
244.10442706010159
240.5974291059944
238.1346103735987
237.11262627284793
236.89409306381148
237.36928199444293
238.92918138803557
243.04135024615096
247.03571627887092
251.5981026711152
254.65727595671686
257.3703280430243
260.57101142587294
265.1467349685242
270.07290971174587
273.1914010569434
272.6904421777167
272.5666045862389
271.7549224660828
270.82255026275203
268.1104227441045
267.32130695456124
265.30336630839037
264.5185450124262
264.21685067642676
264.7248019269687
263.8286487549635
263.2360971018381
263.57870295970184
263.94794864775173
261.8015080764762
260.24413680619756
256.68869813070853
250.70705724985976
246.96896008763864
241.12587212283293
237.45285785148516
231.57031992694397
229.47983227626796
228.82441962870308
228.52666377138496
227.436910886724
227.91083290705467
227.49529786516038
226.4730715365133
225.7567435240785
225.66796127876825
223.4231468348085
224.37177824340355
221.91688561304704
221.04337287552983
220.2963896780375
219.11333854630016
218.28472383143063
218.72092839063643
217.46199632126076
217.6423673593457
215.92014289423565
214.89377669126253
213.52995941748463
212.44967726913012
209.87692512035494
209.9544026892067
208.23728604428302
207.91533759624394
209.12969395957236
208.38166381395166
208.6365987512565
209.0163316746364
210.58507358632482
210.724184850995
209.94154169932455
209.9956740483835
211.31195418302994
211.49946311876863
213.25496722340242
213.40833575259302
212.7799912176674
210.83854847870143
208.0096712813468
202.03522786898858
198.72221235610658
193.7590682291404
189.8775035517688
187.0249142103242
182.02829530630459
179.1123114365399
176.64228115163348
175.29558853546007
174.83514541228627
173.45302296120025
172.33398868353484
170.53518191477778
168.83337412641907
167.52603568082208
