# format: from_node, to_node, traffic_class, traffic - demand values in each iteration
8
18
c
103.96361787258728
83.0768210171084
65.12570395932563
53.92584665006099
54.46225032838977
57.50215272401558
57.53973006500936
57.65928295564322
58.727080371717776
58.82843006091823
58.09299732984172
59.34641530432886
59.12016094459272
58.28924221449037
57.17886397437133
55.98998638806734
54.360500669396004
54.083457400036494
54.57931677246491
53.61750207445877
54.21110220216433
55.31073637390412
56.89306634140248
58.6824771007019
58.46705936253685
60.54730713296069
61.36801791304179
63.8961655860955
65.24612799299166
66.71626667730932
66.01083235156895
66.68015138582557
64.57797479521803
61.01481404110426
54.47006676176318
50.01124480053664
44.02124423619951
40.02149348321888
37.161177456529174
28.984186004603824
24.578629961815825
21.31467249654716
20.14458673131852
20.596283267929717
21.96590734543811
23.82346196534781
28.957060940679074
31.69952614133718
34.80625730724573
35.87432923810275
35.83322149715643
36.14709952774133
36.28685269917039
37.55751567368053
39.02683906262266
39.673830884406925
44.35794532040948
48.43132336618035
60.76979914645255
70.1275721394216
83.52230531230909
93.9501118692114
103.42261926710034
118.34296086219653
130.1014284567119
138.3307946956875
139.3821223417269
140.09027468306166
137.9963908240944
135.706503977668
131.73639355997628
128.24880554621188
125.26985012686384
125.41283903438178
124.23002317060318
123.27141487233618
122.72026151558208
120.6348662143487
119.6008137355256
121.03699985792326
123.23983242974997
129.79580081397344
139.23367377136313
144.93554175502652
152.91547611845508
159.38187166507777
165.921047688363
172.71777841308833
177.74931922514043
183.0099526210257
186.16679649184618
186.93087290796106
190.2804026479246
194.28331388796255
197.57077042302305
200.31748273488571
204.4969816347626
210.3851638652439
218.37130763982597
228.35563536851322
236.36426591829732
243.22603718867427
245.03398729949316
245.28827433563532
239.44217379640403
229.04986934413657
215.56622940962754
205.32320350129794
195.1613246342409
185.54214167891953
176.64121292843575
163.81352763206974
151.18084411850194
142.79751186576422
141.1685107319535
141.12338440960465
147.2541498307711
156.52947485979877
170.16778462093515
179.15305513016284
191.2202529932473
198.13584194066905
206.16961474111045
217.97214145350156
226.56400801855443
232.13262345855395
234.09676842658288
233.43063731582455
231.99743581513238
230.47812115987534
227.07119746580827
225.45060288517067
222.28063425689427
221.92040348274475
222.62734018218657
222.81333729195012
223.22179171430923
223.71914897730267
223.23841022894845
224.26772651132217
222.7094351204687
221.91819276295342
218.81967832027436
216.35598440049444
214.88101874359597
213.84658207851416
210.78919975682481
206.18109607168378
201.9741467811557
198.6154382703538
197.90328958905553
197.1287307347127
204.15289165794036
214.18524489008684
228.19997537268364
238.22768813968585
250.04214701154194
261.6391062434832
272.12339080299745
289.9684986943834
302.12947883957577
313.33473810336557
316.923319940739
315.28243768058957
306.97048558879396
294.39323329135965
275.9657344379333
261.5689462789611
246.23035569660198
235.93565139971344
224.18328811869702
207.26014343974603
195.32158918736306
185.1646920268842
184.44260694441235
183.65074451872442
187.27377888341385
192.132381425946
199.53506169356885
206.12215062528716
212.3868428492627
214.86080000590908
217.38672423253848
222.07828538969892
225.7058979221776
227.05808859958898
228.63230967724044
228.0901820242399
225.5966729190672
222.8509983897337
219.03016304036342
215.50025825312233
213.23069734974752
209.11298584613954
203.2993271446461
196.47726521077428
190.36567812255265
184.54035189471205
183.42461341159063
182.78010623961276
195.26657943708386
212.54155020140388
237.31391698515353
257.1037206068569
278.3832240510155
298.4436903883532
318.0431422592092
351.0487718920723
374.86474069188915
392.71677142160485
397.1339939324028
396.72603132812196
381.97393015470334
358.77857397786926
326.4881831620758
302.82230079775866
273.22278521323506
253.4860666947237
232.67886745689935
200.4954785945193
176.89134991084282
158.10411294410247
152.20937455241366
151.74747962078678
165.9750860579832
187.7273318455509
218.48942095715475
241.56830111467525
267.3123412082571
287.03314077550493
306.7988136093813
334.11668529075484
357.3972875903903
373.99578960358707
377.6262003249977
377.4711643359156
366.6215231014772
347.87041263022144
322.7621718250619
303.64685666912646
281.47417013849434
264.664005861976
252.9393891085258
236.90423662988994
224.88985205991466
214.85954717694528
212.0304189443559
208.36359677408322
202.96590605412095
199.13793779213657
192.31174810298612
188.17763080797448
180.5227948674038
169.98617686391117
158.58900359715219
142.88064025452377
130.46253338703235
122.1201012809877
120.33830671814442
119.12562020181132
125.17529277474276
133.15824380422822
144.01285620227648
153.62131396704441
162.56490554216106
169.41434195104998
176.48172452152542
185.1904992840784
192.95678521380293
198.90753993851877
200.65484085779926
200.6131729964118
195.88433397866967
190.38436016872532
181.570436666211
174.9330074313879
166.4702911164943
162.4145189659984
159.87223548117777
155.22105574393026
153.5170305406484
150.39501326102757
146.68349737090915
144.07576207727368
137.95476037638775
129.99425699015038
120.40016167989246
113.22287022881562
