# format: from_node, to_node, traffic_class, traffic - demand values in each iteration
21
3
c
80.73841270860672
64.6194535540775
51.63595210277868
40.450684328596296
42.52706890694445
44.35721727033728
45.10496749514193
45.03278230387763
46.734085764307416
44.964537176890204
45.10095222393575
45.85243591675542
44.780860420463185
44.98891287269542
44.38702403124657
43.838882053765474
41.8664117787422
42.315532762582144
41.45204577944849
41.589373259568276
42.39476324003465
42.98124285264138
43.7142691360855
44.81428130442719
46.70313910713513
46.34906543114257
47.6841520347745
49.49238358594246
50.03181381024688
52.12872553534259
52.005614823439
51.669792986597635
49.97844417359446
46.54613965535323
42.04246602056983
39.52146152604453
34.992904726188215
30.7545955759245
27.947273977673664
22.585343684318573
18.41097350043016
16.03880387573644
15.144570987382066
15.542382188544764
16.348017911629025
19.401663887564066
22.759171769310537
24.31341762221884
26.538418012053846
27.996318467109624
28.786742548607073
27.855615216915428
28.68552392009596
28.342993131336893
30.700465409983654
31.1365374335729
33.379355365213954
36.67430359256305
47.035817060117566
55.20076494921175
64.72137424624802
73.31733763760683
81.40326386894196
93.0635989961789
100.8619461976428
107.2943840895437
107.93433300196465
108.86461309329611
107.8971108479981
103.90644323471838
102.70479434466257
98.95064037524477
97.59013146984103
96.3380542499097
97.02822429085117
95.51108264024577
94.082733863061
93.956429458474
92.794489567728
92.71075151735344
96.72833731768372
100.42282913095357
108.25810229904648
113.1097457066929
119.51268073059956
124.67384388474767
127.83847300658833
134.36404934522133
137.92580764490353
143.83722250089392
142.90182107303534
145.40587015044045
147.79892234268155
150.78196981647628
153.55239009248788
156.58420175927034
158.9147975172279
164.82282072850836
169.9606267878962
177.1375992262401
183.51958566147502
189.48000335185876
190.69392971059384
189.8626203763671
186.1963615562383
178.7059662118552
168.54800490014463
159.7839130248899
150.72429166817574
143.8784598338766
136.83842362888996
126.78336191733847
118.29576358178838
111.04330575029644
110.10230371122955
109.38517758131528
114.59384478495971
121.6114328700101
132.51252064692113
139.98277026606513
148.07503061161594
154.9000272428646
160.04790715251792
168.88478650604904
175.29392995621455
180.6518618789388
181.13412554169741
182.12267697155443
180.98984027583222
178.81025320461973
175.75865696925194
174.78256149091087
174.40379825524516
173.91700441239928
174.03689890326947
173.1818128822489
173.95964517758358
173.35995186560493
173.2698428374331
173.59707550084366
173.18277593747226
171.11178828480382
170.2592653600249
168.39760234508975
166.36747520397466
165.08302152041506
163.25864827587753
160.40802418051058
156.03856791977273
155.69291094428405
154.51983019077736
154.0510888559769
158.63301760462952
166.25946751209437
178.06141230624883
185.0685386121719
194.0634277834016
202.99718624415706
210.6724405290406
225.57936383904487
234.74886169500445
243.05301931147528
244.48366945662795
244.04337390080735
239.16262556640453
228.2534119502084
213.36308173349542
203.92720890505672
192.19550176730482
183.3126420427263
174.86244144260235
161.31481645408417
151.26881998289412
144.37845082464898
143.50681554469477
142.04351215373273
144.795897240948
149.51619953772698
155.01535760523458
159.88374639439303
164.19428106080062
167.4534522646039
168.8508011283096
171.94154735611838
175.81864520936028
176.33362293641142
177.240340722013
176.45849743928704
174.75538897182827
172.92998706015226
170.0540268644443
167.36455042823434
164.95838977956217
162.13259725256356
157.94444919317567
152.7773661401278
146.9929725519148
143.50839594936699
142.15497365058366
141.540861123778
150.71723708434703
164.03338172078563
185.26692760634464
199.1668679283378
215.5426861954465
231.1586811005135
248.5359224832754
272.52437182277765
290.8233888372782
306.0636657410118
308.52964079423805
307.95628577639735
296.116731171122
279.4374360391721
253.7491008013472
235.47891611990423
212.81901527636535
196.57188786193916
180.6721129563137
155.86134702438616
135.721515778828
121.5132386174808
117.88932876870226
117.99436048842686
128.02231448109143
145.55129060571394
169.2887493788938
188.07046475501326
206.97307438873128
222.49039665336682
238.47646753999757
260.6267930068958
276.5382563975241
290.9020629496245
293.5338217050578
293.15004801387283
284.02719001063895
271.4128003357829
251.39986795834142
235.67219073093227
219.25918116356965
206.21332787124993
196.3773047554102
184.04883420311424
174.52728667912217
167.38631394713354
164.60534497670346
162.34770077775994
157.62609018442254
153.13352011615194
148.72834188619373
144.89469878240095
140.12896893880975
131.94581459872197
124.27997399153134
111.8037500816402
102.05091230683155
94.83257133482526
93.5366999691105
92.9686181571047
96.13070793279155
103.54704336421523
112.34807039025931
119.53878548053244
128.2730708491883
131.55847791897006
136.6386578616899
144.13370608701368
150.5270673824
155.10147078471277
155.04670902421728
155.33977568754773
153.03242673928114
147.48089728856837
140.83063832751665
136.04724711041285
130.43307559843493
126.68005680568294
124.2243708913266
121.61142346274409
118.90052097891716
115.5809746851349
114.22008917999064
112.10962324229894
107.0098863261903
101.90395338153283
94.52863946500507
88.97919891626009
