# format: from_node, to_node, traffic_class, traffic - demand values in each iteration
21
8
c
77.26713016849362
61.09491070187993
48.63557551319048
38.17004313840173
41.31464636864773
42.46740404924003
42.62902710427894
43.38758763082069
43.70182409597493
43.90850066316238
44.13303527595026
43.995902791487055
43.368170499687956
42.98702161869463
42.610146517128754
40.790060078346684
39.94904279913901
40.35169706141908
40.183074055059336
39.69161471557137
40.47531804851588
41.294467610022224
41.74235202739792
42.970609557980396
44.761753676383684
44.357514485233786
45.32417064637583
47.02316759891951
48.16022835622759
49.50751369469793
50.750070528602166
49.80337931184092
48.366001946274594
44.6126080070725
40.052407561830094
36.28562778174109
33.87092147806885
29.75512335498761
26.743003636958832
21.906675730237396
18.252764244313948
15.870287621859317
15.057216415413968
15.205331182999352
16.38457736062795
19.013521136810958
21.766419864085613
22.43919444162367
25.784593124783427
25.858986777027066
26.95843300948371
27.357872351845494
27.16454114080827
27.49917058862045
28.592341893224976
29.38980536749904
32.039462448868626
34.877799630345514
45.67361455411877
53.13361530508304
62.614831776800806
69.54773473481703
76.28995441306857
87.68641855403288
96.17681637648602
102.53286244605239
103.47918430618905
102.89859337935057
102.35653147544228
99.62862500116825
98.01253723666407
95.45470900729802
92.386714617861
92.6195577716578
91.22928449064685
91.1497834182625
90.14231666725526
89.18510015487493
88.52178296085347
88.58792475872995
91.8434538633111
96.06612569328489
102.420789979729
107.13154435099626
113.4079952428582
117.9162960392685
122.61096778131527
127.76548505885032
131.91654661198288
136.1046804638204
137.84680150687097
138.86637585231787
141.1686998082532
143.25866732216232
147.06790977310342
149.48673225445538
150.89109905903481
157.58850555425906
162.05689264609958
168.99187980899256
175.1109383495525
179.8689296851223
181.43604047450594
181.88929213414426
176.06958821595592
169.83754106566354
159.43944387129227
152.74709072039437
144.34780033934797
137.61624394500768
129.85482964617464
119.62203716927228
112.53259030776022
106.13542550808992
105.15269287945048
105.18665214282481
109.51806670104821
116.91155254671608
125.22316918061287
132.4866370181589
141.6631214560326
147.116606463488
153.36101969128288
160.32245347951172
167.72840357848025
172.01085477337702
173.04637377879413
173.0501202520221
172.68023579041898
169.69719328263267
167.78704011581553
166.2329513845189
163.70712438616428
165.191196945989
164.23167612182888
165.72635669327298
165.0506893790293
165.9024543675134
165.2517350348185
166.0891821579011
164.32533828242447
163.6052744384877
162.40794743385968
161.23347410907323
159.929452444982
157.37349375091708
156.46038392585046
152.57866529470985
149.65543361337345
146.54153057407407
146.07348586040646
145.94772529921417
151.36972804242475
158.5102706258482
168.24175376494185
176.4541063050594
184.9817628320725
192.78550628483052
201.7898733567884
214.1510475241952
224.45276312926643
231.95875248801755
232.99651414855902
234.18248882706789
227.98716409131802
217.5012010089148
203.87482276276495
193.80985890051747
183.4094539193887
174.1003006317338
166.63688684768738
154.00258905419903
144.25166540774453
136.9231568241218
136.1370602980165
135.95032479224793
138.66246807715646
142.95412754613383
149.1012124669468
152.18767733075845
157.10282936862978
159.0505079023875
160.38956944729878
164.16167033579268
166.92250845499893
168.59545190133215
168.87698719633056
168.11719262527708
167.78879573171352
165.21868926316566
162.21880635666477
159.51048586446808
156.4678461694564
154.68440173148537
150.2545427413924
145.98896914952917
140.57262435161945
136.81821445049226
135.4612058363835
136.0688154716229
144.7552094655831
156.74116996471253
176.41978560862734
190.32010373138957
205.62502286831682
220.31344738500283
236.14389814856474
259.4906602530625
277.2971603504351
291.9189269738006
294.0462567882393
294.171445467692
282.53981175228336
266.0872920439996
241.6869573624527
224.66183945599911
202.52789158841185
188.67429004931014
171.7289113772668
147.9193212321274
129.88357829956774
115.90097167004134
112.44850382588054
112.8587406157508
122.39776841149278
139.8754045768593
162.30145792363905
178.98448044588594
197.55730860730003
212.83393380604042
226.7129721696691
248.09611346363167
264.8837000966946
276.9601506565688
280.529969536792
279.8936743141027
271.61692363051554
257.27173680916974
238.4051334712608
225.08109299232927
207.59478974263638
197.27263120842196
187.41836751506253
176.11625884006375
165.5939435229485
158.91716788291404
157.28708205822898
154.17797279599571
149.37789485240336
146.54816722879048
143.19874898735156
138.46916762616382
133.652493828686
125.11132510692134
118.45647176797291
106.15278438924877
97.8796288858414
90.2338440158091
88.4240203469969
88.71377355713636
92.63771705798402
99.44364744863879
106.87729348209771
113.7624871401736
121.5982122823714
125.9397132193678
130.29362960870134
137.74029850300337
142.34394937026016
148.1524118089072
149.14194668583502
148.98101399219766
144.35752933268716
141.4514601144881
134.0175804059483
129.71546395511217
123.73003029608188
120.31404979401282
118.21319615864957
114.83898296886312
112.94791993988771
111.14137019804558
108.36237945801845
107.35727603562732
101.58834697743389
96.37951520904382
90.10759005701983
84.71506942441862
