# format: from_node, to_node, traffic_class, traffic - demand values in each iteration
22
10
a
58.35092622346232
45.7242958694334
37.748361147166406
29.796890684516285
30.75788402913264
31.515858101250938
33.01264730473597
31.923572409013968
33.199055599591375
32.97514828466505
33.44312309751234
33.190881356807495
33.3447200410612
32.241422859249056
31.857396173712498
31.84346816518376
30.38949012190979
29.72839366812519
31.27532265078754
30.08683105105856
30.458284299479566
31.361747361561104
31.324262575423727
32.389875768605044
32.120317041229136
34.23244972801676
35.16701874159889
35.88216325282004
37.47256913635706
36.814896743002905
38.219054144075976
37.69583365469507
36.349308744018366
34.30991402100621
31.05090480160418
27.669612084548906
24.992887728143646
22.215538191158732
20.106892889494983
16.78072264036398
14.483390769772607
11.053018192421806
11.488584645731038
11.390676771450867
12.695673139892243
14.24235896982893
16.198397654183825
17.442785452161058
19.523721662196124
20.17489030422536
20.317969241523485
19.776360629053052
21.534668176576194
21.106332038746718
21.520751881816377
22.082414237027763
24.990620263577174
27.91499347033631
33.671848887306965
39.8833616850742
46.918755406177745
52.361865127822085
57.494224527480554
66.33276996461873
71.78067718690917
77.43322067336771
78.23215385997521
77.55335402099536
77.30883195011472
75.9400502847954
73.65250350592154
71.50961372962773
70.17243684642366
70.4973195192745
69.27563156965405
68.40544440558682
67.8029694651996
67.00743298772666
66.43705724831229
66.88460964851011
69.55694687854427
72.64468157113986
78.93133324104791
81.92383929376219
85.53184461862314
89.4485561256417
92.58733427499885
96.77442509315098
100.44939546843915
102.77769112457223
103.87858524018856
104.71139826379856
105.1109793052229
108.72498137194916
111.46652672994836
112.7531913653175
115.28175128023354
117.68752724774518
123.11365234559598
128.16762112402435
133.1728353104082
136.59496003049975
137.43456184790406
136.99009921458162
133.91534397156983
128.9700941390108
122.39530691090458
114.39845034346062
109.7450316298264
104.39266830993307
98.55281991123603
90.32998097206531
85.26472779424765
81.05763623619328
79.59597242188758
79.58178918112108
82.63142710484028
87.85877463264443
95.8847431147249
101.52181016615565
107.4847951122517
112.13052621371995
114.96432992184177
121.78876931082912
125.7379081595421
130.26778914705696
130.61030500090448
131.33556943392736
130.08187810131312
128.50528702392094
127.49609293685741
126.5508849512385
126.02943099647523
124.4662923023735
125.26204382903069
125.16006695823607
124.8976023706944
125.56787421460042
125.50670625600914
125.53779072092343
124.46911334293057
124.04521816177471
123.01113887635032
121.80048180040485
120.41722801532133
119.2811124806484
117.16877415818837
115.66750318631529
113.2474931138914
111.96977794127665
110.42561305062785
111.41028216929253
115.5782028811854
118.88780611547077
127.89621076384698
133.86313644024878
140.82313339179564
146.65596010823913
153.24300724661933
162.88851187752365
169.42628355975836
175.50085973918462
177.7090613786744
177.97578617509674
172.23189088768436
165.41670157227773
154.76322908259212
146.4937234007989
137.79949344111486
131.15157910106635
125.35546309401406
116.61312755865099
108.29871583888855
104.69583071800031
102.01448122980321
102.97926751868408
104.44132550331894
108.08304441182374
111.89842918260382
115.96679017626981
120.03846132415926
120.52342468075055
122.93206512784214
124.40262510284037
126.60379278927914
127.64820737245901
128.94126997491668
128.43389006738389
126.60089925576605
125.29885327158361
122.66864598986533
121.1208189497055
119.2093329147171
118.3606670907884
114.65244608369683
109.74144127162278
107.01529915042586
104.02559777079337
102.07269551554948
102.9666358043792
109.64020995932731
118.07766053800583
134.4264353453138
143.89398801317643
156.7796238508152
166.9205424617193
179.20688480922433
196.3906247233548
210.69847824157415
220.39459239192607
222.61239929861566
222.55566007717692
215.3087487862932
202.0073114150316
182.50434719041667
169.82062538428113
154.15793379388953
141.95511493387875
129.38110694286576
112.60157914849269
98.64001969225124
88.81514292446944
85.48321411109545
85.25306256638146
92.58830532655313
105.45098932123601
121.84934209068541
134.0881908214512
150.27946932574426
161.60523414137162
171.6082998945319
187.43660450085318
200.13049316988176
210.16569716704356
211.96643451517673
212.01135857033705
205.94208802844534
195.46514986268585
181.45113072378203
169.90141682970685
158.85628761549304
148.89464838993663
142.6292135702819
133.01178887121043
125.5450469578708
120.3904165497991
118.45259319846272
116.29184003781248
114.40182063403998
111.24909362732502
107.63679282284411
104.12131152171773
101.71579086640969
94.86924806779919
88.95127061441954
80.29365461902978
74.74105518620632
68.22280015654667
66.98899736639014
66.93692392549876
69.4577877300638
74.63865821088265
80.3718287078204
86.01063981056399
92.42381231572841
95.11781377390653
98.1886040688122
103.52692606591123
108.70035712925294
112.72581267892089
112.75365495003682
111.98445577256669
110.40051909502849
106.09605312499193
101.15911607797226
99.01465053285614
92.89643830168914
90.56285283490436
89.6209589038804
87.80797775370343
86.47776209051632
83.611018135221
82.20435021256993
81.19901012031903
78.13118541671149
72.69778567736834
68.56520552451614
63.283189696433986
