# format: from_node, to_node, traffic_class, traffic - demand values in each iteration
22
24
d
40.685781687324315
32.740774393297706
27.275069288637372
20.498637560335464
21.70961739705368
22.85433159861691
22.949201472637174
23.691406526464252
22.9441257117563
23.730772787669846
23.303555779302744
24.61651442975405
24.465149252322863
23.814657922846013
22.59323553624195
22.46050879530225
20.71113984585587
21.70732685273172
21.423292053399354
21.904534927435005
20.98227030961796
22.14720965458155
22.577946352248496
22.288183267532883
23.321634185548728
23.49142047427953
24.333155354687488
25.554171282543727
26.967817494151795
26.958356872179447
26.319781174346318
26.304988427004787
25.35360096017518
25.34723773893376
20.73255072935417
20.267628723491235
17.9932873777003
15.645514762503083
13.89235982796173
11.781138935078245
9.0392873764583
8.493820103506465
8.126309436325203
8.268492244519317
9.411927001033442
10.357869751878162
10.824816283292021
12.431153867883388
13.232442933669393
13.847340152364971
14.53980489728901
13.148477449002595
14.437857657754702
14.7070804474304
14.912204133103875
15.716903406323778
17.4379996979191
19.7672701497991
24.11430396315405
28.584875523156263
33.434440484971674
37.17397514163262
40.877249935731925
46.642253742667435
51.03288310168213
54.28611949881316
54.79458312355106
54.50995178948726
54.96456650990076
53.59838314176801
52.47754325933128
51.045976479498044
49.69417130372537
49.93664591968688
49.345916139222886
48.025692748245355
47.83872139139083
47.7027091155984
47.11597219649833
47.33356560227148
48.81555918144782
51.6011648746204
54.80218555047714
56.78550134418248
60.5549793356511
64.33930357317278
65.36912541723507
68.87948029393692
69.65127883459104
72.85257917399281
73.87566026831692
74.40931471046395
75.17213617084144
76.17063860453223
78.41244600789385
79.46804718950034
81.53412975825435
83.29193478903143
86.01426204942473
91.31712383640446
93.48624023997321
96.58554359919061
97.69860692315987
97.03151728183454
94.67227377317657
90.55779950658832
86.11006449306468
81.18769209135371
77.02108626705099
73.7204654707562
70.1598675775927
64.17435395929262
61.598227078385236
56.79935604905829
56.391877298004324
55.85118338868078
58.08115637199716
62.03343530566615
66.90989590186774
71.33367784006018
75.92832126751364
77.88084158322869
82.36323529857623
86.43037056540462
89.27163518448232
92.10377080806298
92.582426925152
92.1866611085394
91.9375572490401
90.62688281756897
89.7275480226662
89.3725033915054
87.92341069489726
88.46904793124621
87.76731559530177
88.5055830074262
88.16960508882076
89.58649254431344
89.22030326082593
87.90070196150599
87.81708498056203
87.67259192453247
85.80256139248762
86.68969915624365
84.63581580017758
84.77610968160106
83.78351835536832
81.83694821516949
80.96180726798507
78.70668867645196
77.4640127571192
78.29192644833348
81.03897223474837
84.2349571759459
88.9701852589347
94.14108860756812
98.23177025014571
103.02512357855153
107.37406713147875
114.81168838225658
120.28175242540983
123.12945244236407
124.4651084829914
125.04553561639426
121.54820189581835
116.78767294679557
109.18813968044086
103.63082321423839
97.13418641084448
92.87543943984524
88.06280463189549
82.43608678649
77.83807345465442
73.44875361083395
72.7343047425542
72.46327548283423
74.15596180316587
75.63014173270899
78.76005462678097
80.97271444997475
83.25027779006165
84.62439614701982
86.82517712762065
87.62717710918801
88.61559961642075
90.23107174805901
90.42547735171301
90.26373610577187
89.88317886145332
88.8673602527589
87.70949388983377
85.0080725184749
83.42799253756324
82.52106390975315
80.27136576630684
76.78046932861659
74.54779241891364
73.13376861899518
72.70507395640091
71.8700877305465
77.41822467226902
83.24886382867786
93.79779106700437
100.68889643735747
109.35239356803027
118.27324565824694
126.36119566037624
137.56208329334694
148.2588808342017
155.2131521217584
157.26342983066752
157.2593402275098
151.38381919687131
141.00399516988642
128.459951995257
118.88055998782144
108.2917326273268
100.90555936388826
92.51116851185431
79.23502762568462
69.5052451516161
61.895875384733536
60.96854590775439
60.70164863418085
65.00770984378536
74.68495982362124
87.09498464768585
94.58192172533529
106.27216498868029
112.72257708911998
120.74708618682885
132.69738220583332
141.18782055605487
147.61388324841965
149.13349143339775
150.00021300469095
145.00558802269128
138.04722332858296
128.0837192785254
120.42039242204073
112.08165307149025
105.21679796504304
100.30847672707051
93.97716383191023
88.3384637063722
85.22511319336587
83.99614487684407
82.20551487768397
80.86196731221997
78.02493639272457
76.42603619073556
74.1596473844725
71.0841002733085
67.52538420729866
63.94298824104033
58.4639646192077
52.20143323282473
47.39685803255107
47.00134096320905
47.65512173911885
49.41547956786239
52.26113156291293
56.7533690428044
59.805035140722275
65.45653242706165
67.89498727081421
69.68631117301656
73.58364503995531
76.69375021285863
78.38953024962039
78.96767827997087
79.42135330079768
78.9045281520463
74.95052146345975
70.52218653354223
68.80313310013851
66.09360527358308
65.1879590921813
62.88634454179691
61.71488599827994
60.43451252676204
59.64699564006785
59.175940284978125
57.042649831661656
54.90687167979021
51.30802442027807
47.213031345989414
45.171466356701146
