# format: from_node, to_node, traffic_class, traffic - demand values in each iteration
6
12
e
103.43414618814326
82.81844399539239
65.44418397024106
52.4206498509326
54.2094160629336
56.3817675086715
57.53878630908942
58.24688915532845
58.18736196855357
59.22678471869398
57.56075245461875
58.4494755896642
59.54441372146068
58.136817234077576
56.9385549346493
54.674636404388835
54.647356958470525
53.20293137688304
53.24383413835288
53.057050085204395
53.785577786846304
55.165404573883755
56.73074868120306
56.79968902991702
58.37166988465154
59.65714494838078
60.59784540560749
64.1037391014748
64.3438788942962
66.74328683499698
67.17355286712038
67.42171472972699
63.825040476115824
59.129702390312104
54.30352123814233
49.690395882903985
45.46675283429134
41.019799106016144
36.83609616100038
29.439082060298094
24.778349419367636
21.431439184049257
20.068925299247873
19.692982804670645
21.215428735556316
25.183330007098004
28.464291691505565
30.971106304639807
32.784331237696435
34.47861816633534
35.57130492293338
35.99657273141521
36.43330895848246
37.75958358709287
38.094583205848544
40.06209902264257
43.06395286139943
47.38209727112757
60.014616517266724
70.20748582039239
82.63213289657357
92.82985208379176
102.32567565590918
118.2544093220978
129.42550492227718
136.47068669933503
139.04726870098528
138.71130764025088
136.7019332973606
134.187225966378
132.07025129513107
127.62676197818557
124.53169756415751
123.9290816108892
122.4032523508108
120.82540976531243
120.44287881353075
119.12730190353363
119.21784614272146
119.6575912733513
122.37990616610332
128.0470529772869
138.87035020603884
144.62697879691115
152.26243296850794
159.9026688810018
164.11235339259972
170.71961400638386
176.91041116501324
181.3256778826376
184.18887684436672
185.48369009369023
188.8734831237707
192.73493517113005
195.42661141626104
199.096838180092
203.20147770814256
210.45135538480451
217.1801529117268
228.13149412746682
234.87976739931688
241.77005495044088
243.39062764314082
243.57894387342824
236.53933587578717
227.83177017458254
214.14148492363188
204.65306407282984
193.84721778583994
184.36585859658882
174.6193401027954
161.8499869250198
150.29521869809903
142.62331396172678
139.80495561904164
140.80753229240415
147.61114957734506
156.00849169855366
168.5306531340897
177.8245838991872
188.85822643934517
197.82660182500635
204.5572317454346
215.46722448144925
223.8493536751019
230.92656735423017
231.12335389003763
231.37206909685577
230.56873078789775
228.71709941965668
225.01906434605453
223.47758134624968
220.95297279089147
221.4339119516095
221.06076075168764
222.17334630137245
221.94449044545587
222.3411005445921
221.86170622153284
222.94407594957124
221.42883483541095
220.5817571997832
217.8437461921247
216.03590293196868
214.05784892598163
211.61603674635262
209.45793932970983
204.69934859751208
200.7828314494893
198.43701286211433
195.7355843124864
196.50612043333945
203.15499155095978
212.10492048724737
226.72501561561484
236.61472518606283
248.65272330383826
259.68174382452247
270.4942601534178
287.1042603298914
299.90654953556134
311.7301011287285
313.0821703486385
313.7521289434688
305.4750136237621
291.7515457433259
274.32620057297055
260.43547340155294
245.18195750154626
233.83965192211832
222.30329903316934
206.0005023485566
194.10875204293174
184.20141118750104
182.0602865620774
182.10111723374465
186.5565649215138
191.13367135589317
197.50304534584882
204.7842873768796
210.28496561711853
213.34775172406188
215.65727258323318
219.91210955266547
224.0943183802492
225.96927418006953
226.6339653703653
226.82014198932265
224.59106846592567
221.01468616830982
218.1263433993269
214.0197523507016
210.70686255683404
206.43182068685445
201.65427612297148
194.80766483749673
188.34576800876934
183.2919778336756
181.4811217195856
182.41460959099382
192.938974372501
210.66660733138676
237.21008224308898
255.37136865293343
275.9499599849332
295.5992587989527
316.8896851307685
347.1669721648752
371.0978218122502
389.0818462540871
394.165875114784
393.50603201031686
379.2660458041151
355.89633357740763
324.1481572055122
300.07241119456086
272.4153014705903
251.1809521497787
231.5884320651265
199.24234720539906
174.1021772780482
156.68535718057154
150.72758038243163
150.5076427079514
165.13667643538807
187.0601294753695
216.31511239652946
239.08661430077726
265.55591271284663
284.8053811028627
303.39488351119326
332.16682999374194
353.8083799904505
371.26233692049783
374.98907064955495
375.85213555156537
363.4316113060911
345.24386056704884
319.95144698600956
301.3351797087908
279.2747963214195
264.13671197795065
251.05606854427276
235.17257585754567
223.52387845174792
213.3811066850404
210.05524885304644
207.4064081985626
201.40050448963962
196.3327365189199
190.5344716904466
186.4735641622127
178.6309374707101
169.04905014523047
158.50588270259186
142.55112905946982
129.86208525692308
120.75742776283653
118.66500896144981
118.2388138801948
123.64672440875798
133.0125584688182
143.9157886212786
152.72739380828477
161.41298031749278
167.86011040263284
174.1591401348738
185.72906212695815
191.12618377947504
196.79764634097486
198.72717791024994
198.5676280038757
194.72092929526744
188.08375392451228
179.843861709047
172.33115188486528
165.46567156434577
161.63409044401067
159.0036289069913
154.60164021305667
151.08786183127924
147.7668821742626
145.17271845873094
143.63544557211776
136.92078277176304
129.13829654618078
119.22375018596591
112.64376393494369
