# format: from_node, to_node, traffic_class, traffic - demand values in each iteration
11
23
d
79.99669269870103
64.4118052408266
51.83440481349867
41.10707268061113
42.40423838122715
44.40577949904051
44.16583846346785
44.39970954722874
45.54436319002602
45.97184250251377
45.3337506262572
44.86423743124036
45.630426192797685
45.83837163382324
43.827483127417366
43.131204168756
42.42966465599107
40.99752327575885
41.08836684926005
41.618277558460946
42.49022695560642
43.758745242021256
44.06128435089149
44.78459300262154
47.23587295035823
46.27038184227406
46.95292311050496
49.11075439246088
51.25233990968188
51.135186602269386
52.56976295649459
52.02637560399246
50.22542034481639
46.15335369124533
40.82562469678446
38.16998934359775
34.48283260449697
31.77164122042689
28.473573081961522
23.115385022137882
18.90151877789822
15.702907958079233
16.03440978984695
15.766160081464728
17.50749943457687
18.847365760332135
22.174681848695496
24.205354870983854
26.626771716686555
27.448804323216542
28.559609022574097
27.358216813654465
27.845009436777072
29.215356872440275
30.22144766097044
29.852163019580477
34.000480342139085
36.14089083519567
46.85842200193644
54.64465879026456
63.99157182604003
72.32423852799458
79.82159249980921
91.72139177170106
99.89458449595189
106.2327644006559
107.2452421140071
107.25043789059525
106.08107519288548
103.94732475076397
101.78619217662106
98.88620377569299
96.5800478747017
95.94999343804227
94.98611581878228
94.35385096753971
92.87164191409211
92.43187233280874
91.9137976579028
92.58613104823627
95.00307067010338
101.0975231645701
107.61329904042489
112.10507529615141
117.9023957562622
123.66271612996344
127.70836159057158
132.52776754303426
136.4128894147564
140.9313339671332
143.007984757099
143.68574674725613
146.3743979756743
148.93527781328365
152.74593156699623
154.90779630961362
158.4218300503607
162.67382988133733
167.76287013023898
176.45232795095157
182.6327323583204
187.11395319297174
187.62406542716354
188.1373399028605
183.48300494805258
177.1084281512398
166.0729991146866
158.7124346088317
149.84076768059109
142.0536232619869
136.16113650792573
125.57497522652343
116.68255646585571
111.146952344026
108.94887127681851
108.85826149503022
114.12701301187812
120.82491202509192
130.44642774736332
138.4618850148568
147.47943766452096
153.47824872883533
159.30048082364124
166.92169238586357
174.02726583981786
179.6375687881172
179.41218857415336
179.2523948547616
178.56987439833634
177.03414213926783
174.13227814277687
173.1025354370793
171.70330888785043
171.4336958150263
171.44667730073616
171.70843738893194
170.85739976140133
172.00073566075318
172.46403340704882
172.03809824809113
171.63564095809016
170.95343302703165
168.8768875590635
167.49429061913906
165.6435364288286
164.2247220534438
161.80759216112793
158.93337411127786
154.98623067782705
153.46485019350285
152.83292865984046
152.12945909659706
156.92493660895747
164.46368613012632
175.9373600250153
183.9037344391844
192.50349081931265
200.44037039157706
210.10939856372286
222.65304654601138
232.71963603442708
241.66612361706703
242.55583537108825
243.6396599728379
237.14164330774918
226.22057531128124
212.22812405586458
201.79811695306034
189.51308975541048
181.0479856121981
173.36746178795315
159.24258679167366
150.30793304949765
142.56678754119974
142.20651109409687
141.6706931012957
144.66564764458897
147.6365309766828
154.59786901351836
158.56396246042326
163.85312694526004
164.7107872045106
167.13290684356534
171.2621101270992
173.7723591243411
175.030040643295
175.1839202376237
175.7911349895905
173.32503265357187
171.58379786225245
168.4250355954445
166.93077194095972
163.24388022208663
160.75753529927638
157.25388146317917
151.8469770719716
146.44594060715053
142.23388949749702
140.76374265305537
140.24172257300754
149.55226280021668
163.3480101957648
183.5669208713615
196.98305694375057
213.54603896637872
229.8493838620697
246.00657913296314
269.91209813628495
287.4529959404243
301.09534678552706
305.92344403470395
305.044831522567
294.70861986896784
276.4701949674165
250.99532602383184
232.95191682032316
211.46243116423253
195.35401428838085
178.82423822889595
153.73304438845494
135.89047462459857
120.88198111316865
117.24944109475051
117.38022075314427
127.17717827191197
144.12244809043543
168.91901548768433
184.41857339172824
206.01170842586976
220.6127107824372
235.0346275340669
257.73611010456517
274.1465321158069
287.8945311666114
290.5002647413529
291.7559669403772
282.21227298879637
268.42423966094475
247.7215233680758
232.48867264257754
216.4002351102293
204.3858649655662
195.53675791481479
182.34720995976627
173.07399412478398
165.32807001097578
162.75571819013794
160.96587796373217
156.20463733255647
153.26546379956739
147.49051028221382
143.91764390944377
139.4977909504522
131.27344175807167
122.61072585562235
109.77891359023116
100.88787062422806
93.4786435037302
92.54523897691234
92.54417448436483
96.2610728070866
102.16900035194789
110.93890815274413
119.05018040870341
125.82410197683092
130.06346528743805
135.20333448317174
143.60457274977918
148.94439146851542
153.6704671870011
153.8657344642321
153.5423035522498
151.3133657284551
145.68859566691063
139.5158828874697
134.76590686992594
128.95555748712457
125.37543980928402
122.93028830963439
119.75662998157357
118.23912342955556
114.53835126199415
113.42102348701177
110.9356025969818
105.68282791970273
98.66521568182858
92.70319129202879
87.118108588154
