# format: from_node, to_node, traffic_class, traffic - demand values in each iteration
23
7
d
46.00086747323275
36.63029458817677
29.162734431395553
23.543400815323444
24.841457299956673
24.84393411037813
24.978919051252735
24.584290343636006
24.88639523154537
25.668040894631943
25.77164744254931
26.014696745769456
26.60779948294045
25.53498899240862
24.9857076904277
22.944868269212225
24.287043651171352
23.53126425670962
23.688521529115953
22.773790799063846
24.75961079446448
24.803277388214017
24.3708573478238
25.384432720412935
26.34882684400647
26.729646507043082
27.675124402543997
28.227789563308235
29.04912984404558
29.253042514379562
28.75638530196989
29.82101647869909
28.32140428653828
26.530715908320577
24.339405075720794
21.56276671574637
19.58868626283748
18.619552339870946
15.688414809800635
13.201954863941209
11.404307944184994
8.371868126421166
9.11966822615493
9.419459654057102
9.548828067983262
11.585660012667843
12.309922168343904
13.496728967720095
14.448256595079906
15.845685787459082
16.74117345504851
16.883509781355677
16.50115891667668
16.317107027286788
16.937581340025982
16.255845291787004
20.02283464168342
22.254889812350513
26.643562837190245
30.771168273410495
36.22691261181375
40.27803165678321
46.46649382423485
51.79102491740283
57.04642719710399
60.81852830014352
62.06722437866534
61.441379116970026
60.86766209124854
59.81962780911966
57.69519944293712
55.94641215589293
55.12905903449529
54.147235442239676
53.98067434814716
53.73815192806356
54.37402394963189
52.679774494041666
52.05722798651481
51.896043516506786
53.540112165264645
57.00032167179563
61.039475781416094
63.19558681132568
67.51879912671018
70.88082343294968
72.52062394854849
75.43845231230662
76.84641553623845
80.75042597622642
81.17662258024059
82.53993893353504
84.63109764353322
85.32812600001468
86.59064925935292
88.33292868212408
90.80131928011278
93.22129760830678
95.30675160179533
99.89994386934083
104.28460292421296
106.93349752687632
107.04955605988366
107.47460856450598
104.81274805308261
100.29065171750149
94.68878033091835
89.44930336405415
84.94980771796222
81.90948233224394
77.44771744034409
71.11220156704387
67.61734599121003
62.70537578368794
61.62716913527367
61.371717333138506
64.53732359446008
69.16867875885848
74.70491526905032
78.42128264690564
84.11185038582329
86.98548180537105
90.63842050450786
95.46174954174722
99.24054383450957
101.8979652201796
102.31146599324961
102.31634111257381
100.89745340612184
100.96186377165276
100.82620316585472
98.7409406850247
98.44127191991194
97.66838414741824
98.09368207874378
97.18028148678214
97.72465449635953
98.83287382368411
98.41781098832078
98.8411401809627
97.62448940576434
97.24683141322856
95.47607241970294
94.83064059946572
94.94670770527064
93.9497588162078
91.50372809964925
90.59885049702399
88.71362103721503
86.86092135665857
86.70751713997248
85.98778426225235
90.23216716614108
93.46569321435489
101.18183585634388
105.46747491724106
110.21034138343538
115.31094790546481
120.11765324952304
126.78154023124044
132.44662711071274
138.000388661847
138.04413716461715
138.24867952929478
134.89835782494788
128.5496637513947
121.47075198808767
115.64373700959271
107.94111919640343
103.61376740776673
98.77837788940644
91.44916692505896
85.8336026317232
81.31006901348539
81.32894875557268
81.32578231052305
82.30687093578943
85.44607329201617
87.44964843879607
90.11831872619261
93.29654734312254
94.92096624018444
95.73295072213206
96.94012075276882
98.68286848291062
98.97338429243497
100.43941424724287
100.05148854057285
100.3197275765837
97.85106942932872
96.52432294580834
94.65988649363489
93.03662314957496
91.52115419617373
89.05926539807842
86.55893370316667
83.61489456514734
81.30405278065813
79.19885369964622
79.9113146352401
84.31664875903417
92.60934777634056
103.72370861467363
111.81696806970496
122.52661901042762
130.42841253576196
140.42932721472724
153.76010416094337
164.20591205047393
172.27642012804105
174.30845566920826
174.03945071162397
167.85491830614387
157.90426988516123
142.19649148317416
132.73675578207363
121.02717970178378
111.82724567626242
102.0183165442617
88.20214353793814
76.49739409396616
69.37996528241247
67.5015629319304
67.76765835796436
72.43337902039308
82.2465403294867
96.21738372381697
105.88534192177225
117.66614248391598
126.34066382336114
134.37763311056713
147.1722330955619
156.8084422002603
164.25279933141243
166.0548220158127
165.69521464232923
160.7823741765939
152.43606955035767
142.2041852510275
133.3603776622578
122.96083096318199
115.87366381360599
111.55327120835057
104.20480693316438
99.18257502400701
93.64562769573733
93.0919854416003
91.52272785020432
90.2097001631509
87.2472590797521
83.84491081229991
82.03344765420691
78.81301775576513
75.18885836299016
70.13037632651718
63.023720423979185
57.88547061282746
52.77371522703509
52.89744393896043
52.167133401016265
55.5554143459268
58.05308219590939
63.57303111494425
67.86700242910386
73.28256149449068
74.75164154503906
77.23179419114179
81.56217376421034
84.87444622958394
87.62531183690588
88.7294763634015
89.23415876724154
86.2057048474344
82.55002031859759
79.20691952530073
76.89373065739275
72.78896508934568
70.31061015663032
70.58051547456296
68.23539078953911
67.02040151724329
66.11513992874706
64.73992571158266
63.55022152475634
60.8752172179002
57.51114605948928
52.31823937587233
50.21826199777917
