# format: from_node, to_node, traffic_class, traffic - demand values in each iteration
1
18
d
100.55291797370745
79.6055768627111
63.82565837638605
51.322139001756526
52.672371071276075
54.84794884621344
55.29741380221178
55.60825885533934
55.93407641091972
55.56539880373169
55.38187605246567
56.07498364158465
56.456955743221876
55.73893938892265
54.60685962070483
53.36428202853353
50.93114268476372
51.438599762163086
51.98402218820736
50.462905217989835
51.356413030071565
52.04009465556638
54.722208518087776
55.62912601716031
55.78136324670737
57.030375089542765
58.74611726490317
60.521189641196045
62.525178710753565
63.699829071034785
63.791953382579194
64.66955138297664
62.375821235186244
58.186559703189815
51.55625448177315
47.785950043579945
43.474627446497514
38.957618586164145
34.23574936433384
28.623354461162382
23.509298617881377
20.923531985289788
19.409872389088896
18.539928989565357
21.08219650206745
23.68270209830429
27.31842333818635
30.445560556308898
33.05955287750692
34.920768575913584
34.56521943189632
35.48977485611061
35.38814139166307
35.76961005119832
37.22284772494462
39.3002815875095
41.37976275076516
46.39983324993073
57.73122397898543
68.18922862399631
79.8321657742647
89.37616510967848
99.03156976185033
113.61691590815994
124.14705878465683
131.8442418583227
133.94585376527394
133.20017231099442
132.51762378278315
130.21023498149012
125.96483072195835
122.74360863368341
120.44109917279535
119.25667912628928
118.67465204229944
117.08906091346321
116.4114304258031
115.4090460489471
114.58014307307636
115.13407400004951
118.22932515531218
123.72812172603498
132.49743345238608
139.93752216749425
146.5785395534007
152.47174911305646
158.6267547905683
165.13078812342147
170.12916764675307
175.71776534224034
177.59692970485204
178.853764704539
182.42199498924606
186.0662685917137
189.22143085421123
192.89802918279926
196.42109702991783
203.19563580503961
208.82467674326634
218.89775623666145
227.69168639299272
232.7915953039014
234.44902675407218
233.43497022285197
228.6325439506638
219.5661207652223
206.3764793603843
198.44467939406078
185.4702602002362
178.43612257325324
168.7305271552164
155.47137127875058
145.6727098667852
137.22200956275313
135.73552469294586
134.4415346737354
141.0237823515766
149.6525519685459
163.6618672788434
171.47151452134213
181.7464940309643
189.95035594569777
197.84415709802286
208.17993572286963
216.38167011390726
222.85780103328997
223.3785052090517
223.81409746461583
222.36722297434036
220.78060690758727
217.07779492189786
214.4842095436744
213.09306172250353
213.31253233404544
212.83331970615097
213.44404449699167
213.49764685250167
214.4305753132218
214.75320725967345
213.9926935741671
212.44302887794197
211.9489315747578
208.6067728748222
207.9720226030467
206.10601421169923
204.85358250765555
201.19079545232998
197.13262112453413
193.25064527347885
189.81362850067615
188.50263602556205
190.17253786123914
195.17707496074857
204.66631455257274
218.30565449017308
227.92500885463005
240.49267897384658
250.20353549048986
260.92815572224833
276.2356415637415
289.3712469624115
299.0575857129829
301.3012032036001
301.411018140044
293.5144920133379
281.4742914850168
264.6628457580467
251.82774543349032
236.4155763829981
225.35883685762224
215.32048648273172
198.95801375512949
186.79463397712792
177.31137565785744
175.34340504954724
176.0772344450261
178.50365180745004
184.5188954953292
191.59620987489578
197.49377391235112
203.04449229420547
205.81150311637202
208.34700742414938
212.07755497722928
216.01511776917468
219.10763010398875
218.23192242906018
217.64647065638223
216.90588112719956
212.68444775943192
209.26287426758367
206.70393621002464
202.98525036043318
200.18469797124465
194.31322342749976
187.3547024027984
181.25026749884174
176.57191521154786
174.94185151808713
174.9603388397417
184.9308388676564
202.96566241089153
227.29373008173997
244.8593392177855
265.236926762595
285.08389313166157
305.08432555460365
334.6711713489145
358.1418206474422
375.5694869836974
379.71023523873646
380.14066865817176
365.6013227158583
343.2101984464698
312.0076128864237
288.6910188576387
262.62988917311156
242.61965641984764
222.1532308130576
192.04325824884552
168.0742813421932
149.2558555972688
145.01573843986787
146.059408099897
160.0723059385696
180.4470088418612
208.97139028955496
230.81714495974785
256.0816159935678
274.07465784789804
292.2749355315397
321.4119842751369
342.29219390436845
357.42594480993677
361.4519725647972
361.9215861603522
349.8963821587039
332.9831813528474
308.251750678865
290.07500460237793
269.8806935470658
253.75392110107458
242.10920220242411
227.16310341633752
214.824774636387
205.94124370002112
203.08186993644608
199.87382806408547
193.7432465282321
189.31392832252183
183.99137708094932
179.68660438051663
172.93003089524365
163.08507425512127
152.3878663514953
136.84784143585907
125.15424399486353
116.82212620892331
114.14541749432045
113.85713630523045
119.25689013113634
126.90350784482305
138.75737969799084
147.17402850270088
156.42918047571956
162.3810797089711
168.0947504209665
177.68430037824146
185.33615195608792
189.27082656877357
191.9374689852233
191.20393567650672
187.25113651068355
182.17579068866843
173.19510627954
166.24012940153062
159.16662967038158
155.85281096686137
153.77465743470214
149.0759836148433
146.67193713163667
142.18964355301188
139.92867469961087
138.35104756825064
131.36796635492303
124.25726331616679
116.03663100978996
108.38847868788974
