# format: from_node, to_node, traffic_class, traffic - demand values in each iteration
21
17
c
80.71048538140721
64.21033514511538
51.097676088864546
41.503625857570725
42.26641461101443
43.99508671314673
44.42054939600984
45.41503582088032
45.194953521930856
45.63674770813237
45.3787872239558
45.687600236661176
44.70235910049384
44.92736230912836
44.02759037285548
43.2270705631786
43.358726458332335
41.03155938332396
41.6508900146118
42.128902400559056
42.49039140079763
42.02565211301997
44.32753642557332
44.18742181324449
44.99931199328052
45.95276198042107
47.83092092624298
49.19722302295658
49.66438156578463
52.30709652585202
52.586842433119244
51.10681332588062
49.6662255654062
46.27752243419307
41.58523379393284
38.14145677811559
35.05772276982635
31.056101412203752
28.000186803011783
22.467361346031637
18.86207832373088
16.428724383093385
16.00779166772645
15.106729925677122
16.444567963836047
18.47164257427663
22.067869865797725
24.02918907616865
26.964229324544686
27.680174425898805
28.201904822655642
28.404255313861132
28.051720996532886
30.186398929946073
29.59109614740642
31.242992425616244
33.88317447922057
36.570904789751495
46.17723283292114
54.14548291113446
64.09795071143205
72.50833369544361
79.2314581275402
91.7965259904168
100.38701860798956
106.82385830382695
108.13761262674531
107.39437358861973
106.37756839525926
104.68324787606224
100.52071907044771
98.31925661284359
96.50183395782555
96.00924073328146
95.11736847310401
94.7651779986491
93.20424093415038
92.6686932008933
91.64480533421194
91.50154232346598
95.57111606246337
99.56170548757889
107.99232994334511
111.33906807069062
118.24871334416918
123.02888408754059
127.3206791681473
132.04013898058872
137.08744666600157
141.16925297737208
142.2919539383355
143.40018804061594
146.57725445700908
149.2801638831722
151.26660583842124
154.61114899157576
157.76565519622537
163.01997226444595
168.47632130352665
176.47037728550438
182.35875830445437
187.42132116774914
187.95088650068882
189.11727313736182
183.2377141245859
175.63018359073058
165.32172535427816
158.14218966175233
150.91505040658083
142.12933766780952
135.45641014082972
124.68490491304716
116.49156596273131
109.98688557198047
108.43731186629938
108.72957714870358
113.1635544056944
121.04477757223025
130.72565031883147
138.80109582903228
146.61012426776085
152.9615486817841
158.69626090491496
166.86473626106957
173.6865783222522
178.23105868586444
179.94358554357956
179.3590719005401
178.93497702468053
175.9880730877392
174.4053153514276
172.96068035500377
171.6134186006122
171.87649915041183
171.58448398472808
172.24123757596928
173.22610515524178
172.6600098001196
172.6394369262987
171.51114042457968
171.6949568833849
170.02257521935783
168.72134594754482
167.72026817592368
166.2875750019064
164.6121372803049
162.0764921845611
158.67736494827594
155.62698682688213
153.0436465545519
152.43271639149947
152.53296684476626
157.89248654850013
164.10558539667352
176.17525683824448
183.22273145802205
193.00624873635817
200.5403404931553
208.9612296701769
221.95782429610668
233.1949317790937
241.4924041179648
243.19910645692624
242.37570918124464
236.53017925761534
226.57340903880635
211.7998807576483
201.42207853512144
189.96617781279232
181.19851717067596
173.07160854099985
159.19997259984962
149.75899532739865
143.4038045526806
140.37234077587001
142.1205791879727
142.94910081176306
148.566729897169
153.7365698326604
157.29689681893532
163.49761534383427
165.00843554322682
167.4165015491791
170.92215883223233
173.93808204018117
174.63635618578743
176.55408998963784
176.46768044688775
173.43879083412153
171.78542654103038
167.87818984759176
166.24868740856337
162.73189796091614
160.27722026259576
156.5530749702898
151.24122321140004
145.29667821963025
143.45897147161367
140.65437219992006
140.11220439833755
149.54308591809337
163.14697316215185
183.6483717195624
197.2049502768496
213.34662314107095
229.64440281667572
245.56774554731305
269.9114605177576
287.4107146325933
301.6653255717907
306.00710624750377
306.18118372448833
294.50780153358045
275.9515786968855
251.7874683159613
232.79030945083852
210.76349784308366
195.31898134165598
177.9265546459574
154.0785832021782
135.1024312374302
120.58998428667068
117.2274049409726
117.53265341724047
127.34183062903877
145.37407851390657
168.26799668944213
186.36445091286967
205.65214437008368
220.63803217287193
234.42005319819575
257.9446285603477
275.0111986198916
288.17837149456153
291.66584648122637
290.36006512930555
281.71271961526844
267.785682374093
248.24190174934216
233.55322963498327
216.2548114567882
204.1736179420013
195.21285656557976
182.9698875713595
173.49235582418976
165.72588227604555
163.21141859783103
160.58583767135386
156.3612714938205
151.97809747610052
148.1136182400599
143.54124057161962
138.93759689467856
131.26340264333658
122.73291217114485
109.68299987537712
100.29346670228799
93.16668780023217
92.01272250523805
91.68819624538924
97.59558483081827
102.36606471951397
111.23513678433835
118.25926789104936
125.51484262400962
130.1789723459789
135.1400324367823
143.24379129963407
148.44957498515373
152.86352127369656
154.71175813481156
154.12277108233502
152.1232321619549
145.81705827258253
138.9626248126713
133.95088065406324
128.01086028633063
125.23383428074663
123.19424497537642
120.30902158954295
118.09944071602439
115.25682811270023
112.83262966816615
111.23027439850162
105.81628026141819
100.7390544602331
93.16062377973763
87.43838540561997
