18
13
e
311.2287081541603
303.58338551942154
297.6896880161401
292.05324927645387
286.76578442171984
280.4923299878512
277.54982541211433
274.49886797503206
269.98364271874965
265.8227617789309
259.0261785657405
254.1101667645496
248.12476131728477
238.1118706545469
229.8009538001712
218.82585009691846
211.69004048372767
208.9596229189315
208.41206584488262
206.871103350504
205.52158729939836
204.5707684617275
203.2580792062875
201.50853469881957
199.88043818380862
196.61449549188558
193.17337344667442
190.25610432045764
187.856238123681
184.2579198135032
182.91681710454264
181.55158536195856
179.86545422462146
177.57678478396144
175.38418292545833
172.2415476815862
169.67447426114916
166.33296152946508
163.0626782725563
157.11607185260578
152.41061504334283
149.82157069781118
149.15551547933447
149.4262381591468
150.48456586552484
152.43064283034263
154.95615278305658
156.5786710744175
159.23456672585027
160.83901811280307
160.81840247722215
160.7817097965256
161.5578933817462
162.60952804491373
162.3433788910226
164.30497824161958
163.7939485264681
164.8325281766284
166.85335962968892
168.50593458193893
170.08569006149284
172.02672743725446
172.70096835375378
173.98020866936105
174.67985618940827
176.19747166244804
177.88476444937396
178.45701927043595
180.77315139809994
183.32759886797294
185.89393663691783
188.96701316866853
192.5413660214551
195.38231021493658
197.68339846903132
201.67082823797537
203.18824940602704
206.27063199743645
206.55837669255683
209.42671874365305
213.0039705811168
217.67039471566565
223.79954389076687
227.3108602138953
233.29382576015752
239.40710165888396
243.6469115962927
249.3213067533958
254.1710951462439
258.7625743480951
261.1562015821715
266.2059787102132
268.8412700783449
273.03126144401426
278.72624995314385
283.68408000670854
288.814613613752
296.54105697092655
301.8515337723536
310.84492690081834
316.99763327668944
321.33860637027186
323.05990808666
325.27044272311446
328.7020612881453
331.6883964560793
334.73157394400204
337.31760539721375
339.53084622513614
347.7663197969576
354.2204333114091
362.2061801213415
364.884354104884
367.15266722859013
367.1152553477565
367.8004389485405
368.0809183736397
368.2574677544603
369.1591353534134
368.54447934085607
370.97651950828663
372.2799132336051
373.9315362225866
376.3470164014057
378.53385683494884
380.1343088953699
380.61051993233013
380.73531257866944
379.36864626670524
379.4875687465778
376.29694831292346
375.433258558011
373.5773133854342
371.8355538547875
371.59977967857816
369.48593713328233
367.9514117254137
366.82104471630737
366.28132540533414
366.09514753071926
368.16814991940805
371.039188338259
374.77994804573297
378.09365657323764
380.3971182997127
382.89732413453504
386.03009109884704
390.19654099660613
393.31501669240464
395.55148724717714
395.1278270075794
396.03994615328406
395.85911291558244
395.0215924994958
393.85837072982486
393.5067744565735
392.3058405397253
392.22935676801785
392.068205068359
392.5302538341968
392.76475979976254
392.49130186975816
393.0937663629055
393.05082041664485
392.83088542292944
391.5040860665276
391.0287916809335
388.9884974868598
388.79723020970187
387.8031876013284
387.2624237799444
386.7410737735321
385.162109526327
385.22408363347853
385.42123495309926
385.266227290154
383.43831672484276
381.58422354116783
381.5286000977966
379.44338914622944
376.5884703531503
374.94403020048577
372.748886996725
370.8558732324433
369.3507140061074
369.616687926038
369.1823010279069
369.21278023333065
368.4038363655448
367.21132511542237
366.7689763316248
366.80502577890593
365.3758506178735
365.6883615817674
364.26270650182687
364.3475514973103
363.63119408083134
362.369898329114
362.39989587408814
361.5242162904446
360.8184662721774
360.485634111052
359.0916861860955
360.1394669303566
358.6526279417274
357.82264052955645
357.2641114350237
355.1732806654329
354.2048373046982
352.98193790775326
352.9521855256719
353.2664505651232
354.5502860561027
354.56925338629617
356.3672881400476
358.6681316798418
358.80302867625284
359.44001228396223
360.68804692942433
362.08422564466827
363.0293201103422
363.95068302022503
363.89657539662994
363.58696366291105
365.00313824739635
363.219427052783
363.27959605408256
362.6140237435873
363.6544045013001
362.26771704204344
362.42509588339766
361.2075907678459
360.9625444913825
360.21040187232774
359.38156364275125
359.4608938297861
361.9824080758321
365.5744810704836
369.7766026656737
373.5276959108875
377.57317107115676
383.46352493220394
386.7454552227501
393.46849273700604
393.53016573374873
394.63088089641724
394.49146217367127
393.82838587524475
395.6470460774351
396.27738669848947
395.10034347903064
395.6464032038422
395.91446879728886
396.20158030328435
398.0291875675816
400.7654091335192
400.64600640469536
402.11283146554297
402.94128744307847
402.9715411043089
400.9805339607595
399.1780213274221
396.5991555009356
394.65136372912
392.33344764599974
390.343610958016
391.02430774991154
389.709720875586
388.3701798633595
387.29676321368044
386.3895822786189
385.3949398063542
381.4502349506069
377.63413584001916
372.73089430635093
368.2952804121439
363.1416288533441
357.7015875927044
352.9355641530134
349.75490867863545
344.73381925081986
341.9703893493064
338.68756920255953
336.42980857065254
331.57426676165693
326.3105260559301
320.92413359693853
316.9872778064045
