8
17
c
148.9247398424423
147.90194631862306
147.73840132892616
147.93629785919225
147.74792774336916
146.9563836802671
146.18540299583208
144.95249326396575
142.4051138728853
139.00023015673113
128.9453069251655
120.58285332316306
109.34907309228508
99.20503844840846
91.09701850752066
80.36717633339777
69.1280119615772
63.043988975531605
60.636597488980776
61.08724479282856
62.60045264201361
67.38311999645778
70.77590523939996
73.9473246906865
76.29999496889293
77.17837978786395
77.38501425316478
78.46578258800066
78.43103608325019
79.25163423891215
78.5862754406753
79.02176837584115
80.00404995624736
80.83886954034682
82.36771222045901
82.84368901026149
84.00972696477075
85.2586864049847
86.73999027202433
89.12519198687407
90.46838380917877
90.69083511004288
91.86116473995925
91.26123763812565
90.86914328735963
89.68437037317538
88.75513028492763
88.11594234036124
85.88435307126876
85.10458658906425
85.77247757736349
84.58237568270015
84.75802952440542
83.94304663778095
83.95307710830751
83.01540611849015
83.0063299968114
82.36347603789193
82.47410085996798
81.74281107711624
81.8014879027874
79.72824380513497
80.22759480249887
77.47707151096456
75.09898798329782
73.6244589073412
74.56439083762915
73.63029850012653
77.4111712065279
83.06665353673546
92.04508583971426
96.4209671180048
103.97784736592776
109.3146217572011
113.54186347487764
118.87012767560026
123.50773529569112
128.5408413405758
130.5623999596603
133.27453131591443
137.92736642996428
143.9902072365861
151.01144700962467
156.79662703867007
163.4398856139248
171.79605883973724
180.42690655204987
192.3883043442008
201.3049745667611
209.29724012215834
210.85389211880147
210.54205095357443
209.44120202207571
205.8583531170363
201.33879373614357
199.74428704391937
195.7100732326069
195.6705338303923
195.28039617552517
195.71854559963725
195.3814504454041
193.65925933100235
194.60166937757143
193.86624767082185
192.61373412609973
190.78968388589954
184.05522800399186
176.39358763857953
165.69562924770776
158.7226269472071
151.63737610436172
142.42451371357896
134.90732140262483
128.71702121252213
127.60006383414387
127.67756093456272
129.5178740743691
132.50901852082976
137.2790121285491
140.075169181533
144.9123215778878
145.19765795823534
146.4087686443366
146.92364476187927
149.10267953745029
148.84864358553162
150.28034408406162
149.4591497052938
149.03483650014087
149.47600887757318
150.10849139729913
151.02238905133876
151.52862522454728
151.36434889824335
152.31230728840538
151.85762665056603
150.64771693383435
152.64505594700626
151.81336413401326
153.17545666140478
153.67300653983102
156.41611529890514
159.449969678766
163.58320216778958
168.66472791821303
172.24225941101048
175.37455942990886
180.00142877294948
184.16728987575985
188.33534047381858
188.6296966418806
188.39941586190955
187.7781143386505
186.37757678563992
186.09134454640648
185.19603198097198
182.98300658137515
183.1067032107903
182.39893815406018
181.79427829111492
179.67863813732404
179.55724226548347
179.17144262712216
178.52514914262588
182.0397874075189
187.1482124719282
194.7512973268043
198.88042705046985
204.11311705778152
210.84259541677963
216.23313700307818
223.94850448135696
231.49048693356826
235.2097833050372
237.16298319547735
235.98899319291456
234.4534195836743
232.69875249892368
230.6155105503586
227.45869304703675
225.50830878662296
224.93055498469866
224.1368418398945
223.60859041681
222.96899712888094
223.47530451456495
223.18972063575626
222.97433160367288
222.4889882704877
220.04011712135045
219.59028937381925
219.7969301833144
217.43062545740275
217.3328655837381
216.35586212065584
215.35222638805746
215.49390890866007
212.9690734468127
213.98718050714206
213.15028587861195
210.75181297521215
209.14307237802194
206.10600403187982
203.47688850806134
200.97092560316102
196.9833380781029
192.9165871071041
187.88608826407594
183.4871455590317
181.2516318163586
178.6824550202226
179.0985404520759
183.3441833148262
188.7045777315151
196.62987917445847
202.99840723178798
210.72285399337252
216.28104394867168
222.70903319357495
229.82544457559743
237.5085327883634
241.96659506664437
243.82291612338202
243.5305528929869
240.44431029930263
235.63380200592468
228.63787205593306
223.1497751166004
218.15197779007835
212.88250092098895
211.16401677339718
206.72306762102994
204.6012670989333
200.95381822947454
200.7027567321126
198.724653200744
198.89059214305857
197.34754176221747
195.44759373881593
192.0893548423132
190.5963179602207
187.52448236415168
185.09412917566954
180.76144776358905
177.55235498976376
177.19810621597483
175.35003776891222
175.14731742904254
174.5067598621413
173.7311345293313
172.52493732177808
171.97274694464332
170.85225530798678
168.67886908271927
166.56267159500786
162.76468287533004
160.70987709964578
158.80620632615177
157.5141993308166
158.2005215988184
160.16292414776504
164.00062563169664
169.61038217873408
173.2758384508134
178.32597327461224
182.74156524174012
185.6217779328054
192.1086036498275
197.0771450196678
201.50082022232556
202.46202833450167
201.7254326836274
199.4499912019907
192.8722522349225
185.04814889495194
179.80213054049946
174.27022957682
165.6546140605384
160.22774703896127
152.2551719790631
150.44088508097596
149.89466524742673
149.42406404253578
150.12905175811318
149.4789877706063
149.4704971337446
148.93178686484796
147.76698199622402
