# format: from_node, to_node, traffic_class, traffic - demand values in each iteration
13
10
d
100.91657948030625
79.60661091259279
64.8289748388676
51.130908504842374
54.34498157276371
55.61217752661424
55.7546321935074
56.64726349200737
57.347063077904096
57.09417573762117
56.77754323312336
56.56050522701095
57.74294735243017
56.395021584809264
55.07389515846813
53.735404565039616
53.689559475731016
52.04250500844179
52.480211330476585
51.65796683674901
53.0365297245885
53.55231244461894
55.11175940452933
56.36755789302296
57.24140910406791
58.299214040143774
60.171386096330174
62.55253168672286
63.26024704573654
65.20118835714983
64.55647177460749
64.4776417528189
63.020838371979465
58.45384195845297
53.41655480306744
49.53513101551651
44.15702391927318
40.083142822669984
34.86772453257354
28.343870630372297
23.988160889936967
20.242705219098006
19.872764367086685
19.80557581740693
21.12230728575566
24.067594646740304
28.499404670731536
31.17923178739775
33.6146063314109
34.16709322392249
34.868796736242615
35.351870272067565
35.978971719459544
36.330644358033645
37.16040209665328
38.11237189180995
42.18448958545018
46.74438072480827
59.12767166581393
68.69228377003368
81.15180964388459
91.59433209858433
101.18493337113574
116.05148134348781
125.38103631176651
134.63843743778276
135.83847211056693
135.31779511385452
134.61696523273784
132.06331423160566
127.28008160265229
124.69987873250683
121.83195845098037
120.87985781722077
120.50877511035661
119.33581189163782
117.88806795798254
116.22684999023708
115.61141362222807
116.99180735483095
121.91824372480514
126.75361066933733
135.6064182240177
140.66131247255754
147.90800079204712
156.13453305784716
161.0833743745078
167.78454929038244
172.84926671043246
177.9979406478685
179.82883140443124
182.4130381503589
185.29093733758825
188.12424118712264
191.32460146986028
195.58727146315246
199.29196636601455
205.60694872312385
210.8632083729654
222.69364127117615
230.5298971104841
235.7930732220903
238.20868280082914
238.45205426911886
231.28093652322994
222.88628174396223
208.90651249406207
200.52915508153228
189.3236189752591
180.2157559821817
172.23315743464258
158.48446345903952
147.60461501864157
139.08110326354787
137.4192085991845
138.10530020025854
142.63812970104928
152.3697539119062
165.0184416894261
173.34008884801196
185.00776081108862
193.2374290582592
200.34694573626163
211.60079054357445
219.78269614172498
225.2331324185314
226.492362261232
226.62851769079882
226.0975066436762
222.91002955311885
219.97906391918815
218.78904974253604
216.2338523012023
217.12509958835042
216.14283122278826
216.1127570693255
216.53575997787556
216.91944531545943
217.50529937454417
216.97499466711568
216.3926805791993
214.79148341288823
212.9630877246749
212.27084817381217
209.38977740148192
208.10012059487616
204.11979055434784
199.6733284718866
196.01142867703788
193.15968203418058
192.1093390263309
192.42914667551236
197.83849451460813
207.2555921767242
222.34815695148953
230.3767811225217
243.85488950947055
253.51203671528523
264.8878344427995
282.03712428909654
294.40617056714876
304.08810577832645
307.1156669356479
306.51072843195965
297.70510104583883
286.23562650249977
267.6821834803403
254.59221731031536
241.04791871802252
228.2794652145419
218.08098617752535
201.3544141314293
189.14515367356276
180.23692677542059
179.00261992932408
178.6142124190728
182.1163992932213
186.65832191995042
193.64524875452864
199.08991887202689
205.62819215943622
208.6499691989411
211.3144003673477
215.43668621868997
218.38826904539255
220.7067906052592
221.96889276255084
221.90015238404897
219.3902237258698
216.35000656652
213.0986401540672
210.08201445873107
205.4196134758051
202.68154412396103
197.23605800704613
191.07122834863796
183.95506777591467
179.23900416707016
177.26151216016038
178.22633964840225
188.5187223263827
205.3589650311375
231.1123209900434
248.25555998121104
270.32176251554625
289.4542049861544
308.5054369105463
339.3066881352341
363.60882836198004
380.6495866335046
385.47389055822254
385.83390635817256
370.678624537101
348.7534099962287
317.22321380127477
293.61283995161443
266.6706930797347
246.0266316779266
226.15134413321877
194.85535266458783
169.6401585791325
151.93056366116303
147.4721415822827
147.8491265354751
160.84654942824113
182.62094185698402
212.4322042108096
234.69284027662118
259.9983028405483
278.47453989724926
297.4191089289841
325.62579291058194
346.1573915055556
363.7279824059366
367.2579820370312
368.03118948090616
356.02984718109934
337.9313927057381
313.5093699636919
295.24568740573113
273.4896108634967
258.1771232087807
245.5735274484963
230.46374271177112
218.9418562386704
208.85294983525162
205.3219051611872
202.78656703641417
196.7434775848482
192.1456429599344
188.08563233462968
182.02770270708228
175.0201786633328
164.87839576226415
155.40600571671922
138.97209133309076
127.48725504093814
118.71876200448276
116.16681680016056
117.23755138076861
121.28209789905121
129.26787729452863
140.8916673907116
148.36815001947375
159.61597775166294
164.64994219615795
170.73825666653136
180.81651156238718
187.67201811661718
193.06937265681987
194.27502048238017
195.66059274947676
191.5233221859358
184.1892223339718
174.85076429447255
169.24988951155626
162.87872079167323
158.35599416738438
155.74468304637955
151.89410131091788
149.581901008374
144.52122599846746
143.10454648825367
139.42430168446433
133.09426263250003
126.00271145962466
118.45061467136124
110.74580199181482
