# format: from_node, to_node, traffic_class, traffic - demand values in each iteration
2
18
a
92.66184274721031
91.38306969501245
90.0940630414284
88.95079698980419
87.77906061402354
85.41210976774387
84.97050474284727
84.55545566361367
81.12698039166094
76.58518980765582
70.21265210908695
64.99952914436939
58.33648460602581
49.28698055839633
41.765230182901455
32.00303995846987
29.747034276595688
30.34171805825134
29.122189383594222
29.117222037792725
28.597994903791175
29.24139881689316
28.89247160198414
28.211834898674777
27.545643724632786
25.33354095420583
24.773679462648705
22.10808578720635
22.151066197397483
18.864125690088727
20.263853499340456
19.862855008080654
20.301405190189833
20.940748295856018
23.443684282160813
25.029982208561012
24.76399673058646
25.756777569896833
26.24226816683579
26.212505820321617
28.16255786303745
26.928327416811495
26.9359161891216
28.062864055003402
28.707702784625756
30.849742309217273
32.57116480980176
34.51437022410152
36.82267792084093
37.13359856957157
38.5959991134744
40.30968579833449
40.89819009950901
41.95662082651546
43.09051530585582
44.83382866706149
48.054476333040846
51.437998983636064
58.124512138830916
61.66117978170048
67.42785346389057
74.16603411128918
79.9871984638038
87.48815510127433
92.15833246835975
92.2748108259891
94.2579799411044
93.24325520662498
95.77032066462115
95.92370909087704
97.37965873514808
97.13819540119252
98.83430746664794
98.75869015881342
100.09739420885208
102.26880115935579
102.14836313311378
103.37806334529765
105.75040044367044
106.70610873199908
109.93288386969502
112.97715088763209
119.07013942679065
122.80832715858277
128.50002128830928
139.10158788431374
146.9273224118343
155.29480261707675
154.9873273078278
154.3892962820811
153.2275411097341
155.4542565704033
154.19491320053214
154.06465302314243
154.17548536920035
154.66462292378898
153.5804729806395
154.42830313346477
155.35292476566198
155.06462511454197
155.3498738089152
156.45656633495923
156.09335176106822
156.63644882584853
158.58703030195835
159.62794859484202
161.94166209034879
165.6915316693361
168.05806788465804
170.9934560860996
173.56444553272433
177.5810754641596
180.5193745560894
183.0651318985353
183.60186399591834
183.8688745205633
183.1692314819219
181.64715012508202
179.96092149504864
177.32788751732298
176.15895407232134
175.57779386448635
176.23422169652895
174.6842624904
174.97391323587433
175.0106467290366
174.55965171147386
173.57530656142387
171.9067063105015
171.71025530307355
170.1322606078782
169.02761973213126
168.44612107130203
166.5916180648039
165.54741127105052
161.79726094218694
158.98469945631044
158.63516683347612
157.81977606952464
156.7009388539516
160.3637145561349
164.36378066598775
168.844717088125
171.97067532699253
176.2273845941806
178.94697116907963
180.83815745702583
183.86683407309303
185.6355633169814
189.14944456417956
190.95626807592862
191.05827511031254
195.86165138143414
200.3003935373068
205.88001756237423
210.02383549412787
216.46974471888015
222.07318416698203
228.23201389177885
237.3042328719264
243.86518092509834
248.68945580226392
250.15875004992753
250.80289110355966
249.6848046889558
245.78197395937863
244.2233865687365
240.7110554547347
237.46361345330533
236.80987542776904
235.67832917125494
235.65984012280686
233.45947921443974
233.90516944198464
232.81521575590824
233.36272848367395
233.94636171230286
234.6144878353472
236.04085969340863
238.00985634573505
238.21132890502273
239.25712169939757
239.67265949484397
240.81285021762076
241.4346597554778
242.00790663685117
241.75435911784606
241.22890825671965
241.3155077726451
240.31967228201162
240.93455338054986
239.98743247270292
238.2408920642245
237.2334859757396
235.73559926470935
232.82294222500357
231.47166003702796
230.3876661308827
230.62601120907038
229.46378944523622
233.21867565426842
238.4237657907969
245.7747288690366
250.60990103915137
258.3198068555707
263.69279279768415
270.78000044905497
281.9397365409148
289.1124447904535
295.8961379817664
296.99549278793774
297.12386501280304
289.0447343814361
277.28074594809624
258.4978161588382
244.9477235955114
229.16190404906172
204.33981056808545
183.39131410147033
166.7433292389095
169.6988084836488
172.59469759701426
173.91817973213733
174.86653777763883
175.89831747785743
174.02684534385457
174.15686603712808
175.7712362551266
174.3613890532847
174.8888784255336
174.80609627150395
175.9103193731878
174.71977746222643
174.7104642006674
174.68501824813546
174.0781597597375
172.63590131195957
170.11737729597058
168.08974619105786
165.84684128288066
163.35423420747568
158.06532964113296
153.9049299702632
150.00536473330968
150.08383641521928
148.7295481810535
149.50748689224875
149.52500075016607
148.17678242884173
147.50669547121166
148.82071433439452
148.68382460490955
148.76506234885292
148.13499612416334
148.3118216871871
148.01860483587373
147.66699360071055
146.28092063891484
146.15673849651682
145.48887277473585
144.07318350651192
143.43278932161465
139.6974346650505
136.97459795276112
134.55031090959142
131.55523211403275
129.09408249969277
127.03500409227624
124.82805417464662
122.36269921231195
121.47659773266093
120.8346752703969
119.33182850881379
117.16403765160179
115.0563147755742
114.45383862524459
112.00111538466746
109.4184041084528
106.14598193743522
102.97495199179917
101.50274053271299
99.51065515186879
99.0884895140884
98.84240961505608
97.79178008763617
96.01694811622036
95.299462959061
92.97482989599679
