# format: from_node, to_node, traffic_class, traffic - demand values in each iteration
4
25
e
160.24912850120396
161.41182661951584
163.7959501646019
167.86023510367883
169.42735426463358
172.7543782533241
174.69078794662914
174.86396334686359
167.27035784104473
158.24196304067212
142.4121617758131
131.9149027765959
119.50240608233042
100.3485275860979
85.18905875888548
68.70586042444174
68.13687116038365
66.91174760196024
67.2701336584771
68.015565040412
67.17981362689713
66.6094895899194
67.40145476935234
66.53891754425177
66.52225755214639
65.19449436753925
63.919279151201586
60.62487541214821
58.60020485630818
57.996753309315366
57.02186055399497
56.59188421130426
57.18507999410607
57.66165063636313
58.59751903636922
59.012497319427595
60.162406727833314
59.11878175798016
59.541981481254346
60.8450994946319
62.86137094541802
63.294858770219186
64.11400589441281
63.04282844249211
60.653652921789764
56.08255806827899
50.575200939401206
46.12382717189958
40.95734234900184
36.52005750359562
30.621105133578467
23.61266526832646
17.110723677890906
11.960841244083468
11.62276209831566
11.720828684397372
15.24917421823931
21.557853627792266
31.094161322928354
36.192618292704175
45.176199254000956
50.78000308857242
55.559218163287184
65.03014351420306
69.78340303091451
74.7843233877875
75.24870792499134
76.59371496832782
74.58580344061265
71.7575176297507
68.17319691219362
65.8112624711426
63.099307194904156
61.66484652241864
60.72935934963468
58.567354078416066
58.69228387524868
57.38624187983739
56.9781955204127
57.03087231157483
58.40361511764084
59.39193561867668
62.23271351472357
64.81020867375338
66.53975972876113
68.8993626954516
68.57454856580722
70.3205676759672
70.53529278293315
73.16059933581009
73.7875060462116
74.52686421053576
77.52213868355733
80.77490115557121
84.82588150168729
89.59843988960881
93.66271252675615
98.01659267174901
101.10041020107181
109.85059898532155
115.62071521073318
119.6594574497748
120.34467037518716
119.71788127109724
118.06114772696824
114.00014803880872
111.67259502993586
107.68170220350339
104.20479298675919
103.29278516318263
100.45241599444037
98.72014984744098
95.65702762243556
93.29337011891607
94.02766483025631
94.00600145480044
94.41491257220245
95.66026760498315
97.42211036561683
97.98820605791258
99.77086875395142
101.56093103057484
101.41612834512304
100.40960446798142
100.35744279980057
101.51804245299238
101.97632614814796
103.12243438176196
105.31876081173017
107.83355033124994
116.92978134082546
124.47399405289474
133.4631565152216
143.9753047146083
149.81575700521114
158.8743927696962
165.0272893381048
169.0618638028931
170.3128236088413
171.2705806540472
173.71699017465573
173.8811753287731
176.0541381146182
176.4404410487449
178.1544401731595
180.79125596615378
181.6645405157674
181.77732158353695
184.1082637598645
186.48477051498352
189.02792473784382
191.64497165922535
199.4676091328903
206.99324190212656
228.4749275516483
244.65147227745723
265.35037794440984
282.65048974514957
300.0997759955651
327.9037018731503
349.4867278726117
365.28569783183246
368.36520960517174
368.33381957468987
360.01873270287587
344.01702149271597
322.8890338999875
308.8611132253052
290.6429245874402
267.6769456375391
249.73960336444912
234.91997127978254
237.38609205627267
239.54550397223733
240.04669958957948
240.86691917558394
241.4443158934211
242.50310096640106
240.27759533008566
242.63575910942788
241.9463962206141
240.58589031510905
238.1169632669987
234.86910689840715
232.91026753977584
231.457326226669
230.63654035534685
228.31241718746298
236.1281657935932
244.53936564727238
255.36011526188676
264.9215481583555
276.3106865622835
285.2193085594631
292.6845809262072
302.3268526818469
308.671164580531
317.06545640591895
320.0818784185443
321.34480010217356
325.8790600642241
330.71981058692324
336.52552703564396
340.50325212776823
345.6727241228634
356.0921103920452
365.2349495005295
381.33375537924445
392.7163102216681
401.9030480469938
403.8522969177616
403.95305172244923
392.9665054835384
377.8288942056171
352.88119651512335
336.0464040205008
316.76929500625573
299.4166297532221
285.43598960686217
268.02356105873764
255.10890915873495
243.955892745435
241.4826117219669
238.34557404812614
233.04648707828298
228.0754626169436
222.9591501218295
218.2659356990552
212.49521474023922
201.61854649665452
192.1413737187197
177.403041025183
165.7387459541991
158.49485522235074
155.98887839860373
156.52016484882594
157.7997937626883
162.42069891565862
165.7797825897053
171.04598741315198
175.55365400100814
176.49949182865998
177.4538033697247
179.71241696985427
180.93726155698317
183.11763583938645
184.04503523003197
183.78421222878413
180.66446542208504
176.5527082238767
169.90268985455626
165.4189928229194
159.54461058018737
154.64337190561562
151.10201196968185
145.730204762014
140.61437595739793
139.03215965661616
138.44941376880487
137.0877671199552
136.11214446413612
135.35013461804087
132.8486129519953
131.98508934105524
130.65607821348073
127.28546012879211
124.0179917594918
119.57670464787049
115.1268842630288
112.35567681318695
112.23545142728395
111.874224975595
114.24384663414688
120.02641656353447
126.97609792268896
131.5661118245785
138.15529898243028
145.52175010152914
152.40283874023376
158.93768620858523
159.4853038960144
159.64578373182155
158.99968663705775
159.73586583899575
160.27576105954088
159.844293584115
159.28400479949045
159.81871289658005
