# format: from_node, to_node, traffic_class, traffic - demand values in each iteration
21
15
b
145.2649727451237
141.68246014156196
138.32096366360824
136.8219808026216
132.97856118092196
130.61769852721093
129.8279080191361
128.2241496675674
125.18870164853118
124.87517393607838
121.01093349347745
117.9721149717958
115.56363749452179
111.19922863867018
107.50647445995129
101.55063340355277
98.55576143414176
97.51486656975246
96.48782681994312
96.66294839236488
95.94050056336677
95.81220279373363
94.4765514466452
94.0525466108432
93.56210083976929
91.27336265553866
90.8574097753302
89.01409719684682
87.88633069938349
85.23999500126091
85.18455479060474
84.49716172337693
84.0054055355279
82.03688891862541
80.90547610645488
80.14217774967443
79.45544115665464
77.4675620720192
76.56333764940578
73.37582552945295
71.53927439770702
70.35328684857429
70.36160732852825
70.37435671440278
69.69399471949009
70.09988798699258
72.37167578391903
73.23792431322767
73.9826112938426
72.97643984011766
74.19339111928078
75.34369682226213
74.91757903563055
75.95311568187816
76.11121100235009
75.4160651983122
76.78918785913051
77.15189457784315
77.77857091894353
79.49787771629906
79.29250444514855
80.79308179320162
80.83995299197731
81.76247559670641
80.82988167642355
81.63147640099817
82.40644913368094
82.23265898449723
84.21746488544488
85.48053835203791
88.52468835819482
87.56830589054402
90.13163821600624
91.06386170066504
92.75502147093965
94.15611379293001
94.83195968903465
95.38576105516827
96.00497956122874
97.20483671061737
99.35947814449958
100.5984505708945
103.75834744166016
106.03011869894657
109.19615653073818
110.03097127260764
114.07746321447813
116.80557762762422
118.79787562317455
120.51056493287508
122.3796322024325
123.29062070083438
125.11107671438118
127.50865363126697
130.1555907911559
132.21473435907487
133.7682861140656
138.76539596299995
141.15029539833736
144.2838416095435
147.59386063437978
150.09099157164647
150.97726067086256
151.67775464607882
152.2691573035814
154.27420407114298
155.383694187783
157.92006811142105
158.68169010016192
162.03508510869673
164.9303354309123
168.83546675316268
169.84308881693877
170.936165809541
171.13434311759318
171.89025621351635
171.44710679321994
171.80891287704813
172.80618228483087
171.63251950487455
173.15670402465338
172.75292176873202
174.58932455168625
175.73758849847061
176.01802236224225
178.21930064739783
176.53452241170822
176.4533891787445
177.19518754568125
175.94268042512311
175.3149943064666
175.2592363345192
174.25398775394166
173.22749451008158
173.55181428693902
172.77384644113891
171.53478813077146
171.31156510672275
170.02159735737033
170.01463736439075
171.50885884425216
172.8877208951208
174.93296289923617
175.9437232554059
178.30883022907858
178.94096139951128
180.51888275442735
182.88226458686142
183.50769933727574
184.4834941215559
185.8295187001848
184.8254215133588
184.04205194711832
184.74789664001887
183.1176611026591
182.37194864095952
183.013574335128
183.39090934353206
182.16855920170224
182.30653878016275
182.82700907516437
182.7968295564718
183.4594765181538
183.5392571493046
183.06964674646787
182.53989570584076
181.0039014343883
181.62782639726635
180.61675175162242
180.6701847593218
180.1757853282922
180.73515337761623
178.78439231209163
179.75634905308553
178.57430222769952
180.2450530972641
178.55707177570207
178.47819406228106
177.07047309902254
176.51762199192015
176.26706413424893
174.43097122913812
174.56636444921128
173.3447243207379
173.11271111955344
171.85470288747499
171.3881562319088
171.53773577323622
171.88779375395288
171.60322164160237
170.28392527224085
171.960408539462
170.38848247577855
170.07950804751746
170.0772587201329
169.94869821160438
168.9609151679439
168.6700544045455
168.92849932798885
168.90223890466254
168.22424228937442
167.42878463458257
167.36220992866674
167.09989321869008
167.48088015692258
166.29862223862222
166.4195142350739
166.0971847941125
165.69884097349427
164.45122912313371
164.1534107244505
165.3814104905605
165.5145733358718
166.0901126570566
165.98244272295045
165.88342024550388
166.96696991389388
167.7894944121072
168.2685171992347
169.3457571903957
169.49334954687018
169.59789549227952
169.2287638059694
168.5622055500846
169.59811871181168
169.73613362468987
169.2448059684946
169.96523901837853
168.95236937090687
169.41923224374244
168.83954814110865
168.72339853961674
168.74500076699744
168.7537911689338
168.00752363871283
167.76697439819523
168.72819959116816
170.11226299733084
172.48796958274767
173.90230912358922
175.3571576167017
179.7533725761314
180.715373383996
182.4456281394131
183.66009227910808
184.23772520950547
184.62334546122162
184.44162083044785
183.83495434228928
184.6424801236699
185.00205166022607
184.07329811784354
184.34152564592966
185.00687703135935
186.12579960079768
186.43332547067828
186.42547642405293
187.35185066703895
187.8911027355618
189.16862150286033
187.00597623169733
185.63499925192107
184.9034335654103
183.16093410931975
182.99362697937454
181.9758413649281
181.05985365512606
181.11205129399798
181.27160842745673
181.09627493082164
179.680036518997
179.56574015680542
179.00505681868242
176.49677595148782
174.74656375445946
171.59403633659124
168.95591824774064
167.27393050727227
165.5775677962914
162.05112946371233
161.89277168782806
159.17876548077638
157.3371681832698
157.1608446248593
154.2412903677664
152.4663538074497
150.06011129041616
147.79051622095562
