# format: from_node, to_node, traffic_class, traffic - demand values in each iteration
16
4
c
103.34068076731057
103.05987790575021
103.09961588807586
101.09220341747584
101.03501232073229
100.00455936442506
98.23070057109733
98.1370619175917
94.70383751688662
91.83616941225206
85.78875175495693
81.64958508526506
76.03243296676082
70.3933644397705
65.8287072483836
57.91480606353275
52.68171927283952
49.23789161868562
47.63147089292579
47.471040676513496
48.01288462210484
51.35790184695614
53.75484488065519
56.058581897315364
58.247529945637645
58.65330863380664
60.45141469144784
61.390052056678435
62.0949245082613
62.0516032919818
62.367568988669355
63.03965079536646
63.14371706741103
61.8318122922872
63.08757519438481
62.90272633073987
62.60510122502006
64.19670540689437
64.38981515723931
63.744234001863894
64.92610265284017
64.6890647422362
64.97701538642738
65.51963870476521
65.27998704548567
65.28056970423071
65.33073978137028
65.52355172024699
64.41058068994471
65.34690636042917
65.5260441087737
65.56281146377398
65.18002910509458
65.25403982073864
64.93433519111498
65.01979044469063
65.14984229378108
64.61157508480734
65.02043860186515
64.04856239042294
65.03033175471356
65.00727649252859
64.52736120494862
63.9604328440346
63.972552386622645
63.08398135655964
64.10365372378162
64.24838487921963
63.83679840251178
66.2817181421844
68.94692238841813
71.34703124845822
73.15330773409696
76.47989506618364
78.25952411733213
81.59894149227974
81.83774909485622
82.67634234650467
82.95996044227068
83.66757953694417
82.680533372056
82.88091408738714
81.58773844395003
83.50274238172223
82.30792577923303
83.2003516908279
84.04980956901596
83.70113810377363
83.12889763554251
82.27879243944302
83.47520561440076
83.61067776095192
85.30866613193962
85.97965423217587
90.97300772000018
96.69205858443452
104.40686288794568
109.4461263987551
113.04440363211921
120.97114864557668
125.59784967003155
130.16298188986468
130.2224829401138
129.86112806720047
130.0083003844681
127.72390673770755
126.86890806918062
125.31274768827372
124.34094292368252
123.76088481168757
123.61677571237507
124.781115160036
124.32462112862405
124.74019218552742
124.84684742715456
125.10015392439905
123.79008333082878
122.16132070674311
119.48422078455015
118.57105895526574
116.66654523493993
115.12039042859801
114.25052126636524
111.14781915413269
110.20620432735453
108.18213173810335
107.77825583116167
108.13763310703317
107.9194383180104
108.46201441764273
109.30124220813579
109.71704296408107
111.23415472884885
110.60461891369575
109.93927927830075
109.89404422806288
109.20973851968874
109.24213611798872
108.32894673531675
108.05841044031209
109.6791626540916
112.15227405676359
115.77013836305841
117.76374716304056
119.79500200517883
121.73628208411704
125.722771032946
128.85533641825987
132.19805026015933
134.12585071061778
135.03695743420442
134.3790112345302
134.07516892117786
131.67047018875917
126.76548789857992
124.01539950004582
121.42116457968469
119.81362286036816
116.72506838780573
113.95653112290485
111.60921953084139
108.89084585841461
109.43895086467914
109.23014442120498
110.8325766996651
112.88077230227607
118.41249508318596
119.7041667945246
123.70547420964904
125.13502360648526
127.63821737466539
129.83322504965744
131.9211076843655
132.7731181987834
133.9332029732183
135.20462649175346
136.8732062297288
138.06597107981446
140.3476035892634
142.3540179021099
144.71811431490178
147.39205587083728
149.57139976158805
154.39023800361406
158.69115115220225
160.55707505853752
160.70922195747684
160.1651454055909
159.6229677096602
158.43714369813895
156.10651629758488
154.09900904990897
152.79880904755944
152.60212168266892
151.01102422394422
149.2617517984272
148.53396631086935
146.39849442673741
147.04646580224974
146.6877479058442
148.3584999373013
150.07874726152255
152.75667235924197
155.35951769330234
157.80118632787241
159.44114766857706
161.00018880759933
164.43752662362817
167.92143808801129
169.2006979816168
169.3616859150922
168.87200876417214
168.82748293566132
167.6140058622329
166.50187180562727
165.64590902536233
164.03293667919655
164.74733269426363
163.9580134054655
163.50544764450603
163.0774926271508
163.24217544798876
163.12322300563602
162.77826559312967
161.3753212493895
161.00202418434404
157.60620292564633
155.21573204635686
152.45911954855006
150.0481122949266
146.76395553857728
143.48037495898313
142.0603645770295
142.2961238358789
141.60682974918825
140.87118709359012
140.5586713110033
139.6606790534939
140.28794751281842
139.53169721581622
139.8665883691357
139.37025112451357
138.47349708745728
137.2769621118062
137.76581331583367
135.30819741448647
135.26043202218662
135.3789006772
135.3301162616064
134.5014918196
134.97249888147076
134.5687504410372
132.67425308287264
131.92389853022974
131.83026027130973
130.24014744249126
129.65366891722286
130.0077556115907
129.17346623255483
129.4677499733343
128.95721166841187
129.07160540790937
130.09702253460003
129.18967816196167
129.85017145752389
130.62144608926266
130.66164790535072
131.37536078076437
131.35084774062304
132.13692838364344
132.1696776639264
131.94854614917048
129.60013037869928
127.25911669135527
124.77723659455555
123.18907165388946
120.72815039428474
117.37864790638437
115.56734511967854
112.79174548328216
110.21711623659617
109.82130599617014
110.02505652160441
107.94043816717601
107.52089188481945
107.29994304943295
105.69826441793765
105.18505026539525
