# format: from_node, to_node, traffic_class, traffic - demand values in each iteration
20
24
e
82.81413559295056
82.43219025909687
81.84870346324453
82.00741187079922
81.86733006206994
80.78127818507062
80.47443420079544
80.95424281256206
79.28182329081214
78.08634832774392
71.45840826440906
66.5783483494965
60.38776323588004
56.39624001489993
51.94479978695051
44.38990541144754
38.67494591347555
35.258853052409684
34.649015465975985
34.058516877354556
35.36452851600603
37.472905098664896
39.36901948053394
41.116012350127995
42.24226918272663
43.32308543580256
41.98702792987807
42.72517737108605
42.413800103987896
43.480910051151355
43.81482378648729
44.01069515492055
43.542101487584524
45.467705071026295
46.06153858616579
46.2111231057998
46.573520218810216
46.73310043488512
48.66694888164152
49.75319900215672
50.01621494784513
50.672111713360216
50.84767126529035
50.67086375244586
50.29065148702476
51.00391671802631
50.33278018446573
48.31189697949346
48.28240190137074
48.03714306637426
47.27263082377246
48.15416916632929
47.53751373884169
46.18784199132069
46.23864842517366
46.153438893916714
44.90218022607262
45.65776899407688
45.01453353932016
46.01750287935492
45.0462012134903
45.634490656191076
44.58483514877993
42.83328903770786
42.32338545481401
40.83195784313594
39.70442165246324
40.912022681785714
42.70347576075939
46.93376968554614
51.092028223014886
54.47740133550078
56.966078967323234
61.23313573927241
63.25406201457064
65.8726503324001
67.82784716765968
71.65857293086259
72.59914740769507
74.20890583420909
76.7739473227666
80.17096192294115
83.51092018326106
87.05642038313084
90.90466808077016
94.72709333296346
100.0580012700254
107.16246194482872
111.93536246122638
116.25580931266755
117.47942946460572
116.0809614831329
116.87021859821921
115.06579479443639
111.50248699311116
110.9946791576216
108.48403687639687
108.24644187067798
109.09849100291362
107.61344820215
107.55222710019628
108.12290443430096
108.69897584084772
107.33205845346073
107.44369541128172
106.82296355872329
101.4710698617326
96.99471855104896
92.49347570736826
87.77083486027846
84.56611760202715
79.73350771915578
74.68072128132489
71.94045962058951
70.93633119277408
70.9140697117769
72.14409311695442
74.04308316726399
75.5962476717675
78.64706152771028
80.13683107519756
80.86108779763298
81.73412732102813
80.75139292812595
83.03422699671842
83.65550073938049
83.9050439472139
82.73903257281977
83.7812765923239
83.89613779503063
84.4755294047133
83.4983686816422
83.06051585202708
83.41384444620068
84.37525832542426
84.30297890380409
84.61277834884756
85.1871644211308
84.46345413681941
84.37513657494495
86.35322658153578
86.51990600333859
88.74349941355139
90.85082631524733
93.16023467692848
95.59294497374091
97.41847703918977
100.07912681863662
103.8362309524985
104.22131471890201
104.90988070080363
104.91997097230076
104.08353337393685
103.9293210126044
103.40685446020673
102.54220337227085
101.61007005400737
102.70485780882763
100.74155062318671
100.64416349615303
100.54069350691366
99.15606208759061
99.66032089172286
99.82908225720836
102.053788343428
103.66853768322221
107.49755423434178
109.44452291731749
114.15023807002625
117.33542518757021
119.68109390819443
124.29834398131491
128.6821931247608
130.27992025214655
131.02933437756803
131.15526955099864
129.75735530783822
128.71811949042865
128.08220657919367
126.47185377244821
124.76256817205962
124.67197516227044
123.63272560530308
123.96806723195859
124.39735945230633
124.58693582124909
123.25124098330666
123.57773498269822
123.43014889895603
122.70478186023564
123.1471177232549
120.80570078328716
121.81308782308301
120.88988530838932
119.95486535139877
119.45413938911469
120.13297425362971
119.66281581987187
118.14072845635067
117.6258457339045
116.82167972948109
115.34459485342292
115.00384358280262
112.2354993115505
111.09726279199067
109.27724088418175
108.25208827591395
104.27605887029134
102.49478285823835
99.88019023605814
98.97579472892181
99.02386383008185
101.06923355100633
104.64247316485014
109.44949529662875
113.1150844576234
116.90596939427624
120.18070185938642
123.3465727428861
128.21242489004246
132.12785008975067
135.40681937499065
135.19368458356075
135.50769007389147
132.84141386186582
130.55593187963888
126.8085816760506
123.5047233860378
120.54656108856283
117.90559141461269
117.0847848664581
114.38823202981833
113.52651862317606
112.34985008150898
111.7435187862356
110.30468582366976
110.12893923307779
108.26578963446089
107.47300152869884
107.33440494686106
105.64537140226797
104.31916478328483
102.28376964171066
100.56467248052155
100.05830875511222
96.9525307332508
98.31285591388223
97.94913546455057
96.91939201088383
96.6016455243681
96.33852620109775
94.76478742603733
96.20443814622615
93.96426150708342
91.18749571623115
90.55021288239337
89.32331331432131
87.79957757933197
87.76016670457031
88.41152839786817
89.3218980929383
90.55262552103953
94.84423887783863
97.14755985893262
98.83733001897386
101.34089113081765
103.62996308223721
107.51294828068497
108.80172124382906
112.1730298286533
112.86890373124825
113.06648709039307
110.94246916384176
106.27559305451778
102.76184029885927
100.39866783958678
97.3112975498995
91.83418189824614
89.6038134962225
84.58028560358999
84.27267149269012
83.33397514103943
83.60761887886892
83.27729604113482
84.0245826292759
82.31000135941186
81.73106193106945
82.26505879169672
