# format: from_node, to_node, traffic_class, traffic - demand values in each iteration
1
12
d
303.15721421353237
296.5450063878741
289.74435966089584
283.2571728914787
279.275269897465
272.4471726812063
270.4191626606505
267.76391956939267
262.5476013587308
258.04043231047405
251.97530909697423
247.0681146005243
242.0764300700578
232.20443848300937
223.1688422955031
212.995049588078
207.05548322969122
203.7445947249679
202.80670132510033
202.26310363479854
199.35245660560614
198.28752215252283
196.79198483553694
195.84437595607127
193.8667479610375
190.65544510791372
188.24931222265428
185.85194833702042
180.89278431765058
179.10344161472466
177.56241124771967
176.94669227771598
174.25258695753365
171.94871086070285
171.27840974805164
168.05281323472312
164.75583103632277
161.74184342709248
158.25201980004758
153.5743750724426
148.565027531732
146.46578549456206
145.7744689290213
145.61200696511608
146.3415174333547
148.42237875809855
151.2905544013672
152.28555914466935
154.61981289352437
155.9153591395603
156.1510951414748
155.51376149053658
157.6747528344987
158.09517393162488
158.5406952806264
158.35051500833765
160.05328463722464
161.10674095533892
162.5636839533021
164.03849789708377
165.55497487397346
166.65864466218298
168.01807080845467
169.68059507962536
170.66828582820222
170.46175898327462
172.566673903019
173.30958753292794
175.44544248284924
178.45421320422935
182.36360063640396
183.90659900467617
188.17736364648135
189.51734671458743
192.2216987089575
195.32880548471326
196.7486494964025
200.24448834051495
201.56309227650505
203.76998378779314
207.14208335405564
211.98911796591545
217.44925837707018
222.6673964748883
227.33594640348275
232.4700593790125
237.59216371634292
242.7140299384599
248.47967763322234
252.14448698030935
255.88829793182623
256.3520100098818
261.5304610721288
265.59239149352436
270.4566797153005
276.3248402279213
280.74578552698443
287.70009381224685
294.0404860647372
301.32949095907304
307.7904094272152
313.8398080509159
315.16057061157863
315.15607671869964
319.0720013932863
321.3581736582195
325.19498468589825
327.2798264566494
331.47949517794274
338.16252356920586
343.80156709748167
352.18624368363817
354.5666024616945
356.2534639760941
356.76138654390485
357.9783913417813
357.158987528623
358.81679429532386
359.24300885681714
359.38112786789856
360.4547709456809
361.8417024159728
363.2104055213141
366.4890251449097
368.6181913278572
369.73670446819546
370.05949529461043
370.8844493089818
369.08071673216693
368.2247245501649
366.5641693232504
365.58248983465495
363.79908143135503
363.6609908296893
361.41118214225236
358.50177714581014
358.3140759826463
357.49040836254085
357.0528411214267
356.96274834996956
357.683190656117
360.6944429159355
365.4801999034955
367.4694469648488
370.3743514419856
372.7149160302571
375.24776356747964
380.31116604077994
383.04869792579746
385.05971462061456
384.6877078671087
385.16851392635107
384.13397052545906
384.05827934143997
382.12312236614144
382.2502156065751
382.2479491520543
381.3790594492382
381.83277335614923
382.05609949770445
382.23077298903075
381.9973171980372
382.4300193968462
382.8284525035852
382.12435433652166
381.4605917451287
379.88573760520137
378.7800628221832
378.35446729450854
378.08695469129384
376.31599788626346
377.00718664924926
376.1803446488864
374.25629888792497
373.94686406090585
374.86142276647354
372.6910165641634
371.8477194782518
369.09491331702594
369.2832574638697
366.63964179683177
365.0206862067158
363.47859026613867
361.5514265220558
360.6871729487535
358.76126568231615
358.8538312596332
359.00294332584787
357.73155665119464
357.8409546139094
357.1073774943446
356.6768411338476
356.95295835204666
355.4472747635581
354.5207323972914
354.03411269566794
354.80110947658187
353.0481442072385
352.78369989852996
352.76003857928123
351.29124842082194
351.489128241375
350.87242162049665
350.1353808373617
349.4628957227695
348.72336107291227
348.0403680357647
347.0229518907303
344.93127962901224
343.18903341383214
344.4664188122148
343.6133256452288
344.27048669184927
345.2219569571432
346.85230236999945
348.41500938002724
349.2633206579955
350.587414347636
350.46849939140304
352.90369060563376
353.2142416634116
353.3783335430786
353.39248259033536
354.46854666337003
353.96713622177066
353.62554281136573
353.28591968208633
353.1812520729533
352.6998470867345
352.48865311442165
352.51954772760723
351.4399811109389
350.9842441467497
349.6347484889133
349.5522098948914
350.2376406839859
352.08933061617483
354.81752421653977
360.87945131361334
364.18750327525396
366.50025375135317
373.0606288231683
376.7393868981877
381.59312176203935
383.1916888791826
384.54414602579897
383.7191852770249
384.32981242871784
384.5932254803882
384.56382689614543
384.60906085077823
385.15064899532524
384.40960485856345
386.0849277162344
387.0007108655252
389.74084686209375
390.50711000407784
391.50706400687125
391.40818335533703
392.7398869124336
390.40398027645665
389.2709118939243
385.1578737103428
384.5237032060416
381.5077630725593
380.6557787804087
379.1852778382256
379.389344564331
378.0305726858041
376.4032982478104
374.9404917853709
374.8722345049118
370.7496444215798
369.133606716344
362.2543132001934
358.62239920602553
352.03306199833577
348.53472787567716
344.1824554171542
340.36509338963083
335.9728479682438
331.92043079678314
329.3073803453956
327.14415793306745
323.26163948609985
318.5013327871594
312.597494831565
307.6243936608791
