# format: from_node, to_node, traffic_class, traffic - demand values in each iteration
8
6
a
77.06097206087048
75.93542357037325
75.39518361754376
76.01339865321044
76.84351855077469
74.95173555846974
75.17775102444536
75.07062351609305
73.45700934440463
71.49519745991572
65.54519445992686
61.769209113336245
56.59659907555708
51.23646221097294
45.97056200856973
40.34171437115301
36.02140419653125
32.642332285584914
31.512680349192745
31.63184342924737
32.71448279437757
34.22591161573188
36.199889300216256
37.17411940108816
38.99690644826456
40.08047946020376
40.178604747664025
39.80231957503627
39.90284740080898
40.37152788230453
39.98756887668397
40.78165613958429
41.27517172607265
41.93852258359238
42.63120879256584
42.03350776363366
43.40476748298566
43.339698756344596
44.702444339981284
45.3461322600987
46.223726401918164
47.64038029100488
46.56753187008476
47.47566346924035
47.16139135756761
46.75720014321104
45.509614477251574
44.899360069808075
44.28000245834444
44.38812765162071
44.34719187854347
44.36425173798616
43.15696326304404
43.40494140684382
42.52757972679902
43.647900623346395
42.640344338038915
42.539827536328026
41.55486299286529
41.937115481472624
42.13847115557702
41.80831365032607
40.46761274256011
40.09954336094871
39.53720176985229
39.193032249408155
37.671047681823495
36.99982708729636
39.77757513073212
43.46458132199782
47.02858209170211
50.20689420243001
53.565168095643095
57.49517706335372
58.88756821537212
61.12944337395937
64.03039525491518
65.92163075008324
67.79893811910149
68.87612232898726
71.74800554212344
74.66764132372171
77.92577452280722
80.55457286556283
85.20830702973781
88.58456574156288
93.72318487601851
98.55593383325443
103.6345628698174
107.4843619892001
108.74982345865348
108.55365901509344
107.59493062189331
105.96059595944214
103.38594705531372
102.92525186863675
101.18695203425634
100.7526417528358
100.55123693633274
100.03624623032468
100.8383723022635
100.33859368704981
100.82364921943488
99.58211571341656
98.83402591025943
97.27017857919988
93.70181570173459
90.42267478772293
85.52311284986354
81.80211636895619
79.31422527976201
73.68448612362859
69.16204411320366
66.36233681216632
65.95799143318773
66.82012071578933
66.37417650742935
67.93971079660456
70.80521155436303
72.7991104461988
74.62258575427352
74.49104884552304
75.18121301189844
75.74464917271422
76.21314867680746
76.61146272079753
77.08632115025497
77.64492978408217
76.89178680332336
78.23436572751731
77.76749366888215
77.40814398745911
78.84000783499229
78.94725826831336
77.42197219501169
77.36910948623712
78.02187469233675
78.58157574090077
78.63266805423827
78.29765792937256
79.45205165173313
80.21154508803153
82.36168800004934
84.43513763586198
86.17554626213378
88.67549145295463
89.59117641237296
92.94438410599372
95.01323758692816
96.37221552391506
96.83292822785144
96.90038854861751
97.11914969096817
96.16540382733628
95.25994549630947
95.41440300651587
94.1971688768151
93.25809129135189
93.57826052297834
93.2947235148864
92.50185389795728
92.4727118223313
91.45235207792601
91.43015665724553
93.60672005449958
96.29532654096262
100.3164328480608
101.60780608253084
105.58528712319136
108.06515790293727
112.35088896103208
115.46000525157062
119.40769603128653
121.13102113639344
121.07737800390423
122.53116543835924
120.84084117431836
119.82150878305994
118.46395674721971
117.02192938311082
115.90347465920613
115.5160636291943
115.28352045154514
116.0183187471245
115.69727685500365
114.31001839358498
115.36612953677803
114.94195364212254
113.95181505877841
114.05076723778797
112.07947287894463
111.82809927539915
113.20388967841146
110.7563253436546
111.3580244510235
111.05402847684611
110.50105714080037
110.74895438226291
109.72602962001181
109.7910516860779
108.71993943865051
106.81507815562479
106.18014528724602
105.07430107851076
102.5485104905607
101.07050403970457
98.72024985223645
97.1925178279971
94.18732925844232
92.37942264912951
92.94161978726504
92.21529013619705
94.46661564055988
95.96569227705713
101.54981300103512
105.75423874974689
108.5174000305027
111.54647805806634
115.16943755277613
118.33540307580708
122.04394748675848
124.19372942222063
124.96223262931098
125.2812334361858
123.69705992593383
120.61427406038868
118.08740643493248
115.21125698224166
112.04546436993193
110.95079188881871
108.84780155844082
106.95672133739728
105.94480846493666
103.90169676194606
104.26092393631154
103.21145587439382
101.10524859077925
100.8657171768492
99.81691619042701
99.98650787097678
97.41699197121574
96.20681146375057
94.2505463848202
93.10794244382134
91.0287582597297
91.24189316183889
90.64394138160631
89.62500591390841
89.93677836928141
88.98421278834597
88.6388590803748
89.04014914993223
87.00974428671046
86.81243915367044
85.28156280217148
83.63813569536603
83.08674595746909
82.04367733008498
81.73406111232585
80.84502492455023
83.49140929235354
85.13344160050117
87.56776681945536
89.27773545875131
92.24225098524082
93.03559527737532
94.99691638978003
99.90423634972485
101.67863727581921
103.96954251899139
104.44634304980681
104.22444372124092
101.89649608439946
98.99408859996294
96.19251963647193
92.87394431568521
88.76820384262474
85.4654585803006
82.2837206325295
78.1945469754423
78.65064418096799
77.2773781348578
77.75690564533282
76.64249357199522
77.23593401415208
77.22968015914574
77.85153542684643
76.51255383284446
