# format: from_node, to_node, traffic_class, traffic - demand values in each iteration
14
1
b
82.20664396689023
81.59105464089401
82.31746598406703
81.94494382021493
82.64318255058264
81.81147547516932
82.11768819750645
79.87236370350661
78.81561080375725
76.76482705104313
71.03577434111159
67.42617569584091
59.84011445157803
55.24061520256153
50.89544624010987
44.29995310586251
38.95975412991984
35.52348648975255
34.007126896462935
34.04871319029929
35.49794194191592
37.24256726296236
39.37390541535173
41.47395185031304
43.32620010905552
42.78128441432046
43.56701694523064
44.513549011944946
43.37515634418479
43.94481798513241
44.70482037235321
44.99363615459243
44.026181933779725
44.825167039952035
45.96643499455167
47.14912427467391
46.258058400369
47.99617603539446
48.148590065195556
48.868945221460294
49.662007783482075
49.92340690543061
51.369393598977176
51.00871965321395
51.09463568788452
50.170348385633645
49.35641177475576
48.79663100037791
47.987001507694444
48.14407711625193
47.613188447638876
47.07792824188582
48.055527973334414
47.28143784192305
45.99685662569174
46.32701024000986
46.14241288370846
45.32216223783472
46.39242815091026
46.075380478584854
45.87132176455084
44.872178426390136
44.587261037062234
43.82458053473498
42.40897597236245
41.37715194918125
40.52193873200056
40.59944369617281
42.69009143711571
45.68831157371631
51.504952068684396
54.55816222345055
57.328416923343354
60.646776404174496
63.62553362438025
66.06637717689789
68.41817954749156
71.19328990861209
72.64421190367868
73.77873766649623
77.55677643477823
80.59482222856748
83.68086328465326
86.6903764770469
90.0330130016587
94.44068354495269
100.26354067222375
106.87834885033922
112.55432075639285
115.71292914142681
116.15856977291674
118.12720277477347
116.22902477255421
113.39346168768593
112.28317928180174
111.44087886950567
108.36984576112181
108.64955510987603
108.68235196273608
108.55269647897981
109.06108203066697
107.58939879618104
107.50407904515035
107.5782230257611
107.813029178006
105.74579222533413
102.16985097280154
97.83038306065052
92.39693708905786
88.42222025273486
84.0357314783888
78.94917507308452
75.30417530116516
71.7568915774744
70.39063355558056
70.90112812171725
71.51576891474953
73.36012673248085
75.92428546227656
77.68580112732644
80.05712189484628
80.29441631903809
81.6464642559696
82.28408922624912
82.98160458735671
83.25300029125823
83.136899261457
83.35347268706926
82.69291399982771
83.37644640008749
83.73487419987286
83.47937175260128
84.24446116233244
83.58775191296063
84.5915098457393
84.57946065215997
84.21180535661775
84.52793350123484
85.37610608250085
84.7616104179843
85.71152345015405
87.07369293659978
88.96252219317763
91.4494450907322
93.08045261561935
95.59174556170166
97.45130317213454
101.03441581312057
102.70215857644786
103.7469377616617
104.97582158627723
104.66398810879603
104.39498173184572
103.48343827344009
102.70278117088795
101.8017805628673
101.34186835574066
101.35253230235479
102.06663317677224
100.78905307709537
100.6011544104937
99.85583929504931
99.47470633217834
99.32174565782412
101.97860373837253
103.85975301102928
107.31247214666867
110.2144952367887
113.46082488687865
117.41870016514879
120.87690923695364
125.24190285379277
128.6764932695532
131.30889511932182
131.46454542379448
132.35353197964204
129.40609947133987
129.12386807358837
127.76196231342246
126.5914629575841
125.38643253935562
124.36192700275622
124.40586250277019
123.33853301636381
124.64497408924122
124.22134091190684
123.40166466670601
123.01580694402662
123.89286389941714
122.09092231775662
122.61471690993399
121.9924746993969
121.00441840704256
120.72837651258716
120.41647778968715
120.51994763381012
118.80917548367388
118.31506234118834
119.08091793293262
118.53320700009999
117.21114256867666
116.12954726440027
114.6882109367156
112.97838848582023
111.02243853786331
109.75609399383066
107.26892126574607
104.23116441427705
102.1313453604415
100.08955073884458
99.76471720129113
100.00287563443176
101.6356553380859
104.65227064169667
109.50799117170658
113.79510932238367
117.63968838208447
119.8447592935766
122.93060914750346
128.2225861845068
132.18090387839686
134.7855770080517
135.2933762574565
135.47568851936398
134.6115814210085
130.5997448362229
127.94228933742386
123.49369717975932
121.41389083965741
118.5611522484283
116.50682546030268
115.3486191071313
113.72760629956367
112.30081961517416
112.11682539273032
110.60712179376227
109.22116269980354
109.24924946230523
106.98971154192495
106.86149513660013
105.51475206487994
104.41905700625725
101.83892357078354
100.83707538115236
98.62350033201463
98.0839393076846
97.54958585612458
97.2755991626621
96.84230191305907
96.50874830748471
95.51686771166065
95.6313903703402
94.9024486729495
93.47699652656449
91.99342900414466
90.68755568252486
89.36225712759342
88.16379274129059
87.98541812253025
88.62704783383161
89.4711081135805
90.7093241443362
94.53584989817682
96.538287508536
99.7148707041979
102.2487465773996
103.13875852431505
106.84052552935543
110.14775852732365
111.76960302996712
113.18031941865918
113.14549279162007
110.67434082930616
107.17115406028906
102.76717268671317
100.48802613122851
96.68942450183573
91.27261039508616
88.79508090480458
84.95697066346172
82.69854334475242
83.23598716224895
81.81784624034256
83.35298682330253
82.93125079713768
83.05738077329461
82.92882593333036
83.17126775556412
