# format: from_node, to_node, traffic_class, traffic - demand values in each iteration
19
10
e
110.40757283052588
109.28990732480165
106.95960524663859
107.06494455252441
105.95841500101801
103.47026839131854
102.99273973873021
100.14584491736755
96.91819793878942
92.15043258444285
83.62885871669332
77.7000278020804
69.67967188681959
59.39539606746931
51.0212541976051
37.784393737063276
37.37006777908637
35.079275489941395
35.00888469547084
35.30985640801611
34.25403915689503
33.67788085799989
34.118141283065704
33.574597773512785
32.90942779414841
31.035951183144576
30.64426867978147
26.86732676855767
25.62261677735176
23.920777096096664
23.27021827157354
24.057394797024134
24.385633120036665
26.073939421329392
27.77472991929103
29.50121241740049
30.45345356124008
29.897164690042086
31.096483908683634
30.685645376690868
30.785308943527134
31.826563357002048
33.759857317932344
33.5925473648381
34.893595225649825
36.24565442596436
40.10757090306068
41.245351372521945
45.11174802316032
45.01934661406785
46.48171975311414
48.449279541668915
48.61453763436431
51.85396818620748
52.18375171108575
53.248886001590144
57.866884241525405
62.84436381353215
67.99810215323518
74.45363597133974
79.88732184734921
89.65400879002375
95.55140293031393
105.0525163865078
110.0569227540542
110.87981561043071
112.95427342358563
113.72161236374019
113.83877336472156
114.90372626431044
115.58609805135255
116.12786584125816
117.12143068477528
118.62760460764206
121.25214831369725
121.97778056521952
122.95768638672598
125.39254271497467
125.7811361433865
127.17824662898005
131.63364465247145
135.39792797629002
141.65448419078925
147.47472834862435
154.36224195411387
166.32851765230458
176.85479340157042
186.33167821124232
185.10631458631627
183.88435339244697
184.81227808881508
184.7715759769466
183.4533569019954
184.6623551638764
183.4498670972011
184.190629266842
184.42606741377557
185.1322805311096
185.5063605548623
185.54102282480142
185.03235223099682
186.0583724735061
186.90303282761272
186.62572352830622
188.3655469566232
189.64939063633707
195.3474006662089
196.3948595280838
200.9403830561563
204.67472413962565
206.7689272052721
211.36331778269786
216.81529110602875
219.24261478435008
220.07826510970997
220.56810316454937
219.0166858639549
216.87021764366233
215.10857905035346
213.4689748354339
210.42338794775102
210.82938758135418
210.52324084660194
209.01102058822218
209.92020344459462
209.19112135483752
207.7652322434128
208.09055276417732
205.9622314314462
204.9822735647748
203.44648161363676
203.59793679162365
200.60828091861865
198.48838983238738
197.32274068438633
194.3146652219575
191.92521835117347
189.7979325683311
189.35848632976166
188.31186343522384
191.67376096004003
196.3861666943251
202.03830001586806
206.61911891034808
211.3316917027085
214.09928930449578
217.83755076926897
220.35012611424693
222.19492799396588
225.7367224067045
228.3670326274644
229.35992098816806
234.55234460949995
239.40045568233407
246.38068647924138
250.41317088015305
258.50117583416505
265.218214168232
272.7981235703151
283.2141351463881
291.371038550124
298.1043484436588
298.8844241443465
298.7393963145355
297.8245592323976
294.16571208956077
290.6165036044769
288.77315153927697
284.43974075688504
283.2645238682345
283.86950406235667
281.8461250025817
280.3224898936867
280.62762049381354
279.156645110429
280.0186834740316
280.2872422999464
281.3481432124623
282.3849033184663
283.17389406213385
285.04444404265763
285.42754605298006
285.9028006359702
288.15073943314496
289.1368788936053
289.34213183614514
290.32149253325076
290.55646530501485
290.0135273814827
288.4544001574523
287.3913562549074
285.37556249329236
284.1893697111033
283.96911086405254
282.41391812216943
279.37252797082954
277.3168611272259
275.008797914488
274.64289387119356
275.13236364342833
278.6821946308595
284.92578660620416
293.68736417066185
300.51181209254344
307.55976068332865
315.54757890631623
324.029489161733
336.3965602394187
345.9693151994952
354.4035188925174
356.28520348811605
356.76608907998286
346.2822403403615
330.9971509155239
308.4368024484977
293.1362524640384
274.90037688805444
244.01932281065123
218.19645329941312
200.00213485047905
203.40823114171158
207.14502724981554
207.9339125948595
208.9686019438703
209.7071683831187
209.31538370471222
209.35534048790538
209.1798728247143
210.0940795483123
209.91102100584015
210.42947456123855
209.73694864779586
210.12486921426247
209.25056554577583
208.67696543409733
208.23000925182347
206.67204470259344
204.69241865838833
201.41365363157135
198.02900205401153
193.69094631646158
189.75665432695232
185.02794912149113
180.86321592399347
179.60122529698927
178.83832941244938
179.17506953532225
177.43248236280218
177.43634250287514
177.54011546770576
177.86951190721567
177.40363870805442
176.8711418703029
176.9654650183271
176.24040836416773
176.84175272470395
175.58019622777138
176.14165209909157
174.87661417673206
174.17632817622754
172.9113163433714
171.14425396118648
167.3559963497527
164.51241168094774
161.20697525829735
157.3828809144823
155.73199209083194
151.74380881583573
149.2585401793399
146.65822713701962
145.41493184231095
145.39870294047833
143.13252136735198
140.15636793650074
138.23065011440227
135.10928722243685
134.11020047927028
130.73365442152345
127.75471116033691
123.83979812726206
121.49854919565156
119.46868883181345
117.94635156844704
116.9309098213998
116.83033563246492
114.18537995285709
113.64820033818012
112.19282633833672
