23
24
a
84.9974660697245
84.28225934719916
83.52978061601841
83.01464044301225
82.70617632828613
83.27224337586034
83.02933635888648
82.1713802836847
80.29575320056006
78.16011385158207
73.15319491295293
67.7823467332321
61.49935120671597
56.81811311480773
52.42881422585628
45.16117352456611
39.916041134315456
35.53955162063511
35.360413026203645
34.74751363949644
36.00613240632265
38.10222250140695
39.94477205511521
41.006141147402644
42.97116831947193
43.76072890019504
44.89526874663118
43.59059620657285
45.26378337386027
45.5056630055511
45.04183895106397
44.71291042111657
45.56584923288009
45.87403995369789
47.4007215987778
47.55726534975776
48.78693441608165
48.39229966213889
48.8303142951622
49.517206999455404
51.260970122750926
52.555397559335844
51.91562710207451
51.546327806104905
50.86374524350272
50.74880731386007
50.51715179326214
49.36024446714644
48.62412637965484
48.47818809007114
48.2884442973596
47.22855304942794
48.566287916340585
47.443909390139915
47.52367129653368
48.40841218779336
47.67609952025007
47.520110032245505
46.85274158839526
46.927930034096455
46.36234762834988
45.268680410149805
44.37290323360173
43.0441300556958
42.468896012649004
42.371518642856635
40.88789472976195
41.18657295679349
43.48717909313478
47.210151889674975
51.684861548065605
54.94999136863238
59.27785209236649
62.10472435559363
63.940180526606554
66.98676201462555
70.74227626234104
72.7231666084402
73.07898574180354
75.5493654216373
78.21112087030579
81.77174594871227
84.26707500539077
88.61914280565948
92.53127643689355
96.2810491463517
102.21558622330284
108.4822168241766
114.52341711069654
118.27489088194231
119.17762288248377
119.37102915402083
118.62333340860974
117.44000723992606
114.67132951024911
112.47873274119915
110.63006088319851
109.97618131465639
110.04717500495468
110.25787540636072
109.89308966573002
109.71076912521369
110.10026315930467
110.6410088744472
108.91785153651968
108.59363497734526
102.64380657347019
100.178957062448
93.11459459801708
90.54855402718593
85.89648409394957
81.82271626772585
76.56582479278052
72.30482028018409
72.19370533754271
72.67526638952864
73.23378075604612
75.35348794159962
76.57325896895064
78.75002410110191
81.25961441893233
82.32749442572418
82.33063197335828
83.55593415123985
84.16278494676467
83.7777279789432
84.64250172938027
83.8033561965687
84.23832999258016
85.18069129236368
85.39097265951736
84.84635863498002
85.13466957663096
85.32477077186022
85.79626987595302
85.43923973800818
85.84497968470629
86.11295063295617
86.48607268385287
85.53904088347902
87.21647090427022
87.81684299894516
90.55408496517269
92.09164269962066
95.16651319115621
97.43534440291394
99.46612213814548
102.59562653371036
104.96172497246998
106.61090536857485
106.72444150983259
105.99150912550192
106.83704996212509
105.90256734499695
104.97853581447347
104.83849846239279
104.49315904530624
103.35318150566039
103.79830270251026
102.27857313297685
101.90472268140039
101.49233702465017
100.48633281280725
101.78898266037115
102.53340525605645
106.40642653164824
109.17874051949907
113.42107187658473
116.15292746502236
119.39082513611078
122.10638554803305
127.02829199093975
130.40438795298618
132.005800791874
133.22979192291834
132.9283941296488
132.73883341899477
132.36865726820415
129.44505275553857
128.30181209835263
127.97117687720076
127.25371651654143
126.87719137842518
127.19106585891637
127.09848996221595
126.08316652727284
126.39351378293634
125.98683784376308
125.53918382070394
124.28573690737245
124.285175925363
123.94410667680428
122.73801439985223
122.5642582609386
122.09614939622617
121.72919244753753
122.32460588938915
121.5722684407378
121.01946405250841
121.07193439684636
118.92592085726355
117.78979080283115
115.76558565161174
115.69038632937591
113.8444505308375
111.57305886549233
109.73101011540149
105.94712011264377
103.74598490294117
101.59829969135993
100.61717534929645
101.34491801423646
103.03968453686205
106.90916945216034
111.87242549613737
115.03617673701119
118.93924419360285
122.01123982634131
125.00578213873692
130.30410599056404
135.03607982010368
136.78159951133128
138.2711792425619
137.71074241811212
135.90056993025783
132.61445547393583
129.41550731487848
126.73455816769857
122.92257901047998
120.95976870120491
118.73317800458496
117.28531767870813
114.90586226313512
114.09316220866476
112.79611736929293
112.47580466209631
111.40396462854439
111.04696851669043
109.442830232889
108.88489295091439
107.4929522375146
106.36352711430452
104.76699226323659
101.76692261382486
100.59694249364317
98.89599276229859
99.61817181391407
99.54248507222603
99.38327514508167
98.79849652604241
98.09881519775058
96.69202958750634
96.89088176845874
95.58206144091957
93.9992807043579
91.93665353754798
91.8797662403703
89.16799847559578
89.58109668931
89.66695634257597
89.59925624792565
92.72008231730173
96.12220733187817
98.25859021288674
100.29816189064984
102.65334382870519
105.25845107427277
109.06547108413336
112.07833162182227
113.10193201117157
113.52718107555856
114.55187046774945
111.97462455453797
109.42469030521156
105.61930248310303
101.39106714020745
98.08285425979685
93.44780906193851
90.51862742927668
86.22295940718539
85.57118041665808
86.2527281292504
85.28403611417279
85.01127468899155
84.70428527269299
84.52565824073979
84.57191819572996
83.41588820894641
