4
7
d
28.65264486425569
23.454315252593336
20.536511325554407
14.941913889272389
13.446041424004813
12.59399841837162
12.157054890893146
10.508701475914094
10.76918821997811
9.8157852067406
9.661787918333967
8.377766520910932
7.0951923480430485
5.898629208967953
2.72461379381845
1.3483717336939702
0.0
0.0
0.021460314663153998
0.0
0.8359825554754283
3.3817125611696683
11.415733722511714
15.225619818944594
22.41382108454651
28.289969382207516
33.04522393354835
41.027146679119554
47.331891045561065
51.401954768177376
53.917453303551596
53.993176330309424
50.40332928159877
43.81645768408164
35.716662918761486
30.100753618491975
20.783836699478773
14.363313388724295
9.38147043678857
2.8900031430646287
0.0
0.0
0.0
0.0
0.2329475023836883
0.0
0.0
0.12403824944254863
2.4068336060288584
4.301197290997732
3.4149818462552473
3.9939866425427186
4.548971502148338
4.033688005498979
5.312884610298237
5.780639276822169
8.053511108094515
11.142389102046572
16.928676592740516
22.282305847610225
29.28090079540283
31.993776949007316
34.629628702768784
38.04937872706261
39.35954883168788
42.54670035460473
46.109201063260606
49.02394401853789
57.95468321929011
67.89464509457177
84.74146682511656
97.51034400566347
112.8904718861641
130.65224420517347
148.22740522856245
173.4340276288423
193.1399028483178
209.26464072689566
213.58602940726408
213.39199966491483
201.3976312171058
181.34907046115356
154.45714696223004
133.86341175844026
110.16935904620418
92.36834628620305
76.5014223360769
50.234852848364646
32.756679333189666
18.823906296059082
16.212249541900896
15.235269094466673
21.130175299036036
28.800220749918566
40.74129965055979
50.21653712252261
60.43827059185513
64.9181037770873
69.44083253583545
75.24680044228118
80.44908674739109
83.54452950654887
84.64942816650083
84.52048182593315
83.73845824827814
83.19411440754575
80.02470151899838
79.392006614953
77.0887963393998
77.37905264891444
73.68832768521968
68.39258676098562
63.47517049423413
59.79127352273953
56.3483532187781
57.32966262419147
73.14219311593594
95.45766020479691
131.2380048617182
155.44380391879864
184.49291174104073
220.14661158219886
246.77296919713157
283.58161111186394
300.25703332532595
308.6387072516623
311.3420465425585
314.67941163451775
317.9755994948283
320.64324835633204
323.7763545961294
325.9091574869003
329.8413006402528
340.3497647601159
352.0510298783557
368.09886080565735
382.49988448998
392.300573315002
395.11012148008456
394.434704714359
383.93228334371827
367.36355877978036
343.7910449699361
325.30805535589707
305.4443572073244
285.70032727527297
270.70948075339703
251.87688022368602
237.5512586394048
232.5202048481745
229.48318439674105
226.99901155792162
221.74780197422965
220.45854361070747
216.23993498949733
213.51902420531778
210.642828246753
200.46871487096757
194.39625848888116
185.26042927533484
178.59808105355967
173.33519325523355
172.73400529020262
170.30548517961066
166.65619942431084
165.4536469446167
161.69236558618854
159.51799123361337
156.89472545322923
150.73897714477977
144.19214955919637
132.85099025403665
125.3020230969115
119.04513046305534
116.77988710116692
117.35157869934716
126.10275938928112
138.69654796551302
157.92144593316897
172.4229980364763
188.52360419394995
202.7716866090495
217.33710930565977
240.48393166479798
260.1585374582299
272.3633136417079
276.42682422294826
277.3681913470061
263.009864096305
240.0845633020464
207.31767442946682
184.00338229230584
156.69073063098014
134.77534696095293
112.88527607517318
80.38437779425256
55.717988500859136
36.93934652060085
33.61810001594685
32.905515661223006
42.96606674506032
58.37492241476352
77.42319191835317
93.453555219462
109.88695436954897
120.6185334259246
130.26046662397857
145.99147846075832
157.45447734366115
166.90217654034046
169.11854115268923
169.1548978599121
162.0516836642191
152.94546858372914
139.4378183993965
129.33184442457144
117.49342415119517
108.26247767515163
97.47313496250172
80.97053449124584
67.60263479593094
56.53155369874428
52.8355364226237
53.77012878511632
69.96016531271331
95.94021580425279
134.27712963216908
160.5212943705883
191.92455346866018
218.74579435096254
245.79311784507172
285.750865338463
314.74320996651187
336.9077420503824
343.9137888637783
342.797976158944
333.06212855504356
318.16685528328225
296.61836464404723
281.1091684193558
262.52301723766
257.50361568930947
252.04993602574794
248.59975314559108
243.61881247845295
236.63936009903645
231.22229724089607
226.125551878896
214.0142202763289
197.25782562300557
173.27100915233356
155.03316996439816
130.644437137239
108.3463784133767
83.52032601668887
49.62514538425329
24.455710827138684
5.586325144399799
1.141407364501176
1.7699184915209394
4.95835682858973
12.463602510226414
20.67573814091984
27.418252970089462
35.80628056770193
34.949064045223466
35.5465676917278
34.88538205045188
35.21126250281694
35.86753350071746
35.18193285891253
34.62517472689583
35.45953552922435
37.07713499087364
37.23281414277019
38.8622362107807
39.464355239389256
40.8178851104285
41.84547059881125
43.12327513463728
45.146261453066934
45.92227486331651
46.54505707199986
46.93000101448196
43.903292096691125
41.40687146227834
35.673347493378735
32.644040369685406
