14
3
a
179.99213354485596
179.69352401999728
178.77869500197178
179.8762336926632
178.79267452540435
176.8617603907167
176.76179964601198
175.9209088225493
173.0281384413674
168.0340377749209
156.24331073898588
145.41701581019734
132.5053759838963
120.35700695680232
112.43466216549353
96.24399355022828
84.30157462161566
75.5087161743368
74.95084613153772
74.74312379475994
77.82764226730994
80.14344097248716
84.66615492270137
89.40118395472904
92.94273377545287
93.26348394609421
93.84347402007465
94.65774963418214
94.7162252986688
94.48149611338616
95.15311024225232
96.19423714357414
97.05951507461542
98.61361358484409
99.27930219302624
101.11930559242069
101.81838520023052
102.9672433476305
105.12261186600381
107.45906386869954
108.87038601314752
110.42416962198497
110.74346686041461
111.7178964936106
109.52625370016118
109.50463113843246
106.46184809138093
106.38518244119007
105.00043485473712
104.06709253569744
104.2076356958462
103.299467830299
102.2598474960948
102.24113439398828
102.30790324788126
100.85589027218703
100.98894408060346
100.27040855440026
100.3711748809451
99.15300805258298
99.2588817040106
97.73926375255286
97.7025385420613
94.21425128649496
90.95430151226952
90.02526051790875
89.29915053415898
89.27722384783301
93.07890618378701
100.0505645540314
110.10126716604633
117.3249831902152
126.24239649795996
132.6169253435996
138.4860860364766
143.43116174411205
149.36336425648764
155.1476280078217
158.24835292721443
161.18837828362638
168.3243901677199
174.4056817032206
182.76394010238937
190.19094460057931
198.58508399222183
208.85320316727723
219.03866624270466
233.85686032798114
244.90333593923657
254.06906913751823
255.4757649956294
255.4309365366061
253.88974376901828
248.75188700731505
245.00492380708314
241.0358314075033
236.2652405892107
236.53159920580094
237.00036204272538
236.45627044465968
236.4859599724014
236.56664446300252
236.87401314097895
235.60222945179336
233.186396763995
231.74896726986697
222.29969350682381
213.29704865891554
200.86350383025353
193.46500577571857
184.66092583859893
172.620682392727
162.8754544800107
156.64098655980558
156.33605054210435
155.2470688586666
157.84451536874832
160.46692304311074
165.8793334060262
170.31345356573144
173.81010817310536
175.34682453671854
177.0740187500711
179.09419533572512
180.18282432189068
181.64598946871848
182.01632124811093
182.06197004018765
181.0199533627636
182.71768849283765
182.10402334503357
182.5235403461099
183.28424923250637
183.0945005078966
183.7736253236613
183.16460657894237
184.0123676647106
183.89359585419356
185.25150166530196
184.78533562939856
186.59314695909984
189.10985706697392
193.75142838448667
197.53280534146612
203.5825830887521
208.9424940396185
212.92720432299808
220.17557014410338
223.71831666731578
227.0818328957108
228.46337805680648
228.24057511113222
228.3975414935096
226.72563037946617
225.27118345996547
223.53953946051325
221.97853467199425
221.55381709723602
221.3967926444404
219.76413784824038
217.54092490114772
217.08476423438748
216.86032019058155
217.3130597253684
220.54810168593423
226.0570053713585
235.8416513502467
241.88471064603294
248.6865702030049
255.05061466135967
261.94501662167164
271.72865030321776
279.81044954528284
285.42006544295424
286.07301156423466
286.12734263771796
284.6751895793781
281.7124989168246
279.34541161894396
275.87893456995357
272.4765395641546
272.44567222313987
271.2233812115834
271.290377071266
271.7335957463215
270.2827787326864
269.88337220949904
269.8535568978244
269.2513524274113
268.35078019204235
266.1526099551298
265.39818644074103
264.1300035599668
262.82006001268206
262.2069852355266
261.9192128965279
260.0935665952724
259.3338015721051
258.2250657140634
258.3016703231526
255.57118043971204
252.88654515314414
249.5957889466574
247.17139768016074
243.27876352267756
239.62016203457026
235.61586011288028
226.72972956923024
222.42916696754855
217.87542077333262
217.2971784303111
217.7136555728895
221.49820488712064
229.90095621127819
238.93699912084594
245.11377626569177
255.0892576995971
261.9991672265691
268.54005917926213
280.80071621539673
287.08839983161727
293.55798220791894
294.9180152955497
295.5924212783963
291.9777629852775
284.82167329686223
277.1588160353764
271.88687983159895
263.38059274843647
259.5333729071651
256.56777646378356
251.13658994261098
247.31093539865654
243.4346571519725
242.37643421860673
241.82294400057913
240.3692598620228
238.13311275429623
235.47682038681606
233.74732672351846
230.9234371532833
226.19422400020193
224.33323938273085
218.2341085065251
215.58546529725817
214.04427479672515
212.12796795526543
212.43048401844086
212.12654410887689
210.70171224635885
208.58569887779015
207.9620452638231
207.040071447346
204.09337179272075
201.85876471211552
197.3552433006802
194.0340698451395
191.84434251656248
190.60727691401377
190.7451122617072
195.10632687131775
198.18308041594824
204.68300909039655
210.79524199529806
216.59425236473632
219.90352909618645
226.31281616140024
232.82662539973356
239.33551602559058
244.4294846179115
245.36741336416384
244.69476951081433
240.76509916746627
233.61505978055783
225.225242026695
217.10795193954172
209.8338001753387
201.37160556025603
193.04453285282545
184.49525693673675
183.5978348178956
182.66980867546908
182.428458927843
181.3566474476076
181.08659985361535
179.9348406802069
180.82243773803742
179.9225331458589
