15
10
e
169.70388037113088
169.64452236967637
168.73680087517678
169.85265064095395
169.74241156232515
169.4035657984569
169.07032578147547
162.00266389771437
152.7963997137657
138.76294098475242
131.55346863435256
120.35655585329275
99.01354834371078
85.04203619491896
68.10093743164698
68.74680801965378
68.49577860503406
67.84429921313001
66.83789081640418
68.02250871305561
66.73999127901283
67.3015575251002
66.6508170034362
66.18190351737356
65.76207180742925
63.553631521612104
59.99062989297125
59.3329851427893
56.951929630958
57.37587258930175
57.298998422154256
57.445084312121246
57.36059688069832
57.99113612057847
58.276795336627394
59.608228984261075
59.04162168728993
59.335653777017626
60.64581183867722
62.182215709569505
63.25151831593737
62.56682378690114
63.37582115364413
60.27141584597517
56.72241258104584
51.54077151699905
46.56260396552447
41.273423634894925
35.60451609950441
31.181775642381712
23.063998732693438
17.230009570166324
11.600520335434712
10.779115132214061
11.54971375761761
15.81303286357457
21.39237209076164
30.410299229898957
36.82436839411596
44.173230992417274
49.82422792123593
56.33977336714868
63.17154839077767
69.90383724490499
74.43320346221061
75.7070849922493
75.04129623969972
74.45955645668265
71.90161205450634
68.31393695361196
65.64037587759924
63.276966792344666
62.06517994304878
61.260255450703035
59.82717172946415
57.39670135762344
56.8805648607565
56.603411122115546
56.22739514168312
57.772092371168846
59.720712649190894
63.00800762110053
64.20510650414543
67.00278349150996
67.69852699251635
69.33600776802528
69.21573654135517
71.63424502037921
72.51259080287075
73.46000850412729
73.91443123400961
77.09758749860809
81.04798230227229
84.53603312130171
87.92182726594066
92.36001767399993
98.09926134609458
102.9410489191812
108.89950758207645
114.9812599118592
118.47697726920757
120.4734095432772
119.54831435354888
118.24210123532424
115.3531613918407
110.53100585540939
108.63530112917101
103.65843808244917
101.78673389175239
100.20700778810031
97.76789968222944
96.23830517547269
94.67989387983968
93.75778253975167
92.6605268035051
93.7385140184851
95.3722621001725
97.44247201039347
99.43944209386406
100.59347326801662
100.6686882407241
100.41995272515528
100.85043451932503
101.2853908788334
102.36242116836895
102.69501273860848
103.08373251267751
105.00270767323717
107.68991229510704
116.84829374542063
124.42939331231412
134.7931343712868
143.92122483336658
150.153405136262
159.17850293496596
165.1240935114701
169.04851561519004
168.95120911341155
170.0779389625242
172.51986277367905
174.1857998140463
175.13058498157983
176.65285353868222
178.3685638052064
180.79130598112533
181.62269935025577
182.4960073538177
183.85812545484237
186.29316582284528
188.43836615444204
190.7658713303976
199.08427418434033
206.05381207368626
228.80134793520807
244.1052109428911
263.4966052771052
282.79104712910436
300.8267940453505
327.9337752410295
349.4028227375631
364.6622630897238
369.18938200672574
367.6914021664708
359.2827362118681
344.97219752994755
322.83689784492674
308.48075816324416
290.39627273253046
267.89089984026793
250.12340424348338
235.28921048131815
237.97520169156581
238.98502488010791
240.32245304030923
241.90780004171773
241.11961685985992
243.0471065694928
241.26087695774632
241.4375201632492
241.99626025533541
240.62165128448896
238.51495149371368
235.6023627183505
232.65991811452207
231.45300863605038
229.50446088076356
229.50891989055657
236.26329221694766
243.8509785411053
256.4923709765824
265.0678473869613
274.8039750344848
284.33384497790087
292.02903119048244
301.2040773128672
308.43338397116776
315.74331031787386
319.2748089132391
320.78767094239385
326.921466225235
331.1303822513912
335.77791885927303
340.7715727850846
346.38167555315795
356.5358412407397
365.6917207077357
380.28828092105516
391.8487682358261
401.2028446902544
405.1378310912954
403.832595616753
394.1843561216712
377.70537619200934
353.32869925464394
336.1505949813077
316.92784654701234
299.3688788053669
285.5812211584772
267.02496605756454
253.38622192393566
244.77003737681375
241.735014613835
238.06068006092178
233.33532835151078
229.21355022115708
222.78311057373685
218.34249008246465
212.41945825296176
202.48531799084398
192.18569092134553
176.94260717761338
165.78217665995058
158.03732165734166
156.7723511822049
155.86728245395474
158.55639900646105
161.7452318644317
167.29106017029477
170.49538244545022
175.3405344001457
177.0790594399931
177.32942434635984
180.04452823921253
182.57841686459852
183.45884307992566
183.869783134388
183.7390344773389
181.2589052456438
176.34511268213132
169.2935079326008
166.0664323672502
159.8573217322339
155.1566372425282
151.3584269014395
145.8990914999672
142.1940119267416
139.36678963665665
138.0486328275595
137.05691862803513
135.6845589668692
134.17948590033706
132.6963472980872
131.85527698665805
130.4364160779811
127.450576709294
124.7726873333311
119.34811074648286
114.37218456273634
112.31498720863165
110.82515829228987
111.60810117500806
115.07912641291449
120.48191769223801
125.52982101890713
132.21418305385453
138.88031936974758
145.23316349888742
150.87450221426766
157.8015446478954
158.5403074893153
158.70957128597308
159.78783023469913
159.4877535366032
160.60911412419196
159.7678819413997
159.40999688678707
160.15456008694343
160.68116575309622
