2
10
a
172.52842083452123
173.8136504652929
172.66821835607456
173.41345561803539
173.65276175206668
173.65854078663176
173.21473186744052
167.3869961794005
158.5151712925958
147.00439249003605
138.1626471535591
127.75535146089071
117.28669043643897
108.08351609868485
93.444271661384
81.6559661548471
73.56595932718658
71.4969662594514
71.84803593089362
73.69900165734575
77.7146179080096
81.25385254477652
85.97809797420884
89.65312260449411
90.64351068624357
90.75435291193095
91.53564236060971
91.94337145949785
92.2201874010259
92.33480535945652
93.29731370345209
94.62238401840118
94.62462233870781
95.63847063823981
97.34220900614874
98.5417932592155
100.26142035956482
101.0354229172716
104.36101218776031
105.52543619360023
105.54800884088675
106.889504268006
106.75642053513508
106.01876039751149
105.74822674039314
104.23588507851085
103.03117749073292
101.85729710626484
101.51131645150507
101.01119177366158
99.42606977219404
98.74820080543333
98.91476238988518
98.3306340200704
98.06751501638448
97.43008591923923
97.64289151039969
96.47631120669473
96.0436598219917
95.94362830915503
94.74142535049403
92.48281628057423
90.14991350105983
87.93488577557017
86.05386857321162
84.78992622925504
85.77201575635915
91.0169762754804
97.50804163165165
106.27205929832085
113.1660628725719
122.8394197035539
128.28697415447314
132.96509015133233
139.86405355208123
144.58506725184685
149.49123030160732
152.6251740329237
155.34685767606666
162.79883606035753
169.2234430760382
176.76784443577654
183.09960096032276
191.96743905176734
201.68690898873402
212.06662668909644
226.38863716934637
237.50229972885228
245.02472877615114
247.09963986658553
247.78324405611377
244.08761306877267
241.0447383159969
237.15537748214138
232.63177486893102
229.02003653290197
228.61028454713988
228.90614017145123
229.46120738073893
228.89813619632292
228.0594827942031
227.86780453363673
227.52268043289075
226.70954141341372
224.13274925521586
214.60951089274923
205.57549129199862
194.03978867363358
185.83412385189203
178.47991171674744
166.69787322550644
157.81099332688845
150.43074301415885
149.39645847265302
149.7946234523951
151.982033691847
155.7486173746127
160.8837086933986
164.1842386029821
169.01561357727365
170.1125131549366
171.34617942909617
173.06932544426536
173.52410665211062
174.60411275173152
175.2290379846147
175.1504241467541
176.05591376831993
176.06352602495855
176.53491368683657
176.44298654181856
176.79475928973426
176.49848557428675
177.48127169076506
177.3971255160771
178.41191995253885
178.62168694021818
178.8142965290385
178.97895695035038
180.46961807984033
181.80701213605005
186.8592735667511
191.41063745997508
197.1404039346734
201.29850876176275
205.80522917434158
211.53180037833118
216.67522004695817
220.16372195746047
220.3166708345302
221.31835737658227
220.6070726409297
218.4889653381001
216.1616024021183
216.4215395348944
214.20471409494988
214.7343917717219
213.1193172805372
212.28489313196704
210.57073252331608
209.515552177695
209.7666030878433
209.5500559116732
212.92047225954144
218.59844067269628
227.4083693594119
233.94539225084932
240.41384639741565
247.73448517290856
253.53663773447116
262.56628455408213
269.6087247742518
275.05981779326106
276.5756665755573
275.9299623931522
275.6040174947432
271.94803135734156
269.7439264347638
266.1557243526757
263.7818325888921
262.615438116995
263.0684712877618
262.4020935799988
262.3867214056982
262.0107954889074
261.09042008240726
260.5730270921109
258.80565673973564
259.9920907410057
257.1284122104861
256.7582858789214
255.09230558981972
253.2807377753852
253.51140211775828
252.81845027883367
250.95431675678145
249.96069429266043
250.184618523715
249.8364672473511
246.97744589147308
245.0205555843842
240.79128752563946
238.51894255079864
234.69955085826794
230.84457393805155
226.8039478622277
219.9492182113567
215.24913536310413
210.94674925485583
210.22068683693553
210.31817342551395
214.55888145907934
221.5228803069741
232.28078931683234
237.82529651508295
245.48410412136468
253.72541093371018
259.1994328975526
271.06576212244244
277.7154364534602
283.84156317003834
285.3267415295477
285.650146688884
281.61172008161935
276.6912361272501
267.6622650048064
262.20378236828026
255.5263733812417
250.96951235792233
247.02936234409117
243.12586905490596
240.77563866167796
236.58851716916084
234.28733544277358
233.15335092151128
231.74314919989737
229.37547018033987
227.5501677821506
226.15873275324702
223.69496461077975
218.78245112317683
215.12905124972022
212.62312146922002
208.3282062422313
206.58085010496893
205.42187573418624
205.64175178003484
203.58674775121116
203.02638975281698
201.9313589707291
201.2153300953235
198.73858418465093
197.70674636820186
195.26898509372978
190.61192273524736
188.23355918987346
185.74844309663789
184.55635980486895
184.61950748060863
187.9994408357672
191.98444037158794
199.67028718829428
203.55679528244445
208.67125086629977
212.67898684066543
217.61450021711883
224.71011526772685
232.51286221285974
235.15284739927344
236.09863246634202
237.20264059150736
232.56612183866426
226.81385926544837
217.3557729115533
210.12549519893932
202.87638726116947
194.36442425494943
188.86531301654549
178.23139241394347
176.90303960962825
176.38400412588058
176.18504726254335
175.6521688246704
174.47663168785897
175.71277503349842
174.36671669536523
174.1825890874487
173.19813724391636
