23
24
c
285.59991045324597
285.48941342713107
284.4421488376857
285.5513846951255
285.756301329498
285.7972459108979
283.9829332637183
280.0508244007811
274.06073601159767
263.8392549131897
255.95277944441796
248.43909020915225
237.03814761826393
230.0287230085225
218.15524947196292
212.93597122608577
209.37300059520481
208.36173712677854
206.87029808671988
205.95128366972784
205.0524180477722
203.44071809290028
202.25848318047687
200.05312707982688
196.47949737021335
193.87295484844148
190.10634534975443
186.88626701759102
184.35726632725763
183.01161395760988
181.44303178950534
180.13787178672874
177.95400202098412
174.55198418364995
172.31205890525757
169.48466539027632
166.57610926781604
162.63301492265052
156.6979338619052
153.60867655785052
150.87149144503937
149.173085444679
149.69589856583292
150.97807641355115
152.8281105743048
155.11972873908667
157.16506171184218
159.14088268760372
159.97325649354525
161.18751360610807
161.15459067782635
161.49289393532638
162.98367636221798
163.16851491696042
163.56061870613837
164.44845629875755
165.47865335928992
166.915637800457
167.8502387984629
169.95243398520893
171.04553771298504
173.0231692844947
173.5179923452577
174.18512719428017
175.77414025780456
177.8724371735874
178.77101773676512
181.00126502136447
182.12966289077661
185.6111608802543
188.23614185948026
192.1384966380789
195.8506697787529
197.54957680915166
200.93647682120036
203.08917905751971
205.73573375112952
207.39596485072744
209.11699909327626
214.1044358073716
217.25364626676523
223.15557609975843
227.3011685702801
233.11913977282245
238.96629237066833
244.24599204050568
249.60175770039965
254.47596935076962
258.77037961530124
261.89807292444914
265.06506781596426
268.7757010984987
272.762726882193
277.9106252776332
283.6311008311244
288.74711265610574
296.99738135714364
301.61810014226944
310.6387694770666
316.0413429294773
321.7947472318715
323.3744115095252
325.24793770410776
328.05526679284384
330.42104623657417
333.8857340366574
337.0848864930311
340.55575412722055
348.59969277224826
353.3654598759135
362.6874722769422
364.6669530193416
366.23263462000364
366.94323401149234
367.12926069473565
367.449102841071
369.3098085296528
369.2409937667055
370.71106433052995
370.37224595689537
372.73731466449317
373.8268576504731
376.8412620332032
378.4560564418012
380.3174696574045
380.89183641356726
380.3846075458742
379.29928222436786
379.1382386460419
377.6635740945349
374.48331706528893
373.18980702816066
373.11793211082005
371.5743189942362
370.26279971244014
367.8511202074558
367.86491301377004
367.67717016526586
366.7618390814528
368.8559121996234
371.76070120441085
374.5048068845654
377.55645120396
379.9744767019303
382.93313032935964
386.8509762076383
390.2791333670611
393.62327153323207
395.5882753281394
395.8744556952522
396.04711904427603
396.1728181373445
394.2785524705317
394.1786202384806
393.4127118333114
392.1695595028428
391.81388672326585
392.99084628249824
392.68568410928555
391.8866406612515
393.010981609603
393.21020928786896
392.6017883210449
392.59480501478794
392.04188052905187
390.8177627769973
390.10749352740845
388.22258745672593
387.46644892716023
388.1334486237476
386.8866852153101
386.7129575720527
384.51958421889753
384.6276192072233
384.19907691512736
383.51512158620136
382.27771590624707
380.3572286698382
378.6478980015738
377.03581402450806
375.66918502318157
374.1040881214411
370.57360452203426
369.47738415215747
368.91067559278264
369.2890094615582
367.89112631763857
368.0310626443494
368.73876360590316
366.9062592577222
367.3427246663912
366.7224808425959
364.83582402798277
364.3404605842036
364.1826995408786
362.7784728878939
362.7851245349556
361.8419105955021
362.6152690769018
361.2653895908954
359.96497491494324
359.7055073882873
358.6943867237281
359.6205966517503
358.19837648512384
356.8889179555474
356.7417213953326
355.22502503023406
353.25713505112805
353.9877713953476
352.93808175179754
354.9271892927235
354.68177580301483
356.8920209350286
356.66764035553416
358.69249597119017
359.5499111533706
360.38470186892147
361.6508111981898
362.34122593145895
364.19105881472143
364.1826842663706
364.2169182953888
362.9391591017118
363.388984854738
363.2487537511442
362.9362609585957
363.23208981092506
363.2176459936709
362.22982047248894
360.89318668683336
360.71194678303453
360.30457922957004
359.0482611384799
360.04018072326363
361.46138151355
364.572047743424
369.14000155299493
372.57178435328257
377.0817949400235
382.67707253448094
386.6451267906857
392.72555133973236
394.14958688323844
394.3694974893568
395.7325883138493
394.3878488548007
394.4225449809431
396.30974215808675
395.4403184966611
396.334395091156
396.3201800334741
397.38331495874723
398.5595150047394
400.0809421086687
401.0026919062943
402.7343966285483
401.3699997507503
402.601532397398
400.84786341423927
399.6621000919241
396.72422048958555
394.40333831467507
392.37409855562396
390.9713687831132
389.71928149539815
388.53015805690524
388.63951633469827
385.76867624579904
386.12207649748734
385.538285983103
381.53409755963105
377.6736893784323
372.93933651099763
367.5247253314433
362.5595464186098
358.0557258483327
354.0957997809775
350.0384153904553
344.9651566368664
339.8712258007053
338.49414227656206
337.04858318058444
330.9764476035006
326.3312438979758
320.401872802187
316.50502660959484
311.10312686718305
