17
18
a
197.76193458586843
198.64554493768802
198.21143868625836
198.78877082306764
198.84495267588557
198.64163571801706
197.55793615639922
191.8746560464233
182.9532916991701
172.18674583241625
162.92288015460045
152.64409809055135
140.9758066059856
131.1482114696606
115.63543790399234
104.86230291759104
94.35374732057055
93.32813527983413
93.92312743472124
96.9470712543245
100.06658202878515
106.42462066620455
110.88809202483625
116.33446930843361
117.82888778538033
119.68037549105989
121.02525442314749
123.83463725562895
122.92220357263813
123.50135840498102
124.09652452201503
125.0804945808165
125.45991428611426
124.45918502810076
125.75027883468682
126.00395088053148
126.56912644114047
127.81288626504505
128.87971846791956
128.72018851640556
130.20937407482168
129.66814919785
130.58453503575387
130.72354200953978
129.19249074934817
130.2206624064362
130.20752900059097
129.91052960278677
128.3721099606523
128.8132662017777
129.04641302931554
128.5583344515147
128.03360012310972
129.37977459444386
128.9918299414117
129.28873518969618
128.6519466544079
128.63508585114133
128.84319070537606
129.10164433828635
128.1090093113027
127.78807175555379
127.64840014420619
126.3807319031017
126.25949601991267
126.86799548608232
125.70504302567198
127.65864372896381
130.70243064362666
137.72380737933526
140.62678042652917
145.55312950526263
151.2031069731223
156.5668242660089
162.00863193673106
163.16263518266354
163.39915934355466
164.97021231557503
163.36501989964822
164.30848284453825
164.7314921664436
164.30367864341613
163.78696906173815
164.9701931059158
165.12716424573262
164.26042943644646
164.18386124699012
164.62992919776644
164.72785589467645
165.20536059021217
165.1907688325353
168.7318922065028
170.31871171620568
181.11722110469978
192.4835254533475
206.08395946239446
215.98739661272532
225.08372234645918
239.1623947279034
248.76151939918267
256.42624920380473
258.5434081836784
259.2615979694865
257.24673245746146
254.49030963707816
251.0316140115904
248.2393171717634
244.6240532408697
245.4182513866624
245.1799559508394
246.370541397142
247.21799917216765
247.75896816280033
248.3024588581009
247.79160257360584
245.23993563531673
242.79384547370037
238.30609993330148
235.09058775214453
231.9691700224843
229.73645819265505
225.92966611135614
220.9108697447285
218.17607840859006
215.1636712044347
214.1436183688789
214.7442110009315
214.9355402110804
216.18607662650743
216.99667044924604
218.04657241488727
219.32244597017316
219.5399065626767
217.85818761233287
218.13135826269263
216.72903781409812
216.42798412580922
215.4877434390509
215.35369321654775
218.45047012350506
222.77188110214985
229.22882232538544
233.98102944827517
239.35024890448264
244.66646976185027
248.59867681635484
257.27518111942703
262.0960783556962
267.43061295188846
267.8602604005225
267.76292334449994
265.2868218657503
260.4733931824131
252.78560340622698
247.72096699062328
242.10872628448894
238.32220224031056
232.40998678894945
227.25985718669568
221.75136601815208
217.04932839386453
216.86295303623515
216.23492516475295
219.66230564638775
225.14552295335247
232.45359206680837
238.33651297806003
245.1689893396052
249.72670040724134
253.32558928541897
257.4615597894087
260.439504812657
265.21734889999107
267.03464497282937
267.91110969396425
272.6360107543748
276.0704724436433
279.43014178423186
283.4156255065765
288.08960585637834
292.38619802799025
298.6031392366535
306.5115147215877
313.3731686366321
318.09762071370307
318.5875053816359
318.7365349101773
316.64670918445773
313.2035429621307
310.5018427754946
306.98131473619804
303.4075530887607
301.4435335304077
298.84480180228627
296.1390936343662
294.5939131421921
291.4158058215381
290.9057504370673
290.87803717807265
294.2840360476594
298.0424442633789
303.3067110920277
307.6903076660461
312.51307354849695
316.99412973548283
320.4245452087516
326.89280825667754
330.7396413906965
334.89506833252045
335.7917136218246
335.10369934765833
333.48348517695405
332.3448978944521
329.3864248919128
328.0274181216253
326.29720956180415
324.7300335083051
325.6033858790852
324.9086825921409
324.79930746392307
324.4087584383003
322.4374235286425
323.09539782319183
321.96160354653057
319.3902596943116
313.4476735997733
308.58181519704385
303.3016021389432
296.5373308088135
291.43583651193893
284.3036862058872
282.38473393231027
280.80204701656345
279.664084832406
279.1463771109803
279.682873410779
278.6446536300007
278.90597892268175
276.8123248976344
277.3065773488931
275.87288964537316
274.3221819363639
272.9575970192575
271.36096142329603
271.1129192693072
269.96101470295156
270.2829946703893
268.5516126200026
267.38547502810616
266.7820746288342
265.51773694486366
264.1780222274074
262.6839863215593
261.5413359628837
257.9274123378197
257.26545693945064
255.4913474716843
255.99923274783708
255.14055533142218
256.49543869477475
256.68731318221313
257.14096371603176
256.8808380311418
257.6765303862787
259.0095128489078
259.16153393260305
259.1367474901626
260.14980430951283
261.8143228910285
262.91062787698337
262.2883059209293
258.3738715990029
254.72331830287342
248.23928243165278
244.0197360073135
238.8364328939442
232.9377094993514
229.78299144015895
223.28198903279676
218.5806541467191
217.18813382324788
214.52194841276005
214.94748265213724
213.03159929418194
211.75641167842372
209.1669213984521
207.30083494395083
205.8905072597539
