# format: from_node, to_node, traffic_class, traffic - demand values in each iteration
0
3
c
147.0177996566675
146.1603390064637
145.26523651219026
144.59684818231307
142.6732814410853
142.05738044486154
140.7406045989445
138.5450387199904
134.57721303471482
130.64564497030835
121.97984221201041
114.8254430097151
108.24234396850733
100.25241877174984
93.71295672172307
81.8646667477926
74.35734121292842
66.65585308247807
66.68725066043065
66.8517412250526
68.34628066515783
71.56374848435156
75.55460832193033
79.36501960108173
82.79524288389668
84.32038911030236
84.75906980038083
86.95601947100238
87.22237453305773
88.21256419813479
87.97404390621962
88.55797053280412
88.68517319249979
88.87169235955972
88.4055935107763
89.73852003841886
89.72026191853435
89.7361274351575
90.90857307248297
91.6766814970377
92.72729211302409
92.53797615899519
92.0959747609976
92.76985973805462
92.490980368289
92.85693124056908
92.80642466954572
91.70877275577952
91.99859086772982
91.7657319363739
91.81238590193361
91.64897627254514
91.2170728501399
91.2980653011998
92.08861605732443
92.11840104934593
92.75541233643506
92.23439503243014
92.21817916641162
91.63256977504756
91.99509700448401
92.44788187358182
91.6328331206978
90.62501101042038
90.3528497630062
90.47544839369301
89.2076937250062
89.19524089414773
91.22991251450216
93.39465468562837
96.9430246515276
100.46914786149124
102.69185614665892
108.69281636063356
111.98103049652656
115.96504029215573
116.68179938085461
116.80884452759311
116.51021833052424
116.91805361365421
118.3013365555197
117.22093520304928
116.8565405675208
116.55195940519368
117.51026661082363
117.21578961006901
117.09313733328021
117.50003765759946
116.88396525328704
117.18017469587794
117.05799205607083
117.98947428513651
119.13558150291101
120.92623559421811
128.43362906445412
137.36440710621588
147.30800152741008
154.62276645266613
161.1605759284783
169.89785136605312
177.2959845772001
183.12543912252795
184.9166300903574
184.70462759182507
183.30536840786905
181.74923860642187
178.0738570995557
177.297130186051
175.091973467613
174.13172405111607
175.01381430109228
175.74126031623814
176.42574223201942
176.4565965289624
176.1888395598823
175.9549297738307
175.21501964007433
173.78398529695318
170.54389634201775
168.24204255529455
166.4915015575721
163.16090585138707
160.59400805708782
156.94133927397522
155.22207473373294
153.67611819893656
152.8950029534889
153.55867316448084
152.62089073405588
153.8842073558528
156.03422266446677
156.01953377303244
156.2430518424736
155.81121271475251
155.3761717008242
153.92858184625427
153.95189264510265
154.37765919320626
154.34122977444176
154.10344687685156
155.96357154733133
158.88942397282543
163.30080990448832
167.42229710582689
170.26876476469144
173.75558895948615
178.72655077280135
183.22170461341705
187.39460799395167
190.90694623800297
191.55808776112718
190.82961421603733
189.22317937405182
184.6563620954961
181.52706779480266
176.94038041567137
172.97147116145044
169.09088888518113
166.03451044793235
160.88183178823667
157.44381298102434
156.48510099704745
154.54553425972256
154.0557558737783
157.3051628860612
160.83298121664723
166.5985078516931
169.81118941217042
174.67925263163153
178.239677733055
180.7556484636525
183.96470571608657
186.26407245645652
188.95511658355525
190.23347419168363
191.87730442288276
193.6431883313458
195.10127901179004
198.4993941296974
202.2795979932588
204.9819003441493
208.79379056220822
212.84891654405064
218.83831563973135
223.11819684217232
226.78936088605496
226.79761470565924
227.90121204941622
225.89287537533247
224.00130308978711
220.9677457522816
218.24223352384308
216.4034676913547
215.22278954881185
213.41810166816074
210.93424188150385
208.54195245780792
207.6386366296277
207.91834847799888
207.6529383919406
208.89872587399174
212.58729576552412
216.80478529700403
219.6646566960564
222.1089328015249
226.1093403702163
228.315961046594
234.03664510446086
236.47660316077904
239.27924990763614
238.90866636224874
238.94983282215912
237.79871044412346
237.38525203607605
234.61152822726396
233.71640907170286
232.65874783308254
232.09144240280233
231.98383536733166
231.2585472116505
231.73224976740443
231.92998397926334
230.63324621856276
230.48979511068333
229.38327321954054
228.09633582088574
224.19537339884982
219.50906972468488
216.03718270436858
212.34610711538645
208.49656943449733
202.93486334183183
200.72942265726118
199.74006838813906
198.80743650498613
199.69096226712625
198.49643794301568
199.82202072611605
197.79835116096567
198.06130662906153
198.05361015480173
196.19341243140082
195.7836266980265
193.9192068503922
193.2425500345424
192.4900649497355
192.40705435855637
192.50730723945057
191.38766259288565
191.40656032157753
189.8769284140956
189.29119817540652
189.1880870524109
187.93513140632587
186.59692945929737
185.09285576325252
183.6272808404607
182.5861368720431
182.24328284040138
182.60151174760216
182.19962802838535
183.02240976312774
182.93603414011605
183.93247776905872
184.8096523043818
183.9984958514711
184.36679538981707
185.3971707457794
185.68720250272875
185.90381037392967
186.81129446581429
187.56873279154505
185.17309232962998
181.1471145492903
178.11737049138202
173.74767076056216
170.0131957192008
165.87687639189986
163.01588156370534
159.81059623623216
157.48423410078604
154.92558974006076
153.70495391241928
153.71771436594008
151.672067857494
150.8523164956537
149.26488612651994
148.7647168306105
