# format: from_node, to_node, traffic_class, traffic - demand values in each iteration
23
4
a
184.41493067154917
181.68423471542366
181.20215837888645
179.7442735889479
178.7110072179062
176.02784145446148
174.64953857519384
172.80004677398824
168.42817744379389
162.68139095232846
152.12878784279877
144.1312473088133
135.57241846242576
125.23256897198313
116.71767741029579
103.33349293873468
93.03453484836172
85.71945258781903
83.33874468809907
83.2105205773618
86.405761425431
89.77652834300575
95.22107806235658
98.98956091911738
103.59078057275941
105.51778077533422
107.45420618014901
108.46435578846861
109.75591989779127
110.14631896840666
110.34754392089924
110.66875347117879
111.208741970166
111.35765901758745
111.77493215037079
111.59801127870604
112.16982912443099
112.67857243946165
113.67102964496804
114.64403082525565
116.2876793058472
115.99183697967887
116.10770733618186
116.21855982328195
115.43293360404327
115.75117475769764
114.53462138304579
115.37854429750497
114.98145098680895
115.08356290662536
114.88399320588036
115.73027474956841
114.34215009469634
114.51211669182065
114.93151771620018
114.77069161059278
115.0861291484224
115.63954515776652
115.17807940566705
115.18014680508567
114.3760787918015
115.30835965247401
114.6021700090582
113.63696189779839
113.15922547259883
112.85082224950254
111.72324863582563
111.95432323383703
114.25396136121175
117.77211106711319
122.76378180608188
125.40446612074429
128.90786708372082
134.08290327190497
138.24286341649272
145.9565562753605
146.28555295994843
145.96168407607135
146.2083844894805
146.07142775773744
147.04218763948992
146.47037538565104
146.43853965894226
146.49923235372154
146.33810322917773
146.62449793537206
145.74323754216692
146.41735729455198
146.5151612983483
147.87906154090078
147.61606970591913
147.71787269877663
150.3699683630617
152.46992831981478
161.70448173107238
170.44039193856258
184.48718770321508
192.4994039129408
200.26287061653264
213.49580439339047
222.75641479978145
228.71048335846277
230.7377303467136
230.5683806865501
228.84065374827227
226.6039806004221
223.38865103844924
220.5815926813964
219.338124305968
219.38648768293058
219.08553079369437
219.58142562324684
219.64420818992204
220.17145972437103
220.52314904982833
221.1828999448438
219.5739422097184
216.17524216782863
212.2135375377501
209.88465270560047
207.63653262715673
203.6390634120594
202.13988576982246
196.98461556701335
194.40771775867324
192.58854500911676
191.56222670271862
191.6969545705027
191.22104820242555
192.84534362563912
193.97003230034628
195.26231740422438
195.52122981494475
195.27711838937003
194.11860254538453
193.73695279441603
193.04052237830726
192.50870648845216
192.6796415552695
191.6611570915386
194.17474507107653
198.01127634030144
204.61170400455646
207.80394172045615
212.9619038825067
217.19877371106347
221.87586937943982
227.63307132456393
234.28088483361802
236.85062050591074
239.6019178495934
238.34927411528625
235.94164763953324
232.02600066603762
225.5063879732741
221.18145135803732
216.11167174284964
212.1395480911619
208.44413791394973
201.22043859967206
196.59050853449526
192.78594945308853
193.38363531059144
192.71540198569414
195.99196022033237
200.8996735997166
206.76149874394963
213.36913374349993
218.6732867711516
222.84678411455494
225.71432942159018
229.53566766530014
232.0055882000479
236.3039119842396
238.6411121220566
239.61833421742577
243.1595521503048
245.45341300623465
248.73738830383184
252.11752869944846
255.10580194224704
261.5850442807436
266.1038759624023
273.9685852051457
279.557099417969
282.7357212418597
285.0397223468444
284.0345671217128
282.58812162086093
279.1056461398856
275.48861283568283
273.04621655195325
270.20658910374635
268.6037036363545
267.09521502724476
264.41036561334334
261.99510630578595
260.21323782801954
259.7681394925701
259.7821076794656
263.3946057637381
264.89770490812816
270.3507397692055
274.05997921999113
279.59167103839764
282.8626857173669
286.520630973103
291.37486607122867
296.0902151191803
298.0154901401357
298.41773224596966
298.19771133075704
297.02755963123445
296.4083345222461
294.39816637373815
291.24275771935197
289.99281391425836
290.3274157011818
290.5642950232526
290.07778392134935
290.19092012702407
289.0922873411548
289.3527462535583
288.5862583972749
286.41049405070373
285.15181287286146
279.46983975139096
275.04038346885545
270.94466299621837
263.9266301299235
260.1079789922943
253.64079388985024
252.03322723070545
249.49040890735034
249.38844569701592
250.04156026472944
248.97435174906173
248.41193844538918
248.39435175297652
247.64028879210176
246.31265227905354
245.4976927210284
245.32810436892802
243.75451171676264
242.4312592533634
241.34760891583485
240.36680652203455
239.7113716104823
239.36851812837546
239.1380913897497
237.33025650967681
237.0011447017024
235.8737385694091
235.06607994883896
232.66731306914957
230.53629640197488
229.68504983493463
227.5074789095014
227.87076280034674
228.40965863065827
228.41338479168175
229.0748804758096
229.25498144765416
229.3343172968008
228.7270879045087
230.9817000614115
229.93185623662788
231.47754032950212
232.39702550271753
232.17027957101428
234.11096517653942
234.14069592506385
230.4111379614889
226.49453851497432
221.50608252649957
217.77437955462767
212.10772549277243
208.4748343267096
204.71839803041237
199.95711449096962
195.40391582926244
193.28939607115566
192.26889898643847
190.9898096169751
190.7712387412122
188.05445046379901
186.28167243140345
185.32569302171615
