# format: from_node, to_node, traffic_class, traffic - demand values in each iteration
13
10
c
143.9060834283955
142.66888997917283
141.63825255770715
141.7372193087787
140.22582753375104
138.37429527902842
135.83500767922743
135.40208436192538
131.6634390769373
126.66129440592778
119.69371086394582
114.40640302606097
105.87163573346105
98.6013971386889
90.54022909000818
80.98232373217611
71.96273347374296
67.02918238114655
64.74293799058783
65.48652776483512
66.47419690222299
70.4219316201498
74.50004839699834
77.14997441075444
81.00968133287675
82.32096135233755
83.75209865837853
84.55162829007743
85.5395333853918
85.66646957538475
85.72604082048377
86.60557161442752
86.35424204383536
87.07276633505731
87.31709452757029
87.18552832433211
87.6044478206512
88.1145591168549
89.21022190647341
89.36450191679981
90.09000313320297
90.69690091341984
89.5337408682808
90.76615490854012
91.24160140492575
90.03279575750051
90.57041078651176
90.1964373757147
90.19148907740313
89.46740696089668
89.94461121210924
90.44142635049778
89.85185692413559
90.27596002585688
89.55382307270821
89.71715015632074
90.76769800921585
90.27604892611622
89.93072325245
89.94625264002272
91.11568274167726
89.83868364206708
89.8344033767767
89.19694103603409
88.53979998461423
87.83015671495764
87.35589159556297
87.50733872609206
89.42150124648522
91.86737715071972
96.55729374038276
98.02966292933412
100.82696428793984
105.16720263215873
109.85966014948464
113.77178808678389
114.16415904517586
115.02567316360071
114.35072678335976
115.059145455634
114.34798607041566
114.21310250486066
114.55842471629485
114.22461137373267
114.89147702658165
114.97445622985211
114.41588645419108
115.48149897024123
114.78736435046349
115.19462204074478
115.53741796669635
116.2207306882439
117.8694694038234
117.58807115351092
126.49811292180397
134.3961256481265
143.41516400868662
150.38106885772115
156.98685229346472
167.62610413944714
174.04265562802084
178.51454340228935
179.66821306512776
180.79060031030744
179.18874616356337
177.1223122680319
174.51261445773426
173.36949862864776
171.5763763634543
170.3510468930844
172.12625632663162
172.63296360389222
172.3444276389003
172.79684832694934
173.70625703496412
172.68037469204845
171.76567980065096
169.74897150337642
165.7715642297393
165.16406580747196
161.27590186693436
159.9740640610441
157.4563255460059
155.2153251856175
151.422646296282
149.71558563852147
149.43632282211414
149.7586242598254
150.85720641193865
150.69890975449349
152.35773501032654
151.97926997891602
153.71621721867695
152.0621664854905
152.599454823059
151.7697954330792
151.67885452861722
150.93066980225714
150.57781287861732
150.22506878435638
151.9298158934009
155.44346078938085
159.49119878334002
162.29098967686917
166.39201528276098
169.7780991520855
173.98147703551297
178.2209777101898
183.15781814552338
186.39242845827204
187.24050366819125
187.8775676089764
185.62951682522788
180.51899322068908
176.8546541723666
173.01344081374882
168.93901065684835
165.92602208047498
163.27484677210333
157.89368946888246
154.5821573042043
152.40130010327417
150.19561971371198
150.95836054165383
153.1179442678129
156.81448258028882
162.61528765800452
166.2914070722085
171.27428423491835
174.17162753727735
175.78435703951212
179.48618320990454
181.69235145650126
185.20541371799442
185.47738407066882
186.860922408693
189.61637240684388
191.87477506719136
193.65599527906778
196.4394891441889
200.9055361862683
204.59045510113006
207.98189371254276
214.58442946634008
217.93291016719527
221.5923327713203
222.81442068318788
223.48296717836013
221.54688900550684
219.02375868063794
217.37495190529594
213.79343212816826
211.41914108310806
209.7203684988869
208.71000865171396
206.8776418310697
204.4077958662301
203.33192428538325
204.0010546492881
202.80611724005146
204.57003843194877
207.03702163502038
211.51954049043442
214.5801503409064
218.43294292852005
221.74911243249153
223.79852696318497
228.01148198989512
230.25104593307586
233.35458748031385
234.6413079396949
233.5190441006454
232.79099717070437
231.46150284315019
229.24798042540425
228.15764759730752
227.36117953393384
227.16741212905782
226.90127246592814
226.77837139201907
226.57247378256537
225.739091014679
226.8490281968967
225.93016201252422
224.1063136944252
223.7378877802154
219.63308867306125
215.63998918625958
211.5009436797341
206.75005155271413
203.23793060233612
198.9253433250069
197.3554171596885
195.54127493249482
195.9683035649189
195.4221697953029
194.6289138589841
194.77768695884836
194.41748478386646
194.41270317571235
193.3452348147592
192.5448629805266
190.83316992150245
190.3943534201458
189.3437666539633
188.80719836754653
188.5425771108824
188.0288225419803
187.61519899856785
186.45266928683725
185.77609442352397
185.46430441439202
183.86294363036157
183.07704348372798
181.90017272062252
180.71362187882733
179.07712330711152
178.23973804301366
179.1965758127801
178.22313710122933
178.40679250878222
179.36444434467305
178.84679303591514
179.12436724847424
179.67157821616837
179.95265735915584
179.86730721999973
180.9063360281879
181.25038981550884
182.73114927909432
183.16576310407336
182.9057539702837
180.11910847678567
177.73076782159413
173.376668826241
169.2383620941844
165.41304092110556
163.59693202608807
159.98780279360096
156.32455733634455
153.43169665473349
151.88223476906413
150.39542647901658
149.87253751303183
148.46915706786112
147.51041261977915
146.20366756008806
144.85012578496924
