# format: from_node, to_node, traffic_class, traffic - demand values in each iteration
2
7
c
105.0052540276432
104.62861574134224
104.18885537299484
102.92930429055784
101.98029004131327
100.81341903537026
99.40295069175048
99.59447211777805
95.45450619734191
93.28811386199273
87.08039279303028
82.7446973016033
77.54356154129813
71.98899489638588
67.09395414959953
58.75984705358695
54.04753257550513
49.03404806748852
47.219722495241925
48.415213258927885
49.75046510229284
51.14258682513173
54.40758638084294
56.77606166111451
59.31283000668413
60.51155679338964
61.548890378069586
61.057767624304965
62.61455509045303
63.81818859793729
63.79639042395472
63.502771779188215
62.87458053961839
63.312214656183656
63.36188667219885
64.22360317129821
63.95834822336594
64.44113832432942
65.17182130359649
65.06218052774103
66.60794927979317
65.87076588048502
66.4989366008736
66.30781598519943
67.31604671378636
66.22755795412311
66.32706268260664
66.35327208972164
65.16920621220602
65.34264418971877
65.36194511153181
66.07377016490665
65.9796143531053
66.15987936842112
65.59184696842054
65.69986507069804
65.64270366697285
66.0296199345886
66.38298104406648
65.65408773984025
65.21135733226497
66.18598080493166
65.36081113991786
65.22920557222996
64.29448130852431
64.84985238478367
65.15412437034473
64.71485349715793
64.83858476537145
68.02584193503851
70.34642972217478
71.42117417572956
74.25763037233665
77.67287530210542
80.0672549364416
83.32643502528539
83.91059700780475
83.7963058631355
82.97044604145195
83.6993560190194
84.62715769722521
84.82935108343676
83.44527952310412
84.31218957827392
84.23770418993264
83.40871649616686
83.45542889911938
83.67233017436337
84.84159173309625
84.31436713931933
84.1109762661225
84.48079570173272
84.95336045847435
88.20025015595695
92.587627124474
98.10087059555151
105.29322491534022
109.9351684478888
115.30836415920798
122.49531993410461
127.62916554720226
131.8326721657146
132.43125972855435
133.0301449037554
131.95655378503966
129.68978327976345
128.26352945922432
126.7067904552203
125.6869655524717
125.64769617018871
125.50009278766338
126.53847104010549
126.01837860096035
125.70361365420234
126.85896977476058
127.22113784191357
125.75140488347085
124.70326873586926
121.01983243555459
120.63758307282475
119.24856460998711
116.95654290441716
115.16249533607345
112.82616877820568
111.17262901345558
110.79497600581213
110.10881569750835
109.92257060898694
109.92633892879684
110.49001369779222
111.32168198057548
111.26172948641499
112.37746400847014
111.980857865805
112.14425843948776
111.12630832989875
110.66041560299327
110.30380101595823
109.86550412450957
110.36458973776298
112.45798769313255
114.18623526229358
116.87870976464694
118.91457675169623
122.10140159460059
124.08682655437467
127.40814386511151
131.5936339879905
133.68304692653604
135.8711886757938
137.64096630659387
136.8667486537171
135.27243462532914
132.93874365337695
129.42088112303784
127.0811284316682
124.18908367874742
123.02227879409854
118.81408269221689
116.73708803265306
113.34923911247718
112.55791096395544
110.92079654018838
110.38560358777376
113.40122472641316
114.874496509017
119.19954971168201
121.75777908122967
125.04162385730557
127.91803137373805
129.83866972143323
131.30067138050674
132.73969365660324
135.41834123493575
136.72476962149764
137.96594727594186
138.72672454950597
140.61037369061532
144.82145598658568
144.93336145783437
146.9574331863672
150.15481195990245
152.8681689845541
157.01342768090373
161.33596972079755
162.33549778417134
163.5414556941553
163.8384309362781
162.45564977936428
159.8585527440952
158.65985359942178
156.19844349631458
154.9630793117059
153.4792934103201
152.63555943753101
151.36174975660643
150.32763911290712
150.13373483608603
148.61319742359373
150.0379656301452
150.11446929017987
152.6396875607839
155.52340661123122
157.65776475067702
159.3372017460142
162.17083286838118
164.21165328346763
167.05099293940685
169.1832487319496
171.25008612267848
171.53132404973857
171.48434454807898
170.83834342227175
169.40144962503967
168.92653535394624
166.97623331088332
166.83850876526625
166.62696723790086
166.52036770131548
165.8024241242679
165.84492906362593
166.99006844595314
165.25702718698295
165.59298539609185
164.36224150172103
163.92970955139555
161.12303534075295
157.1800500481708
155.10193587858498
150.83976332262853
149.54617931096124
145.28435948311133
144.81331291675707
144.0054362271173
143.42150842962607
142.98878596242866
142.27653336555232
142.22381013740952
142.89427930594422
143.0046950148777
142.00758769490406
141.313610850853
140.20817438186393
140.332019044642
138.87299951993788
138.02216146536608
138.99999759742565
137.9500164359309
137.37187447096875
137.13116388607273
136.8628256938581
135.79877103723962
135.1662505047691
135.31842577269717
133.10649432776043
132.29452599665456
132.1607161469798
131.5100401552242
130.49712032604418
131.1737108340195
131.57504812608775
131.2124763848066
130.7325725003598
132.4053325195281
133.26103008335602
131.13678949882058
132.79749002971204
132.35960802952962
133.3277736089033
134.54161691123085
134.0468664246158
133.98741453484428
133.06668243233685
130.3589917326466
126.69769422194652
124.73798256154447
122.149340921551
119.11866223081704
117.50996538715583
113.78374327245605
112.00443403066177
110.92616936122654
110.18716072248378
110.02426596936503
109.65773960919564
107.6588509808002
108.09035651576667
106.67717041617627
