# format: from_node, to_node, traffic_class, traffic - demand values in each iteration
10
19
b
121.91775580610748
120.18551103529637
119.95764786867471
119.78234067863251
117.68811407120724
116.12722512580274
116.31926942605506
114.5523019696775
111.30168272898561
107.12505972301521
99.94463924343489
95.97809417346141
89.70900093469811
83.22136461875313
77.53211923168398
67.66712203082946
61.62057621202056
56.42551946904333
54.620549021446685
55.781680017571986
56.47696311197743
59.21495482645873
63.31853906502531
65.25896479683242
68.49165803975109
69.17169315061231
70.0816060482881
71.78045841392142
73.71683523598672
71.7783514222216
73.46486600544823
72.62234940182987
72.68739451417598
72.80723653962545
73.91288276594858
74.13653282441476
74.73018520488488
75.38779309870525
75.04821567279912
76.09609253211599
75.3377910306585
76.47797567407953
76.08789677104001
77.1712268317997
76.26252503216561
75.85102492611692
76.42908364362327
75.90170423824965
76.63665480427588
77.34698864003083
75.57447751765928
76.00434603756752
75.37539178998615
75.81479907076114
74.89851223585853
76.1386733704401
76.031334103326
75.66892773159674
76.40354532344524
75.43331353295977
75.33303518065276
75.30641525483483
76.1061131916228
75.20469054848623
74.90302168459101
73.83933338374767
74.66322140744452
73.79960219121838
75.27065949606143
78.42510957293452
80.10553823066061
82.53810355899572
86.36533146746741
89.78720566438231
91.81946268547436
97.07595275517059
96.26372663450411
96.16964762022262
95.92473362676925
96.79706692678032
96.64034817825895
98.03443592054174
96.8494299846684
96.70744037408616
97.49534834470927
96.294196466603
96.11266581347753
96.73459975395735
97.05499344706473
97.51780684140408
98.0812444009613
97.69612763705354
99.10940417295554
99.86003662894723
105.6300515985655
113.76119314004464
121.72984789624512
127.91484385194923
132.7268945816289
141.5114526772507
145.8017798246072
151.6495495826671
152.51660070945636
151.92803299102772
151.23707215459575
148.64769580866005
147.79838686381504
147.31300873891368
144.18369870851853
143.55257572858713
144.6734255060107
144.65828745194312
144.9293898376531
145.96959337052397
145.08844612193602
146.13291023713856
145.31155345550843
142.86634317005726
140.81768762677942
138.93162472712848
137.25520938300045
134.74561127825515
133.0803005536841
130.0245766593908
128.9078804881422
125.81330939335895
126.49063701216768
126.56551801271371
126.63980635431896
127.904087178374
127.95997346676356
128.65233787065722
129.63757171071336
128.69983033731805
128.97118293341728
127.85831464867802
128.02980186647915
127.62565911292728
127.6100336243445
127.02689676559949
129.31089373735122
131.12086726767035
135.23648658658203
137.2173324189921
140.5467805183864
143.6134990938202
146.84685836650186
150.95925718289163
155.7161867961872
157.76688051912524
158.27188613248902
158.3630468572746
155.54367647769382
153.07932889164402
149.16182334368906
146.43714440029112
142.56212153197345
140.0167088762783
137.11265171733652
133.7183177907533
129.8949447192398
128.51326368003436
127.53702885327837
127.2860584133314
129.5664826768955
132.65555624701597
137.89251049084987
140.37091644872913
144.93863029038158
146.8040095961615
149.4885698294627
151.57497071994064
152.73869550310317
155.38815215659082
156.8643494590002
158.30751540696176
160.05033568512835
161.57430132460726
165.34581492767686
165.27886697325872
169.7320904742364
173.14267279447753
175.8911181477023
181.03017509867178
183.12362542948998
187.03593264679967
187.73705287992192
187.76603931635856
186.58688085229676
184.3351137790662
183.05165628316146
180.6151457800707
179.35107244826676
177.4144488036272
176.282061982396
175.16546060634445
173.91552711552004
172.2964626826125
172.41433177678294
171.11840560711633
172.49943402603057
174.6613715471129
178.34039431060185
182.04318116311447
184.943451218293
186.56389261921873
188.40107742348098
192.82073169927452
195.16506441625276
196.6735778116342
198.02065556156123
197.59499652044576
196.8850456501963
195.61167433366603
194.1497327679426
193.9884470612044
192.60887992872435
191.3778677185937
191.2898984271752
192.12964434634367
191.5077949139384
190.41951377968422
191.11356878093926
190.7043479038734
189.565838268371
187.89444784944791
184.55575932033403
181.94254142914957
178.28157972336038
174.1470295076167
171.56233145974798
167.04095381036655
165.7733844889788
165.6840868809658
165.54261874107794
165.4682197756396
164.3249009061053
163.9868077835708
164.52357822828537
163.16811911012832
162.98544088165173
162.28678132541677
161.3873600771633
160.01706044311123
160.21650823648577
159.08253423429565
158.7165664481343
158.00133741478487
158.20930308364646
157.51625084762586
157.52246379511155
156.71557320555326
156.01591673906535
155.23699671759812
154.31705000668836
152.45565809698334
151.01696903075552
151.67904496905092
150.5981044966677
150.67647550815568
151.07211071793287
151.02459818299766
151.4984441663226
150.9534487877078
153.1357326653128
151.5311264170992
152.08731396273689
153.10612314974102
153.10608763748547
154.51828388230172
153.812515155934
154.19752845340264
152.0481403140592
150.04157594222966
146.43409945182208
143.34248971165692
140.89793823338044
138.27056430035702
134.35904261434672
132.22282906679803
129.98818276753846
128.03078229651626
126.57559145956316
125.99881456989311
125.71873560482315
125.5967105172751
123.36047722307951
121.8893435957964
