# format: from_node, to_node, traffic_class, traffic - demand values in each iteration
23
19
d
208.2261757214627
206.18401362877103
204.58779487482983
203.51230850124236
201.31818191869203
200.15444103896039
197.65077171297688
195.375866065858
189.5479266269538
183.85890086728472
172.29217656830025
163.6408108130904
151.75787692091575
142.66725832993194
131.66902225806612
115.90889476866546
104.94963188887391
96.7602624438696
93.6399461190175
94.06200114366318
97.30645372809606
101.04535961779662
106.43568922647302
112.74688418619293
116.7627474222832
118.87313051596375
120.5149142772909
122.74224743792608
122.85229656269529
124.19458371169787
125.11843271167237
125.14984026139763
125.58175906383788
125.42427762819693
126.43711980886195
126.29795475116467
126.81044220229747
126.81695875722758
128.71755192199808
129.50590791049746
130.5056228521849
131.9030920314135
130.61275863233112
131.50272668381155
131.43396691468035
130.5364361092923
129.8395615627033
129.81172325156197
130.5250435008575
130.47082853479282
129.59444726436598
130.1655889824107
129.1251752215935
129.86813663844234
130.14578828884453
130.2813103408563
129.68111820727182
129.94128976788195
129.78039214047033
130.06356566323342
130.45777415268117
130.34269434289632
129.29084803485566
127.02431735716158
128.47028063500048
127.19595226210659
126.3702124333039
125.60281088912878
129.34844545147783
132.3487764414091
139.09588593179546
141.5083306608334
146.68369745154564
153.13895921429554
158.710713445074
164.6369986688386
163.4440794274474
165.79817622571207
164.62187112163403
165.2094914564233
165.50447128291253
164.85988326233468
166.14123532861495
165.60331022257333
165.67549939360424
165.47549590695584
165.2736827685133
165.53784000985644
165.5463387989869
165.77596263205893
166.32690692670778
167.33462328399153
169.66916021622905
170.9281349659316
182.55065976162
193.791140935778
207.870940861781
217.97762016938802
227.4997480003745
241.11791773806033
250.45295614289475
258.51796538681197
261.1912618983022
260.41520986811975
258.58342977423206
256.9373872127209
253.41677907343083
250.25384905576328
247.2157571678692
246.6756250388874
247.33544966340457
247.72133248866183
248.25817851646374
249.26970247698938
249.59398515857865
249.02531037472392
248.57068729454141
244.82894822814424
240.51279378636596
237.2371733184968
234.54131072967715
230.4449967304503
227.541286901464
222.89397451677405
219.63799289733936
216.58827145309053
215.21144560756542
216.72345950509828
217.06491480997568
217.50677164344742
219.41896083915688
220.11347814594885
221.49390350135144
220.69980536532591
221.048659695444
220.1330464230335
218.4989925181642
218.34060832218697
217.75243147009877
217.28752055048747
218.84887722851246
224.736104451468
230.2789129829984
235.7490773235029
240.70693269356045
245.2978266659866
250.239923681647
258.6798077454188
264.4599960739504
268.55380717442426
270.52398794601316
269.7139277997424
266.87002594824366
261.9323888489495
254.70406911817187
249.7770954467617
244.6431291830444
239.10988353893708
234.48388954278684
228.32423577468612
223.52593058863192
219.18640073342962
217.86862365977518
216.6803871400876
220.65972549844489
225.59220461167317
234.66639648837253
239.65833507216564
247.11190804026236
251.44335749324512
254.77791225158302
259.41133497924636
263.3522572733293
266.8414510895839
268.13075661470145
271.1426589435241
273.97792698360996
277.33608985974377
280.73126525875676
284.3774547733021
289.37145591467
295.1818407325484
300.86786412335397
309.12833065558
314.6268452098368
321.132147598213
320.9911267922961
321.4236764914468
319.1872417422494
316.50871474812067
312.0396873191061
309.33149072672774
305.61859405091246
303.0364877187154
301.52291452670215
298.5463188987145
296.19874454833996
294.97388874230995
293.7289449004022
293.2596622465999
296.16397430954
301.3696839033239
305.96678344339233
310.70413187352153
316.1679218688144
320.0466454380171
323.0415728740703
329.3832747639286
334.7757175503813
337.18862607617154
338.1018583014525
337.2996961297677
336.8859374564604
334.8303072291373
332.76906174570047
330.0098298742872
328.3582343527248
327.7081325323532
327.09770281210933
326.945934805819
327.4219547951736
326.84906134524147
326.6995066041572
326.0924956431178
323.9900218495114
320.984007400634
315.8394170928214
310.9689441660547
305.4177132433257
298.81902024575663
292.61954236147346
286.4359805472651
283.4271820697836
282.7988740641461
281.90198614416596
282.5136492120343
280.9709624724218
281.27083133883934
279.7858776826583
280.8645114447245
279.2960806025179
277.7689520116964
276.17008436310414
274.5846111846308
274.26485868509644
272.6876104435889
272.33038923840263
271.74453992601934
270.25564133224975
270.4747668975162
268.1526879170032
267.132943349204
266.44787892265606
265.03286898904094
262.6979573873423
260.44197116766065
259.371699250992
258.31121684165953
258.31120242396395
258.40429031633096
258.1417340106219
258.2559170796815
258.38278323642857
259.92731773757737
260.18156093660554
260.24784636041437
261.720548794028
261.86750412426755
263.5599601468328
263.67566539614336
263.55668401978636
263.20877981863106
261.58309897703714
255.57410893370434
250.43063982760944
245.98680227836775
240.9244684537151
235.61184280414506
231.20001386474377
226.09471996544224
221.67678549593307
218.67639159729268
216.88732302628236
215.96308766221827
215.12247358172078
212.76175279039813
211.4602960117012
209.77384004194005
