# format: from_node, to_node, traffic_class, traffic - demand values in each iteration
9
5
d
173.98926646363103
172.5503975518139
171.43557561383267
170.64309867552961
169.66534143615795
166.65848951748487
165.1197814598929
164.48741821097298
159.68534242579847
154.81754400728335
144.81167340392426
136.82312549763353
127.82360478279817
119.75113759552244
110.77373833745553
97.6527335062112
88.23634742632008
80.88489409743354
79.13074786024434
79.21103553182981
81.4713782072411
86.10608211700084
88.99065772244704
93.91062700255594
98.29259459054431
100.04972642986998
101.36783733044915
102.03693970614074
104.11400968725738
104.97040465490194
105.6224117491884
105.29884166964041
105.33618081431193
104.82671102626074
105.80780519323643
105.35140582672658
106.73727762180283
106.85469225700062
108.43438454118248
108.78489434683176
109.30990638638434
110.28264935464158
110.07437571816185
110.66066445822892
109.61790749863329
109.51157681943369
108.17222890408814
109.05308471222864
108.61179273961862
109.24338228245064
109.40452071838457
108.4616862465117
110.26341482714491
108.40515969191803
108.99834623457268
108.28885723707525
109.16428819707545
108.82615178939476
107.64494301495185
109.4493004004597
109.50955624455975
109.0255737978083
109.71014633014222
108.9399375073468
107.09077644268146
106.59102304260024
105.98735760436847
107.56465200352194
108.83147933052399
111.12556488094631
115.57394706269051
119.03359233981855
122.35253567914681
128.02174974708296
131.2816513061013
137.68813663033797
137.5049835096777
137.59322600608914
139.04400012667938
138.82053688722377
138.69615307674465
138.64549525308516
138.863698826978
138.82199047352617
138.76734523519562
139.04032825836538
139.83559373336183
138.04855700591895
138.5190566669824
138.52393840619504
140.05549920844734
140.2806398040955
141.46910580327614
144.08630048422432
152.75684185077262
162.3533376705711
175.24676519622682
182.94296199586427
189.88713150764553
202.47389640024025
211.9500831557562
217.43452341327972
218.2480934397625
218.3848020573488
217.45693849574425
215.0962882650072
212.16705565599372
209.33480336400282
207.3596855914868
207.01436933992676
207.53538875078175
208.27929881350332
207.57913030015195
209.22271433940247
209.68943586548883
209.59018216960303
207.93050946007142
204.81043493038484
201.43348658427746
199.7204362266448
195.84289921929135
192.91087741245784
191.2703587502073
186.2051985555429
183.46456475962242
182.16366518656173
180.38286280280684
181.1581026424523
181.87088785753053
183.22062329526875
183.73627904811082
184.41490566431327
185.48774494917578
185.80555497504923
184.81598405718987
183.78983633189392
182.58847257698426
182.42500646715487
181.332869007916
181.5422823530919
184.3401962988349
188.31055222382565
193.97057678759208
197.69759616361063
201.52149720226092
205.6080140924977
209.7291267155433
216.47768078298
222.2478377767629
225.22289599462007
227.44298860034436
226.9419780038942
224.23123752370526
220.12191571281917
213.43663227764242
209.30084165893675
205.03425123197724
201.39518675981984
196.957073012261
191.3668274445351
187.66574663862403
182.94658897119982
182.3443480122946
182.9471416647885
186.03272447951636
189.87788154475388
197.1072691085331
201.30270230558332
208.17571787000927
211.55957220796296
213.95811294569089
217.42652910795388
220.53108731272448
223.94654652316748
225.07946102601898
227.05181129218366
231.18827496047436
232.7123940655205
235.9420588198684
239.03871869120903
241.96892285323207
247.22108616610313
252.59647460870704
259.0442744249452
264.2812360586116
269.00826199941577
268.91388377327763
269.074258449093
267.2792641447376
265.63306677599564
260.88900291824757
258.9707260416156
256.3574324241425
255.04567145706724
252.11560956932675
250.55288993023
248.8261733802014
245.8947623126209
246.69238117412024
245.42562105196862
247.9915614055705
251.9047428611669
256.3662507915823
260.3478621667371
264.1727706991821
267.54313107532147
271.249505982173
275.58007640500614
280.2613867034227
282.74566043734086
283.5200708850177
283.28866919343676
282.042116374066
281.4816658589479
278.1997315594505
276.95688917288226
275.4278355553515
275.9064263326643
274.4564728741241
275.2143879234959
275.0200176671348
273.92813817318773
274.27132252821
272.95231540484724
271.4209789937094
269.4634026531283
265.5200416059485
261.4056855379186
256.5201110500164
251.66562522545905
246.00201418921773
240.03566943629232
237.9222868786892
236.91979485497157
236.0754881841556
236.60752972300054
235.84456039619968
236.06391630812624
235.2429931090777
234.72236517146374
233.3865239968108
232.62998839518283
231.65054698206953
231.1662073484472
229.95221233986265
228.36761205605936
227.22807803598906
227.79293029831805
227.20697390548955
225.68709380243783
225.37571363288816
225.21442509339263
222.66201460265077
221.98765722596687
220.71963398865665
218.59063064958093
217.11700718912456
215.22704091626858
215.1844323416748
216.73022523738672
216.12243099486628
217.56902308251645
216.23021893678958
217.6436879081754
218.1586387407087
217.92371904455004
219.5754910584674
218.60683309630997
220.48962964756456
221.00326080781014
221.5906594964766
221.47289267087365
219.15657914774792
215.70166138380847
209.3558068758209
206.04737180312912
202.60726303115223
196.26197004164308
193.9180435282818
189.12896197401983
185.91074710402265
183.94442317962654
182.1085484274383
181.30982081365195
181.10620536350743
178.80607382851292
176.56983307776477
176.62486878842836
