# format: from_node, to_node, traffic_class, traffic - demand values in each iteration
9
0
e
189.59944348632652
187.26657020339044
185.7354407848324
184.46719525247056
183.31188021415724
180.9875597353321
180.04402239401483
177.09930189991715
173.13624196202642
167.84757824185266
156.12709676371338
148.22412086642035
139.1568457951668
129.04721734359507
119.81874217925214
107.29468834207493
95.04193226419376
86.90377503768235
85.35194822768783
85.87279249203856
88.11450053569742
92.16377159517481
97.87282776159259
101.51409648135687
106.91923734649647
108.23598639961045
109.62131877877937
110.8693339101001
112.20898339708694
113.1719644852832
113.00008677480545
113.6545908179978
113.25727706713938
113.59539152607898
114.81390010025088
115.83982841900443
114.84577651798894
115.77804492932135
116.46521833454581
117.56500168322118
118.23255421244968
118.89786659732279
118.84760024955965
119.917556686939
118.93862798124249
118.60833755423931
118.39822970207666
118.49079829046441
117.85897130919668
118.01514414075746
117.97780084991291
118.30900837903194
117.53365445817231
117.84588173533109
118.44181590171182
117.54281886896271
118.01949521772487
118.71567861189203
118.01647756549193
118.04443408035151
118.45189534278397
118.20067830932449
116.71039788685457
117.22068249093115
116.01237618983245
114.84160790591083
115.6511640679083
115.13942295816251
116.44979945055442
120.34028832536576
124.71799536958301
127.51056824943615
132.81215885022078
138.28665816963402
142.768487147486
149.1236185527775
149.53393473513327
150.59684546295105
150.0776809321239
149.5294842389169
150.31177712395422
150.77579884408715
149.99902573778112
150.77552240691747
150.6507540183773
150.29657653387812
150.9601108230666
149.93539926288435
149.86318703288222
151.0271550893563
151.26647675397393
151.70676029651145
153.00619816722585
155.51021771992782
166.21008476753738
176.04665134089893
189.36343818908472
197.74249715870565
206.13503332394305
218.16445965199242
228.6216196243618
234.93564961620058
237.3776218302289
235.99982753547857
234.8856012043597
232.71500598175646
229.1342512852388
227.1541408361182
224.09238395778996
224.83346843281745
224.74603114861958
225.82305175802196
225.39660088621866
226.58765838153138
226.3325524676342
227.73364959733084
224.68753602123502
222.1768678434546
218.93571676322048
215.56110317274502
212.3915247226484
210.70112094124846
205.85468354147196
203.74415055866547
199.5816399668403
197.28665397991213
196.5589422671489
195.92174075016138
197.03134460333504
198.15749865759093
198.7876301893892
199.80789614915176
200.55897326462417
199.85606572467535
199.5217928187789
198.55589603748035
197.02334435460855
197.52390616365045
196.40575379237038
196.99812166334056
199.37206190873874
203.50655260508356
209.0152758096974
213.493983521852
217.98652604905234
223.0670838071689
227.70222653095936
235.07541362574148
240.45779779474947
243.7850527520806
244.32013436320437
245.02423683193715
242.14432801908828
238.29916207251847
231.38571299335317
226.25994279285464
221.26031869548618
217.12191934622928
213.50288949532322
206.63582519105051
202.91765804040514
199.21340520904286
198.1131451151427
197.71947521831805
200.70394479992925
205.68497031546048
212.823631174336
217.96095138291386
223.8376161439462
228.1792639868291
230.9199791335364
234.00771467348338
237.6668089037768
242.2217636919707
243.89123677054914
245.6919032226055
248.14908886132363
252.69167220205225
255.94577846300078
258.6587919868457
262.1837496780292
268.01848182773597
273.2121487471603
280.94710685510915
285.49115694582633
288.9576753164049
292.2189124426382
291.9337991888844
289.5580898559043
287.0112078881587
283.98593512308355
280.82741683812736
276.8955597820219
275.50891334817084
273.9636147046579
270.6352200166687
268.95106759811324
266.981217055991
266.6760342588816
266.7687751684649
269.69318389450495
272.0116320589766
276.99507500819703
281.26381763862565
287.1646414109821
289.35334749533945
293.8080943901014
299.34340176310235
303.2257091483938
306.6021521589047
306.5601586298512
307.2532740440729
305.87890952059934
303.8460721638921
301.07123712700667
299.8481398490035
298.20624900213613
297.8260903205606
296.7776371280154
297.9318315821916
297.1261297215841
297.24543856115724
296.2665948505133
295.2985047171586
293.06157980048755
291.6240469490627
287.1407645924898
282.9847169946962
277.2720691344007
271.9428677757509
266.1896450928941
260.3867757846236
258.1835349661182
256.74578890145204
256.0680881888296
255.78337165497967
256.55416693787566
255.52414125470708
254.2815490322953
253.3640981499243
253.6103688205714
253.24048758373897
252.04015007322516
249.99945543655053
248.72801476231453
247.4369249860268
247.2757232066802
246.1320741604722
245.69197515439834
245.26846325753561
244.03707579841011
242.86276036906276
241.4175696033953
240.57883468214965
238.09029256968526
237.2098549400621
234.50969191545164
235.19332621093284
233.83262631710758
234.28446767031514
234.89684568663748
235.47887906439692
234.3620189815911
235.71984640662296
235.69006916201835
235.95776011993195
236.6805506687264
236.57412077651747
238.13026162342385
239.41308226536214
239.5276644134643
239.15903599581708
235.90854065232807
232.8608604588977
227.6937141432788
223.1393296948544
218.54737994747424
212.58931152462662
209.99370603812
205.36314259061396
201.50323405085436
197.16112984695138
197.11836110098446
196.968102856272
194.6245881741586
193.14855016650193
191.54003470135794
189.98945059165717
