# format: from_node, to_node, traffic_class, traffic - demand values in each iteration
27
15
c
195.26111449716282
191.87972806626533
192.29534993643293
190.24803671542443
189.38230860995083
186.45888255395985
184.57386126764928
183.3520093721444
178.55512413610853
173.13735895211673
160.99816493726158
153.06043617563296
143.29695182275816
133.33563204906545
124.1322808818915
109.68755952993327
98.6807990476541
90.65754907052434
88.77524467711726
89.28643827602447
91.00205895895081
95.22778370361402
101.07126163250943
105.30109974546926
109.50102604364939
111.15510819616294
112.3256956823599
114.14541001006673
116.12725322801745
117.53694068946737
117.74137576083464
117.62947512194896
116.98228729651741
116.63963364825149
118.30261426431018
117.792018018061
119.90737115382937
119.27544545820876
119.94404190714555
120.24408377536741
121.96213173533074
122.49821423329941
123.30045905475484
122.99920854164276
123.33476634937355
123.91102787655811
122.37777303575778
122.02408461780794
122.19527242178744
122.02754313340449
122.12476050272727
122.2368697106918
122.14938784295165
122.46642734611441
122.21623865846652
122.33488108337288
121.27206590414643
122.45139512517532
122.4173432766699
121.04852596021662
122.9239422718272
121.98951915898552
121.13907860389436
120.25371266405611
118.9129116206208
120.10593738243944
119.84795507590175
118.7776786927314
122.12495860033944
125.35575028463832
130.04125237050076
132.78880479823482
137.60189073212197
143.222125760668
147.44465790299833
153.6312811892939
155.16719162093284
154.50303158404495
154.67729887566784
155.20593395215784
155.0203185368047
155.08121538633412
154.9106944991196
155.33559857033805
155.55881132486658
156.57706007879702
155.09189306765836
155.76028270842824
155.07811939177705
155.39940149733494
156.80969499782216
157.10700421873014
158.7115183779312
161.14820073461905
172.09891943780818
181.63477288022693
195.06791316734626
204.20287465371217
212.17907217896433
226.1196314960758
235.8930790007384
243.39720517673265
244.58661828398849
244.80893550795707
243.10210000013362
240.59738730813575
238.016844415013
233.83951761643632
231.2568545753471
232.48545187266106
232.81200672329805
232.97494324257792
233.6552657880775
234.5314531604169
234.75515244326763
233.69531215474166
231.89902610076095
229.50962797888695
225.50082577151915
223.0828107593165
219.2251266875492
216.8748723880189
213.26654308726808
209.07916612303876
205.3380341654984
203.7145801962494
203.00700356897858
203.92038511016926
204.26087728775025
204.49302119808686
206.48178767902738
206.47654268167926
207.67879467598684
207.19416297072047
206.48539093821904
206.4351349008545
204.55316141306994
204.1330423496749
204.18421198910485
203.97473641995234
206.19856726273858
210.70048930191678
216.5660851398537
220.79404757990383
225.73486016180635
231.25359865184512
236.1694042215945
242.9814232070067
247.77648821057397
251.40867889674317
253.19348832580508
253.8746234041133
250.63347740465352
246.44817084794116
239.50239971747857
234.60949322556058
229.51117647917044
224.25443013529093
220.90091937498377
213.83461364041048
209.04880047253977
205.8781642164292
204.28230841321817
204.48732221577256
208.5706390498214
213.20603140996204
220.6525443618882
224.80831615937512
231.27085875051998
235.6719157271929
239.09672834370676
242.98454783052412
246.8645514474255
249.90354615792955
251.68901136111364
253.82501765225095
257.26341903578333
260.1188923718491
264.4867082251621
267.5081006440146
271.9516696563585
276.4731888165206
281.4076315880161
290.21580327214156
295.3147210517064
300.77065280388155
301.4804133053027
301.8459901225936
299.7387203069425
295.9753802008631
292.6544464588783
290.281606715371
287.4843084039784
284.41534188449145
282.79541594441054
280.5471711130081
277.70878783274173
275.5836623452506
274.791194231207
274.913839817714
278.1616612498499
282.5962799312909
286.8896087657955
290.3676423876064
296.27781890606764
300.0080068700033
303.47603477567145
308.61836899344655
312.25341363148135
317.7396737338726
316.562883196604
317.4997905558938
316.0465674370246
314.0119496059075
311.935770011329
310.05371510533456
307.1354949053786
308.8551943709665
307.37914799278826
307.1309937804123
307.27398982500523
306.38892709595484
306.4562144694332
304.42782982983476
303.1862715472592
302.13306581748043
297.64601398063496
292.940975988914
286.6669936895538
281.02404665579445
275.02809625170147
269.2971407687432
266.2839950624954
265.7835332420213
264.7001691799696
264.1276942973905
263.8093972898065
264.1734762447152
263.97112678634
262.8198709879776
262.2065547363524
261.1882654381929
260.10331031322903
258.96311697355395
256.8934575227365
257.04557236418486
255.7849450926968
254.1541275390546
254.0389669015482
252.660535855431
251.19588009902708
251.73209598630294
248.95566638024158
248.4914392811343
247.04125807972827
244.96576396796772
243.59049721915957
242.239026421412
241.92542522034188
241.63942312902697
242.08212504800667
242.7201307960072
243.5498016787724
242.85037657253244
244.60455397826573
244.3356465277021
245.8385176981032
247.29555833231248
246.12119382148023
246.43764172723846
248.0959151302274
246.8794162814302
244.46238076649956
241.83200067173794
235.3887027336206
230.68856006863797
224.99022424730083
220.2235062766727
216.86267379392314
211.96673097584065
207.48238208154913
204.42406917627468
204.74204232439072
203.1201081790045
201.4035795173875
200.27189576713533
198.11366851930455
197.2180642286251
