23
6
b
238.01802549600217
232.36092559305465
227.78033176819267
222.57965305012752
220.00151784502816
214.8509468838216
211.71602646105316
210.32691254665735
206.85181467369887
202.95175147341993
197.71336709569263
193.6770073769856
188.7568513922531
181.5363691427988
175.14904048359531
166.91992220246735
162.753273002303
159.74175345786188
158.93644053239305
157.7721028845262
157.1771536892152
155.15216474294647
156.09494564404824
153.6461165046388
152.88478178805397
149.3111610366955
147.7482202608884
146.02645747243122
143.13771735367814
140.86093225349845
139.41412086707743
139.5027336388559
136.75881521377974
134.53183372010184
134.32786805063466
132.24604946967773
129.76356017686436
126.59384833798873
124.39523271344822
119.4393150533275
116.69997770200001
114.90762563742224
113.59957112129646
113.70022873610657
115.36067219424243
117.55305205959797
119.21008345896628
119.90613340575484
120.4781477318901
122.09438198889994
121.65685653424029
123.02185987953581
123.5451564660475
123.58500021731362
124.66234140451358
124.25504914828595
125.77935211145257
126.02896898960799
128.22057853265568
128.6218368810477
129.78369182753323
130.80352782394638
131.73368677260459
133.059830745366
133.10367310116396
135.764975427169
136.04166117324263
136.0437733579446
138.0320578846716
139.5794183464033
142.89438436655783
144.11797094444674
147.00786147198679
148.06821675864649
151.35050574944685
153.90059489793316
154.408866272685
157.00596499101937
158.18443545078728
159.4555797207633
163.10199849670295
166.03650156599983
169.86345070248245
173.60770773046193
178.47640035429367
182.76217856310268
186.6084647208571
190.39552501802942
194.10473257417988
197.7453783839326
200.4898694993096
201.98663145868252
205.3911583687847
208.20659585530058
213.98642851087342
215.97087326192553
220.14176073662793
226.1756180581648
230.68665112287547
237.77783503380138
242.8067880034316
245.94958814590703
247.01012730653687
247.75274517654375
250.51681850812528
253.0560646762302
254.66402629106895
257.3797207048602
260.0381129780522
265.21772202964803
270.0507276302789
275.7806202673159
277.86499424223416
280.41757377463455
279.7901445098482
280.46424281786653
281.28863463504496
280.92658524877436
281.72064195083135
282.2672532449902
283.0544398643635
284.10175840938
284.57570398281825
287.9396048309335
288.64542882757166
290.42899270799313
290.9035829885648
291.21783865730714
289.6056858492602
289.0987351674917
288.0719778293917
285.9255825270599
284.8274581741871
285.169160647
283.46199649680767
282.02880438385444
281.31405870959935
280.2421963641564
281.03194305927695
279.23544048685596
280.5963679083162
282.1491810531662
285.61967703250855
288.51922477727675
290.9303096768219
293.5695567403881
295.3219451072852
298.384510268175
301.0883096404284
302.56421198285693
302.13331828935304
301.89011316867567
302.0926645179575
301.50626386163145
300.25213708110226
300.727920178198
299.0283374170995
298.85870196991885
299.6373779804456
300.135707795867
299.41131600014
299.6354991579866
299.9568067386201
300.4900470683677
299.56590645299
299.4066013808348
297.5229324052041
296.54349117758557
296.73220931972327
295.72689455822007
295.95452625693065
295.4199156049042
294.34981448289244
293.77859495724664
293.4022808518125
293.2015926756363
292.51561881876296
292.1170331304015
290.29606459668815
289.40804597166374
287.43739223658815
286.6109358941738
285.8988219454588
283.70049366237635
281.7727388294512
282.10677982537953
281.2951348383478
281.19752122210843
280.6287070907299
280.40154850717647
280.34385490920977
279.3867157117091
279.94358215508845
279.16705169683917
278.1507285949983
277.3466152741307
276.81864090932197
276.6615703249411
277.00852867735597
275.5746774526981
275.9050393684455
275.3850122344845
274.7005186960806
274.76378930610144
274.0855503866162
272.46571802837565
272.0095364559014
271.3066340986505
270.3906647671889
270.461678689857
269.39408508838574
269.42232731704127
270.48590695189733
270.6390080465915
272.43246837367525
273.36303265924863
273.84902892479994
274.93287948509646
275.3637630761764
276.229423892257
277.73140458359876
277.5932173026219
277.43104462427635
278.24842926250733
278.039298521408
276.9762325248697
277.32731488780536
276.7819365880676
276.10996849518904
276.46201570287076
276.1213238624166
275.889971038845
273.77142445616863
274.6847194836775
274.4105083036907
275.09069305061087
276.20169420859463
278.30369871726344
283.2328453442221
285.1105791223451
288.50281388531766
292.4066753331842
295.6171653910247
300.2005415067912
300.6498429919923
301.45158602448925
301.05279596602617
301.84086411108285
301.86032486738094
301.52992846850896
302.38862117703985
302.49417367019277
302.51836797578915
303.14136890199023
304.0665348891588
304.8269722944832
306.04173584857585
307.8721499664248
305.79005189251546
307.56077732641796
306.49791018102246
304.18668798657933
302.26962667476056
302.23277264909774
299.7433331890058
298.3796461397585
298.0794120973057
297.0243784563303
296.6458610578217
295.0753750175724
294.92779069035095
294.35623269444716
292.1789232742291
289.14812353876465
285.1562412100539
281.39492762247136
276.92357991669417
273.2022557689309
270.68639323743554
266.80763841647627
263.9812386849424
260.20350636700886
258.65736649381205
258.44578822878105
252.0458463057543
249.44035888889277
245.32754222418757
241.96470658175744
