15
13
a
79.56500037026132
79.4817019723414
80.15420485177336
79.34395604452263
79.07173138031773
79.11944185274967
78.27844504565681
78.82111022881986
75.93307271170023
73.81785361659325
69.55107589544133
64.23894008979944
59.146396080126294
53.81476497542358
49.761757295234766
42.45769828379957
37.028155967039055
34.206893776054685
33.440482160916595
32.83375314935958
34.27160550582502
35.04506099962756
37.14986354845773
38.891205237819264
41.34311807997659
42.16336916087967
41.53594757044999
41.328564277212756
41.97693878422317
41.55842609129974
42.48756717001652
42.146162059906054
42.81438556261277
44.085403533642975
44.31276427371246
44.5709983562714
45.468277340106866
45.45858073481247
45.457395100833764
47.95697017423969
47.580796509050785
49.56173039001028
49.04053508705718
49.16379348479894
48.49061402251707
48.447530709801136
47.388324849138755
46.50618435585529
46.16032629740332
46.05600847901428
45.58018612481753
45.613170520880885
45.85315875078406
45.12039144936983
45.81714819524445
44.50960336425095
45.31325181513123
44.30693778989198
45.50277295570517
43.55259557354867
44.208173206552246
43.42793151527719
42.95784415637266
41.03565481605241
39.847506997188425
39.68875468384694
39.602220218907796
38.74934409880756
41.797810978926826
44.48439348111933
49.2085679827733
51.44670382707775
55.29242340812282
58.70855836920231
60.49611512769571
62.79221993299056
65.92768737864033
68.3036640459796
68.5002778163709
70.83011067933323
73.81114770149115
76.9835356893774
80.97109436896442
84.07627752510594
87.32524615035194
92.35068143358863
96.44845448843027
102.53024845922761
108.22238292503606
111.50913420927199
113.49686885005829
112.4420614055136
111.67544481983519
109.71856173480674
108.48498265446912
106.4838669619897
104.25757835646125
103.39591709270952
103.97528489438383
104.78244852503094
105.00553394687435
104.27556383664593
104.28926693282926
104.34682421460259
103.16129004139096
101.40634431230933
98.87699421283098
93.66375252526137
88.82614828642447
85.41660729713453
82.24520637881136
75.42965282814754
72.00994697583289
69.66255968610398
68.33569621829866
68.41531130972338
68.68859262409104
70.5766394262842
73.36957953416162
74.42588305262348
76.56677646716035
77.85119546493728
78.76710685258345
78.78826640454339
80.02643962499863
80.06973310789996
80.01235807572826
79.78907131075592
80.28762937248013
80.67072354617436
80.48732831522668
81.65566583852852
80.4288275848685
80.55727106115894
81.55067560661472
80.9909618527431
80.9189999485631
81.29910920126851
81.40506961173675
82.5865082800988
82.03135542970915
83.93114614289226
85.72966832589246
87.51364412246636
90.72745569133903
92.52696290382647
93.18731440126247
96.17663832566389
100.0076727778244
100.51091456000704
101.64186161148497
100.81464341233365
100.00966105782723
100.52954068980091
99.99491312849824
99.00975316850578
97.53717629448556
97.87861825637677
96.70346640267896
97.59644121325924
96.1809567006472
95.37762232004293
95.50841507513593
94.42399610323785
96.79917373899536
99.28393085912197
103.79716062915313
106.63500818937754
110.29983512533134
113.39093170715864
115.91643860734665
120.76213438376865
124.09466030550628
126.43743246767629
126.33479176319086
126.63410202039685
125.63537467873553
124.17600022513041
123.66185865779613
122.1817256972997
120.57116157018072
119.91892043681385
118.99633254244897
119.49252145806655
120.1223402339068
119.58458935216782
119.26340820486027
119.44862232485127
119.19700071281297
118.53121506835757
116.4623474613862
117.18674286311577
116.62814242440565
116.68724462673764
115.58650074434864
115.47482462722765
114.43450140470627
114.80780627995888
113.91154165401441
114.84974054223628
113.11880480619163
111.76273503699686
109.7836526676348
108.98004307671792
106.92706419185822
104.99230631348428
104.27885753111717
100.34138926407131
97.2916098604209
96.40380465468121
95.63100347239316
95.62201753413346
97.49476403547108
100.81327976060065
105.77422398982694
109.31303729978688
112.52856604436487
115.26622448539922
118.39763297514565
122.86119810468003
126.79727359839427
129.1270310297774
130.28853001126842
130.16499220598905
127.73319625074339
126.27973545829192
122.2824731722217
119.73578088791176
115.82244226172767
113.41059210349735
113.02395934056717
111.70355611923432
110.22095198476394
108.08689611111294
107.0825034494596
107.21860246305344
106.19539032189493
105.35265901494338
104.79367155044578
102.8961642049596
101.91533481589276
99.18560747075051
98.82983766290393
97.91869435130972
95.42443424246375
94.51398589025261
94.6372608551037
94.46371456389653
93.37551333274635
93.05323764172347
92.87444362344577
91.4417927878553
91.24396044205982
89.63440785327192
89.09404703591385
86.92183010221358
87.01321911170027
85.10857658408995
84.55811998387709
83.60801139914078
85.23148345014161
87.65398032673426
89.90985748636167
93.08931058621914
95.5467815892463
98.11106643665028
99.17592433950321
103.07050687787276
105.59177222955881
108.02147787069502
107.82398710575822
107.64787498212232
105.49823693709189
103.71936529351731
98.85297644875764
96.4125102802748
92.66006624785273
88.35130489213577
85.73803438282762
80.87054168780114
80.76218536601478
80.30606857908889
80.75519453968089
79.15807316477705
80.96344391916644
80.74191674600245
80.69861320944602
79.06153860126112
