1
0
d
140.86326242739844
141.6459870025113
143.80166318819357
147.33538862243086
149.4458898328426
151.86717959284783
153.03256766714682
153.22757901571265
146.98701216446884
137.7389523793527
125.42129225283345
115.66854574999758
104.32975549205796
87.8073933825705
75.09259933654533
60.142417622185775
59.698459118831984
59.50663859131465
59.433015748947305
59.357340811696886
59.13541718978114
58.99054964357698
59.036706965443784
59.208540274897224
59.460022699788865
57.05570467574351
55.23687491542329
53.07089487242417
51.81907043945614
50.58456119513716
50.2389179332837
50.45878494721172
50.99959037201518
51.18761759486567
50.80517798453206
52.583686894790524
53.564538378948974
53.62819368939285
52.38841546353171
53.697237924016854
54.22141775426483
55.35419509893368
56.073896813630256
55.667150649051536
53.56734224496805
49.05563516079421
43.858205373603155
39.972212792743036
36.262993289959276
30.85338921557867
27.47781489407923
20.148524078976727
16.09854526687668
10.698659548290108
10.150978923776787
9.677903395576694
13.688942484142242
18.30269429579086
27.493173645565093
33.343661633002206
39.32916886263104
43.608518209663615
49.052649170552314
56.510595769332745
62.261038745000235
65.86126727293471
65.68041364578549
66.96058825821379
65.3026328829019
62.67110178178545
59.46238387851293
58.1702792547237
54.833130341092364
54.26362683213112
53.683121179985655
52.672854389808144
50.90532361630855
50.90286316524357
50.19270811926237
49.3411699534768
51.519179473521845
53.19519901593257
54.54696058471055
56.51103051117805
59.04057912427624
60.011519138736894
60.538535446101314
61.9643986943193
62.376558301348695
63.57709254108151
65.00615194579169
66.53368531341015
67.59328398115338
70.73014342660395
74.819407850518
78.17612723148693
82.10057401728399
86.19691246638654
91.1673584977312
96.57898932471146
100.3154472437955
104.8597036649399
104.62507262839914
105.49451561015373
103.78224112833365
102.6551997315766
97.88635814729562
94.20558263920465
92.35519469941207
90.35814806902891
89.05785013242277
85.47732516417929
85.26465403166077
82.97996435433346
82.50729967302352
82.17425062527627
83.65436848795173
83.7001945275211
85.88890551853255
86.38494167717003
87.85840478304635
88.94709727741059
88.84184703065195
88.9684089767479
89.5035313534383
89.28112545875676
90.07556052519283
90.37161459978275
92.65450436840598
94.17133658439523
101.93443516163568
108.74190623635211
117.33588326858876
125.34211533061439
131.72308790791288
140.43682923732894
144.59936013199683
147.6238672311855
149.62328321712403
150.0916421212333
152.77139374555244
153.32730520523205
155.0662055880487
154.88198933572355
156.813857317538
159.29418902760497
159.90518906221303
160.5201889692462
161.71127944773414
163.6041963632178
165.38877586040374
168.6121760758996
174.13489109793352
182.23014456068017
200.6702711851593
214.96771225892584
232.3279314007447
248.17823677862634
264.37402452351586
288.6088934029147
306.8397683002112
320.6972747213669
324.8453818145857
324.8590683066043
315.5546871332424
303.7810865734675
285.0546504978894
271.2055440372275
254.82755912697192
234.70634135771806
219.50821788807025
207.1094157356904
209.3620490060538
211.07414338806458
211.17650429427135
211.47828421236875
212.05966011444463
212.87091763822247
212.49468503414465
212.3874487224032
213.1181450548356
211.77380834503464
210.44750016609672
206.778980413982
204.63665868554355
202.5215885884357
201.41992031908947
200.82680710299834
207.50916587527246
214.85960236986077
225.48985425559385
232.47049491935817
242.63863968622906
250.64850746615693
256.03953297407065
265.4376589211297
271.0796128692931
278.03419478378544
280.310321645318
282.67698654363505
287.0701328281325
290.62930394015285
295.301686493275
300.5474714305141
305.7491100098419
311.7582654963208
321.67153184007776
334.8862380114643
345.3890476444263
352.752208514701
354.99890924143244
355.0685352406232
345.39007007451914
332.5529938978047
310.63723406115474
294.9387356829718
277.73386623398505
263.16798979995093
250.17315852983836
235.34694144706268
223.16248482204682
215.67519452947548
212.3359442163112
209.60851175532957
205.23945322385745
200.8535173310494
195.90418666223226
191.2176822463259
186.7535498351528
178.03846011040457
169.30889947183488
155.7725761688116
146.17784921176923
139.91899409562012
138.0071928412431
137.67762749180628
139.1776599549754
142.63424471256752
147.08718529859487
149.4161221324501
154.2859951490595
154.93001393496667
156.46239992991067
159.02335423589093
159.1041495776075
161.19181052572924
162.12469341987276
161.75598375820988
158.77280937154774
155.08118794276342
149.07716266495083
145.24099054637847
140.3861717707182
136.445385469085
133.13877085741794
127.71624562930623
124.18001677533185
121.82958288883894
121.71054363414588
120.40424437180808
120.06840075655788
118.5229799109784
116.87693599016104
116.58866920451547
114.87432370294641
111.79989686626459
108.98445737923294
104.2880913454771
101.15936671699085
98.6064927787396
97.39719469447923
97.81582873181453
100.9089213650272
105.82425614767067
110.93923731600135
116.22658135833
120.71049494731024
127.40164436450388
133.23058854807908
139.5444272935389
140.12535597378653
140.88767612266963
140.33167426182953
140.34848478937428
140.1795889862161
141.1029292804437
140.7708908310992
141.50404144557777
