11
22
a
66.33088264084505
62.48639446305554
58.86922230628511
53.96412217077229
51.629595584638935
48.419715807702936
45.97591088884293
44.89922987719897
42.41845544840313
39.299406462358355
36.27348128088206
34.05799902461148
31.193073603248013
26.076595833859233
22.6824742369358
15.571408428527015
11.866948675958808
7.4407343595580935
6.571469977040588
6.50848106171483
7.10806949342249
8.424825798139393
9.849097640058545
11.638658545590788
13.960333121779298
12.842051289210353
13.457396756781442
12.148405333529777
12.478088015789197
12.500269941476475
12.333237544872327
11.779036387650823
12.644248127437336
14.438509716607948
15.014215346831172
17.641594318028393
18.334450282129648
19.533275478482267
20.57206553998265
22.64393472910739
23.820366864864862
24.205924459905756
24.4048513790219
25.408202829323468
23.800930573372977
23.87196605481271
23.667710693736147
21.502127970014207
21.411744815370778
20.547028945044392
20.67066593719469
17.787686151318574
16.317498008575274
15.914653264530571
13.795320871102932
14.928428941972358
17.80021063591612
23.585425165145676
30.225076690520027
35.46975296699974
42.46317389474654
50.443915487863656
58.17815719688045
66.95197554695207
67.11374928225658
68.68991830979853
69.16183199349966
69.60406703690855
69.35015978117261
69.1053765318307
68.98244680346563
70.43626964802037
69.91486148209033
70.67969261282308
71.24240429193908
72.18676741191817
72.67161012068719
74.07200672854793
74.60633618737114
75.0577896256518
74.98675808121851
79.11325444822492
81.38250750989222
84.57475253892177
86.09959445837518
89.10177470682258
91.14133171375454
94.97531421259343
98.56427054643322
101.24257214160171
101.17967312181483
100.8119840434228
101.63688463426335
99.69114578210639
99.05341900216368
98.6435463295661
97.45719565372235
97.46535637393067
97.79048665533371
96.6275828738227
97.6733573961642
96.1003889181742
96.37370298190223
96.02649124011756
96.93763085886752
99.72387456219478
100.86697571238263
102.41682589822784
103.93170628879565
106.18753100677228
107.06948361390377
109.76048393717957
113.4807977743949
114.33321382254297
114.55843976811425
114.08319130994326
113.28086115657139
111.07958759131178
108.86054162120062
106.74767871224012
103.40920918786256
102.60499171303188
100.16894810798702
97.1916045415735
95.07545158484217
93.22795494189195
93.71551131300716
93.12185340855946
95.10593576772382
97.0456020655469
101.87582844555043
103.85472380069629
108.52367913337282
112.23826798966701
114.66170547666975
118.66011708698974
118.00549768472396
119.18016639012762
118.96066436579005
118.39754013424529
119.1921875962756
118.47424600111611
117.6050001057399
118.67677463817692
118.46836882772018
119.15988730742608
118.90810260793006
119.03084898994193
119.06362841803707
119.73997659807627
118.81780163557104
119.20626283372823
120.7760778958114
121.75046820703488
124.7515090672692
128.08869183529507
132.25112833998375
134.7727845014809
138.02251443150186
141.4157493573053
142.8885452146748
144.68869213084585
144.78446345207715
146.22103877288316
145.73495024110977
146.06398526835846
146.23176293724956
147.03983633010435
147.14837029464982
148.943802658316
148.16164359851066
149.90293984519676
151.2659010699413
152.53375134627385
153.5445278366801
152.24953669315897
154.89052928447134
156.36781893399404
158.90055779656106
161.06954639510502
162.9138070581521
164.90198533787094
168.16134908617292
171.00186021999903
173.75235565771874
175.03843751967025
175.92440261667534
175.13754208260104
175.7639222595524
173.95396497989375
173.1267406636284
171.6788998123132
171.56133286965567
170.39832318942783
169.56040665988678
169.15410378527525
169.0139676414127
168.31378684762046
168.79028785927107
167.4053655188013
169.02689187675102
168.9853077871171
169.58364256273788
169.00678697055264
168.0403684654048
168.63133609075192
169.21448407060964
168.66067667595576
169.7625225141212
170.23898662754215
169.98005313035696
169.87595067392178
168.53594942602768
167.09232948389032
165.6767992042561
163.61929589619655
163.40142222305101
161.60153111701422
160.31829500917198
159.87734813825386
159.45276276666186
158.16188462287977
158.0463387254677
156.52651886205965
153.9540936434283
150.0314224806138
143.6177633637005
140.11014402992706
132.71129088276004
125.0654243192845
117.8769006744289
110.6523250280466
107.67409734598564
107.65074249376508
105.75650275965975
105.62483780411868
106.00711806764141
105.07448158655015
105.06175572127555
104.19452327984415
104.6009601141636
102.13369473979775
100.5521543489841
98.52460477395367
96.77652606109733
95.72035497317874
94.19930952873585
94.01887528846636
95.68662019898049
96.30239679998094
98.62776351941312
98.24980978209388
101.23949799065531
100.93828438387915
102.38961838212312
104.16121231906249
105.54273570719143
104.67927432090374
106.1335692853271
105.88628607996245
105.7592154088875
103.7906293107906
100.4397359357942
99.41855033918748
97.61675562559928
96.05307145755883
93.2798941615881
92.7026699385512
90.52948365979873
90.40202414074237
88.55467020907989
89.8807776921239
89.43787850436301
89.36212785910783
88.54871926624705
88.52922928683027
88.32793226603566
88.40331133382901
87.02776079453773
86.98859248760232
87.21199582759043
86.79883165627588
84.91809076784918
85.13636293397272
84.19299036170321
82.03531405781695
76.43981895120146
71.29207560897129
