4
22
b
145.74639687680445
148.03497619183963
149.98656444578734
152.50735108799068
156.28091014261716
158.1808938511687
157.98144623643938
158.30399949348308
152.05700369884138
143.35054381103433
129.5325066852443
120.79286379053265
108.91290438137347
91.81880320465733
77.85418703150646
63.005045394826915
62.36163330480126
61.60076309940296
62.69751823498361
62.00588248442517
62.26461623902301
60.0048198765532
62.01949136496287
61.55445188012647
61.7167696057369
59.22033818938187
57.97480775408574
55.31054544539529
52.97109915632615
53.162801753266294
51.61616244261164
52.21681306172633
53.29947410712496
53.30658943069709
53.49699195471038
53.574936269187404
54.9345869052272
54.61404274477553
54.60844834384809
55.7710799364786
56.20062613772361
56.90545227627633
57.533698339792146
57.674511032800986
55.391992059863824
51.96992023536163
45.53829612674333
42.34099839812798
37.36602930930303
33.04034748309929
28.317422707878634
21.227333184729748
15.850997836804979
10.900932442557343
11.103547888969556
9.803185585524949
14.56182954892066
19.905492864429164
28.59836388101384
34.237819962955115
39.6694784302843
46.1459187359485
49.82060132674785
57.35151257809635
63.73839161418125
67.81287311064318
68.96896941864583
68.56526616457715
68.41342505716524
65.28585460530898
63.06478964337821
60.64082106089799
57.458476778868025
56.04542128937589
56.64878488382993
54.64143053799056
52.96457499985861
51.82919327350539
52.85530391225686
51.29447212764111
52.31249517547142
53.86541205345844
57.576445491463716
59.800920160789396
61.26474655023947
62.4883544863493
63.26864155473908
64.67165505632708
63.99166742948887
66.67121416170293
67.64657583233893
68.00348978781305
71.07901066302772
73.60038588964008
77.95359897881201
80.16361805347836
84.94252278020515
90.15454575321459
93.0254205917465
100.65343728355217
105.22043977340144
107.8249481918621
109.06330642575594
108.67465075123606
107.37871268458177
104.79865672632377
100.42469696178668
97.7552378463054
94.51485770017548
93.41818098018292
91.32419072916849
88.27246392434992
87.60149976891316
85.45940311277238
85.79546515018299
86.15748123420335
86.4099489063633
87.52226119482415
89.42044866712155
90.3194090083849
92.4495604927119
91.99051838360545
92.27738937336552
91.68885958141513
92.20959934207251
91.89673427441265
92.84439570878106
94.49551225792322
96.00614528730983
98.355882856151
106.54174888331531
112.71795752559379
122.33605411601185
130.650227534896
136.3167152747176
144.91567933017043
150.8003940008587
153.73189611471702
155.071017279239
155.63640224834606
158.0083719554669
158.67482939349986
160.2708491706886
162.17923649638774
163.24855331802328
164.77109022898088
165.93207523681673
167.14248870984034
167.47223879750976
170.42834486689446
171.72025339520766
174.89534975701358
181.74473386193037
188.58167869859656
207.97747170454355
222.3740598109613
241.19917595858652
257.6505778443947
274.4992929630099
299.5688951036637
319.1316552824282
333.4985504232209
336.63514297683537
336.87983491803044
328.0138139690164
313.89892879682264
296.136414173203
281.5335750396405
265.06410889763634
244.50522482630598
227.8892164309947
214.04444968631145
216.8967077486465
218.9850853082412
219.89202451247894
220.65605502499903
220.22099324876484
221.12608685218711
221.60020007785369
221.8577887621273
220.53314108119827
219.8849330359115
218.2383352563991
215.39863155705868
212.846316072938
210.47151558438276
209.90969635299538
209.66772621924247
215.03097213415782
222.9657876694154
233.2853214337616
242.42695911104622
251.31168359475538
259.39032558762955
266.6771954219656
274.73345934593715
281.6787289517678
288.5476912631312
290.43834329078925
293.548288321503
297.88643266922224
302.1437043120019
307.00675915750776
310.4372921254503
315.7258304692356
324.6505792061137
332.8298194380665
347.98785287289616
358.3656788386418
366.14731780311854
369.4277345434305
368.5411387970161
359.23853765101677
345.37480535601577
323.0088156939174
307.9214095272044
289.55808663149423
273.1656044490228
260.804428679973
244.78265323082817
232.5634781994116
222.56905911174837
220.02607177160812
217.5362762695771
212.69434741462956
208.8690833310567
204.47765062046696
199.8963103388827
193.1779877374468
184.99354798673266
174.7822533013649
161.68969276998686
152.5373010539904
143.8535122157514
142.05106250530798
142.94170125916253
145.18357826880512
148.06289455890138
151.76154279376988
155.11069883276775
159.16327996244368
160.35603289425384
161.93408774389036
163.38264259765913
167.23458218505317
166.69925700306223
168.58349841924445
167.13182969721706
165.6803913178818
160.9391631628724
153.87047045348473
151.72869011983403
146.3454844958188
142.84750954998668
137.3577040962903
132.68696695987038
128.6080318624487
126.63071496163074
126.03132805886293
125.11096800453916
123.81498640476737
122.59071587648036
120.54564115863393
120.96565496009431
118.99678422473055
116.3472574426272
112.68752417236618
108.36280627906827
105.11439710187162
102.10480786198508
101.59702102334379
100.70116184178785
105.0773567521103
109.00927553158971
114.82539589676516
120.6600565797855
125.75592190913757
131.93011056314054
138.06404193669002
144.16434252435857
145.19068934002928
144.9654247058398
146.10087223953013
145.60147265004463
145.4211264559394
145.55904661223084
146.20211934076633
145.76399683771166
