17
12
a
103.8917431489905
98.90898088000108
92.96714712665651
86.91052160986362
81.09036653129611
75.44245942924962
73.23368592361199
71.57066371723451
66.93843191200769
62.55542518459515
56.94843565517158
54.01846346500822
48.79650485109867
42.13111679326278
35.36800098228655
24.251166279160547
17.71807994086484
12.651954612986152
10.7335754776877
10.432321327624644
11.620396873476432
13.488011076375491
16.183814788754276
18.327471920176357
21.033128593092115
20.819142108069755
20.76286197913658
19.652810869127812
18.967943883056726
17.672002733556404
18.99685088361277
19.12306111071807
20.608437603390097
22.17595849159991
24.78131329716033
26.0999898055554
28.674121213569638
31.242947626569674
32.00699270400417
35.38797233626567
37.86300409755091
39.276931364613915
39.55915201733052
39.603127085955876
37.927325646401556
37.67754999678053
35.334974453759415
35.20945363568707
32.864527333143805
31.756163146933417
30.821179901395933
29.16939796126526
26.22442372969086
23.98278484847543
22.554230230318964
22.37724819360275
28.298615721062518
36.70408220081131
48.70019271687705
56.09540515840402
67.67205693924139
82.00424671613207
91.62774451607271
106.15490021221747
107.97307928506812
108.15341059728105
108.90743026916745
109.20354804451192
109.61989120768696
110.94433411089149
110.4691101848565
110.10501340712594
110.57265085067799
112.24645756836296
113.09015240972353
114.22243163679177
115.58169813464148
117.02484212417872
117.33232337439752
119.63603360934688
121.14928832338323
123.82722244370541
128.87938466202482
132.0899313896605
136.80521802455868
140.32212443597624
145.68855270761588
152.0506801831868
156.89537009741773
159.9655690486446
160.92479607557496
160.86911813626523
159.47458165648627
158.46082106287403
158.29840505786245
155.72033477162657
154.21509912483853
154.62244448918364
154.14186156779056
152.85822060886022
151.85843245636806
152.08084001800174
151.7206899111263
152.43648018226244
153.6131704764227
156.19565994963855
160.36352996923992
161.83427210028555
165.1595367059834
167.77156880162576
170.12668225825925
173.500364843298
177.69083288274908
180.05675036977127
180.99957673725095
180.51684023224445
179.51414870427502
175.99157523946445
171.7038201052875
168.24658138933313
165.7271454165775
162.43856650964184
159.43017194040277
154.92330651716367
151.7556777783916
148.80335056736084
147.5687428073229
148.03074317561135
150.60523899302532
154.91450622301414
161.31970715001088
165.66580983843724
170.17166314862436
176.7842620155069
181.88346053823685
187.73247932127197
187.1616013899037
188.08522851912002
187.86701253875117
186.82573611286261
187.6176890363841
188.36846095345652
187.74550354264315
187.43817764936844
188.40996950699088
188.25201863040954
188.67445044891568
187.73587233823122
188.3284735573891
188.81054126741964
189.03574804097613
189.58490478381188
190.25190798848607
192.54191971199583
198.26073131150991
203.12224620773168
208.328199189856
213.9891651878523
218.68161891693538
223.6628206207429
228.0685453125187
229.09320643830284
229.527304904636
230.47115886222755
230.0381809175051
232.44443676769498
232.86800595147898
233.69079849330427
233.75687082648815
235.2103440416116
236.5333731925562
239.30656704861352
239.5185751482285
240.28006909663105
240.27718915511053
242.43579289014124
245.62553696016545
247.49187920202894
251.60863434847033
254.3349602537371
257.26389817892283
262.83730849948944
265.58690139817776
270.54037515662543
274.9065508940808
277.9462489704275
278.121056545318
279.89256790388
278.51704491245954
276.21709871246213
274.64923121607006
272.44477588959194
270.75133270359197
269.96974325315637
269.1066735854537
267.4310055457086
266.8695845805374
266.5799357062971
267.0677886870733
266.586903089663
267.2328292553699
268.2772932743202
267.45927675341534
266.73703017051406
267.6865829590354
267.90519699986197
268.5960267827649
268.9776808184083
268.84261449844115
270.28177492225575
269.78632705508437
269.2823094921096
268.1200032927721
265.0651876721342
262.94602926162014
259.84938053957376
257.77332211004006
255.75791409297028
255.50175508050992
252.87797265571814
252.60219485230053
250.09979644006106
248.89252562812254
247.94675702377504
244.00394860853083
238.5681510015695
228.04542049248644
220.91248553563213
210.8056899462285
197.85974983945886
187.95236929881887
175.55999705660494
171.08719308820218
169.0258981757376
168.333684621678
167.02051334196554
167.68264283598808
166.43463105081474
165.43477003545294
164.9674102831778
165.4648968576491
161.47795375034414
159.07860812376182
155.70697207331742
152.66099979933713
151.02193461451012
150.0040539731702
149.2492349683678
151.36630839564856
152.82373395641517
155.77436008169656
157.27760017856707
159.4594603946062
161.42251822667262
162.35787258270898
164.83700831243462
167.1188387058634
169.49761979694864
168.6872869143162
169.14950796407146
166.71647320878392
164.41123690058302
160.181553929677
158.08444277211288
154.40035825227557
151.5290771849565
148.98158792374556
145.70919317556317
143.1866037059186
142.599313128524
142.7222685748635
141.22076055818363
142.1886532264333
140.78585708710233
140.18554231295644
140.1703467916842
138.66745205516324
138.44797232776793
137.7493800648492
138.04258771936452
138.3403834878121
136.19564172680006
136.1548526678904
133.90395946654604
131.49010812858995
129.1918561643941
121.14577925174464
113.4674520502255
