16
17
d
68.85732353135435
69.27955904811033
66.97731146342565
66.48101399198393
65.22123273176013
65.72730838541949
64.75124535836223
63.2399326586092
61.12008297486046
57.12469455363278
52.22141991332274
48.412043794968724
43.27837028792617
37.10475330343849
31.491270883333318
24.22231134806189
23.49012779127729
22.203804272813464
22.137110283323413
22.162917436097917
21.413219719853853
21.950337386822497
21.242401636379256
20.812404268456163
21.10710587063338
19.63298574729281
18.859737783423256
16.40193888646582
17.0377799699911
15.12638388681855
15.010381977295731
14.551710278395792
15.329894708428787
16.5870381282339
17.14694041301244
17.69993990486332
18.37634661131763
19.242142646540213
18.979543657900646
19.24480523339535
19.14429743708215
20.212038209405403
20.617514299921535
20.52278173650749
21.869522673357004
22.623877951611934
24.377764634325832
25.143890342188108
26.864412522673707
28.791237300000915
28.886630922216213
30.299118067232094
30.318616544343836
31.80315674720893
32.651368100091474
34.16286444608091
37.06758024961006
38.4498875831835
43.02596459261705
46.03643032928409
50.11220488487449
56.609938215443215
60.55705518793151
66.00149329775468
68.37985090959906
70.15936153239205
69.96252909083725
70.94881126636808
71.05995854668726
71.9021509563748
72.28346903279203
72.92655705647744
72.43993082539957
74.59431861100215
75.95964496183004
76.15289446213217
77.23929520450586
77.69264582724848
78.56039913397906
79.66939285107601
82.80222324970438
85.98355097414775
89.36519699058698
93.09179247290878
97.28551173767514
104.7296529415616
109.73322879688858
115.83713618257053
116.74749049364863
115.68139704562215
115.58980436150887
115.25943396113148
115.90100991863791
116.029911402077
115.57535865629146
115.97488026698724
115.43796738143689
114.97099355639412
115.88492973216127
116.60089627198047
115.52232535154492
116.75654070415916
117.44141392285472
116.86300076584287
118.427440135833
120.1125872982352
121.64079409058405
123.71972990051314
126.5777767274272
127.49798072803853
129.4249187568473
133.2190127457172
135.6237381087657
138.17708961010825
138.9120404262342
137.5665339113505
137.27654837152704
135.23196408887122
134.19950273507033
133.14428603942102
132.7735070745731
131.85242928976717
131.61508011977
130.8605258481422
130.2151564827115
130.25771689358737
130.30372557996148
130.3729842219589
130.02746396813467
128.11470410827854
127.39677413740972
126.82744701298253
126.41684014066581
125.54467325436981
123.36760636883749
120.91597484987717
120.07526005979416
117.87303304692247
117.83012681541472
118.84231580720825
119.64002641158262
122.67789030051317
126.55046254365993
129.701371110598
131.82243352135592
134.39758288725935
136.30513319943194
138.2025047553893
139.2902315619592
141.68190754565043
142.82623107508127
144.19659749609775
147.87826281664172
150.99994992367832
153.92530477160108
157.75596307515696
162.6405975345354
166.61319924680066
171.6720663776653
177.45754681439206
182.78151826647115
186.545905001952
187.528912915061
187.3649385165276
186.43519959783353
184.7140300090973
182.37451927949434
179.67422551413105
178.75681227885525
177.4812050087338
177.33230450730468
175.89139700493874
175.43941066119783
175.60275028517313
175.11873807294276
175.52997043108144
176.06778249755445
176.52842044678638
176.7343348488676
177.93674618328401
178.64593559147303
179.16257321338236
179.66736758874225
179.690936982063
180.89765638991543
181.89515261379276
181.76182555340014
181.69248638826048
181.86136739141136
181.7141533109663
180.24810224512171
178.51378022507527
178.61276100204256
178.4030731532703
176.3319310418285
175.08090654973387
174.30425731935023
172.57875390746744
172.44870616641455
172.81657401695063
174.80204666352657
178.62186564578414
183.86178962196917
188.9792031462451
194.1927576002916
197.1300564103213
203.85264875253716
210.84344826463322
217.04435060692563
221.48152575280608
222.70597329802635
224.06264310415142
216.16135493052602
207.61180211595408
194.03601576952616
183.34101681332237
172.36756299384095
151.99632225029816
136.67166774025637
125.54568137461101
126.98282313998178
130.0298580050078
130.5009991802938
130.61993846771875
130.54938905967282
131.57770999819658
131.6441703655914
130.40422598289084
131.89695544636004
132.01318218309405
131.63699567463652
132.14062713396712
132.0500691975731
130.87246442701337
131.19926954381535
129.7712035497191
129.3672222728275
129.04096962123825
125.57763567981515
124.07965818189807
122.41248689187475
119.74625227215547
115.95898244495281
112.39024100882384
112.09545992497608
112.38718467507762
112.43533516018816
111.54306149828264
111.61758910379434
112.07892522128857
111.20430914899651
111.9478109723894
111.3017070560705
111.26825315917091
111.31051340027868
111.5409537942526
110.03497575642173
109.779178157898
110.2096713607042
109.6385329835552
107.40871332896185
107.56650338705794
105.35088311461337
103.26946152334067
100.31028865585999
99.46881639100623
97.02192681770491
95.68489103620897
94.51133398763464
92.28846076262435
91.46023119736884
90.99037970379021
89.15134582154421
87.80836926911526
87.34256357182115
85.33405884298816
84.18059210491755
82.26899412621569
80.43065280179674
77.76120065171467
75.76468529164477
74.35188904817072
74.16519893315763
73.06700670325434
73.00678552292948
71.63422607429708
70.42164004052432
70.185382818035
