9
24
c
121.83435220728072
120.82252148553917
121.60952330849672
121.45753396075285
121.10502242060454
121.53142544530878
120.79301254486505
119.17380273647272
116.31382136672124
111.84237741524599
109.5785263477924
105.91367152985593
101.4723274665744
97.77607800582959
93.46972019329532
90.6869361877898
90.2177764692724
87.85859318721445
88.38838033876223
87.61240433038152
87.56571016859414
86.25941001731958
86.2673581063345
85.22206868222264
83.82813912937537
83.0402537741367
80.71375284975709
79.87314768229542
78.93603782673188
77.38460550971435
77.00813170637399
75.51437663461309
76.90313906308167
75.65361303050244
72.7817743285636
71.96691814074468
70.54340487877161
70.25688514672656
66.82695094922529
65.24929698004601
64.90366417705071
63.29919325308831
63.25423100532758
64.09917055484941
64.65456856443012
65.60743112092544
66.37072876567514
67.37951718012103
68.04839563267333
68.12660658257924
68.39838091469278
69.16514327703008
68.84340646993076
69.28129293675248
69.62577986575795
69.59161074292787
70.7148952209339
71.14627919638464
72.41625770050834
72.5264850606983
73.00674007335874
73.51805445704572
74.65337196929327
74.4039413209782
74.99413920494924
75.53469682761065
76.12490392745175
76.51130373514968
77.57173443582374
79.7792883788539
80.48186457613359
82.26487297926988
82.46729472155603
84.24034764006021
84.88900261853445
85.83492329587249
87.74119426059693
88.45253363048757
88.99010134629543
91.08862497707243
92.71373169122765
95.32477907568183
97.01604131262194
99.286210796331
101.32443548654012
104.10232669603289
106.75162135203128
107.89389533673516
110.05653094281834
111.28795771729791
112.8702112370108
114.49209601158493
116.29688490213708
118.39304054038371
121.22463246860973
123.53656723322275
125.48692675503013
129.00048325803985
132.2225541479373
135.14242503719942
137.88460350537628
136.72923384202375
138.0393963115639
139.89125503599615
141.28268209451932
142.45713949708798
143.319550129057
144.39435843707432
148.32222278835604
150.68288968306166
153.8846813061693
155.43420428675063
155.82951240827794
155.96733599662747
155.54678269007138
156.61654332088918
156.01007868724668
157.03650758284633
156.14852102046285
156.94018225415604
158.13189931005383
159.09995022266193
160.53076479137974
161.69652162175186
161.78176238271075
162.71505880294046
161.0515713214274
161.96074635366955
160.68559683889367
160.50956684528003
160.1227055988107
158.94954106409497
158.10504326129393
157.3133249041289
156.64601101994006
156.90118217312127
156.1809329253703
155.6722378336814
155.65384562424833
156.72972317458874
157.6464537733999
158.56219928013564
161.1545550524328
163.05698370437054
163.272953749126
164.6776497812429
165.44246272643744
167.95984283009636
168.52312067192256
168.0937417798609
169.74049763944984
168.7043069120175
167.65827781343347
167.1022651940632
167.4504141641586
166.29825561962295
167.00583312662775
166.67350627473297
167.0265353296348
167.2081027201062
166.58533803468782
167.18613830730789
167.44434716096413
166.28055478564
166.62760307961494
166.42812322913795
164.91219595974454
164.94974666516848
164.6811151671462
164.55382504940542
164.3306469306426
164.50715606593982
163.73408554142202
163.01005058810335
163.93739739893977
162.51290013581436
162.07872578354423
162.23940843962518
161.6016500677028
160.69618377444797
160.17439960046926
160.01256793032908
157.87143126653007
156.16592225988106
155.72277971337076
157.73689894573587
156.3731935647688
155.68532394082257
156.94497498470867
156.01513642802553
155.92838275005047
155.7721283320814
155.2900487063174
154.40865083987225
154.38779430086777
153.82814222713301
153.92230013946602
154.408206737246
154.34786994653274
154.1969109547248
153.16642718404174
153.57662221828656
152.39844122065392
152.63205541952237
151.67796770250072
151.77606688788498
151.30611359464262
150.15099003207922
150.43564214603188
149.56393340748372
149.98901406804265
150.93185991448323
151.68698991196422
152.18312374872323
152.3125466305079
152.04986242722265
153.13406141972843
153.54027897343641
154.59673826086052
155.38123036062262
155.31057339740934
155.77501758770444
155.09018017961645
155.484819666145
154.9225997862401
154.22870533802183
155.68452551571534
154.50498951075255
154.37180428697516
153.55176113707853
154.5319810011959
153.2460811408134
153.2328685873265
152.9689512932761
153.11598806815184
154.99254433233472
155.06416198650186
157.62554959121732
159.07968140869127
160.17157405860036
162.5986672878366
164.8313685552775
167.91732076074845
168.00594997054154
167.82539666834856
167.21393051733068
167.99655004751892
168.8818149245102
167.83477004243014
168.23686613761657
168.52217706143193
168.0063559095338
169.32932819941797
169.00128612252843
170.6144503962986
169.60803777303715
170.82647072832168
170.90392748296657
171.9663168385769
170.66481902142115
169.10706781900095
168.6451791846654
168.29066976180783
166.51755887953044
165.9235205060689
166.9721887456442
166.1508105331545
164.87188605460216
164.92878851301037
165.0399000583908
162.95809172730608
161.80883326505838
160.9521058711122
158.62599419055394
156.51090489193047
154.8717615888062
152.32174936659985
150.6149440083531
148.3043825368112
146.22363067832376
145.45630398972332
143.8650216779074
143.1801695470606
139.93154107354783
139.02571658808895
136.95559664416191
134.750724144104
132.49097378710806
