24
0
a
82.2187837672918
81.07617803286539
82.44313260490964
81.90807686326261
81.22533147565595
82.1627312433965
81.5174313510652
77.29026022688919
71.16445588899344
63.2402263831492
57.09293331099999
50.25373369986817
42.21303859828305
34.823232408953125
24.912541257719962
16.47871774907847
12.205459376465344
11.774536423395913
10.147811235510147
12.291434187809772
13.363155183087798
16.042775158422444
18.331421602787174
21.408678422126382
20.277238447496835
20.11185177067692
19.957777036009347
20.077028691453865
19.0072717010553
19.61972587353572
19.542758890048567
19.946886653819217
22.00367035109553
24.658637934465798
26.80797581511134
28.636137352370994
29.736608036304215
32.455999031825606
35.93725031991795
37.669073024858484
39.288737986676104
40.77492055995017
38.74294127345225
39.84580662400352
36.72452174764061
35.14306528327141
35.11341803474823
33.863083511201125
32.34792199802958
30.821820737604867
28.131492063869523
26.206917043960292
23.929811603105538
22.42410439133795
22.62345211568837
28.933299981758125
37.307488914962676
49.43453020307793
58.538663331323704
67.18671863253746
82.28840892542861
92.20496802215756
107.23121910093184
107.9200949691102
110.12105770048048
110.93707273985811
111.42595668799356
110.18946176860621
111.35864288262347
110.8912641560344
111.7551086442196
112.61713632170095
113.31163186544788
113.9898852940458
115.58803007437386
117.03270061240713
117.89904548450924
118.4680612762541
120.12716455072433
122.14186490166554
126.00600746083369
129.91411148070802
133.63763469312767
137.0838694959448
143.17761615606932
146.30482726961466
152.70315770046776
158.27981004031483
161.82224402584663
162.45403604106437
161.99332597705774
162.20006495951662
160.38649222352484
159.131665758696
156.73770909314692
156.64449264143323
156.04658794376985
155.79656029139264
154.37581656675175
153.2847290522131
154.14277597573218
153.7461210424044
153.13180531618426
154.69163129091888
158.51336619376795
160.58774261725563
164.02844272922843
166.88183885372194
169.44787906938316
171.79378007662038
176.06000794405674
178.6484028023783
181.90213410398826
183.50560700312104
182.589154746553
180.17364521262607
177.58823397694624
172.95870562564448
169.60256727385672
166.0076926399046
163.9544393838606
160.60069003192268
156.59388375649928
152.81805514501684
150.00900045647936
149.20167544197744
149.4353627204558
153.0169162614719
156.14415735782563
162.5264795132027
166.83529498141166
171.2089316673384
178.47169844261396
183.21999752787067
189.64287372522583
188.4625669645404
188.7258931274529
189.80680177627283
190.86077721258008
189.1000205108361
189.72067202978437
189.5729753366994
189.40810542547314
189.9101657997619
189.49336910332985
190.4614099628453
190.16386592877393
190.37604585804647
191.47516484034094
190.7232880962941
192.47100089425967
193.9379294023148
195.27790131061926
200.81994962108425
204.27272905314535
210.90101338047626
216.82401547371913
220.72603160958892
226.90493880532367
229.69756347934575
232.14977717693893
233.28826190119202
232.28162656968266
233.7007218838618
234.8101854260193
235.1013747209088
236.4587743291809
237.13479030883482
238.5725146576458
239.87934634017515
240.01638820033696
241.61014768347837
243.5439419601247
243.67669432979523
244.3664167010496
247.60670992614374
250.40020190976796
253.47040053969508
257.3134657975313
260.25695055992736
263.8015991019296
267.8444957196719
273.56978678332916
278.08361551755615
281.57444191646834
281.7263279490182
282.20219280289325
280.24602989021287
279.29556588174825
275.6653470393743
274.3836419277024
272.7833480821144
272.18196973832494
271.2129746362097
271.1372540321557
269.7066625130535
269.81770894749394
269.33098449049294
269.53486726612357
270.08728443941476
270.4875509349294
269.99329448691634
270.149067578821
270.86856255920645
270.5061285001557
270.9178875088589
271.79495385429095
271.99727195867104
271.55051499023705
271.5702619320314
272.4637614479352
270.7377515912529
268.18311026783
265.84722470291064
262.53732613806216
259.0925594081244
259.2043177182227
256.8039728704517
256.35662117105284
254.75061000416957
253.03245681553204
251.48275114133548
249.19610140727676
246.33137188253008
240.91365998082588
231.20174579898105
222.9763285761463
212.462134033889
201.1623139273804
189.7736534855607
175.48190598498033
173.25801317772914
170.44072018901645
169.00921345972404
169.5494677861267
168.42021119182502
167.89428078391046
167.11733378138757
166.7145433573591
166.7820897052365
163.6352712465885
161.76161977776005
156.716621583273
154.71619745282783
152.33148422248354
149.79948411923684
152.71002067765974
152.86721304476154
154.6017763769736
156.28595553020108
159.38896757422702
161.1280493894404
162.85253593421618
165.32776129781564
167.26434660189048
167.99771406275116
169.9698591219466
170.021981334309
170.07850274950587
169.06326781686624
165.60325105780885
162.37752402961004
158.5451782942021
155.81310387610333
152.50584158459512
150.3329383213217
147.77960572700903
145.1845213545193
143.5810278017309
143.82006424567936
143.12326643582307
142.2895667280452
141.82917571889183
141.94314456657978
141.13479891412678
140.26345659230628
140.12323284290596
139.23714068750638
138.66242312353697
138.99211655850877
137.999453992456
137.58649427480717
136.36741551965082
133.31372073382462
130.26852347422334
122.39090447629705
115.5132172000428
107.56344916025765
