1
6
b
79.5827686296177
79.8321736490026
80.2124932830729
79.93868760150822
80.48349619743912
80.31842393029984
80.25143648948422
76.02908102366682
70.27036136357205
61.44539858179582
56.35727579077447
48.51372403462969
41.94244399114623
34.695570953712355
24.815662435203475
16.911871399300946
11.415597001583334
10.129912166985275
11.019290858691818
11.910139728993723
14.195730834545543
15.047051003413884
17.653465659968504
21.038493350025636
20.501921260522554
20.32967195027314
20.142592262579026
19.320864376326917
18.900534593262908
19.734915973017088
19.208938887742768
19.191331348795153
21.190504078909154
23.89263261230184
25.384524537270664
27.945336473304145
29.295176850616084
32.052570704111325
34.25597574588592
37.15995346930449
38.885785707053664
39.03144061596971
39.010540870228766
38.6813047038725
36.160332717750705
36.021553625208284
34.75793337050632
32.423506849535954
31.550957017812962
29.893069406643825
28.67813607718945
25.18379598913482
23.140078253505948
22.639708368503427
23.240475551143202
27.850423480788542
35.36205065018309
48.0724198235811
56.67336021136232
65.93200665632692
81.39112281717829
91.63094085800297
104.75695247485685
106.03395615401881
107.25617866860537
107.84395365162106
109.10546706307048
107.77584946089272
108.75096897852536
108.5781246159906
108.72210408457157
109.54746242192054
110.80506417592103
112.23726882360674
113.0144513123336
113.84560154040472
115.43504387848975
117.48680680385988
117.45772770635377
119.96987777026551
123.71696454726134
128.08106968375063
130.74456994276207
134.83645784710936
139.7021319946257
144.31651696955245
150.26215482664884
155.3318356236768
157.7865027229593
159.22488967051996
158.38453083726935
158.49644148807994
157.2414895820969
155.6507850224488
154.24388785711417
152.62835792980195
152.57491718391574
151.94538905904594
152.6068884090366
151.52899438100286
151.0853089941554
150.56532296078797
150.25963581985417
152.81951066126123
155.09700174743588
156.90360442664957
160.139367554776
162.6091742421286
164.92348530281177
168.37041756164894
171.7987122434636
177.03939847202443
177.89696508700686
179.1318072101908
179.42425837432594
178.24725448617866
174.30634456424212
169.64057657166137
166.77595053806576
162.96261615242398
160.33404276272856
156.69882039667235
153.11221539033576
150.2207279725952
146.21512732379924
146.4272837503223
146.62164450780816
149.24555909682033
153.85084102506804
159.2857615229331
163.20445577566946
168.26467344760098
174.73652152344098
179.8536191400361
185.47558872189484
185.48031233082975
185.75073610876842
186.27539746558026
185.76953182235548
185.4233532685307
186.313417761143
185.64635286315303
185.3244326551225
186.8950397645657
185.65198447737953
185.94867210483096
185.55173971175475
185.95235283458166
187.57513601145638
187.5171149358356
188.31800658819557
188.73939768645323
190.46963574144408
196.77033213092494
199.98790689356179
206.16004886261476
212.22413563756712
215.6510759147638
221.8266247323545
225.57174841317752
227.25396890926885
226.73592425713522
229.02119490826246
228.81939569596946
230.57598637072684
230.47991523468312
230.7085406619742
232.07574893710068
234.00559699333334
234.74182273697707
235.16472333334318
236.55998186477285
238.77918962221827
239.29977986905388
239.70212467492246
242.0189648168935
245.34582749322954
248.84017813716667
251.51992729213165
254.83017415400144
259.24381715483565
262.8432167219046
268.6976419208466
272.45116047329134
275.3161972791005
276.7013867571813
276.4262847248605
274.851433537452
273.5008148371179
271.661841871071
269.88221514879547
267.2238826313246
268.1339571337767
266.98353320330136
265.3445371005661
264.3236345783872
264.97210227214686
264.03035157567183
263.77702551810467
263.5870750464238
264.7673113362915
265.6058597355581
265.41773599562066
265.9154351333277
265.78503451621805
265.14383984738186
266.2492284661999
267.3378636063461
267.5926046240438
267.9057615916271
267.3120986433631
265.6309707789018
263.11877850466954
259.7715095204361
257.5989893398636
254.91162803493125
254.0747610690517
252.66028495372342
252.03613538776932
250.4091601672202
247.84057400867584
247.45602838941394
246.45408685775266
241.1392799643417
236.0993077799333
226.4437874703254
219.04433058690853
208.93519236840956
196.47050016797874
186.63981495456375
172.52827677814355
168.82229500728752
167.6040162272375
167.80972808241503
166.95550169930166
165.12135392012812
164.70143565876566
164.21789925802182
163.47627874782802
162.97664378350117
160.13885507229722
158.53764547039555
153.70900390594431
151.20408261654347
148.52593175616903
148.88719066045013
148.56815785534496
149.5557092362521
151.71523352308623
153.47176418642297
155.1015070128059
157.58228038315852
160.24080255731036
160.80532078885875
162.94435563998135
165.27367446697372
165.49132353299257
167.5026049013525
167.11125705667047
165.06382276003436
162.47130755037597
158.3066991133773
156.64998725247335
153.06858122326759
149.80941462393545
147.9067557197309
145.07218323010912
142.14757566185017
141.91169491354063
139.8775964500821
140.4047240517417
138.60501121074014
139.28181713244243
138.6244216689614
138.27672958657618
138.38601399254514
136.92977291534305
137.0285106098924
136.26904121687275
136.3109697582563
135.0625092587187
134.77578009147567
133.612820104561
131.0827543771993
127.91603997685627
119.18946166711864
113.87371459200166
104.14131658595124
