25
13
d
119.87436962668536
120.16130363440297
119.64923650960286
120.33842735696139
118.59570001173391
120.87946037266339
120.17992604439543
115.52265060638818
109.20522010193683
101.06868471729052
94.90319692388196
87.99597290704234
80.28757493292186
74.82697082202694
64.01149556411123
56.57025556624828
50.88211803470123
49.626919562216926
50.28573606358219
50.9069987667104
53.79461501937625
56.78334364012672
59.90022391359
62.22725414194753
61.84811986606474
62.86657062361575
62.990906317164985
63.65489870418165
62.88232958756463
64.06294495642504
64.36786495757158
65.0125474880571
66.08137118779351
66.15367621223702
67.45816455003863
68.3473457127314
69.08378071140064
70.82184859714992
72.19242755036058
72.4799882591632
73.73406320992187
74.28304900192661
74.35952429494607
73.37801915158832
72.688360349789
72.11765693931875
70.99371716753356
70.46247630569206
69.84790272617866
68.99972248822536
68.22427995633703
68.64610814852541
67.43793146310958
67.87914368599849
67.35977124735521
67.42396994617583
67.29772266865685
66.49765384284592
66.34035771711369
65.69240275028925
64.95357097676862
64.09795116634659
62.93664343354585
60.81503056716905
60.151407517790844
59.11458179590936
59.0073260620283
62.71917552139198
67.13333448608154
73.7199738612988
78.90567626701636
83.74871226237917
88.23710539479895
91.82032718461939
95.31541219777871
99.57040051442715
103.36181511017705
104.85049455094477
107.07270018205568
111.96541300484529
117.04923377845739
122.70625956315152
126.20356251690697
131.4215003774346
139.78424887934813
146.37668529439537
156.30909505536533
163.04005990585858
169.57572138659708
169.82421942623384
169.68034375036706
169.05187751910518
166.7946922483403
163.2166116392707
160.66491674095823
157.2450797210845
156.9321711058826
157.68585342894877
158.13392547870401
157.63428216350917
157.90586158657297
157.77118398490177
157.56375509669678
156.00712459694597
154.6848941019274
148.35965578203235
141.6523851011524
133.78336588577017
128.02567113990773
122.46253648297795
114.95281203599939
109.08379894530329
104.84865373859381
103.0995383941893
102.87724819246336
105.9090604864886
106.41881425668352
111.36850335050283
112.78883257035828
116.31337220577146
117.46993282937227
118.25930399619038
119.02073805464441
120.47108268049193
121.56699002807177
120.24582623427217
120.87244222678675
121.60037692472609
120.69509497087566
121.14574827387231
122.12681128151955
121.89408889339038
121.94099776762462
122.75341180129524
123.12714421936259
122.09382990643087
122.30229149996278
123.19347404289626
123.2253961348528
125.05517512643546
126.29324401447317
128.9796521586119
132.73361834034554
135.71501142052543
138.21972861811827
142.10509363902634
145.50088573021097
149.93713897395313
151.77267719924228
151.92537806533664
152.94573879511486
152.30610407907005
150.8422997896595
150.41106380974162
148.40362886418515
147.85976862523145
146.96549770851598
147.4891568025176
146.82796131228662
145.49488337505738
144.62681395429203
144.3046935519264
143.9841618202615
147.04981925629642
150.98031284538442
158.42279970553602
161.14597748038798
166.50212074050143
170.9909968200853
174.17545464569957
181.1411890663709
186.51195260607446
189.9944555207675
191.14219458558972
191.7195308644964
190.34655905974182
187.2588881440639
185.0246920878574
183.70288350934658
181.80801500245212
181.4723268273517
181.6914775909357
181.4918653033614
180.09685856190598
180.2228811315325
180.57753144923586
179.564477118377
178.97690702294412
178.91915661689347
179.01667150778715
176.79589472932116
176.3313314481494
175.52233272261313
175.11950482489732
174.74331893681162
173.47742319738066
173.49448555967922
172.31245993779473
171.55959317796172
169.7220845360161
168.95455593563221
166.79667243219143
164.14223813067957
162.21354402731396
159.6054791590229
155.86916220538023
151.4676050654404
149.67007759864083
146.4358665042928
144.0087851354303
145.237939717431
148.7014138240915
152.91359182332693
159.40367274719532
164.72645267383032
170.35595997395632
174.73977864748758
180.3605195135404
185.7978120061538
191.27343863953536
195.5150378956763
197.18525205195013
196.01323684209476
194.2019917540212
189.97700350532912
184.75853015310233
180.44932444226473
175.9370184455917
172.84934664663578
169.534505951191
168.06839054333017
164.9559998634912
163.12196207586484
161.91718334874253
160.58012573709217
159.17335543329068
158.36538432827223
157.1685168453688
155.99965410626945
153.87228609491913
151.07302351544513
148.93486275249853
145.5666716140093
142.58064265365576
142.76532056466496
142.2026247294754
142.09579481079126
141.50069592292647
139.96218256591928
139.88010442985916
137.9481984024593
138.38096479217486
136.16064462369897
133.52671410054177
131.9947645830012
129.90973818553562
126.93282246020644
127.43651657896213
127.38654094913281
130.05155452486716
132.2190876193267
136.4808656411273
139.82014940883144
144.4139679193623
147.2908948895327
150.29036645258265
155.07380955671073
160.22433537519396
162.9617877219819
164.23703531696458
163.09735676678847
160.55517917106357
155.8232940949785
149.73432924308065
145.37202395533947
140.0133758655069
133.48421432544984
129.3926888115353
123.22562714492288
123.04487022594805
121.30652226262399
121.04444379618931
122.37946873833145
120.20338177969415
119.92555859396393
120.06410660370014
120.3236332844368
119.87663296273999
