23
24
d
85.97796548420095
85.78929853846932
85.27853460528658
85.58485029659913
84.99774946178408
85.31276208995634
85.41066181334743
80.3561046953816
75.29672238802597
66.59793400623631
59.702383593876164
52.21505156133732
44.08247320002883
37.393106371632484
26.55079230166357
18.097502782803534
11.99950284903708
10.699691104968858
11.579231019290585
13.30190375858701
15.02887637111259
17.348394648561836
18.840270910732784
21.737140033756162
21.91123195350044
21.991175575541035
20.476307547901765
20.535810163544795
20.641776139590405
19.191415380634304
20.273538053222758
21.907521054309473
23.2891793558417
26.397649328882952
27.444595687787047
31.091161035417425
31.68428983368855
34.14434049534452
37.7942202842368
39.66130848638943
40.343565500663146
41.9522812328853
41.91165687281463
40.68460498288137
38.95154873519827
37.79951112165781
36.89495388137556
35.63823657259961
33.74462638623239
32.71963127894828
30.366824183864953
26.643773823622798
24.444045994521563
24.635127272684574
24.80947519986113
30.12687003256841
38.30284054820203
51.06284358219346
59.93398463925699
71.44733533927652
85.26447332685457
96.86304208613673
112.3182467316002
114.3029530757115
115.59213427109616
115.31242100512107
116.25090943731766
116.30477593915556
116.0689838870903
115.9776715848356
116.49966327457386
117.36456152925386
118.12957285383469
118.71890182354004
121.45166304546615
122.26449381370908
123.40696977758333
125.26920722527412
124.90329679685101
128.48264802870847
131.9032293193542
136.7960953896089
139.25378147047337
144.65745089025617
148.7913016278438
153.6272432534129
160.48403550083034
165.0236264860179
169.642423496217
171.13667291921422
170.5266898179894
169.23397494819065
168.14063628992565
166.0181690898484
163.89336582317492
163.77541020088862
162.72584607671885
162.63147889803759
161.58051415227607
161.96048542762222
161.15477613396965
162.33733713176147
161.09995436164803
163.80937917932766
165.39136844254523
168.03203948646416
170.99893018815254
173.9473905250585
176.83048660876034
180.8897126692734
184.58155888911617
187.51895096586938
190.4223435180546
191.36195987463174
190.43526868439514
189.79816870397855
186.00108291529114
181.2360903941083
178.32966963613202
174.36744101647156
172.37640846114184
168.44226658114468
163.71335845740552
159.01134501889535
157.1642562783935
156.42026922566924
157.1642375271648
159.2305966294657
163.98818894030524
169.72130229580065
174.77986152466488
181.07376211950046
187.31573201926977
193.06214387676917
198.6675299691632
199.31607294319988
199.257772940618
198.21886718450978
199.3081224544436
198.6868785815072
198.39042960780125
199.00311336506846
198.70236215058276
199.20089005432013
198.71321208286403
200.0925439400192
198.70331381813642
199.1594145680411
200.35092121797268
200.41251056248566
200.46383732258488
201.66083236519688
203.9417051448731
209.55558264129346
214.18816194240694
220.42683884686
227.57340397752347
231.1227871631434
237.6425839320472
240.76843713771945
243.1182978688067
243.3340176632992
244.3285152606855
244.81960879697337
246.89182828330905
246.19864369395137
247.0125258606181
247.5055653914023
249.39115124459718
251.45476971948634
252.29639173596433
252.89398124762587
254.5787277672799
255.6658016164982
256.8147396848586
259.2357641056842
262.9349572760234
265.7830008274453
268.25414906423265
272.56351817778943
276.78738773951824
280.12232492457304
286.9028802299957
292.00261389757117
294.49699184474565
295.2414730044163
294.7685744930726
294.48098622131874
291.19137495869353
290.2562404374155
287.87513883492727
284.80065648880304
285.64890445600497
284.61159836354767
284.3180993399746
282.8243349193758
282.1963315748422
282.34475598853066
282.50987053588324
283.32493609826304
282.0535615872933
283.5093219017427
283.57833877646766
283.36594484526125
284.1121622951401
284.0679396273407
285.4297900606144
285.42246690289323
285.46914751144453
285.4854595545572
285.9778047065739
283.4707278231186
281.8848042767042
278.59813872079667
274.6996577628874
272.0484252839585
271.63038808869646
269.65684950331126
268.82735491658406
267.3695373236374
265.5058891160124
263.811336057039
262.6761845581266
257.89511380138686
252.5979686021176
241.11085998292862
232.87864590761234
222.9870568840901
209.67269330274908
198.8917859551414
183.6079918215478
181.61521310335962
179.28944374500207
177.57694235501174
177.62387300459054
176.36576149180956
176.34898166373992
177.04403459645854
174.80182240580612
174.9079163465916
171.23729932826996
168.53358920796197
164.80551354597708
160.83659490546447
159.46838356596447
158.91519784959726
158.44770713600988
159.6469560070829
160.77246066113014
164.01187095602702
167.346155625385
168.94042700390574
169.68782149977358
171.68128291544804
174.6566082028325
176.59012837555403
177.38971185577802
178.0275100210706
178.5385536230301
176.41957084045916
174.2399741752486
169.73853750712357
166.77750617646475
163.79229653133405
160.1084339950357
157.8794235787558
153.34827400910635
152.48520522032533
150.79417911513445
150.42408609995678
150.47788651790634
150.00111385214007
149.92104689288254
148.60690190318297
148.61784360711826
147.02168254382144
146.70383287450548
145.9292448244968
146.47843568361836
144.75531401115364
144.59759096742542
143.71340102583318
142.57282217396482
140.27266824387237
136.78674509513607
128.10361697151404
120.53817967363949
111.76472934782056
