25
24
e
96.43256549765051
90.30805717111605
85.1387998832223
78.9896462474234
74.23671919384229
68.44358872157369
66.66764501881381
64.73436328006449
61.07546452254576
56.88694579988785
54.11061641632009
50.1118926125788
43.60398710649397
38.32273459867652
32.31611431842144
23.177124079875533
16.130709817327368
10.400979901718921
9.740043679466732
9.187371131527007
10.126979267309954
12.54398101784934
14.95518543181393
16.606013392756978
18.744271134078144
18.69508355067084
18.66972750308643
18.0258367867763
17.93576890894399
17.573434245733186
17.158602943787884
18.17469269018679
18.820349093766975
20.812809377185875
21.97732435436637
24.59231939715586
25.114077938239348
27.303102281960417
29.829738167710754
33.061021096528634
34.76555098358775
35.986052407369705
36.280770022215634
35.44904731844056
35.469483244681584
34.60795328366645
33.594643963574484
31.711600239715484
30.7823589545725
30.15015904445341
29.050475992384662
25.859365138966968
23.363704572481172
21.198160971166825
20.090770865966874
20.553866957768584
26.32945539287242
33.250938557520485
44.16232505064538
52.781741338928335
60.79841097712219
74.05002599955071
83.92051302317492
96.94054966656142
98.10187504895399
99.09026018145944
98.59309555892847
99.24066928796891
100.6897397987361
100.09951339252713
100.36333971642003
100.56224798329319
100.88312928543088
102.52970882824951
104.23039417572978
104.6475940906404
104.49752172706998
107.42977598111054
107.4533303159926
108.39780336324694
110.90387866835196
114.57097265567997
118.10805034050347
120.92020762796756
124.55087896841299
128.23381912145408
132.3608673071108
138.3536782335629
143.11299901797506
146.13910090881723
147.26930271155425
147.0227502611856
146.48043586271018
144.6613113029207
143.2303408158119
141.6163863456445
141.30642375458643
140.12070967835632
140.68206961734919
140.22738872152888
139.751686520942
139.06683725288778
138.6985035325709
139.41509128424917
141.3819550874025
142.49576410213922
146.79113073390494
147.93341259535373
150.28745282242915
152.1101343030886
155.05390853318846
159.56854904384093
161.58367414218012
164.98232845664094
165.08113212871757
165.02673026442534
163.15863556235718
160.20371783383777
156.14501411704632
153.47703414305633
150.3891871628329
147.2054226027133
145.9569501985913
141.36306664601167
138.17157152994298
135.70718351402633
134.56482277921063
135.64775579984507
137.29509728785754
141.49930414796043
146.37143929847176
150.30717024626443
155.09371751120506
160.97718689406034
166.19243423736134
171.81926497670344
171.27010903656037
171.78026030876592
172.22646914886192
171.29855299765424
171.02466924661402
171.86352776002948
171.5772395923092
171.425776020215
171.69660168670447
171.28798162180104
171.66241088907023
171.69867283160664
171.2982806588034
172.96940592796423
172.7594374845405
173.19630184318797
173.97265006038114
176.04820678797978
181.4437649040604
185.93094201908661
190.611132205818
195.7092700754922
198.8593234861145
204.55022432834974
208.1401137472748
209.65253454107648
210.1678095088363
210.5053179734143
211.1552541059159
211.6982768791309
212.01188524889753
212.24229238494425
214.1013390042729
215.01770474138786
216.53344168298923
216.14026919341651
218.49040591813576
220.0695699281562
221.05331223330887
221.78998212013684
223.31956103943315
226.1268910474939
229.76668402844575
232.2513921958834
235.30087246449347
237.94342588207206
242.12257188634499
246.9091358732387
251.4983620909435
254.6688975373618
254.15794386943426
255.0467790276412
252.92711229977968
252.37000328145012
250.53764132545817
249.15661628524555
247.14152264263737
245.9716111808317
245.29584017155622
244.79737569610603
242.9674855128341
243.82974576269802
243.31577542078017
243.70046781463319
243.77704823045602
243.656005488101
242.95966269262655
244.38646924838403
244.3126602153305
244.50871388333852
245.99491647208953
245.13908150058757
245.57890772439498
245.86629916445042
246.97488433931417
246.63679485886632
244.54924485084868
243.40746971972396
239.41382284021952
238.0636866507729
234.31940349944168
234.33797870084692
231.806812505046
231.91443500818247
229.94856160473998
228.962276183298
228.3630709071762
225.69376315124532
221.52565380047173
217.19722311013265
207.4647671565983
201.13108033666342
193.06285641833617
181.7052576660441
171.81907770644258
158.05676366939073
155.8791963300603
153.86396129176416
153.74137665001385
153.1140311932087
151.94346411138693
151.8554384863412
151.19252054822815
151.1623581369381
150.285067843484
148.36886050241196
145.54295286047585
142.5728080569911
140.13006659717013
137.47324770547263
136.97723414987396
137.18626004439193
137.4877488356471
140.61173195819146
142.20934342339308
143.78851920566663
146.44077800129472
146.38739877136325
148.19516158036777
150.26488795907815
152.89069385912035
154.17679351224743
154.43305305320033
154.59954322045382
152.64393386203017
150.17284174139274
145.77729391344127
144.28750148580895
140.6407680180626
137.7746944112563
135.78826017126624
133.13492365489915
131.56565650206477
131.02669356723405
129.16940597044632
129.38770181808408
128.62807179514508
128.60042142987547
127.03617562362186
127.43763509729142
127.74793609067575
126.37527504882156
126.11018944264941
125.85365758058111
125.75173918373719
125.49724851954745
125.08588619925403
123.53818367318394
120.63437962335512
118.16220898790307
109.85396136028753
103.56710480434116
