17
13
b
91.34970643071891
90.83160989915815
89.24724059724448
88.40809367574029
87.41063419660792
86.91795124700457
84.64205629099193
83.60641192540218
79.88761931958902
76.32022432012734
69.69712443396534
64.89738982448264
58.32614231439461
48.93911174534815
41.294683620807
31.880771417814913
29.801412461412973
29.57150936829182
28.39170067906065
28.417939733318704
27.506088304406042
27.28450322312502
28.162256143411067
27.931833912721007
26.67760386780229
25.676447935456444
25.015648099415856
22.96309636192154
20.860681193828054
20.345653729331772
19.83210460199142
20.379265793256685
20.219012313128815
22.393285010133674
22.393719637327575
23.49170125150642
25.027413572651614
25.725312244085337
26.488973570266555
26.28186193094377
26.649775354650025
26.751504080479894
27.232369497938905
28.5685023230762
29.153966242561356
30.637879665626116
31.843848252057533
33.66657819783416
35.66337744988271
36.77864650411231
39.07137759166163
38.62820120388038
40.50915827788421
42.36259377657467
42.762153133597224
44.52641895048397
46.840029642342614
51.23378330123477
56.824955485303626
60.49677200290701
66.48059430155455
73.83749384692763
79.73288354118864
86.9216517750304
90.583163497891
92.88804560664093
92.71290279477121
94.60677513070732
94.69761426443438
94.20974919306906
95.5665987494298
95.84146699575602
97.84993912895645
98.21442575551184
99.81229700566787
100.32798527340834
101.9880352184069
103.38384624751559
104.63638553760548
106.06902902464856
108.27460020365575
112.40791631421742
118.28661986059545
122.28230776627036
126.80276536255997
138.3160971103487
144.6736723853844
154.63229915645883
153.62538387109024
153.3841911146841
153.4752102877536
153.01908579299229
152.74462690327783
152.60230905873104
152.6955078591167
152.0630022737207
152.7357542688812
153.73500163555352
153.2352184043987
153.3095786684758
154.58831163207594
154.27475423299106
154.71079910965994
156.41982441021304
155.96295179293625
158.10522480381505
161.3854166247908
164.05358865117438
166.14135577152757
169.5406585281442
171.60840190535302
176.4541445382481
179.03722224536276
181.1476064214642
181.88593441148785
182.34107170530754
181.35485012472247
179.00472774611487
177.37054644739092
176.93920106499482
174.19672919216978
174.58531183179178
174.54807276211295
174.0976753562656
173.52591658054223
172.17642681176298
171.56972255780306
172.71037258467544
170.67335330677565
169.65195816550818
168.4775283683863
167.1203251331913
166.43730848070462
163.87243403272515
162.86784154906704
160.05540506613403
158.29836083342323
157.33177170464302
156.0345100107876
156.63642052152034
159.1420936730814
162.86066220759545
166.90385151161917
169.8905457322781
175.50819272732122
177.56878827495785
178.75823909524604
181.52708580399946
184.75010343510695
187.27322067327964
188.14365395767229
190.0190746835611
194.1858003775876
199.0186647713358
204.46919621304448
208.50285201825665
213.63621110376226
220.12113705778066
226.89957991124942
234.68032770240106
242.1010243204757
247.1909081929465
247.60550749609217
248.07965741087907
246.7427196794759
245.3382336356061
240.31194876004474
238.56267002079974
234.80226429574395
235.94771379136972
235.07355787716912
233.50402070757744
232.2448715380033
231.86922152485621
232.0638779644837
231.3547169765037
232.54663456924843
232.2987346680307
234.8834207330252
234.60132929141855
235.45373682037206
236.73081119477064
237.26724344203527
238.59127841569182
239.4686393412991
239.62011337753503
240.5479869951761
240.15886130439205
239.9557176071381
238.65845858731618
237.74112474232538
236.49274350851718
235.52851212909613
234.28321753159912
233.81343043409316
230.47787378909192
229.68768808741868
228.18794622393617
228.14154153537365
227.8060693421191
231.1429774621488
235.8472434480341
244.54049634634808
248.70196698602194
256.1999219020861
260.737938780533
267.9968312746571
277.43087751555754
285.79962541779327
292.92622351442725
295.65018485533597
295.39366463842964
287.2821555827894
274.8680391545083
256.3531347149115
243.90343846575598
228.63960536908874
200.96062568526548
181.83660980395172
165.4552790041214
169.3864592678035
171.31440157812347
172.21496928102485
173.23687540813273
173.8795546834011
173.95530498264822
173.21816538828008
172.6898874391417
173.86062182985495
173.9309043574007
173.96193461466012
173.39456143260415
173.19933318038315
173.42127059448694
172.34708419470965
172.6122438978668
170.5018386967277
169.87614874862948
166.65670651414092
164.16530340241383
162.08014742537065
157.24502790197434
153.98983684463778
149.33807172054728
147.89308623386182
147.94073152879164
147.9605322529026
148.01994670074535
147.71601850153615
147.88822520226313
147.39382015910823
146.53910240968
146.933264300166
146.60272444008984
146.83250384935513
145.7436984287226
145.69263444396734
144.72728394541605
145.46159695285496
143.97881816708372
142.26268126529106
141.7104867116256
138.72816221691969
136.43840116496446
133.21548151440993
130.12877980224093
128.10529569009051
125.02481711768623
124.90286621390683
121.64890467034816
120.33455830429965
119.94474472237917
117.56922721020901
116.24658184462264
114.48862439218293
113.52095357670153
111.60767049730738
108.05055503532273
105.64952525966416
103.00940899368399
100.47811832391837
98.97552296260451
97.87936272176539
97.5467245656182
95.64352608014393
95.37212738441791
93.55120776512499
92.17839215781008
