11
2
a
186.80388824225213
186.26737566160296
183.11157330867073
182.3941928374455
180.96364149307755
180.1809411724004
177.85424629652962
176.01179246891195
171.74885282737748
166.13848086380932
154.93368090324734
146.6222390935782
136.89302306903414
127.07287034654762
119.11168752174893
104.30245798090606
94.72999017977884
86.9141387362262
84.82794250228596
84.74545408345907
87.22030009962347
91.89978056609807
95.91615712764575
101.11185536895616
105.6441924106949
106.8096401001748
109.24778344860914
110.99699368441618
110.95402120108918
112.80017557560227
112.12945696958104
112.52113647028985
112.41822024187994
112.95043942282298
112.14170532439552
113.62694083617467
115.02416418995072
114.03557419094287
114.69026806761573
116.7457636636036
117.8812344386606
117.54620836986572
118.34227340492279
117.8775790869867
117.89711644333022
117.43501585230771
117.9555313404411
117.29017021234569
117.34239995903879
116.58730557273104
116.52839122459646
117.6047538489889
116.88051471253009
117.27464967510247
116.74973611374116
117.06510143721813
117.73073357744055
116.87210373228513
116.56999196097193
116.62555034176548
116.62193219772468
117.16910211448797
115.77409519846101
114.7176630438313
115.27055238806815
113.91925729610516
114.44411963729762
114.55711605316571
116.77100313390845
119.10742916589793
124.38336700278613
127.4680382074301
131.733578165814
137.3989421745282
141.18304650358476
148.16306547794815
147.4899711173275
148.34783575498352
149.2158426109711
149.30251956880514
149.09908737269603
149.57532850752878
148.46611390218513
147.66072751519695
148.43794683013485
149.13134568457258
148.90492569815055
148.94442574309025
148.45546019059427
149.3924511424352
150.29458744372113
151.22957930131872
152.38563003289744
154.7674728614903
164.34089551497777
174.22082009682512
188.3679424343718
196.33594228233747
204.33386418535383
216.82612818257232
225.36289642572717
233.91225914850116
233.9352513157879
234.54341923203964
234.19626818546723
231.2486653923739
226.57611810626733
224.2783264776302
221.76436820892033
222.60760818148395
222.87361723013916
223.41040489859037
224.24983662456566
224.28166300859388
224.81544563542207
223.1428305039993
222.27403874361534
220.59907183741188
216.45329216238542
213.3301292355817
210.75019136678412
207.6371053400197
204.961067774162
200.81144559284218
198.31257340047537
195.46562939394437
195.2191344705354
194.83712981991627
194.329352847889
196.11712202347562
196.09465288690723
197.8422419273275
198.5404965655705
199.12548392854097
198.5613129056374
197.25517666258511
196.89457565501763
195.98266393691213
194.93841200100647
195.04735818443774
198.6541877408047
201.90714563878808
207.839144622282
212.0220493604386
216.85528716732463
221.78792355359022
225.2205478601276
232.4688000512074
237.88520043874024
241.91896708785572
242.5950059390789
243.9495170522988
240.47100238476855
235.81855069472877
229.50281936157037
225.1633700425048
219.70268147504157
215.87647217874903
211.08748528178145
206.0078307407766
201.12944272413966
196.4841654271025
196.01721692196898
196.4533749810688
199.32884641064288
204.3175925396046
211.84791016785442
216.0254651027667
222.0336871245437
227.88579678601297
228.9655668525079
233.82859227891817
236.64181707247062
239.15910649605195
241.16966850480458
244.19598318516046
246.7268516712055
249.14575233482503
254.1518475432061
256.60747420673977
260.10369487284055
264.703615026664
270.6151261980725
278.3115169258582
284.3703556619214
288.4890428791068
288.95414066549944
288.8004375695314
287.59959743422525
284.21435428329113
280.45886129355625
276.9829220809778
275.73573142820965
273.66507699119603
271.81494553744574
268.93566167894807
266.3942464257337
265.25740939761386
264.52086215493904
264.1748905355631
266.9851778510983
269.62874893327154
275.83529651330565
279.41916157937226
283.9216971726565
287.3401903918953
291.09572246646707
296.6865244324864
300.88592169722864
303.1410632884451
304.0388703406706
304.3743879590558
302.3580963748379
302.01460938386936
299.41346616825973
297.5810361296597
295.0189986411129
294.8781853231911
295.0591312007659
295.0864475262574
294.2534930531496
293.97575313174536
293.98835936308427
293.320135818163
291.6709511648596
290.0081326505171
285.4843252355396
280.71595660207873
274.88790883146874
269.51623260467494
263.8647689677742
259.0963680673163
255.34067152035675
253.85520239529257
254.15854953513787
254.18621954177584
252.5088793927018
252.61987451734876
252.3454077492966
252.0500230482088
250.9813892299421
249.7433684694377
248.9407697760071
247.99632291660632
247.03138485483709
245.44236156033244
245.2095375812655
243.97617578606202
243.2421984718712
242.46679443611683
241.68029851885214
242.10126944247637
240.0155472170554
239.75348393591747
237.78573361609782
235.07070473458037
232.65007109194605
231.89705336912064
231.7372856610456
232.21648593419297
232.30267153475265
233.44937086317074
233.46258857326012
233.55930328610398
233.85448936566053
234.29235645969771
235.1406556533586
235.79201172993203
236.8273134784096
237.2639108727152
236.8268677079206
238.2628336920559
234.16232235485955
230.78843556067918
225.09502408740008
221.1477163529813
216.60760049622561
211.3730821138741
207.61856895615838
202.04358250521165
199.92987776763238
197.37811218325052
195.24144595439978
194.76366563452518
192.9996752161605
191.47941151900773
190.36654615965378
188.94919050644654
