6
23
d
122.78439471374028
122.89902155720856
125.07422597768691
127.97325917328216
129.75368839085428
132.15777697331598
133.46351952840578
133.37285880687944
128.88110901535393
120.7242038313549
108.18595073730776
101.51395695391088
91.59533901630654
76.24943223196748
65.76277566090025
52.81702858826181
51.91081738867671
51.804636093896185
51.90713949447394
51.88064470364126
51.80771635503667
51.88441160603012
51.56697384318709
50.9911659945663
51.54498069165355
49.6524897032661
49.08306434348745
45.92687851513423
45.4213890482545
43.234319906142986
43.63487430561971
43.68133773015474
43.661843266985116
44.73542488134846
44.427835239565376
44.45009353178016
45.258127511919795
45.72612420341651
45.7584335688937
46.71878437539698
47.567072385577426
48.759261737155256
47.98430034381945
48.88568420419979
46.96372862336672
43.88673921426429
38.09133663391637
34.73390653872274
31.707299846909716
27.41761709607869
24.035766707241763
17.843000454919693
13.818029526081025
10.44122552777251
9.111063018021545
7.32806932362526
12.146612984234366
16.651987822422903
23.801177787624137
27.948461453440753
34.26897734909319
39.06537454385849
43.06356209112475
48.91304960124922
54.01567798954475
56.914688819593174
58.015386658676555
58.03873344702629
56.33669227308861
55.373484975778304
53.22680082673628
50.79168502515861
48.388167276829506
47.98451649623584
47.69824895741565
46.38795575214683
45.38634444133092
43.161947965808025
43.20691947041854
43.43209860603891
45.21519039822308
45.623564563833696
47.94749039066971
49.009041049846516
52.08271253425506
52.61101596964185
52.76994653944712
53.595207984352335
54.39307283527634
55.89261363849175
55.81613787312075
56.852378341108896
58.65210881702834
62.57847167051585
64.63007498715386
68.39388464475388
71.2448791169737
74.62300460011616
78.2246578904653
83.89310731564304
88.00455322952567
91.17056919706232
91.98207384071948
90.90396625041758
90.66112559989162
88.35296883803066
84.99143501115938
82.9079496346647
80.25197920378179
78.31638653586886
77.72466763031892
73.8194651343481
73.07169252531392
72.59583855537164
70.91978713118701
71.24599075553411
71.81277710173781
73.1414645391384
74.79498881831897
75.25314602380985
76.08577134029849
76.77197399515869
77.0625130376692
78.03708314683826
78.2182669854879
77.58427767466716
77.73228248791848
79.08807726515435
80.43974683686012
82.85965992088714
90.04562825806411
95.67445409597732
102.9885578198171
109.79128585491843
115.04813005595513
122.62191474078936
125.70901123057565
128.03612110409819
129.79292535889851
130.35374423232494
131.37492722967428
132.80306799496378
133.44888787763983
135.94083427239246
136.4752971624385
137.6513774255484
139.18164155245782
139.5940272729936
141.12544454904554
141.74257003775847
144.385617292407
145.90922353427743
151.78705703365247
159.29539297529683
174.08759750175602
186.5770020250019
202.64335406633677
215.43577262441832
229.8720009693705
251.90695289227799
268.16080389323474
279.94519594815864
282.0667143152789
281.4705840483387
274.4834594420938
263.8965928865778
247.30752256635486
233.4497585321861
221.937836214419
205.52341067414213
190.4357281278737
180.29603607975866
181.92660675685374
183.66149346624368
184.0752823393695
184.53564792790334
185.04816712884875
184.12275883813288
185.32432831696428
184.11707625318064
185.66706896609193
184.19135222219566
181.78185675506103
180.3819403339912
178.3548786789722
176.43494621174935
176.79806396905846
175.97314040832757
180.41007731973386
186.84582925295436
196.68144314364824
203.0654077449392
210.97202742392716
217.5049868899709
223.64816212753485
230.78308098689735
235.27805112828204
241.05257024742397
243.54400192972778
245.92795298904574
250.20190372544698
253.93462249655423
257.9962581995245
260.3840655269017
264.1032976697275
271.95140552832333
279.9805281112575
291.4202664601586
301.0391482363027
307.2054341297844
308.3409818477893
309.70301542466314
300.05084706426146
288.7707664564636
270.15485710957665
257.65908010109456
243.6359779036416
229.22297787500656
218.4662007245212
205.91708832897388
194.45483355637458
186.99781855991148
185.10949903763554
182.77222012524064
178.1538658400435
173.94959441007217
170.29819777578956
166.51472856251044
162.16992622567298
154.1402461053648
147.99115495115757
134.7816983998933
127.23673925364999
120.47003276166477
120.26614438593441
120.17591803562598
121.51762742288221
123.99209921715624
127.38655003611859
130.16772665093075
133.76182884752902
134.9688470157517
136.0459177065617
137.62364514108907
138.586169043925
140.67975582874092
140.85990452073025
140.6472260602167
138.84130127832333
134.9145182214403
130.883976031331
126.96780743925736
122.82465715886947
118.37350580493676
115.26111640509652
109.95708211691206
107.66053374472962
106.48256910497689
105.79455359326269
104.65987422048039
103.89060013634699
103.48536729468961
102.17972055720261
101.15994784167545
100.23670478936752
97.33711614561855
94.61329582957147
90.22391230813695
88.52803132967708
84.72771844476472
84.75250703846916
85.5973512347052
88.09243590273675
91.47815889468163
97.16368723608919
100.73058468123574
106.2444369289999
111.294697523216
116.38165636703702
121.24575583368797
121.71515025725544
122.22414840740583
121.98089224409857
122.19394981315602
122.68648534914253
121.74254297537938
122.82690075549476
122.43868497695868
