27
0
c
117.69029548604
116.75246957515499
117.35528392192528
116.76153415039539
116.48705906915814
117.01878001059808
116.60683653457937
113.92457489847683
107.64298810693003
100.86313625486727
96.1347004101837
90.56730125109767
83.30583323116278
77.4370491397569
68.1268133410767
61.16231512464673
55.83919802977116
54.956343739193805
54.648743246717686
56.66661152163156
58.2593268360125
62.674931721766406
65.65039270018762
68.65885365467999
69.35564359079062
70.7566703026593
71.07383526974894
72.3813073734752
73.23276273168838
72.90708608210306
73.12412530913574
73.24675136325028
73.0881682530963
73.79798923443167
73.85346662866831
73.31660226614176
74.53304088840576
74.96600681777919
75.73918384419176
75.7511186405202
76.58054438513388
77.75618256686506
76.6279080723843
76.4067736984224
76.38621927232649
76.16215203345419
75.74229332406873
76.20971757376462
76.38591879532518
76.25984999095247
76.02364945117662
76.12953482014768
76.7380914794407
76.35492860616927
77.09690211555021
76.27701934233897
75.49615856735502
75.63930422106507
76.55834715265956
76.13959344155619
76.25213041054099
75.25894850854685
74.07644601158698
74.6046858983633
74.52030985468238
74.17608867370195
74.55731812356761
75.9537410778638
78.06626639722676
80.76376445558013
83.39919094932092
85.32516098815992
89.32830978273246
92.6424124714908
96.70390138809829
95.87461034342583
95.17447242599671
96.80865598166197
97.0365930726619
95.97206782617957
96.75549743204421
97.13547947310137
96.91461825810362
96.95214375498458
97.05142026234444
97.33035287411015
96.92538434524262
98.08649508047255
97.13585615391241
97.15641633127888
97.50392963006911
99.58491352606326
100.36754553087627
107.85142137913881
113.93544374452121
121.24430052685624
126.63076252422928
132.8716154474322
140.69246966069403
146.87480167801854
151.74041519680543
151.96457676990974
152.15100479571498
152.11136928650018
149.65044885760463
147.9165725959919
146.1037935028043
144.65523091471192
144.3942951974155
145.26573896622224
144.9862125353225
144.9140248640615
146.0866855988543
146.28587632984815
146.0528792159477
144.1328630009102
143.79358885665243
141.3787621552096
138.96603345783845
137.85308525030928
134.86948152033452
132.74955754341235
130.45207927988548
128.9480849305255
126.82429210153803
126.82017294487834
125.3230102665018
126.25296116311469
127.57588089863914
127.50872434680173
127.99747880973163
128.950246346274
128.6091442112218
128.83921903038507
129.01134423428752
127.18314768816553
126.30612991108144
126.31525098592682
126.44378411740051
128.7996308902814
131.50690100005392
135.01655954549713
136.36467717516
140.52136417574064
143.7328689010535
147.49874433386728
150.36718056153973
154.6774548582389
156.7494878393056
158.43447680367197
157.91072200451413
155.12136490616618
153.82731465448805
149.33395232377805
145.5090921288688
142.0112524415995
139.65518454700722
137.79692037969124
133.32082944077203
130.58812380596137
127.70706193529385
127.52994049271236
127.61199760536732
129.86834745143636
133.12170150482714
136.84647808642748
140.20985209112754
144.03993481613318
147.65266084125133
150.01861815300407
150.740709618058
153.82219095034412
156.03214909540458
157.52162171679385
157.7788004750822
160.32451012794095
161.82197751039598
164.9153857265007
166.58893920338875
168.74231411840447
172.27143658486622
175.43750791248772
181.54951139653232
184.2724964053462
187.64573604269884
186.89523334255557
187.6065520580747
186.25472216884557
184.403286098859
182.61856836429575
181.1120808261089
178.85838992424837
177.83647455728772
177.662238143534
174.89513284660958
172.72791607530624
172.41900283127814
171.127281870384
171.89080326813203
174.51199457169074
175.05679651454625
179.57052402654702
181.1324011850154
184.1273992998129
187.46807410008427
189.7288133765475
192.723094597979
195.65302226351722
196.9109935342678
197.82073000352332
197.6409156279916
197.2702929464893
195.45339574802404
194.22603315762112
193.2672779338561
191.86477450084013
191.19788698822697
192.19028631307162
190.7834149414732
191.07079318633046
191.12281594206468
190.8005383270628
190.25272891705924
190.1110345782576
187.93883322609105
184.67779840872294
182.1646597029438
177.90600508089665
174.53067807317186
172.3820757604782
167.39326800968982
166.31933076468573
165.4222361528338
165.41281573435649
165.41859234037034
164.34258734695055
163.69110241089336
163.4964515007909
163.00156817677635
164.03722307479777
162.0299993770305
161.79627949338357
161.80442241302524
160.69514030140348
159.16937002971312
159.1962893956437
157.6571204706787
159.0605521407558
158.62427221170728
157.15751837768553
156.055093110644
155.46348271043115
155.47216690368197
153.79695443264768
151.62958937314264
150.69649536846154
150.62821864675556
150.29081929499048
151.27239723462722
151.16338514084296
151.11231895096992
151.34890765561903
151.75169841460627
152.29753387473238
151.47699939265888
152.37819158644027
152.93706418460798
154.2176569225483
154.74913685010472
154.09624741752313
154.4024476271444
152.39997325184993
150.16501311375018
146.03917450068994
143.5697412361548
140.5526641467603
136.56607829068858
135.76051213968347
131.77308604199266
130.03407214244922
127.34911288274752
127.78007478985599
126.42519694864232
125.00950136604621
124.59246040601016
124.22361710799176
123.02955570239655
121.40971270485824
