3
17
a
94.26235006931309
94.30417568985432
94.29641017006736
94.17215703481249
94.36092882909779
94.86041279218917
94.9455899856323
90.26024416188714
85.29968424419644
78.0067886213699
72.43944250603738
67.2689631875576
55.72957434738404
46.664469636661195
38.505253681534654
37.591577684587584
37.92391136784232
37.813068646961874
38.26557377635414
38.04276513414388
37.84708336592352
37.44307888770293
36.471540612645086
37.65774166118796
35.6202320560849
35.32210440721074
34.18140965267263
32.23421037173592
30.896739627603292
32.39120590837313
31.466944728805434
32.402544940599974
31.03795140625252
32.39695412758108
32.3769247012802
33.28511305737177
33.62692170125069
32.808777302048846
34.41065231226949
35.190539823849114
34.774397560037954
36.20165581541168
33.75477015299703
32.691603391008044
31.72354643655449
27.943680795927538
25.71839667890232
24.30373161304472
20.172051756993117
17.05416560283906
12.764221934459526
9.879473446395735
6.635834666584517
6.45819561349132
7.426180288387249
8.753038843268554
12.909955300553168
16.322350999802786
20.588253940267133
24.693427843564802
28.523401440661225
31.706602404878094
35.643707958735924
39.03423474631677
41.52593309310068
42.01074398399113
42.001803281682335
41.12364850651291
40.15507916175324
39.48355903853987
36.277545845693005
35.54673205336784
35.15846554008662
34.25170204213782
32.39553140163493
32.06603120908183
31.88801175512022
31.049828688238673
30.974405255666735
32.354923850185024
33.337581359732994
35.81991713408625
35.76495998762703
37.79926577161667
38.080114309497844
38.767816266026685
39.47899236282764
39.51513742735551
40.2013779195639
41.186809141784416
42.05069612938792
43.67232246148944
45.791682425512285
47.423934290462604
49.939648552335484
52.068574171074005
54.40531504447035
57.19898203982181
61.05346859731819
63.91208988039783
66.04295644400332
65.97099829769866
67.22809903152873
65.90589453175185
64.43358659832303
61.82242270812218
61.37582454870352
57.670575184200246
58.167777843577646
55.67536079696565
54.340753449657036
52.49791435717285
51.819874157737594
53.01673036099279
52.05623480308306
53.30073608391173
53.741284558005624
54.28046658477878
54.567994283365856
57.071787193281025
56.158452143772415
55.98698821271623
55.68173224766943
56.10718966711315
55.18023425889516
56.86060936337912
57.473620664875504
59.0605114262896
60.63816482714596
64.52730667345162
69.85107678729821
74.40231358501521
79.37346099622138
83.97121451403632
89.67462899214158
91.31497674243353
94.12358398415721
94.74602826417576
95.57828934006852
95.93157471289987
97.31037206236827
97.37597187080627
98.35698034338073
99.17188737064298
100.86363407327103
101.50388363269545
101.5050656403519
103.34118337463602
104.47908714523703
104.38154244265179
107.59342260639947
110.3645606811988
115.51364718186312
125.94733814961202
135.78919902784804
147.9571978827566
157.2576311642679
167.41432785650775
182.78962317536656
194.1612805137715
203.36840122666484
205.3500078043227
204.4913392984836
199.83754899810316
191.56405740125325
179.39569800103513
171.46830217696066
162.00376239296577
149.26951546311471
139.59199188938828
131.53957767289654
131.87398590843546
133.40262821738247
133.6377252199329
134.40618934100934
134.2996079427129
134.84905734389736
134.68811020396174
134.86254914424978
134.21899133197186
134.14440880055037
133.33051565330786
131.17939430102382
130.06828086140402
128.79060775702433
128.31989521725777
127.88831183859435
131.0142365629467
136.28907404353453
142.88726500707222
147.585422015104
152.9226566286329
158.88309190270306
162.7722122123309
168.35362088933837
172.34088762222967
176.0693570377001
177.15848554097235
179.21454862189498
182.19372396129114
183.77764462844124
186.78858082380688
189.73030112323727
192.23667531992868
198.07354609026754
203.37902660184992
212.00170810705478
218.68221635591868
225.49711449855837
225.06097916899222
226.00036295225854
219.09675151435746
210.52194227634877
197.08763459900308
187.56502295010299
176.28552496229787
166.68983284145148
158.90240260848935
149.2443177995612
142.3987255570838
136.41796345056315
135.26299853163587
133.46347563122623
130.39331126146243
126.99188283734027
124.02780562958115
121.6501544228001
118.01479315391654
112.39581279299118
106.63271038424327
98.88729625985697
92.90684929388871
87.72739998136369
87.5263428178446
86.34426256810167
89.39092329184683
91.10173325557236
92.79928232286396
95.75795297840777
97.70055716889333
98.3343686875296
98.4403823084809
100.52222715945129
100.94102386512527
102.07130567448331
102.87804217472015
102.38615338829403
101.16535449921474
98.58072695124388
94.82029471946169
92.8852771573458
89.21580411951484
87.18987148600169
84.49015437796197
80.72429678716333
78.88576170702751
76.41222538083014
76.72244989319016
76.65425742056755
74.78768621965466
75.24230009719065
74.39818228245835
74.1452805514115
71.60133010692714
71.03903331001125
69.72044832697041
66.69310208816918
64.18595042479501
63.0829196748177
60.97993990760281
63.01989227502296
64.18895760606014
66.51386821077445
70.23490454240803
73.6958387922972
76.28897074486267
80.05142377882382
84.97527329374269
88.86247643583748
88.02644682903855
89.21485624614877
89.15208861591323
88.14233923864732
88.77515017096707
88.99857859545514
89.32679548578382
89.13455450695346
89.76586431815606
