11
4
d
5.377954993027125
5.249165857531265
5.876925354713317
5.401491156295633
5.937600100703482
5.7695920803662055
5.875861431948238
5.757397296342711
4.458203145574872
3.8538763515357153
4.471346549301624
3.787458296307464
2.312187447089404
1.9425169271400407
0.8629158049357666
0.0
0.0
0.013789397788299072
1.295383212280638
0.0
1.570471735386727
5.803812617902466
5.603289242107123
8.30603268022689
10.9793294826108
13.695750956821243
16.218985813392333
18.884347925872074
20.825054576538975
20.314717466864344
20.04418176878337
18.049100262951953
16.891022375649822
13.624886108769477
11.464871048795228
8.716829412011332
5.823892251220871
3.982809373856328
1.1661427543559648
0.42474284520890826
0.0
0.685759959791088
0.05934304257539889
0.46336363970735384
0.5617790986789326
0.0
0.6340398019968293
0.633201615770654
1.6445911184677175
2.08949298081753
1.4847936232990748
2.182985806394128
1.4857301605705078
2.2387417199366633
2.2381651464299206
2.787133990689184
4.288601939190836
6.259365366154657
7.972759180117485
10.926177976100675
12.413677123181198
12.712212086291483
14.067287176929316
15.637697532383434
17.007213270312707
17.552969046142287
19.34789858906042
23.035187543470663
25.655816176199895
31.62392383517433
38.169323165171
45.00122026022939
50.32691586738752
57.275092393021104
67.64414702353615
75.08008289398231
81.41856210733772
82.05243996859143
81.61049689543391
77.56366214956607
70.75927334436923
59.87346210297179
50.96701645854126
43.29306283079843
36.143849400831336
29.74951091202037
20.24325086056199
14.171689491399624
7.607716009983039
5.712188826371785
6.1750041105726545
8.313172928879458
11.050648354180119
15.261618242726064
20.05707188430686
23.73913352227391
25.42291399473044
26.42123503790053
28.65882233162478
30.606571321665157
31.42931689393922
32.52738840669242
32.01489760503573
32.2573899759896
31.954373396751883
31.13371324118059
31.03821891026235
31.341421340042572
29.52831620750214
28.491803322136455
27.235642343201224
25.441975494095487
22.66503900992327
22.05059261757696
22.881107727879513
29.16121903189135
36.83004390665611
50.55168656455787
60.899724812292995
71.78854762427706
85.13271459971216
95.31121874722281
110.76557825538364
117.22503231532578
120.15863023869052
119.85196817602157
121.09023928976798
122.73453226482772
125.291499413441
126.22236866245146
126.6195080687486
127.70457749855647
132.25763639389854
136.33094518810003
142.69297834930606
147.6357483838327
151.69627552987805
152.30038954756438
153.07383195451212
148.91356352774278
142.07801433467984
132.9025970999711
126.851943491781
118.59587374601568
111.93784819969464
105.20557908041128
97.83927756904528
92.94611914053601
88.87545944026675
89.19192395119418
87.84550025528816
86.23128586235792
84.63046845237986
84.19130202378818
82.18238126890672
81.12275598035707
78.50579285871098
74.85256911131823
71.8122463231707
69.20697130892509
68.07399078795432
66.53380130117226
65.79302578948658
65.29782340535132
64.5892052182901
62.63412133751945
61.814441462208606
60.057328699217244
56.82514819232992
55.26912891148749
51.37894380112515
48.63709209200561
45.6439318844987
45.24095227274927
44.67621174383382
47.9814649249825
54.0504745293836
61.479525335621005
66.69716449907396
73.41377755214859
78.21637383154766
84.93316002189535
92.98779744187492
99.85777621509231
105.66267356521983
107.52880264726507
106.57099346917725
101.92600581527473
92.88695167880188
80.32531742955783
69.85097880279145
61.19942691987323
52.17523447907722
44.58176568119736
30.513348551258442
22.276326676681485
15.602415422177975
13.57371744552662
12.603684141586902
17.18762095540403
23.773641716126406
30.581617769211032
35.0463236051394
43.40765429582173
46.80129575345655
50.57237677373746
56.232584460738806
61.581970096036265
64.49781122896187
66.07483347215019
66.55023493387351
62.87218891657768
58.12780925769937
54.255748964019034
49.368899852570614
46.04723060138694
41.864446278273306
37.259694871111336
31.104970886974183
26.340899156873462
21.846659319379377
20.56358697288087
20.341253566363694
27.73812631144744
37.13528647685813
52.207037326610696
62.19079883750305
73.95129236519814
86.14118151783475
94.35677122969507
110.28529678124661
122.97968388498792
130.93187711983748
133.13535374095213
132.06404471889718
128.42378202268128
123.33083664528917
115.32202697515929
109.15215041855987
102.33223397495487
100.1654212714377
97.08353886861751
96.21901778790725
93.98920461065848
91.4239011080403
90.19387995049291
88.46556684636214
82.32891737972844
77.16857095796472
67.62050762270806
59.94552045974984
51.0507066250477
41.23430983568802
32.465018015827305
20.231414058890056
9.416280677795838
2.394119728567038
0.8797017503242079
1.5219967505119305
2.5765062255812485
4.167264814071424
7.42993882882253
9.998808762040445
13.772885138800287
13.2737016113259
14.46544318538879
12.943813514809973
13.446451272276917
13.907765693385945
14.09335245439567
13.299942938757471
12.835546195532771
13.56345040774299
14.27352648462943
14.360041627530208
15.517050618014007
15.542552640575666
16.710126557299898
15.858854919331383
18.261654993886125
18.37844816525298
17.83624528361438
17.996395672951024
17.228097784302502
16.385005802553888
14.285318860423045
13.605505876949831
11.610187863239258
