23
18
c
116.44543030102848
117.05708164824844
117.56332519074404
116.68288480365877
117.05801757011552
117.31482357200795
115.49441750528864
110.81426218794114
101.85009989737925
89.65775112843559
82.171266838831
72.24502191529498
61.6551740000254
50.46476074298775
36.119278977415064
25.656883159822602
17.430930847545337
15.161952681271943
15.707965183957809
17.49767881040626
20.49770741444762
23.088892151305192
26.047632498758613
30.092954851533467
29.79892555270835
28.976887955577837
29.01993801788422
27.29312158520175
28.38652322036189
27.410716179746316
27.596751989661715
29.007235482455776
32.084079162238126
35.63707918531704
37.19207220218313
40.82735825105069
43.069919492730286
46.97565022548322
50.73521266285746
54.91578046835243
56.31061016255497
56.28080717223815
57.150320276508324
54.90387709636274
54.01504555205919
51.49192224957128
49.752286303376586
47.87345302796016
48.13594828942365
44.0647708069597
40.74019415754254
36.9392676858963
34.814367406949174
33.32279430758787
34.10376692958245
40.930055082132
52.80381434547329
69.97751572044149
82.92158498073712
96.93949237096847
116.91021721324219
133.31996044794667
153.7435138139424
156.07298527898692
157.34757102852558
157.31731972346572
158.45313156908313
158.5864913073887
160.07150371346907
160.26113853890158
159.35298029509403
159.7863432295412
162.13865265701867
163.9556975187994
165.505339847375
166.21112144363963
169.20020896153724
171.08737446917468
171.78709463037853
175.11662010075673
180.66817768828423
186.44972947702843
191.41943687117447
198.13476642608603
204.18099089588577
210.34036392572202
219.0596807515105
225.73393873664304
231.08722939403773
232.474138590802
233.07040587456706
231.1836402446844
230.1649293124632
227.14666081610494
225.9148047346114
223.45047224111946
223.07121290012373
222.51384267872007
222.42678998541354
222.02541046114618
220.71926174723453
220.44443730262364
219.85673279963936
223.71159689498523
225.72557869605436
230.35067712902
233.86911346511178
238.6631621169146
242.42158037204578
246.65044683472414
252.31617347625107
257.88982990143177
260.3231059357906
261.88417222387693
261.81835970293633
258.0463157511857
255.05807490753168
248.12064879147056
242.60489171773605
238.57861943055178
234.66698458671897
229.81382039672272
223.81867748185888
219.66268553135168
214.08763977108254
214.48790911149612
213.61551831348027
217.47108221504362
223.7220492147563
232.7210547560861
239.4261307930468
245.55564260410466
255.06845149375243
263.04748803750886
272.1846296158201
271.08920478248524
271.9939363982075
272.32381770766006
271.67740004409313
272.1751933439839
272.3976224485026
271.7799394985425
271.4234804236918
271.77077999093854
271.40876262768904
272.4489568914726
272.7041414989842
272.91425672667407
273.35013513649614
273.22281541809406
274.600022925516
276.9917427701019
279.3898108767465
287.1992362423071
293.3390095267892
302.21568280453505
310.39822747723383
316.171535421142
324.059062055953
330.2139923316515
332.1709632834916
332.98481710752986
333.26395169102534
334.96684227645096
336.11425174842566
337.7018535197708
338.7088053525753
338.96039843071793
341.2451411906853
342.49428959526534
343.31381241568516
346.995422548114
348.1322327016591
350.15485716252135
350.7145823055848
354.1894161211496
358.62191044241473
364.300412890412
368.8954366809453
373.32881295105875
378.6744897210628
383.3633986731721
392.64472143586147
397.3101281405562
401.70350565674516
403.62311686516597
403.26275997389536
402.34445457874523
399.75148529722765
396.11395688627994
393.4869765266363
391.07260706534737
390.02785733606606
389.3400700285389
388.15356669974807
386.60908326912437
385.73577518979636
386.14837333973924
385.78897463407134
386.10745468070877
386.93626198485595
387.8810082434792
387.0617467056972
387.87663258895583
387.17963974630453
388.27444091248975
389.1046580383734
389.41641444327263
390.2178917627259
390.00312389855463
390.00329797943647
386.9934746753512
384.64058943257993
380.352748073291
376.7854268076934
372.74839675345294
370.3903004253052
368.98511556252464
367.71101955535806
365.6696286332169
363.4495437742972
361.24122570888983
357.88143144207334
352.78176936373956
344.73374510239057
330.0550425441817
319.9354962933251
304.3664149100389
287.7059449794781
271.90020363015753
252.4904548645525
248.48006832405807
244.98545579778596
243.71077675585101
243.01638494609827
241.32093978274278
240.00780263380457
240.19854962749469
239.37754450596827
237.97779149259256
234.91610427593608
231.33201205305537
225.17841807089545
221.33430402591335
217.42067600679871
216.88974885696794
217.1411520168942
218.71792203180914
220.80416921672017
224.455815337023
227.20916474611104
229.80275092699605
233.82722981252198
235.00672083391302
239.05415507934669
240.94295801504964
243.95803472942893
244.95738294931016
244.02906624463202
242.11109779623513
238.10605866496695
231.58621473849917
229.1515646669869
223.2224559902032
219.14864552883222
215.723238398356
210.89852861432047
207.94662355295284
205.1633612903095
205.29079903290082
205.32110616528686
204.74521099922208
203.47789834206944
203.36111397366423
202.14424832328643
201.3889495699025
200.67211569447605
200.15004365384553
200.48258891217282
199.3197980381046
198.05541008954881
196.9374681533596
194.49445329385006
191.99227275977947
186.56698293866634
175.27913161317292
165.90808306910063
153.39722701878924
