26
19
d
59.92189186729264
60.38861013647371
59.264422012824326
59.72301446357358
60.42490157362956
58.49007144591855
60.36500500916664
59.20447142333091
58.967668082327556
57.23569349773886
56.20399034664087
56.41123627318634
55.7958503864066
54.34247331093422
53.48975557570975
52.08303070474874
50.80218285957121
50.997020071943105
51.08463194124189
52.000123314299024
51.69519791459028
53.86339091587019
55.164553345284816
56.72641876963185
56.403249677876374
57.95447881032204
61.23288135146495
62.09181551131788
63.299883557593425
64.90277333290743
63.98666893541784
61.23516941762656
57.352959554889246
52.516883523103765
47.160827859978085
43.92352633407364
39.32892057416274
34.852084683719625
28.96121829432991
24.487325730316446
20.129009887158148
18.756825410673454
19.65588377255913
21.572962602193773
24.174531428442304
28.308581125238938
31.19714156208137
33.07660142138537
34.255460877817455
34.12191577932339
33.83031441337222
34.49281486623918
35.2979289126865
37.537703441078904
37.65855420274754
42.08712960412138
45.36465462549975
57.387076419775966
66.59291390817845
79.75595930249489
88.67327739353992
99.01796622704515
112.50157090967997
122.37471634408547
131.1103718374131
132.79422782050966
132.59693325095378
131.14330971350068
127.85042510541587
124.43847464992217
122.14407403655451
118.10840270179008
118.17321195711119
117.57667810651036
116.34716826481521
114.70172103115466
113.90328947517135
112.37125424790025
113.86101304505578
116.6758901054811
123.00002707043086
132.5589424920489
136.7663020493418
145.26178229311628
152.17031452228855
156.814494653829
164.0357666531031
167.6187502548703
174.15922155771963
176.36735783301762
178.30635927489055
180.44693110192182
184.40905089998267
188.01797036739327
191.3880317993618
194.43297152427695
199.92712017538975
207.2204805908036
216.96791612054434
225.77157204753223
230.82001170853766
232.87868917690457
231.8577446709317
226.35536829541357
218.11765233838045
204.69797940119625
196.24625236209926
184.30935563437643
175.00504658657817
167.8945813594724
153.45431963990657
143.94251677626542
136.41014589780326
135.4013675175738
134.2951526181833
139.7117816553792
148.9314449681295
162.06055054336852
170.52373691996576
182.5691497955552
189.43108771333462
196.26245331461254
206.00570949436087
215.01212790442017
220.68541600198836
222.10460743868586
221.3157396262286
220.42568782116416
218.5264241545844
215.29048442354875
213.98112503022134
210.87376318852748
211.3170011595529
212.33625359732685
212.74724804156952
212.20802382575846
212.19083212193414
212.68914886441817
212.4951549043414
211.2386573921065
209.2085503575513
207.1038506997227
205.59358849008206
204.59407744426872
202.4679796173065
200.11939224013304
195.778615810758
191.67172556472667
189.58206065169023
186.97750448517354
187.85231384331826
194.10502864409688
202.7250127874213
217.17532125793994
225.9236715541694
238.3821993641829
248.55100211342568
258.5303366575741
273.9954321678462
287.2047601266496
296.8190124602465
299.8986458138231
299.1844846478946
292.00829750728104
279.05210477186444
261.3037082674075
248.94632679770064
234.57804003748112
223.30953907590487
213.2659648225958
196.8736360833977
184.74547963561542
175.69714968408007
174.33218084111797
174.266457109057
177.73513011866686
183.24286862570236
189.81652051097382
194.5920501948948
201.11097218285676
203.9336242515219
206.6493912061066
210.83226799697036
213.53291324397637
215.8195861359286
216.08172866019507
216.32231112877918
213.5417119039623
212.59495732103568
206.85481037019713
204.81905866310163
202.04966526843185
197.56268178291197
192.99730795361867
186.75933992872712
180.00201348712667
175.5556784942076
172.85304368065587
173.9209175231437
184.3231588610511
201.7256406822297
226.48253008426997
242.78647721982313
263.5619853268705
283.42069569118956
302.4984596315277
332.1755551693734
354.8274206375084
372.70859053669875
377.7494918325347
377.7677482607231
362.5268485078095
341.3670330197031
309.0503047845046
286.4424363329285
260.9743723619003
239.94122599152104
221.2801784515532
189.49565629947224
166.94561197853395
149.0788757726159
144.48437669066374
144.56185276517806
157.95160892237303
178.0344085699186
206.66966819813362
228.69588119584262
254.57606136707759
272.2090468993121
288.88561602926575
317.5249850622731
338.47080131235805
354.48253315355396
357.86554899391575
358.56866457558135
347.819387470603
330.4372401010399
305.8599009354804
288.06988538691775
266.70928177312624
251.33913566779376
241.0898285278358
225.47325011315766
213.84156954905416
204.16637453912244
201.4153595950851
199.17773336338934
192.70626433447052
187.92315468195665
182.09801449237307
176.97817359307712
171.78215577801888
161.76743835589454
151.80719508595135
135.44558293209744
124.33939605706688
115.01936766175271
113.822230317388
114.49538696090211
118.40699207585862
126.39195922911757
137.30777618586401
145.02304378574036
154.43635444510818
161.1519174638584
167.52048574133698
176.39775637487136
182.74363136545136
188.48064595490683
189.83549086604583
190.53890690455273
186.3815102364662
178.93061657298134
171.4602993193316
166.30534117587976
158.87312174157168
154.43803274431323
152.13197223491304
148.95273347439527
145.4792398458729
141.76432447890537
138.88238439852628
137.2518838718356
130.5875770114121
124.63126796718176
115.01311601588853
107.27039831474536
98.53143920875965
