7
18
e
143.85061949707315
144.69687566325598
144.54348857767167
145.27090739628701
144.1970020079588
144.1975631555489
144.4270149930066
138.43639156054553
131.11773316547686
119.20901168776382
111.57711152873593
102.05495470506953
85.10310265231782
72.14524448253371
59.12092853444242
58.659334641433524
58.432778676727644
58.05213847788045
57.44598852429551
57.4326601435841
57.39844629422463
56.78325964773888
57.51143730008738
58.014677941051566
55.50766357345716
54.46390058206643
51.36903408184134
49.80645500218799
49.017449124825816
47.9639755207609
47.7027475669896
49.03001336374358
48.89959011718523
50.3252625976665
49.61264420387424
50.56867936419356
51.13165857392004
51.63289884400516
52.210183655630416
53.56675199807502
53.84692004738234
52.821988652474964
54.15470950308394
51.745392352423664
47.79375174792256
43.2255235875185
39.311049876738714
35.228466017398965
30.41928340503262
27.26086403943823
19.309240527811316
14.416701878317507
11.504112304829782
9.891807183808345
9.944592236565528
12.883810413699333
19.302253907585897
26.266361265803287
32.01134934842991
38.52640635762741
42.688640845775424
47.53886761981002
54.66060311691012
60.309323261858815
63.64354814757136
64.65635377797591
64.68891122070073
63.48783591138433
60.835775475832605
58.513778740131414
56.36877696834462
54.665834778176944
52.6326694544563
51.0093987028521
50.90436165145225
50.74041568157848
48.81968762170245
49.31506349266043
47.458887684799826
49.69616850793369
51.828356864865945
53.569202028076056
55.51769911732536
56.686782292204086
59.461729411919315
59.08491545371734
59.08067478580696
60.21536522723341
62.1004697534663
62.99633703679169
64.24207309981773
65.70704339622236
68.77603960274323
72.16616759483408
75.31047627445524
79.9175758671124
83.7123925840017
87.40169834795464
93.3171014023039
97.28086149238476
100.75096001527554
101.63283748946715
102.16117926285285
100.45772115143025
97.55608547482913
93.10204829457382
91.20142489140622
89.12957303396485
87.2127006942233
85.40502020460944
83.99764126451562
81.91191628528786
79.82696259351954
79.81196191601647
80.5313651577422
80.4427842236078
81.56236540362818
83.06242115533549
84.6473327674288
85.3789892714558
85.36272856719003
86.21461603386221
86.08362940134234
86.11258530685708
86.89409444585746
87.25288131738478
87.10473483682759
88.99586756448376
92.09976807169876
99.58131078263385
105.97573247066038
114.14053558198174
122.17298403026514
127.58614361385017
135.30279930446036
140.85832984548136
143.53479128197233
143.809796234359
145.08895577322286
146.83820183705697
148.60435070504607
149.9325637745223
150.65888768548498
152.97990346486736
154.2625437011448
154.71128023220166
156.0773945627887
156.96198698417936
158.997845557386
160.723920828906
162.81062773645226
169.03092510550192
175.97518534490695
194.57844898259665
208.2148171615461
225.2744854115588
241.00390281127622
256.93778108800717
280.03919608164193
298.05774000990897
311.4966856616702
313.4763277610787
314.7097497464483
306.62203033464806
294.06362808718785
275.9091791825025
262.7121465367356
247.906945703444
228.5949633518354
213.4400461939547
201.28680737445478
202.41497369861267
204.17309778230094
204.25761313943568
205.9696827033941
206.15647401977682
206.55560761147058
206.50724202694153
206.17753402074214
206.2874212360739
205.9381825156515
204.18238543082953
200.60545316140835
199.06148185952918
196.71170791905624
195.28095495533083
196.6580819510614
200.37269385793795
207.90715222665142
217.91312526778418
225.36648027479058
235.20632388980667
242.1981007807036
249.37231950501837
257.2632212004211
262.4758264997681
269.3574282250552
272.29383588869104
273.91516145545336
276.6177124297037
282.3751353008663
285.8913109772509
290.98335094278366
295.34946757888906
303.2617753026772
312.32151121663736
323.8077761198251
334.40753825201676
341.68545325923526
345.36812888077907
345.23302161390774
335.4874315665515
322.1364807143488
300.62421694825866
286.67812163328387
269.65784787273503
255.41602172287338
243.78095381135378
227.54841164550496
216.91967332871087
208.90974247338974
205.82666000455916
204.36736968825997
198.48207884247788
194.28092874117092
190.29169187898634
185.87466591233866
181.14835522068765
172.96872144650723
164.23964208016542
150.90263309383917
141.34115333086157
135.60961370264576
132.94370690085898
132.9613218182059
134.51327668882874
137.75999524706071
142.4730107818362
144.951271876827
149.60344152580143
149.94347468747432
151.1499127703565
153.19471954415718
155.22262412830094
156.1490680595143
156.39475110815744
157.06594500617598
154.47079565314635
150.75688472963455
145.10810225941532
141.0725857346898
136.2198074061482
132.38917010638244
128.61740336747684
124.21988758715871
121.15567528478172
118.5779776380163
117.51169366027945
117.11313292825432
115.81774989126252
114.86942893091945
112.65918238908789
112.37106915673036
111.08981818669302
108.22665098586968
105.47831949148468
101.13210433084564
98.53538045048221
95.74973772165468
94.92759009616174
95.15677919450414
97.02295614704494
101.88846180678006
107.40833932235196
112.77044707931088
117.64026751788921
124.84153133292455
128.4866198302767
135.7853153949752
135.2237990060791
135.46729031731513
135.32111979775846
135.48828868721998
135.70884989461206
135.41258051402056
136.16151004064506
136.02971670217138
136.87828672144178
