14
3
a
39.35065607553178
40.05883569252773
38.990891206900976
39.39853249863812
39.87047660503949
41.175150403821014
38.88512940807897
36.06132650366529
33.266840276213756
30.046456934205978
27.80034119048302
23.87439089077626
20.251134268108046
17.205914334357054
12.25852775740949
8.476900835886491
6.081315480415058
5.6218986557437125
5.385317390690865
5.358928298973726
6.316133206214775
7.349679662984669
8.320039377845696
10.380112595893094
9.469935577258221
9.77001712839846
9.860056204437024
9.527021492815521
9.402828782856805
9.79186312715707
9.352145069440343
10.154362169150403
10.225756508323352
12.256577846955082
13.020268400297589
14.179857571142676
14.254308694596963
14.76351821936858
16.74781886877861
18.425502520865045
18.645628059233907
18.553203880247167
18.718974671012496
18.886838074338286
18.16608283046064
17.19930328171446
17.269499545885306
16.943141364124386
16.116792035298865
15.058880734532632
14.264129956220067
12.539807155953477
12.207127766942977
11.330425914849394
10.860372611759125
14.008751667490166
18.299748597691345
23.921794977503165
27.128974138871147
33.010029824860936
39.52888720380857
44.721767862423015
51.86371669742115
52.522360950551914
53.03447700639618
52.17464862599025
53.32111534069179
53.09003113957848
53.50211072051641
53.408947061135365
54.74757265987562
54.52403929761791
54.562252150728945
54.579427188295305
55.44334119285628
55.8260075339077
56.009118010897474
57.925672491950124
57.03113719765752
58.613812940633515
60.1212518120616
62.126842951514035
64.8023390696675
66.35465273018818
68.17939745844156
70.67872893825528
73.48689433689533
75.9272249522098
77.26436203551474
78.1124205748667
77.86335928701207
77.20912332759272
76.10550567816851
75.97523862344995
75.71738644991439
74.96305183790123
73.64862803854331
75.38941155189416
74.76831580355314
74.19547924980148
73.8386109774533
73.30345556442775
73.72448062144323
75.16486664419901
75.5282871835069
77.37764502048246
78.23034264285249
80.39156838873893
81.70725954197749
82.40299233101943
84.81813623163639
86.03695982868132
87.70527583956188
88.13205858018036
87.32790862872513
86.91324694709893
85.1648848669518
83.52601425709653
81.88764770182568
79.999496269286
78.83526491702838
77.68911505765342
74.52652528519597
73.89951876822033
71.66934283480963
71.96304591494294
72.13932008395845
72.95600711320937
75.03626655931846
77.14740746379017
80.53454424565058
81.58493938567788
85.65170323371142
88.71097372013746
91.22497860929803
91.14995377471269
91.2221711139948
91.65395614753963
91.84371936745073
91.57121963191511
90.95808245470496
90.6047335761276
91.23961857111829
90.98927269471977
91.27432162753156
91.0312839382209
91.68509436026214
91.68970479807756
91.47875222505702
91.89414612877702
92.49166341192043
93.19932279441329
93.8736816627994
95.95339279649569
98.9732847656539
101.33881359869231
104.60048054718878
105.71830629398615
109.23216930776475
111.49695961030625
110.4884575476178
112.0503804819404
111.59006671788131
112.9807921148915
112.6468984272905
112.92217651746388
113.02871130944783
113.83130983773734
114.82750035922886
115.062452491408
116.47458631501722
115.55477044966372
117.28907255738324
116.8765381036766
117.51806831913542
118.89449106191064
120.90321720188065
121.63602094185278
123.42569198090541
125.28681176491055
126.43668505434252
128.982249171768
131.57096395263446
133.19253969457256
135.2757458702424
135.29730044277454
134.4804207651092
135.23850919175607
134.53946575993308
133.58849658826466
131.5832737556229
131.05681267298198
130.09957760067775
130.23997835558242
130.61436785479273
130.00040750077935
128.6608142068492
130.20313520884173
129.64115813549407
129.64420749236183
129.35921300736362
130.42888042298415
129.675646672061
130.02626450707407
130.19883729156444
130.208154187751
130.79453202129287
129.46428935136663
130.93190203209699
131.2681790524911
131.28917702684507
131.03995055805888
128.80905372609507
126.81592772060958
127.21926432074014
124.9803969005958
123.67598047480514
124.14816739238161
123.08105716983394
123.34094587643872
121.6111490168623
121.05607657923794
120.90981268091947
117.45652832793853
115.54848333816766
110.59489069706844
107.00467645191615
102.99833280973631
96.11073286404536
92.48739294152747
84.84093084819641
82.6471270352981
82.04873452867636
82.57913392254407
81.52872360063738
81.36557349152753
81.2082607876667
80.52975005218532
80.00673071808639
80.14132262076254
78.94315151590288
78.09495322172866
75.29745671310263
73.83529105986577
73.20071220370636
73.60691135358158
71.84602614731905
72.87929352033521
74.45831652675093
75.00759198256159
76.16279747001526
77.04999968644158
78.31149045246953
79.5566566116931
80.05275952135699
80.84344725977198
82.1329473108437
82.41412297387515
81.57884245127796
81.04145975476101
79.33711788523303
79.35953474685687
76.15005744048774
75.70917787071804
73.44162127979895
71.57450860386197
70.87544983279616
70.54772747114167
69.75931581579879
68.92589918251916
68.72113914510123
68.60883277049577
67.27635321582092
67.65570391225337
68.66183431355046
67.19404900063756
66.65964938369979
67.19931044677669
66.2308160482138
66.81309432061273
66.55848228400369
65.52241374035492
65.6267010797576
63.86849451975228
62.77536976374711
57.910796828060754
55.973669957359064
51.616168869357054
