23
19
e
77.32785179815438
77.59277287133503
77.0855948092502
77.72465040359985
77.10904841504038
76.04330347167674
77.46896086201278
73.40913157396716
69.08023945924825
62.599841551676285
58.610663871489024
51.7803153260986
42.99963741796702
36.847904368707525
27.847574418649756
27.268964407600983
26.261509798823855
26.605344425033287
25.748304615742395
25.279425436436235
25.325993926371414
24.958888956771826
25.095199054225166
25.112761564516795
23.5585766801836
21.506043436953043
20.78926102048159
19.45040207275934
18.185571965251118
17.695693358832738
18.32045024977073
17.73057630724496
19.035119919704286
20.046438996139536
21.932176338144465
21.937926859766954
22.984457699876533
23.317475846547467
23.46447097214278
24.04011176816563
24.544678683064056
23.602192109971988
24.711150553494683
25.42285751805039
26.20694410069458
29.17800826584119
30.65590247066128
30.883685343918472
33.74224418155636
34.06437787434151
36.27867438496695
36.18469765610251
37.806346596739196
38.348346127042866
39.68246968498577
42.82027876156702
45.196613359476785
49.98007175789455
54.630916948775855
59.59718727166241
66.3820524721933
71.46689085624428
77.66031721107178
81.45510347797672
82.2628355245376
82.85197252726265
83.9183709826567
84.8084050834273
84.39566256319335
84.76428189565453
85.58799840306514
86.97494819034935
88.22523206414776
89.10810135395998
90.287767953257
90.93741916943478
92.90218531663363
92.70331078813386
93.73238342503666
96.70663219326721
100.68351531048263
104.99098082699605
109.88862324697773
113.35926860093133
122.52881286333682
131.62720663661145
137.4913182247104
136.3764319715904
135.76968878510672
135.96339043564595
135.76800467124264
136.6549106361108
136.19224744160562
136.1876390889125
135.2605479630789
135.79131415813058
136.17986226854714
137.62350079967982
136.51619168395817
137.23220327752978
138.20447209047964
137.7077626367783
138.86059890991095
140.0527006811695
139.68677614212223
143.66971023842748
145.27226983486455
148.54314170601498
150.45219208963184
154.4014943032186
156.75764275923382
158.38489053208926
161.61358174042243
163.14917846356332
163.69722625726268
161.10440472664996
159.92530326035182
159.29340384496103
157.0240669356043
156.0078783463538
155.37532652955366
155.5078780033732
154.0722068781423
154.4063031482749
153.52135166347622
152.9375178041596
152.65075002160793
152.41988105769437
151.16731238936424
150.28360537271186
149.5589618609898
148.71983641413595
146.69734631196306
146.04129662519975
143.30339914922737
141.25524895314658
140.19700007464687
139.52386620643733
140.130674408459
141.50573774542852
144.55272215159627
148.87164597871327
152.15092838929712
155.02390937639558
157.19618378582203
161.23714586528038
162.62489113242898
165.2812924371916
166.67380079595677
168.3337154627017
169.7625836941524
171.93242709240363
177.46954136922267
181.92907209674755
186.1355869802561
190.6991606776573
196.05236285200334
201.39710598711574
209.93147403810394
215.3753518306225
219.47504619270518
220.5258649636303
220.81389828264818
220.34643887873125
217.19802747334458
215.0859424317013
212.2472633575458
211.41006212641483
209.46529017026967
208.58255835539399
207.98876960810247
206.75008816516765
207.32854510271875
206.72178031435953
208.16038143955393
207.24993703457477
207.67346242320716
208.13833944184466
210.0832165259653
210.12513784236987
211.25471204910178
211.56959702667095
213.36881135148138
213.50531349629605
214.20730113527244
213.88929341481673
214.11994778684746
214.5935158306932
212.6122315920304
211.42745624659835
211.03094269100126
210.27048164854656
209.69669350995662
208.9801539287856
206.78270085254977
204.18696768846573
203.62350093118962
203.03194083689712
203.4704079104132
206.52749313759196
210.51268191933787
218.4333991188659
221.88308098257704
227.88511635760125
233.96153418013165
239.43478619505572
248.0063082833058
255.66715711105874
261.39824904541314
263.506993964091
263.4988663931851
256.8556000217127
245.08420608622023
228.00530391657193
216.07452660172046
203.29472686836326
178.18562881891447
161.69499620336003
146.72642930921953
150.76142153565434
152.44187627761795
153.85115225396703
154.48808593004472
155.49301549951537
154.07007824628036
153.65923418644118
154.304774398425
153.88490811148975
155.8561791998895
155.52267862974028
155.08423988977296
153.9252766551149
155.068500153361
153.82838470801562
153.43404649671896
153.63679647222324
151.09226879105836
148.52458524825528
145.35453696318854
144.24556884137425
139.87883399645355
137.76359392073186
132.6299141532078
133.4650400152147
132.3840055476283
132.2708749142764
131.9918481782754
132.19192679154736
132.0437092124615
131.00263913955132
131.66048404951246
131.63988838010465
131.33396077995243
129.97422483969171
130.18642475338072
129.90732460931233
128.8887933282638
129.33732699240912
129.28873790872396
127.34240669850169
127.4802274196071
123.86061807952966
122.26366905029279
119.97296017685423
116.70401401999924
114.86425982608458
112.06264887264864
110.19321642602463
108.55665380315004
106.51540680704093
106.96311493125789
104.85661527449784
104.97170538780972
102.08251537114197
100.88531378714767
99.42465168253402
96.53881395897383
94.31473703615224
90.95175440911281
89.31233090719365
87.6483294576529
86.83959211425405
86.04569037980565
85.68534322306462
85.63743441898191
83.49110159805996
82.74773194778197
81.939699519433
