26
8
c
53.05538951295234
53.92648793132825
53.15440462270407
53.99498833813733
53.95598502838091
52.586594647021066
53.856526875128424
52.58787299023428
52.82115967447058
50.48433619742454
51.18893425808495
50.66389403197326
49.55464608610727
49.04584178059628
46.245056910392776
47.60109801112672
46.519701405577145
45.91246185673777
45.64535867991822
45.44069929240887
46.93316872387341
48.11871437405884
48.5512780220149
50.3643178187375
51.1966214500677
51.97856229830283
54.05949643772753
55.552003917220084
55.99972612468332
57.05388066116919
55.902726956053456
55.73368428457886
51.4176239174679
46.521139201879535
42.18713936915537
38.199051157525794
33.94732313750865
30.883998180336768
25.323029058337767
21.308156518286996
19.1896642343726
16.613476168556755
17.32644280197413
17.953691360971696
21.153386938304635
24.236175354054023
26.71939424286009
30.175490412004738
31.009963472445097
30.50344023410568
31.02742645433517
31.522197651519264
32.65907881033531
32.8919780101551
34.54350229105715
37.468872491172434
40.61703804519916
50.84061568930972
58.63811893084608
70.99135294290132
80.46212984388345
87.49579641917055
100.66131334301525
110.10490275553606
117.55104052580742
118.68730457215146
118.91275206507285
117.75299879111917
114.96358068282244
111.68324300339363
109.07816042223946
105.64521742891166
105.0530385047334
104.97519047822207
103.70674915240063
102.88363414084829
102.61626745612942
100.48464920433372
101.55514582065483
104.61714303882411
110.89799887792273
117.72757215913934
122.59676443752288
130.39306199057074
135.3947489129948
140.3538817447273
146.31849149185035
150.96824723400672
155.79510422017094
157.28598275967263
158.14327430736495
161.70505560793595
164.5338184006493
168.33095576712287
170.83046878885455
173.92110207637364
179.83615309430994
186.079459450046
194.03261413480158
201.15355672627388
206.3381496047485
207.68792031167777
208.21136825906137
202.67034623717768
194.0151681966766
183.3153778633485
175.47086002581722
165.34448965451068
157.39593924049717
150.24219986046973
137.5391497803046
128.25776166766673
121.86392266366941
120.74887381835627
118.76066722281337
125.24347883896496
133.79190740772447
143.76544310915762
153.0248702689799
162.48216071936764
169.52772817559497
175.3945714390965
184.67216964423008
191.6394071970466
196.72693196915424
198.8960828718967
199.01185623798793
196.16922674839458
195.96433165790427
192.960907048273
191.02357258517821
187.9543963236033
189.6318343340578
188.86063779400658
189.43781688608203
189.42561429691466
190.0858195359144
190.12684710218372
189.88241668973092
188.79811091560887
187.58285072335337
185.7682560153615
186.0376510044372
182.8082569430764
181.25127053065376
177.5637708118107
174.96354945868657
171.23398521491063
169.35011001763425
168.14358126358044
168.22062093882312
173.22695610383363
182.6013523975042
194.15566501049446
202.86775720509178
211.69082861691112
222.1872573814594
231.02055380206215
245.95259154004648
256.45885379558604
265.07894988135286
266.82344694281625
268.50002499887205
260.8913274960083
249.6595260025969
235.62598604206363
222.73789131062085
209.9011939716427
199.2452971349486
190.34518112355792
175.93265783465492
164.99981237392154
157.96296457681788
155.73860813905227
155.42055118210334
158.75039647965625
163.17576144727607
170.274194503565
174.46513007078073
179.88153700431
182.65311239957612
184.54155169144914
188.8961232498643
191.773593837692
192.68832322560843
193.26518834641027
193.37135268871802
192.86335714517634
190.6216184506031
185.16608984241614
182.9390733937831
180.22790493818303
177.0735059752114
172.91920642482228
166.97174790890992
162.21890976739783
156.1212647930487
155.37525625533416
155.7002078645677
164.89042536625536
179.8187492143434
201.95142543663937
218.12483554472365
236.18824509681468
253.03905014183795
269.1097053175725
297.50668162784734
317.1755716648085
333.8791357160881
336.6207165405871
337.28051073954924
324.09987027235366
304.7885445599024
276.8094041419075
256.518055109888
232.48353144191051
215.46853272319686
197.49614253792967
170.32176947899472
149.36032987402353
133.40943076265975
129.21807452099932
129.66872329725138
140.70084638245604
158.2905143545458
185.10461988616913
203.8692273676917
227.20557353047568
243.28050813830794
259.49327739145224
283.82483147551886
303.8072762839417
318.0190125793524
320.60320895230217
320.00277024497416
311.09740034163633
296.84519432874464
272.9012007609669
257.20745952105807
238.73172881661466
225.53807246619905
214.8736760446951
201.527441789621
191.48092558253362
181.94245809771218
180.44014068021352
177.31099371261223
172.47709675770963
168.06432151170128
161.91049218649
159.4039323271932
153.04106233862993
145.31284694809818
134.7139277305307
120.97181280087467
111.3502003536254
103.17740671964036
101.83944924319698
101.39377153915049
105.76604833636922
113.25559177309354
122.33826972366086
130.13989047317938
138.58475200559417
144.10246032955737
150.47211870196907
157.44108064579302
164.03199415328325
169.73470003653892
169.3589427724634
169.40912134134788
166.3430624625444
161.39434303463122
153.91108679905227
148.70974678815202
140.79715051853591
138.10479191512894
135.63161056273785
132.92222048850905
129.00149061151316
126.3707725896836
124.50718213770811
122.0611004897672
117.0173511819696
110.88067487281704
102.75010432840402
96.49083373923851
88.85675016579823
