7
0
e
221.04344424165131
220.69489194953692
220.2192313321451
221.4251967394126
221.33489591777513
220.9304974100919
220.85687059748744
213.79555087116745
203.28205621459782
187.32848313798098
176.093857821118
162.56097727255442
149.5598585760773
137.46023395505827
118.68037710391769
105.59100423629843
93.7571506480148
91.14463512552558
91.60406366132342
95.00187151762795
99.32986497277034
105.54774963574587
109.68942725298098
114.58952610258429
115.40779761396746
115.85988467197116
117.14506541632763
116.40701440783855
118.23515854502683
118.61065434879748
118.11545659005873
120.40564437129306
121.15017665729471
124.36193761303588
123.667226530991
126.4973717110055
127.70300297593084
129.99028491132708
131.4733462382223
135.31400426202708
135.8611996981681
136.8726388834637
136.53073449421257
135.2428496363367
134.8560241044171
132.32795661166065
131.23996728827512
128.9555199508596
129.51248737787702
128.32040682258992
127.51199310667802
126.12457785428606
125.29061905823743
124.38394549637675
125.08990871836038
124.93086765719448
123.75572746866588
123.76654202896798
122.7610375273605
122.12058651074852
120.99316451849198
118.90406244696764
115.52028647114841
112.54671117707946
110.7608298176046
110.22680856268609
109.70318240817595
115.0767606512634
123.33080422747173
136.0573457970057
144.71116621374935
155.14921927786372
163.0850369603593
169.98373897388197
177.42001641325123
184.62116468079935
191.35626127437652
194.81885518151927
198.54855467701947
206.98095388563655
214.9818994787701
225.6137634053007
233.9514816811627
244.23918041809202
257.22935110905894
269.3378961534281
288.3979995422599
302.7870334106597
312.206452019698
314.671493149033
314.715556290424
312.7829921102249
307.3700469826649
301.9168606868373
296.81931797042375
292.0805567615542
291.9176770318741
292.11424650659717
292.8896034620911
292.0096804062829
291.3640805725468
290.64920268410066
290.6272271613135
287.7171076362208
285.6597760257031
273.70644413104554
262.0954809604141
247.82951658569218
237.15982096067555
227.49654538324555
213.1728946097587
201.3107824607637
193.63237547925698
191.4591965178266
191.48776764365218
193.8598925673909
198.61848910209122
203.83686778927313
209.46467052054692
214.63789953378665
216.68936836446682
218.4661907059792
221.54221071545876
221.8451304805578
223.82924269717864
223.09535456314364
223.53950844244372
223.51136330120443
224.38057741926482
225.316512876988
225.67903223985024
225.64924362939828
226.50840171492123
226.14737699201706
226.391628685703
226.24320336759658
227.60908938038804
227.43134373479984
228.73922951703784
230.7322408578038
232.0729799699029
238.73998870917538
244.16853504727797
251.70634053729717
257.0931077872714
262.2255123414169
270.6483945303425
275.8147877110019
281.2523035081256
281.8464233913834
282.1529748133854
281.0027746266622
279.37285298446534
276.8123204221217
275.96986927481134
273.5329014193356
274.0033352444017
271.9899210761305
270.68518604196584
269.8420310921208
268.31082426534795
266.0137966607014
266.55926800737967
271.0840711295409
279.53155183297895
290.6109922055906
297.640286242708
306.7590690251514
314.67800718070816
323.7232325810702
336.61591293730356
344.4968494157993
352.2516909833879
352.78902429392775
352.66983698427634
350.85938891051
347.9832996830601
343.814165724742
341.11742760085895
337.00856712145674
336.72962762451
335.7618738936075
335.2124375928141
333.5381455253128
333.02069923385454
333.2894632821224
333.65185473554465
331.4497486890799
330.73682214607186
328.71849802990704
327.26691599986214
325.82293175612455
325.0536571904311
323.2470173923764
322.61055610014904
321.93565244190347
320.55510049527953
319.2030333796396
317.9089501756875
315.52763629140696
313.1098765861347
308.2890611433261
304.26794233120967
300.1765487948491
294.14265479198434
290.1427059908224
281.4598515939433
274.9345514990772
269.9170002165942
268.0552442912921
268.0358951052221
273.9077903243329
283.50742951053076
294.3671207890599
303.57765977362516
314.498305844339
323.1131949644855
331.74375180762513
344.53912431690065
353.8944586108787
361.6705742268137
363.62623372583334
364.3573955014224
358.6612014367806
351.37178227083075
340.99553331316054
333.6470443995677
325.6695519346387
320.97305839910587
315.02084614733855
310.84463114806533
304.5687002388408
300.47128678418727
299.8431922618217
298.85094572032426
296.33645381557113
292.81919804598823
290.8586382507846
288.7999485904289
285.4499304089121
278.95416992985224
275.1288449586829
269.40945321767623
266.8096267241178
263.5766425236279
263.2793615469783
261.60894709679195
260.47698066524026
258.3991041579162
257.66014470469565
256.1328792311975
255.5068655796292
252.37688899327384
248.59400231556154
244.23774149334514
239.56729165128755
236.95357202093035
235.71762168900588
236.0994607154403
239.07310818225562
245.50459122460262
253.6205965801016
259.1431857040267
266.48695804177333
272.9102752069489
277.6494830270439
287.92415641304905
295.42008205841876
300.6814579563425
303.23744901985486
302.59479725579223
297.7147633606925
288.42233632525057
277.12097576063496
268.70870186230684
258.58016695438926
247.57657249622665
239.31695224354672
227.83981938109315
226.58816064995332
224.85480125326595
224.0608440214297
224.40029921259494
223.42128448542996
223.86529107085587
221.99268739891522
222.50882844007378
223.09039630426076
