1
17
b
149.67613597075663
149.246614839069
150.06166392266826
149.29853702587587
148.9642052723891
149.99199406661356
149.47245924435495
143.9872221043143
137.6058321622391
127.00277478325066
119.53262103259395
110.91847126451697
101.54170032158075
93.49499904952258
79.78310432833472
70.29025580732835
63.70129556224586
62.87976487814775
62.55365117004208
63.32896651535066
66.41632631469713
70.3000648078165
74.54991134668695
77.23102101476465
77.9289412864257
78.50004421294898
78.75023897580138
78.51242172145506
78.49461017687145
79.83113452717528
80.07187428594304
80.70553891795008
82.02349936653937
83.40309869156992
83.65829926928275
85.23605427624031
85.96505863002636
86.97950241747657
89.81141025849125
91.28155247923983
91.62922872358796
91.18450817247712
92.62052511587247
91.76697353633575
91.1878729053617
88.22942191303429
88.55577811423761
86.8333923485924
87.20496638387881
86.49200808946169
85.5437247518449
85.12159939189122
82.86879054124918
84.45783336858901
84.57655495718166
84.12666786415058
83.87190502967997
82.96767825298474
83.17868183485972
82.98257027814277
80.91115652262307
80.54126336166966
77.99381606721006
76.45728028937276
75.27053867038946
73.4192545652622
74.0810258629902
78.6821235141274
83.74211732980854
92.24123726988739
97.54508598254698
104.95302037775174
109.715481403826
114.5027184467366
120.346545318065
124.7216743602762
128.4014244614439
131.70009380571167
134.73261702288343
139.64264557503623
145.51851562032132
152.75855816456072
157.18098624478532
164.86019486844404
173.95494140074356
182.25062025526603
194.85746605056187
203.83822860123155
211.46425992137512
213.2652425917103
212.7709497527447
209.8329587769741
207.79009431833757
205.60485813518022
201.0230752546977
197.2931361522067
198.18311566436378
196.94084295959345
198.1080262806056
197.74312708229905
196.91835586408138
197.28345631856152
195.35302181160364
196.22820104728547
192.5122755608331
185.4745002597832
178.03638194776798
167.78159169565444
160.19484252996253
154.1450383497395
143.81696790597263
136.06525459088107
130.01819277663546
129.40244427785316
129.44310289517196
130.56781591032254
133.59402119674044
138.16938954935912
141.24694139196524
145.33829523794017
145.98650479210545
147.23284855189235
149.48978755293706
150.2047266032932
151.09291717991462
151.01338786399577
151.4986729980593
151.2201663340776
151.31953921934064
152.15820020374989
153.12452020858785
152.5460208349005
153.48798853734297
152.20039630603202
153.74137020260414
153.1099482373863
153.93371972251006
154.20379547025445
154.41047946045973
155.71848222068428
157.13188435405712
161.54550861289053
165.62410282176094
169.70349576299805
174.044760344346
177.1521497271845
183.2078194463485
186.1875273251386
189.56856116253076
189.4343726069236
190.31102777774353
189.24434911106476
188.90973581379723
187.767646886548
185.1610005980641
185.79129651674418
183.29485871264194
183.30259375352347
182.88944839935215
182.65304523621765
180.4802253176537
181.36317249805805
180.6238800684572
183.65945176111495
188.44252532443528
196.3721905068379
200.87698490854143
207.55639245129115
212.58846855344405
218.12223824767503
226.92328052278202
232.97487400105007
237.92237293902696
238.22931434121793
238.4795294724278
235.99505791465944
235.17733743183183
231.4365761216963
230.07147712632397
226.61561120295727
227.94388309256988
227.05241100659504
226.30748890624312
224.60225840443553
225.17042635973309
225.18925856546701
224.69525142885874
223.00176381552285
223.28597895216697
221.2409503784254
220.48316894973746
219.57072678610612
218.95311088984687
218.275050522025
217.5798671961636
217.6391158102018
216.61273174411212
215.1621617626797
215.04843770938427
213.0348319962945
210.09691202957862
207.65332623566619
206.03082417016583
203.16007374835434
199.73112115434125
195.9673574448267
189.05279352740064
185.6625505482389
181.99867080873364
180.43663935911482
181.3134995688002
184.80791882904583
190.98403722217162
198.7995968033262
205.90823673559572
212.0450047705554
218.66032242018665
224.50050281272982
233.1527999306198
239.2179113940726
244.50028804193852
245.17749903307
245.87534556387678
242.5251766614289
238.03878068225035
231.49786870343857
225.10522427090984
219.26506631290542
215.6460560626319
213.26884905959122
209.05069469454597
207.3073725025246
203.64240606222063
201.248426730341
201.9931075230749
199.71043786333797
197.8190800891813
196.61964427570018
194.07463560087146
191.9886702661478
188.8098075362318
186.35920112261084
182.37929468290463
179.7239391195501
178.07067075981035
177.6093937670346
176.57499554700465
176.5728518603483
175.27644956826896
174.11115748116998
173.18877315111098
173.34927158608394
170.21355887968622
168.1010361165169
165.34401227955382
162.0279583267061
159.3463097793894
159.00407511109964
159.52967996354312
161.82662476176546
166.07286568246334
171.01940921855166
176.29737095336037
179.24241973225355
184.91910419212877
188.548285062225
194.21671182956533
199.67009009418302
203.25379368544947
204.84905815604353
204.13432334611886
200.4826900385478
195.17503057540526
186.97128641398314
181.74206870622797
175.76836944207855
168.04954556679942
161.78856982022296
153.92252180280704
152.389151464725
151.0856611574543
152.4083819706999
151.57541095076843
150.38960767807933
150.96102752341147
151.3008056582286
150.16914392236276
149.43829787046894
