4
25
b
42.096077025342424
41.76034441652694
42.51609703217046
42.96503311387902
42.205283463346596
43.902888034236305
43.030972705738634
39.474192410778684
37.302829818364614
32.92977219031464
28.799485338050236
25.599691113314105
22.38645270217426
18.3460811180558
13.17686913989733
10.054339490131227
5.413851697421972
5.848928719609299
5.902456669377448
6.333166582267366
6.922427999083934
7.750022102619215
8.940590348923124
10.958155949918439
10.07486213825929
9.972853141125766
11.353788109575119
10.341001988481876
9.807949234135604
10.054460175480827
10.215555438072068
10.939784003302677
11.679966039974307
12.986171100183238
13.426448311254608
15.614700968422682
15.990801587655996
16.577496398830913
17.985557477768936
19.775932844159826
20.573752074510832
21.23101861530422
20.442562362798817
20.464073219793782
20.633714771004602
19.555285307079807
18.78426788811115
17.711505448476142
16.993102656027116
15.938025524096915
14.534795993226288
13.974615674958617
12.201920359170828
11.504725837889316
11.947604917183
15.590737245841348
18.99885242052038
25.340959789815603
29.61151279245154
35.45392611475705
41.27872976471585
48.796983298729806
56.30712507264767
56.51256595191302
57.356955596094394
57.2150303224852
57.034500243411195
56.67658924162598
58.33264673840839
57.473368114537315
57.26203469690902
58.317303131096146
59.34914479705517
59.82327743050028
60.431026311102826
60.355316886684285
60.92603533145901
61.87083211963212
62.524365723186676
63.654156823753276
64.81215876593288
67.65180079203232
69.7142033071198
71.45698463739691
74.08530009548495
76.03277619561806
79.81372773492082
81.92012293737304
84.12690828156461
84.48350377818984
84.03224831138934
84.50217174655661
83.87634318000244
83.44915006039346
81.4359292692025
81.31354613398861
81.2242898900607
80.70258426686408
79.82451197764001
79.70155590673511
80.18697835663909
79.28942220241738
79.91573664692392
80.6709713252072
82.22379094233892
83.19228902102304
84.54339209834615
86.17183219597376
87.42875848999347
89.64237386227224
91.7421822885761
94.26568455625815
93.62398741400435
94.34560518526823
94.49658045470652
93.81449589687765
92.50134271870601
89.33301994039466
87.21802699743434
86.52755886384045
85.34068481432496
82.60052786091082
80.84001412564025
79.60096371544354
78.80014719856626
77.22700138493093
77.59833136565766
79.01326284594086
81.0734927970731
84.60349060758247
86.74939246073397
89.4971921039374
92.27329969102608
95.83925578344169
98.57338196207684
98.55097067995442
97.8784398994806
98.74179221807412
98.95104175573536
99.23910164219541
98.64060394600891
97.80913868033244
99.12993709696184
98.58739524469553
98.29576075729395
98.93308963562806
98.25843671586442
98.94876687881066
98.6911251384705
98.5375534543642
99.68617394891977
100.19941009091187
101.04789057484935
104.54095170041599
105.68827390373764
110.03873060316752
112.53235270928057
114.06439058695123
118.06788079770718
118.93332869958056
120.30793738189753
121.0359250003024
120.23218089707225
120.52277032541917
120.86823343924367
122.48298010109586
122.70756288042982
121.60445369759736
123.41043885207276
123.91869093231392
125.49212478138507
125.34910232131097
127.15648164029733
127.07217258926839
126.65964063616312
127.80020650903211
129.67734874328914
131.2786264583167
133.68541755777727
135.1719840223052
136.91506892968852
138.85584600894592
141.76910551842528
143.37900543911266
146.36116954172454
146.23333328170918
146.3150712978487
145.7623423295095
144.84670886127037
143.39001381894005
142.3799848168711
142.3638232004418
140.99146922134568
141.40199784962712
140.42095856734613
140.09954562922636
140.62603606768494
140.47659540622723
140.39190099075083
139.993522694284
140.20602833735649
140.52208299314597
141.19344639769147
140.5901956723386
140.3155441472362
141.19926494656517
141.34496585082243
140.82089490454996
141.5153745296524
142.28906528052363
141.28594427847315
141.27677929366598
139.91990935045789
136.99731025731597
135.6712977879642
134.74899500250686
134.4766258965254
133.37225914093796
134.03294442602095
133.2957201350187
131.32581016847485
130.82873811471194
129.14662616112156
127.98455672226446
125.37199698608777
119.14191530623465
115.9201008730852
110.62116821883568
103.35758452612619
98.51747166345399
91.53129301928584
89.99985869402124
87.97214031875455
88.88162537603304
88.77133228035078
87.6314799366826
87.08263247359633
87.5646056708279
86.37557923582335
85.54842432648465
84.70814059551252
83.52893069745957
82.04848557207808
79.90610181186165
78.83089866001039
78.78603976756982
78.73637176768605
78.5144466945378
79.7733305416151
81.64763946195148
82.88110531713907
83.47521534342397
84.33530339994081
84.57554509942445
86.48926196664142
87.84562867853705
87.71392989444122
88.46727762854839
87.86072320472333
88.58494718514982
85.85153446959642
85.01874330590671
82.57333959834783
81.70548071681668
79.88583560968523
77.82162680829286
77.1336855780985
75.12152221434387
75.91914967255678
74.35614080901681
74.56936755043793
73.66660780667772
74.15530405807397
73.13607476944547
73.50879142561007
72.4263741522779
73.42982805733536
72.0088892353057
72.36757180948746
72.17556863726027
72.21154367258707
70.38745068562974
71.04127859398423
69.26845655969738
66.89065826950885
64.2030681379603
60.10048918787985
55.714314214937474
