19
0
e
133.08879970047713
132.1400446190978
133.0401026380416
132.58560489122874
131.65089354231355
132.63618147443952
132.12926131464536
128.60293575770189
122.7664710317823
113.69830307592244
108.15870256712942
101.42678899086219
94.0241668217082
87.0693707620661
76.8070726791667
69.02500680166129
63.64409244019121
62.91001277946414
61.23911162057353
64.58296560728023
65.93647236629297
71.85977034764903
74.41498698156876
77.04675314961102
79.33598647890194
80.43153433117624
80.83009763667616
82.13434495450218
82.9151094171374
81.85861386332446
82.56113206639446
83.3660915727955
83.84856061017896
82.91590672641776
83.53967887133982
83.58154301309453
85.35821802159745
84.54319353095998
85.43438902115754
86.63802895486734
86.23083648405463
87.44843684959653
86.23690023936805
86.81023606451225
86.83619601122224
86.68953218755593
86.53381770630877
85.37942208606654
85.90717134795203
86.48180345934234
85.49790758843987
86.29257048272471
85.31848765287911
85.53271070365486
86.10321071708302
86.017008702525
85.86881779932804
85.87097668086778
85.51393596780885
85.78925398651053
85.91790076030424
86.32469926916016
84.50832069757388
84.27460553170891
83.69482742627417
84.31837923491557
83.24657616273947
86.1438661937978
89.00971775334992
90.88567429007713
93.66242645246992
96.19275326866466
101.70364877761733
103.59420897002174
108.9294358296443
108.64813926752258
109.32790874942364
108.89134446873243
109.77312312321112
109.60442363213937
109.35834744775056
109.62475343009292
109.46850934470014
109.66060759243038
109.11473049545076
109.82642334167691
109.9113034599967
108.78397331594739
109.7222254233644
110.93116193355556
110.8279385131289
111.06670529920206
113.6320883474114
121.1143748904262
128.33272702081615
136.61997820336143
143.67849497923174
150.61367612829036
159.3044400574513
165.17409127756815
170.99008896781007
172.13602790342054
171.49104763037488
171.37446597385772
170.07588631776198
167.30776704560708
165.502269313772
163.2385930384991
162.96721642435028
163.6652610116373
164.6779135057855
164.66005588073907
164.78554876273842
165.0013268356747
164.37222969501403
164.15339173280054
161.3548128448014
159.48666713554258
157.4415108345566
154.5594631055332
153.0791896379763
149.95782854138227
147.6891125597699
145.41521076565152
143.9523080457008
142.8783233399398
142.95729338426446
143.56983493768175
144.70004038542447
144.17508196397532
144.95701267256874
145.59602736125822
146.1995189044989
145.95145573084517
145.15151931412484
144.95840158909564
143.41845472471988
143.3315141791684
143.43821573316006
146.0707906845015
148.07778806597975
152.97284661507842
154.7540769135726
158.47489120278956
162.7038031658149
166.04703522500506
171.7576192507658
175.169979623084
178.02563701666134
177.9217250948654
178.6884307172316
176.1173621492158
173.83966936211866
168.18772835501625
164.5497042743428
160.9392775750068
158.40277161774225
154.8305568124128
151.4045047298852
147.0481230519492
145.16614904466158
144.452084034615
145.11045132621192
145.7423825670765
149.40343822463453
155.2657777649387
160.41112720283107
163.1309192400425
166.2858779154636
168.33095520054033
170.51239175392118
173.13557283893
175.33339139360723
177.2430164798275
179.45466572961246
181.60140631817703
183.04763983679197
185.92385606756883
187.87429578095694
190.62208348044507
195.15221229674674
198.82277005011605
204.65419604610673
207.93988986239012
211.6252496981915
212.31818075496219
212.51681944398538
211.90767641874132
208.62490074544849
206.0769780488454
203.71513189529227
202.20813866630542
201.0572725102502
198.56154996715293
197.3524654281727
195.10487668077243
194.7866958298318
194.52189858449987
193.53947982168796
195.65006050272868
198.7309155865584
201.93404255589024
205.53749537008633
207.47124103604534
210.92799083252677
213.97734005521812
217.43019840309938
220.55188913668778
223.38683540274292
223.51346977030798
222.52467597343727
222.97900799080227
222.2614952685319
219.95205227876392
218.0704261097065
217.53009615982165
216.3369669441805
216.94837780429802
216.5793270639887
216.54669542632905
215.75560418252985
215.8842796438799
216.09325664339408
214.68714418998195
212.75021743394487
208.37172197236512
206.52436566375886
201.553687045062
198.3471775190726
193.2200566447036
190.35802605281157
188.6000355446439
186.80532271488022
186.98662913288237
186.5724006277736
186.3873579859668
185.405687696387
186.17998401957553
184.54006112860196
185.67051427244226
183.49559544124375
182.59343691022573
181.82338077495652
180.57628531571734
179.87268500655404
179.10074371219198
179.17457725891688
178.67194920004596
178.11695085514384
177.3175557602964
177.1439944652224
176.51552316885966
174.98675618705948
174.65777166446225
172.767027645513
171.23428442592805
170.34160780331752
170.05213935256606
169.33036936243076
170.66996838407405
170.18046584255828
171.1252090444393
171.73062009678608
173.14598474570843
172.06097335318057
172.12281621505193
172.50145926868805
174.07866285081946
174.8304488349835
174.1056285602337
173.65820459618368
172.12531664460323
169.426821861896
166.0143790049841
162.57262306989108
159.0129152953833
154.86930702722802
152.65642463482098
148.79026133153627
146.18291681228203
144.85326523262205
144.30720093352224
144.02498886465466
142.8725773623211
140.5529001626186
140.22051506346742
139.12555488916064
137.17789993294323
