24
20
d
201.73782110038047
201.77670770662164
200.64693854106048
201.6703834233731
202.6819275457808
201.69964781792086
201.51582169422048
194.99351331055618
187.3034574887008
173.4171378467232
165.4263283357115
154.8172567073198
142.7095071991026
132.2758501635787
117.26083489176034
105.53137845885983
97.36441151052992
95.77656301118198
94.78495126900795
97.58608052415761
102.87937511331597
108.15235051782366
113.43046548987923
117.58917748945667
119.70987381379219
121.87006565296113
123.1987601591725
125.52803776237673
125.74033523955619
126.24007058371386
126.09293833645722
125.83736258403765
126.03402679488302
127.17898958775396
126.10904690628215
127.77054890945034
128.7258983228088
129.54339463148116
129.61332413181026
131.28658425474217
131.82816644988947
131.61190528504406
131.5118838030675
132.74744701595282
130.8280106228079
131.4081207341944
131.6412867110188
130.853770028144
131.20881627597308
131.31291326949392
131.45431722781444
130.88525176750957
130.52977372873283
130.57890990907063
130.97591786239045
131.35620993679078
131.2540915287284
130.78595931341528
130.54524105973007
130.53102606490384
131.047377586912
129.4656970345766
129.4994458696076
128.13944061213903
128.35644940311815
128.15153382587204
126.74619030144217
129.7531538540057
133.9124413838255
139.35787240504214
143.43305311513063
147.557301181081
154.76104636158263
159.20818803533342
165.62035938065466
165.61033748553524
165.67656287359895
167.0857719045274
166.27933622133023
165.4761675230581
166.96592187865795
166.68570201370304
166.4871830946071
166.66653436553145
166.3662671895641
167.697802289497
166.5452351844408
166.8399833199056
168.41876048078078
168.20972943348892
168.3786392344175
170.84031790228548
172.3369622664597
183.55432954307182
195.31706451260862
209.4533874057977
219.85312318360877
228.32207936493924
242.73271827313047
253.30623091644296
261.0712087888881
262.2401216203157
263.47482284748946
262.1436684125523
258.9529490417891
254.91551262748104
251.3699751721234
250.1087635402527
248.9549684991828
250.00897299286726
250.49586013588097
251.3662218566187
250.63855900791035
251.22928077849787
250.90974837528597
250.69755978518174
246.37861467746242
242.99031381642007
239.51664985712
235.27219283607076
231.7806318603042
228.97275692412023
224.98350404162332
221.80724696586026
218.6328202063012
217.98394919277027
218.22324105883843
217.56047747756907
219.55867036062668
221.16873807431594
221.63365790210014
222.10787295915478
222.87367203578623
221.18202144378785
221.20416084383604
221.02200792418037
219.45588377413912
218.90757919683446
218.3666845341175
222.13000717222846
225.43393199285296
232.73774155794445
236.52496891553656
242.4982080715695
247.75053188317221
252.45574080871924
260.9732338709971
266.8731825742686
271.02457976103693
271.91959718764093
272.1383960226159
268.9413737055376
264.0008166392028
256.4956919622481
251.7526794210272
245.31971928279816
241.56456580020185
236.52519159175432
231.05283116983048
224.78571670182347
220.77450653818096
219.83600967502812
218.82681286986778
223.12653759888397
229.4327184535989
236.9427766282585
242.50664491471673
247.9619596746218
253.86435536286638
256.76558575296417
260.50323924451595
264.54758514735596
268.12607105444806
270.76711471725156
273.4335094583822
276.0805240362577
279.75303215171954
283.9975332804858
286.4389284709986
291.8292402495495
297.1971359799664
304.1524703960762
311.88315002615246
317.09681819457126
322.79198127828573
323.67667090085115
323.5507533978525
321.6533288270255
319.1993165331
315.13726494743935
311.7896977300772
307.2542013422982
305.3887448460105
303.68718095677235
301.07174280431065
298.28927585473485
296.4167520506034
295.4749588095607
295.59789648200046
297.7815389960597
302.9942586679759
307.90977814694224
313.1742881608041
317.3866540040352
321.0049477355214
325.1646630954181
331.52031973865456
336.526516747721
339.76517545846355
341.11504228604883
340.72260935897197
339.2402109328185
337.8810979052477
335.1599785305165
332.6428524763129
329.97640346048655
331.43001081597936
329.8707881920849
329.66769415109934
329.68719744242395
328.5625147049884
328.6681629461148
328.38168944523096
325.6638040966021
324.2694695756763
319.22989204753065
313.67406336913837
307.76630010555664
301.5094750662944
296.8622288152128
288.87833390831986
286.7860008509506
285.4358351363362
284.64251144107493
283.40109556483696
283.1010696535091
283.0812485303733
282.67076781501436
281.68940101314104
281.520809207677
279.2024881405541
279.3627758157758
276.6296874049659
275.80281465757383
274.64509227473627
273.9108290921859
273.97680951866715
272.26348579113875
271.60881470936386
270.96810467187265
269.95930051059685
269.1641928291731
266.40089804024365
265.9294570287018
263.43553945084346
260.30023153035717
260.58013495638124
259.47903233796427
259.25034362940346
260.00979003064555
260.2578642581168
261.46114823438495
261.0656241103291
261.3430983156647
262.81635013769596
263.1989855926409
263.9531942772575
264.9638424662905
265.39961404826266
266.6045319627677
265.9609236237435
262.4400579337664
257.5799509352932
252.5939659055045
248.02003969745272
242.60959312490147
236.05002229553077
232.19678708916194
227.6467065945331
222.85588313385287
219.6071236550527
218.76730147788584
218.4795048153082
216.02243361244572
214.66486226740628
213.08863409811906
211.22970339360836
210.15295096519546
