8
25
a
218.84114840752872
220.3953329665227
219.36415518563535
220.4749986519176
220.43920752479116
220.74977164538416
220.72433069468562
216.24983002644575
209.88628745718503
202.5515883971502
197.35707417089347
190.98985206191594
182.66726643932583
175.87922965871235
168.46987535558475
163.1344971505248
162.29428260220882
160.49993448156698
159.65520967621407
157.71234517855223
157.3622539317035
155.93739202145306
155.5293159745857
154.12775816874432
150.75891358662938
149.77249652856645
146.53363702286163
144.6565855877593
142.0130994965761
141.07234476472846
140.0673859398968
138.82878456718805
135.67564798680596
134.00200515034956
133.59594476028073
131.61592771136796
128.1454572640009
125.47279312319782
121.06971313956223
117.78602508194764
115.13373328715247
115.38939492186965
115.04748677602554
115.90772522140901
117.37551621816955
118.58824570271454
121.05894135703251
122.31473660344156
122.5799563503947
123.86525532114766
123.63918651236827
124.13177413068117
125.56414102499909
124.73532411908988
125.52649454882906
126.97603092435567
126.65853275821537
128.71886141306425
130.49444388481297
130.60045448484482
131.76286336400594
132.77988940006003
133.7388885545577
134.93728396460736
135.16879879078897
136.27279102100343
137.73218695692046
139.71624261207617
141.12836294393702
143.77637895115444
145.80941016942901
148.9413913272462
149.87042227046953
151.72223270899335
154.12060145400633
155.9917119734818
158.40485434205576
159.5164281119092
160.16249599481287
164.1014804839728
167.64153067259096
172.15353752200085
175.4483691158898
179.68227455880674
183.6500654306574
187.38397144345973
192.60532939585227
195.4359261286203
199.57571443105118
201.80407778426238
204.19811635953545
207.25078655882265
211.1473546025954
215.5646266428726
218.61445821599364
222.88454469521503
228.89253014970794
232.22677998458755
238.54965826285655
243.3218391415088
248.73671655339118
249.163439130511
250.38516050626262
253.33660650113202
254.19979765343967
256.0374747338853
259.985458947821
261.85975752880626
268.46903451012537
273.41620235078426
278.141319055853
280.502508222295
282.181573756084
282.102636304089
282.54707487341835
284.3681082782133
282.9861038225282
284.15651641724224
283.45298936989184
284.6616435773592
286.98801003430805
287.1895426507637
290.19279118024474
291.5542455027078
293.1543667409402
293.21233567764125
292.8436354715284
291.9524515346519
291.6487842367136
290.3856726541221
289.27547103260713
288.82377874158954
286.60466868544916
286.2332127167807
284.5321984149563
283.93944574434056
282.27826046180735
282.0551461007399
282.20072773106847
283.12229694717627
285.1318799481257
289.6300053937583
291.04815077597357
293.5516450186643
296.75403255903507
298.0366420037677
300.4263303631068
303.75927909014985
304.65183068319493
304.8380937661999
305.49786611986724
304.01818331102413
304.41942561678104
303.35370475390386
302.52746227843085
302.7933899632032
302.2507416004179
301.5177961853959
302.6676478546458
301.99795342512937
303.1623656881963
303.7752950751587
302.66016817303745
301.5083884010795
301.88878417251624
300.5671165039399
299.5626526200387
299.6259904370257
298.7926066524472
297.36232842727856
298.5343900826989
297.75043119686285
297.03390190729743
297.01995064455866
296.64111506628046
295.33531677627076
294.4929567986142
292.675935188739
292.1305501920388
290.2500863783754
289.10703509392874
287.57022866128204
285.8085740729277
284.47922535735637
284.7943340657613
282.38872202439086
283.6071228586067
283.1021827024846
282.35885201875897
282.3965270050895
282.7670904082742
282.32241889960005
281.9108007220688
280.03203251940676
279.69905921901267
279.7131867058509
279.9784020462051
278.50673144723515
279.4822400249461
278.81107393282304
278.5541067868242
277.16510428807345
277.52675806050297
276.4602798437318
275.666975691942
274.5571436036392
273.2002475019224
271.9922118639403
271.72115505524016
271.95886737104496
272.49990111426916
272.5164857391182
273.44979336875656
274.78715753870216
275.41847213894937
277.1685428132339
277.95617719438366
278.30867096538805
279.00801292942924
279.77270995637224
279.627919910903
280.3482076862141
280.7818301834022
280.51578833829103
280.5117032759516
279.36447681276195
279.5813869071487
279.8667908836045
279.6816423584534
278.6229005745731
278.65682732986045
277.9264595300661
277.6713180562629
276.6950491497664
276.8001230888527
278.8071632485919
281.3477655064551
284.92116425296166
286.5406780878157
290.55903029646333
294.41430349529725
298.6739366879314
303.01143962844986
303.24028903215753
303.9505401426477
303.863284970286
304.24593569583095
304.49479139035634
304.7472408407157
304.1522088359415
305.2628828262084
305.5958654309322
305.71777875090675
306.0218091918222
308.7531884772522
309.0680061562813
309.5865059345691
310.28027905668154
309.59428643206826
308.4940657367003
306.91661107592665
305.29780834545215
303.9275075764124
301.4658332499898
301.00568660673446
300.43908410077256
299.79902643681066
298.88271422213774
298.13255599514196
296.2764313999674
296.5247863212947
294.52362260572124
291.2790860901432
287.6229295936656
282.76362675959945
279.34742131786214
275.19741752674764
272.2943474704359
269.4341403816668
265.35936426529014
261.8303800689747
260.69486818011256
259.04619970204175
254.5698476724139
251.5674155724654
248.1482028593144
244.3642788892663
238.60686093629275
