23
13
b
213.2379864334683
212.03434017312458
212.17193163668094
212.73928095191363
212.547453942209
213.1517172423486
211.4217000086779
206.55297664206773
197.29747629513935
183.65533684321232
174.07127889803922
162.89934954806876
151.04312252818093
140.56435300194673
122.97199060114757
110.54200514275432
102.19869554282076
101.18070697064736
99.8682671435658
102.6834886939697
107.23813100783717
113.39882984134876
118.39867013946441
124.29078103776396
126.12134408073294
127.70323780104208
130.3841163632141
131.41283988173024
132.06011781753338
132.18829288332424
133.01537138217097
133.71456580761208
133.11664570546313
133.1402095757152
133.409864159765
133.80995191089
135.49580978091342
136.03444341681552
137.2120396819802
138.64778707687168
138.64985056499202
138.8851284963075
139.56620841028382
139.67170841070833
138.94978332949242
138.21664435908485
137.62643926816884
138.52158594887604
137.190643029
137.65360017618985
138.21246670270367
138.04514434160106
137.56823264890298
138.4171429592239
139.19610958248063
137.51945716229335
138.22554044629706
137.9485106820359
137.021320898605
136.31068860648446
137.64978334876264
136.15749233203286
136.79009569513033
136.18923935014865
135.11563790979292
134.77853098315356
135.38799147813214
137.18245359606198
140.8106932568572
146.45095628656384
151.3122085609627
155.407436181321
162.48618503583492
166.918892662889
174.22327054322847
175.0368592998227
175.42493239012475
174.90003119995689
175.97476083636639
176.33674204623654
175.12700138483996
175.7497821640676
175.922086976909
175.72246296410668
175.26112936700827
176.82051741334672
176.22290520252199
174.8242023711225
176.58292533598177
177.4346646491162
177.59690400211517
179.5934979450373
181.9658889558276
194.01874172500362
205.88942788995772
220.7234613744137
230.89979435324173
242.07039893245982
256.66464801551876
267.115092824117
274.76319539485445
276.64007572252183
276.9227405265759
275.81456038455485
272.43928542571405
268.9972239868054
265.58032097846683
262.4474831857958
262.4057723308248
263.62570766866827
263.34874310520235
264.0683628687801
264.9675030129188
265.4294203758398
265.10568087810725
263.14327020895695
260.35256453631547
254.41358325564542
252.3593315979158
249.04422992324626
245.17218806158095
241.73664508919697
235.8780449163218
233.11290722708742
230.36918532094626
230.30985614401007
230.2851565298306
229.64727505220367
230.5750571869297
232.20211920282142
232.88071715672956
234.6202020490561
234.68922860989107
233.2874426522365
232.12389606988273
231.36395491798933
230.31318203596436
231.03513589317575
230.83084830111517
233.90934047915727
238.11997081336148
244.5574483078683
249.3933066954912
255.10060421275057
260.60215630701913
266.2619537288633
273.9801395467106
279.5532130712599
285.1982670151837
286.5578591928976
286.2189422154337
283.1924374720131
277.88929780872274
270.2323961370392
265.5494469246875
258.5921800220587
253.55285133579847
249.2241396005226
242.22178489113372
235.9984238451674
232.36666685904848
231.4333061578525
231.016949515345
235.8597455288545
240.80755365410283
248.26656995755923
255.31074244616536
261.8977503176893
266.23401883732356
270.30294755290305
275.5780227413437
279.67820160571927
283.1108807410383
285.34539690793883
287.9248465244481
290.6386254825295
294.2609397408796
298.2617192824967
303.26820302097735
307.99863830718687
313.27539015119436
319.2153922663132
328.9107470816936
334.9732459819696
340.23369397838036
341.6291058899331
342.014463385769
339.57323617157334
336.0038046207874
331.05959200146975
328.70733673318693
323.39485459981705
322.65738958670624
319.9553359419983
316.12226345127874
314.28344846402234
312.8202402479626
310.9937567188715
311.9232832823685
313.99002357053797
319.04904978947775
325.6617016719262
329.33650876669753
335.5446795156959
338.85726424745286
343.92383391413114
349.9436291094199
354.1679642350456
357.92878699704664
358.3346115994452
358.1910820275488
357.59551745381543
355.5910181916299
351.97272036280765
350.83965204754463
349.91395963717025
347.9221293863966
347.6654531305055
348.79625289699226
348.3662954480364
346.43657656803913
346.85491003426387
345.49667810641176
343.7858013337952
342.19062340552705
335.480809730357
330.46141153172124
324.15844176435786
317.61727878168944
311.33706170456986
305.27215608424274
301.99854398547023
300.2830006058736
299.03923003665295
300.1249053492024
298.53722484947224
298.800166791941
297.519289737969
297.1694414369613
295.76250822686603
295.09106593961485
293.50153891703826
291.7657301330361
290.09281499168264
289.09874256824935
288.8219070588125
288.52515695807443
287.90676427633935
286.4344206708888
284.6668173565927
283.1599974520319
283.4453844669553
281.5077205770119
279.500966194211
277.3911167885092
275.4037592886405
273.9543259675252
274.26701075745166
273.89579453041677
273.82456233710866
275.14043726965804
274.7863871137854
276.25033849024544
275.39809451802233
275.6598529384006
276.7483431747794
277.7604103487037
279.36593634561183
280.9118640777944
280.5967078425486
279.593624857256
276.8364163852235
271.7478530514108
264.4161827288699
261.3408023617352
255.78367106759768
249.64059710982673
245.2931187628259
238.47657320304845
234.26552696216146
231.06596169734573
230.70874361273448
229.67148430611854
228.08791297214034
225.53513910565323
225.04238117235835
222.87109809632685
221.05099586618357
