1
5
e
4.927878327470512
5.745873520760496
6.136179847890796
5.449148802901696
5.110069202566094
5.450850124042416
4.736502589471212
5.0778229012101415
4.461488154957705
5.103109614150878
3.95187977353183
2.790020693309409
1.6598139861687473
0.1140050119592586
0.3766675286776977
0.3227943784611518
1.0575940381208386
0.0
0.3139700521388918
0.0
1.9224892656533503
4.019616457305566
6.712385276817898
7.940191479879481
10.241341523324076
12.949907887705937
15.560599042722812
17.316286970401123
18.758110625412677
19.480174645089978
20.04562047245895
19.1492379309373
17.19128581550434
12.847845981271178
12.165229586863468
8.419828974402119
5.58828367003443
4.2302766798789335
1.076425904725957
0.9085589976854509
0.1620489258982588
0.0
0.0
0.0
0.7002495972900413
0.10831028332834483
0.9287044062781703
1.031280089002941
1.5238844467752959
1.334786661007669
2.2529484653709706
2.1919291180591585
1.6202390829718338
2.1497536065763714
3.0381895775938004
2.690699038215969
3.453916193806137
6.2566388444300856
7.401474816439684
10.960960877706883
12.673991061418581
13.02454228828679
13.544170980384473
15.153482445004444
16.888803555743063
18.24894497066103
18.489393176161215
22.359401325533906
25.78195301734554
32.560381739555034
37.28699724055069
43.809279987250065
49.973593381562004
55.46952373941
66.28512952046665
72.8981633522719
79.85885576631911
80.77057121099047
81.54949184313526
76.00685798965719
68.5362607633286
59.379971423668266
50.162417477485576
41.23503704406008
35.91695010641921
29.398937586413066
19.222494216478463
12.664584335285092
7.1617283620954595
5.8120110070550295
5.874230370807024
7.26184063922186
11.55656770143666
15.47315144032232
19.194676911580935
23.2491763602166
24.11062578127698
25.792804266165938
28.687567910755927
31.618531565141286
31.564216444079275
32.28098561485986
32.38463972674981
32.51952687744188
31.898098380226596
30.375120401400835
30.337774631821688
29.724028999088837
28.881865841554248
26.928922475729713
26.323788743545876
23.628241244272218
22.75496717033378
21.51497417723279
20.979125973893296
27.586361551406025
36.84712899262347
50.522546798643305
59.55734842981394
70.85042002265938
82.77703714912671
93.61825584887937
107.58878634893446
114.45099673331643
117.44397585138987
118.25877406810675
118.72563325351108
121.38455035983465
121.95044905901334
123.42506621513655
124.42293453773438
125.66020224048619
129.05518317573822
133.97565426474367
140.57951948528978
145.3267428536295
148.93840713179034
150.2185542230491
150.4716032669646
145.61101699897242
139.54932552513748
130.20965586661578
123.82424355721795
115.79581636749627
109.26812689555547
103.13934270634724
95.90339388201318
90.64808691538343
88.56855760865412
86.76327024191949
85.52891607650804
84.11670786526436
83.40682918583217
82.62074333158628
81.62940700124808
80.55742842378059
76.96846396639769
73.61030501151646
71.67621366891467
68.38949448422568
64.76659656186821
65.56407747224544
64.5600649552026
63.77937081623768
63.12786356645003
60.40108527894582
60.5999164349641
58.76185249050087
56.952125713042896
55.12044227482941
50.43366010274188
48.50191349729878
45.31268384424035
44.19882182578286
44.888350138466315
47.9629625431121
52.233221118851205
60.41863446986907
64.97496854377358
71.5043265740192
76.83469030906389
82.51868754650046
91.37067908205199
98.19060230572197
104.53206668957277
104.60504168254779
104.95458577197128
99.82181045286195
91.49627958370475
79.40129272129687
69.93695185448075
59.175307767820314
50.46315558348012
42.702079700653
31.102847588289535
21.654915975409885
15.318617286817476
12.112885905174592
12.58585660386929
15.727982097736295
20.721530358774704
29.673608111997538
35.0389623330529
41.417957414190845
45.87933048225305
49.65298969976507
55.905122616200025
59.96385195457251
63.698311870173605
64.64918854810384
63.57040805643849
61.82774042220995
58.01506959821455
52.84284074358922
48.06146987814878
43.673679600272735
40.91317950711102
36.650150550697404
30.859141782677444
25.81036686937589
21.56143790197073
19.072696902793822
20.139334085849697
26.658199509522493
37.04864291549217
51.83240022575967
60.98488859947877
73.07977552400904
83.10606432032466
93.44355059201047
109.94343861591355
120.5978942407041
128.17907551145166
130.30420660805882
129.61683196026175
126.686094697684
120.5189160539787
112.20312678215367
106.72431352511148
99.85453597117035
97.89833685350592
95.58844187017448
94.38275479897287
92.5423876429137
90.39365417215026
89.02807730122151
87.25971636880196
80.8178987530585
75.5553228744471
66.0398439486786
58.3917236489883
49.17128964380508
40.86136966590339
32.51263630007126
18.569018910124687
7.677707177794765
1.987957270436255
1.1331208088911742
0.6488266265849043
1.3145430835402927
4.673108294840717
7.992179707987441
10.752129848094883
13.722358092524141
13.301797483760403
12.976160780595968
12.627555130216154
12.905049787638925
14.111260042605615
13.74804890878989
13.461780587025952
13.636566069735842
14.377811091580249
14.305864624360618
15.218304929392575
14.826879142743937
14.86080667086665
15.725568753182756
17.380682061133392
17.6809076579748
16.791006944704336
18.22497929631519
17.42622495415898
15.88111129785506
15.885232588645048
14.22058098757877
13.100150872198373
9.871420769306432
