17
25
e
59.66261228488184
59.21727366147402
59.70719414599118
59.125072968205735
59.179294079548015
59.51103630974952
58.772827798300845
59.61512596190674
58.424530279086916
57.216526652292174
56.612783176152966
55.551710900560046
55.23960441078982
53.862409780396646
52.79255629650061
51.74832455043165
51.41725792727813
50.10622054365108
50.65594523079914
50.275524867941755
52.342710711298665
53.59537609962346
53.95756533375052
55.419234119349525
56.84977693367026
57.13442963850285
58.99819730404822
61.017439178225736
63.11931626669894
63.20763432214298
62.48128382163006
60.00981580095966
56.84203483305039
50.97709555262801
48.846722455223066
42.12915143626276
38.10385543325613
34.78431271120979
28.407731577563606
24.41089728048948
19.794492583328918
20.043193810297403
19.17379353948611
20.795349141899628
23.823120686540324
27.083584730905326
30.057536658786574
33.19569468772376
33.32554779276935
33.66464713006267
34.419902980572644
35.31691838128795
35.723475453295144
36.737766980462666
38.01933372518961
40.42209695895275
44.51900110181305
56.84903604561001
66.23462859676565
78.87661738493577
87.85748893475932
97.34000365065128
111.5035967389873
122.3487695633446
130.66281167635924
131.9701786620807
130.60332158167574
128.88464225092127
127.69910479099659
123.57695662585057
120.98545863847428
117.34591915917686
116.99921697322775
116.80184433761718
115.61964685440776
113.85897772136478
113.29978493157438
112.30096512170553
111.88313631733352
115.54455139493379
121.36898503516028
129.68886248004364
137.05217067564132
144.12151848145896
151.40521061637293
156.16235622163612
162.667313488539
168.5505889354851
172.94458645562213
173.67887033961335
175.93030322214096
178.80912998674407
181.69659454653805
185.49354993911905
189.6085837686523
193.3345168323327
199.46975824512276
205.7369614159066
215.625739138525
223.28782128638483
228.76534990909335
230.66312001056534
230.38810965003057
224.38757591359573
215.19596765495484
203.8877026380514
194.284232703014
182.7226088969956
174.70625304012088
166.11943628073962
153.08055469784105
142.76552466085138
135.02835173422753
133.23553423136764
133.26072930573824
138.81999048689883
147.86065709745188
159.48243959955963
168.71814330223341
180.0629355701047
188.30918631128134
193.97512338055998
204.0966584713022
212.3352868325053
218.8342461131851
220.31353021032217
220.35025786016826
218.6299324846741
215.8637588484683
213.5965117495796
212.55848573863102
210.48619127676494
209.24203580502612
209.57964373421376
210.28385537343337
210.03102997321878
210.95859150751713
210.3239182835079
210.78727915500318
210.4790272489371
208.64701735997266
205.92195711267956
204.97650499783896
202.73546773734822
201.27813729163296
198.10127589190017
193.91094340464983
190.32632651161734
186.9188678882756
186.82221092252453
186.30245188832197
193.5812845529379
201.15548319423746
215.1513835627361
225.0208921356456
236.08074399497661
246.18957853061187
256.8162485074902
273.07091562335097
284.9896030872975
295.2470693739811
297.51309257833907
297.5176413073998
290.0581429065197
276.5195358084371
259.5671836147032
246.96127536560158
232.90491005727984
221.89527041900047
211.1326998921301
194.848411774092
182.9033971973267
175.75902288965824
173.37212628831668
173.43830540896283
175.80996858452542
181.2768350538594
187.93071465353887
194.22625159895983
199.28775714584498
202.2411499582543
204.87377474246261
208.94498715104473
212.0756641494394
214.33800167437792
214.67824405481196
214.65389772061255
213.42540381607978
209.94594315456686
206.556978200882
202.92332163256233
199.75959717880536
196.18842981969408
191.72839272406304
185.22117013739026
178.95627652237852
174.53600995016785
172.21940257642365
172.4386558159721
183.94449861559178
199.99685619796006
225.13786412780053
241.25661952695825
261.9331879105413
281.39008928552033
299.66295624299386
329.6504551176995
351.7967219395844
370.4847307307175
373.9083320397611
374.87176951336795
358.9903903073134
340.0577855049021
307.6675745260239
284.99124134594547
258.6737596026646
238.81219014198103
219.47404764359925
188.9440577507242
165.470840018275
148.15602623022434
143.74550207049015
142.87221855141985
156.01998526557736
177.18197420671714
206.36786779928403
227.67060433057077
252.904131965151
269.51560951890644
287.7493405799899
315.37943370030473
335.87638918962836
352.43704788919246
355.95661282275654
356.24982452573454
344.81254629169405
328.1992914557365
304.6776134817413
287.1938167690194
265.7537644612488
250.38008772699328
238.73640039047353
223.16685855660083
211.25719332606621
202.91101357029854
198.78284812052905
196.7682812744532
190.56006652593652
186.69882324620065
180.98371320278144
176.41573032837724
170.1616729020448
160.1884271862984
149.88969820500918
134.30294589167693
123.33179154671956
115.01111224203079
112.24744003091696
112.6197396380542
117.51447625588958
125.38312150831399
135.91445492835572
145.62792756475093
153.37419231257968
160.8062278481314
165.57567136049192
174.91499645481647
182.7598566838369
187.9285517353753
188.59949199718042
188.96162892866857
185.4707629418262
178.36708560439487
169.36554102934647
163.69100480256634
156.74983692435197
153.65782617118745
150.5462236102111
147.67132090512482
144.2142775449156
140.6441326331199
138.52658445572646
136.2625461211697
128.7084457333941
122.97644388955828
114.9128831606618
107.04989065786376
97.83483256991079
