11
15
c
31.43911934284796
31.521476179441105
31.955154025795245
31.343220411024348
30.952986821734967
30.67209312721563
31.074748786258283
30.524235824256692
30.44722913822922
29.063337321663745
28.908206772229086
29.026660492749
28.598357709282915
28.688416417687343
27.66003496208645
25.965883789258758
25.50030537063644
25.30688986039465
25.75532142648697
26.272650509148676
27.708802342750506
27.180818525751953
28.730997153195638
28.16399193071826
30.05494177252084
30.54894153145461
31.332623440433252
32.10680293965567
33.03295325793881
33.144601171894394
32.973508027823925
31.391150993855767
29.6745310508171
26.885356323744194
24.464970638130094
22.021126045722266
19.238407854557867
17.379278966009988
14.49199225869923
12.397313559767825
9.791752162815996
9.749235467212378
10.221516905375449
10.79774458840687
12.41786323539495
14.089478742571107
15.454795723323675
17.135742039804814
17.374344719337262
17.554441160481506
17.361497957693086
18.06000686208405
17.97628968406136
18.697514614269963
19.72270617347228
21.013930841990597
23.20585205031227
29.666753607492936
34.352000120603556
40.95479984821029
46.037347765747384
51.45809145463296
58.212628732526156
62.887648314743366
68.77844633881372
68.79594519530848
68.8431004098212
66.91434933725246
66.06355771199337
64.02379049435969
63.12728730391831
61.38536184583606
61.37725650385483
60.566585281089594
60.885488665769905
59.74765007886882
58.50679812602941
58.71186980865087
58.358635077897
60.28522594814351
64.05101419600574
68.65914041946778
71.40066044977891
75.22912030800167
78.02930204922501
80.60154103551352
83.40396122514059
86.28864821381605
89.64424730272785
90.7783300469933
91.34934310220677
93.2159021651915
94.96160608234378
96.1152977254085
98.4844235439788
100.2178705508117
103.67638240684865
107.11725182307512
111.37559564436148
115.18667075745165
118.967394397231
119.25895706101942
120.12822482202266
116.62162394766128
112.77567026723835
105.72485116176907
101.61043775285286
94.95657295215463
90.5670353282293
85.1915148717719
79.61882844391435
75.13674405364334
69.92477343566792
69.6794788801998
69.55666733064527
71.5869684439506
76.4885597046431
82.52721380621814
87.9272448603428
93.23696273056666
96.62774175178572
100.56794325013362
106.78070530208394
110.20045449576915
113.50759452641161
113.50677046527461
114.05211981398459
113.8471544130931
113.02100423582421
111.31800648817875
111.12844301252883
108.69943440753063
109.14826813404255
109.39674613493919
109.06932206894899
109.96283935862678
109.82348489031833
109.57664110514821
110.28502478248556
108.82753783650485
108.24373875766013
106.62729132991191
105.53046052758152
104.66455461698696
104.18564283720403
102.69901991603301
101.10051339174709
98.53691017042058
97.83705965785073
96.13591193062999
96.55739833294588
99.7246604018155
104.84190888342714
111.11191688811883
116.0746558792305
122.3369913431731
127.82137770592449
132.68774946649262
142.17118843627227
147.61514189403766
153.20479742884277
154.72308209951535
154.87484439599484
150.04892381071414
144.15218597220044
135.57474492035047
128.07567800676713
120.73004178864497
115.5628820731551
109.37688568117973
100.9774476211802
95.42436192480184
91.01432661782935
89.07371171679436
89.77068296433899
91.66529228120943
94.33886335570612
97.99124081665505
101.63117226184217
103.80136573556356
105.30334133066216
106.5059059924992
109.21211601954006
110.1042284824885
110.90175491085414
111.0899351522365
111.68605134542078
110.39169728795126
109.26747590657277
107.6769624502891
105.5399295877202
103.56473781908673
100.77986967243089
98.8861200134075
96.11950507334488
93.02347804604373
90.57522990485234
89.64878719520479
89.32850331091794
94.70897615703294
103.711590116977
116.5512685522178
124.64001389157029
136.41406990407327
145.0025727908742
155.98087974553576
171.36744801666845
183.53485563777883
191.8381449674865
193.8516369203636
193.3943633109298
186.08786309503193
175.75193194802804
159.41943893525072
148.0290322270556
133.5365182006566
125.02203153802184
113.43341612225751
97.82973785560367
85.17126973500467
76.37174242168068
74.43560384079439
73.91670089453586
81.51178875573845
91.92091392259294
106.69098759949122
117.7961641118744
131.69848984508562
140.5174633536085
149.73158195829816
164.60173739013402
174.01641207803488
183.04576621864507
184.33576083012107
185.9946974303372
179.41941654689333
170.9672072999168
158.2678392524093
148.73600233783424
138.1351932433253
129.6517291465121
123.46500581769875
116.37067214805893
109.74104473857948
104.26739864317737
103.61459634928696
102.79688879953196
99.75037000259806
96.48662270616006
93.27856526427661
91.5794596735765
88.62148292042987
82.7561964338921
77.43832091755391
69.59200974001423
63.731238334785765
59.33613948068359
57.6997790792294
58.815522964329546
61.59770072586735
65.89943808139422
71.35504219187882
75.42509324552279
79.92272816351564
82.97267132784614
85.92016082113625
90.00758453672543
94.48700564063283
97.33370122315114
98.37296442740261
97.81732782737308
94.73684050573947
92.3614902109926
89.02645514136579
85.43812588966627
81.80398780057969
80.22096392152123
78.24171048707174
76.46310745944866
75.04151886488978
72.55410693716854
72.20275114026872
70.66889774379109
66.36637687268068
63.382554719080545
58.87032960420952
55.51980739010659
50.50353373858906
