10
24
b
52.68107040497077
51.8585324708642
52.25708346663619
53.02962343970225
52.382661906910265
52.64953757686927
52.67353539490886
53.17876304299114
51.13719217664854
49.802770688953665
49.60020938492977
48.77432921134623
49.22792657599957
47.41276539655888
46.04082066030126
46.43619555177327
44.08924256892991
44.68428833209315
43.82303860148654
44.68358835805923
45.59455166321113
47.52023857338696
47.591016175163666
49.030508229220175
50.04782621386013
51.03655576159463
52.3074636875242
55.40608085129849
57.17336966445516
55.68064161273972
55.34345034705227
53.04815761914169
50.94533041820127
45.93796061317115
41.84320530161405
38.68404708694407
33.83554791064824
31.129607047667406
25.567603686111834
20.792353159240466
17.5859462095395
16.756867132589843
16.779085420131985
18.491331687736416
20.791081626010918
24.21402091850312
25.790863190124874
28.92364766526551
29.343489250991173
29.38815556868736
29.561861957045856
30.202968252948246
30.925139364051574
32.2746826424126
34.024635964797426
36.82281466891747
39.824578997248665
50.579133173062445
58.70193094741414
70.202082669625
78.44837027006757
87.2534989426326
98.73053080261343
108.78729862827576
114.55256638507473
116.79344636191323
116.81928147212201
114.94954002899202
112.92519789293341
109.44900991288905
107.71432472123368
105.04403273870051
104.31053018190649
102.45348136998312
102.16799344013856
101.88073042380618
100.51609731973203
100.29841044339364
99.95491882174503
103.40092083583234
108.5003297783914
116.32437893349363
121.75848568575368
127.6686918984653
133.57201273859567
137.50167442731228
144.78444362593893
147.75412546245556
153.5014751939031
154.69432976328275
156.43055444007592
159.2521208925081
161.39527904838926
164.53606301391198
168.14645069535376
171.524969745453
176.89949523794803
181.91884376157515
190.5451956941429
197.68656417904444
202.78310736899235
204.3194917023013
204.5847890364371
198.42720930030168
190.8113671021957
179.89094041010696
172.1620522306532
162.7608183776004
154.91211624983018
146.27282241541008
134.79378616441747
126.73132906678705
119.92518573516213
117.91858352571417
118.39562728653665
123.04991892064211
131.14278521362647
141.66063801624873
150.9162471445555
159.63780426481998
165.91383949558966
172.42493097439146
181.92556250483182
188.51955537081304
194.03665481423727
195.20422138326697
194.5062683756289
193.90213706344852
192.4117656265719
190.25365242181104
187.35658669647253
186.18974155416242
184.9561748307284
186.40464461598242
186.2351844559896
186.2576329737324
185.93105076214852
186.80306036361947
185.9069799132439
185.19919741320425
184.2641667671493
183.1913688740216
180.47767620491393
179.58799477315853
177.62239086860333
174.71483572558438
172.23434302044336
168.33462865181147
165.92253207974002
164.53395797622002
165.32766571576963
169.86577603658688
178.51249187118282
190.05887245927104
199.4513453833267
208.42315782557682
217.69154898288934
226.90338417973248
242.53340411593345
253.401455028572
261.34218197396007
262.07580832576906
262.95952812794434
256.9571758447925
245.73913142766915
230.02375642227256
218.83643141833085
205.01602036712637
195.6650075580723
187.22608983252172
172.9403805520481
163.2366642931391
154.49009986402243
153.72737216441536
152.3600833675841
155.84962414450348
159.82883921859724
166.265757267042
171.6901201951483
176.51598517911867
179.56561484373964
181.04278129448957
183.7205460174972
188.27948213983166
189.74383340946872
190.47556937719582
190.1733501357153
189.16243332359667
186.49998124062938
182.6591493632423
179.88733673540065
176.34978923305246
173.15520174476097
169.84822785515735
163.69093120441553
159.02885042729196
154.48343391445562
152.3053456082046
153.09998285512174
162.31835265849116
177.3381110778903
198.83417511038382
213.72171446730556
232.9974043459482
248.7214816251076
265.71768954881276
292.09124139807983
313.12029161099287
327.4199551472689
331.3416288991782
331.2072267839272
319.15725136305366
300.3938441964568
271.4555755180549
251.92625929477964
229.3531979485487
211.9110166303617
192.9502402657982
167.44718692893395
146.41912912817222
131.36366665444305
127.1010672723622
125.8654828350185
139.10777443635322
156.5259351431987
182.05592155829038
201.51158097665854
223.2098859187783
239.21740198449118
254.6047545235071
278.8637085593478
297.7544152090117
311.4287501121611
315.80767459134904
314.7845082384444
305.5288242180077
289.5860693366768
269.2113988366522
253.64901819771595
234.75926901174978
221.3366576102346
211.6745979202907
198.5092426525445
187.5196364235021
178.96938764471642
176.42657499914228
174.00163825104718
168.79925198820536
165.24435820501483
160.4183646160202
156.12031619534872
150.89209564931716
141.48697616128285
133.0429747347512
119.40736466909378
108.9282256034048
102.15191043833997
99.79324284724468
99.92399968425961
104.02647464978898
111.61860527767288
120.95070950043568
127.9944945717995
136.0677013800287
142.12734092763029
147.16506759255162
155.06831892260828
161.2183662777699
165.44921612973772
167.6799749236906
167.6943577497078
164.24344188051538
158.05601576610331
151.85900383756936
145.6103140131999
139.56994164660753
135.65389761881661
133.2895773576303
129.97957257487565
127.87792571617847
124.17663298097054
122.39874771734345
121.08845371627318
114.17505448406361
108.0763869729333
100.9131976444904
94.97506258471988
87.08009621493815
