2
19
c
83.78619378477762
83.37538234617747
84.34766103915479
84.10872435625244
83.8308018089546
84.69670963138712
83.77693189362772
81.51101260645036
76.05573042519583
69.24898874595283
65.51180702852473
59.602178727855396
48.870866875068984
41.63178841164706
33.94632928118352
33.99825992245673
33.935661017174894
33.04988230964452
33.0059622787522
33.35530846076646
33.02405327731689
33.37225853256602
33.78099050901334
32.55013281071699
31.450843096257508
31.83684625918557
30.915090494850798
28.428062064694856
28.942690428153565
28.00103600070574
28.47990379901491
27.529762310687165
28.923418775838883
29.39238497680505
29.73405580295795
29.166007833759515
29.668795761226235
30.535568740925292
31.470175950148985
31.582675909710694
31.58049184109385
31.25601051830232
31.772057302386912
30.248378770932803
29.104145098774836
24.560240333073722
23.152394459456183
19.509656275415693
17.112944710936908
14.539486789527114
11.229698077615568
7.801670337527737
5.72765032197773
6.055328401373858
5.897584880990644
7.896725395690945
11.200718800922175
15.583429350463438
18.59994406034038
22.367500519405926
24.76689089786797
27.351557893078457
31.561879057999043
35.370335595881
37.66717135736759
37.51175014954688
37.83192591070126
37.43613526426585
35.50541439003753
34.05754640574927
33.44401307434778
31.568301415579036
30.54726667678046
30.208438580497855
29.600289593224332
28.596717519405956
28.56106358017558
28.848112578217297
29.25632112555097
28.796547360973307
30.23098070247226
31.519223980946315
33.549049727833896
33.31900313911546
34.23775880379818
34.90708446967679
34.25070925997523
34.98900810530325
36.53635548351334
36.41315010546657
36.613642814646184
37.794836145881604
40.11999244994036
43.641854673112924
44.54324212719481
46.853454493115
47.82236427051848
50.723476601868256
53.99720499935158
56.7326321449735
59.39946948149367
59.55998271264689
58.95545774178301
59.142977984904
57.18089217307717
55.48083448387449
52.88819331907469
52.26072594271919
50.803452444484975
49.57701626602481
48.58092323945373
47.98412483653414
46.09733194979168
46.48345987066099
46.57081342049568
46.64081998194869
46.65240237483148
48.88990142386469
48.68387122024171
50.264780535104364
50.12994332653598
49.09212754436142
50.419514081170654
50.488799614466494
50.07576429551099
50.90430547634399
50.8324264948968
51.73475011449132
54.122381286971184
58.050386066230665
62.32263153291773
66.8239784883742
71.23094483466832
74.76734015186153
78.7908319051744
82.49076336145635
83.63703365561192
83.55269363205261
84.57242875610542
85.92242079327613
86.40706761254373
88.4017071842404
88.53075027860685
89.60457737658061
89.98949721114448
89.8230701932578
90.00028250219992
92.32953493674549
92.74928866057711
94.43645383875533
95.48460125000528
98.49765882956379
103.51508489376984
112.90192494594365
121.45801281577226
131.61847798996587
140.3999334860979
148.40231661966249
163.0392215376483
173.44071444132004
181.6378733360505
182.67575556671858
182.74509952789458
178.50013024231492
171.3896258955976
160.7311682185916
154.31024426928175
144.51201139381195
133.41385419785192
124.49319309898193
116.23281537456353
118.24257609478991
118.73011309002935
120.38763436243589
120.11921703411447
120.681481421049
119.92190998583338
120.4039976169126
120.97319355081272
119.34047862079231
118.48956326662672
118.36627739293324
116.32805938256051
116.09294296389854
114.18256723462798
113.98803718700186
114.33480980362974
116.86617067856739
120.9624454245024
127.91461748515914
131.78604173335154
137.51824413505776
141.20320407473633
145.22238323747376
149.38232952839047
152.9104259476826
156.80104528856472
159.1751469166482
159.24768190146634
161.6016399212627
164.25135422589315
167.25700414162844
168.96752151371294
172.28027080557615
176.33395969582475
181.41007298165525
187.89173750776803
195.2053903892495
199.1365227666309
200.72286349493862
201.02434247410022
195.7482947780983
187.47101449655196
175.07648305979234
166.40020148847958
157.26740192754045
149.12950636787684
142.12188133165944
132.16471155440297
126.19482243291783
121.30017795911019
120.37002286276041
117.4750092130491
115.3275610983247
113.62381659193414
110.57518425066245
108.25066529860294
104.93576120206393
100.32803970108041
95.51732840928155
88.06844413539226
83.08349569536722
79.2585281920544
77.33675802509009
76.83819021502245
77.51865191162666
80.46968085346515
82.57660521803611
85.13615161827428
86.93766545153893
87.62001851935922
88.1427462704825
89.94903552812254
90.15246402895681
91.5525895698207
91.20893753644364
92.0886878112925
90.1341717081586
87.93973512546016
84.18895551249108
82.74093780246683
79.68735784245631
77.00111077321974
74.99220382866541
72.19625235304446
70.01273383850547
68.08251001300039
68.69513600019754
68.2806333166042
67.25154221262277
66.69325484470197
66.41443033218302
65.1809418657996
65.04553177482245
62.81675958344801
61.769545029126654
58.54388599389233
57.26376518988016
56.80921685392479
55.16007587953529
56.08697093350566
56.545234235811485
59.14256747287567
63.20584273314544
65.05108553027006
67.41984724688547
73.03678140374537
74.85138289770144
78.204250121532
78.65943440813209
79.71019335022433
79.0738915808887
79.59761709835198
79.53037104536895
79.1010674229129
79.00862616317009
80.20610200981497
79.80746902832864
