7
15
c
63.76474595966545
63.94440471250594
64.28243848032642
63.950978680658665
64.3113736706146
63.352546045036675
64.48029854730683
62.64478995693625
62.96188898640053
61.311611563700716
60.62380821081045
59.72411007306811
58.91634005780697
58.12388589414987
55.96713867404834
56.05230902599725
54.15424694897849
54.06978503590039
53.5798482861841
55.45623345943478
56.23699547901611
56.45111363545323
58.22918646640083
59.774165202723765
60.98590662241662
62.905440069777605
64.72927157585917
66.15728348970627
67.31440827587275
68.85691215813837
68.43507994685478
65.31674340593658
61.798863139975765
55.63081337187444
50.79802430762796
46.250911776839025
41.77225132867716
37.8326298237894
30.369692933095774
25.222222051427323
20.984734433733355
20.43363767381052
20.784347194054316
22.67405293904416
24.815342944576816
28.71749504237057
32.684232709496314
35.77945398993403
35.89788819989435
36.602642309647514
36.80736481405326
36.98284994379956
37.69077219190499
38.942163267296124
39.60412176728234
45.749287703743384
48.58573277388838
61.103972553799295
71.66351677007167
84.77134813972529
95.40653678235881
105.28476769997943
121.41821438502583
131.95762533933208
140.40841167568865
142.29821504758857
142.25813228012544
139.3499324521705
137.2212225132831
132.8771760320543
129.5491870880244
126.72235214311205
126.87402770995017
125.32970609223912
123.92845910107758
122.66369692230045
122.30928501465888
121.47757051135625
121.54007509537401
125.3119930423859
130.53588971417582
140.71359840315995
147.86567622544365
156.22959570311116
162.24485706733907
166.6791053269659
175.10614278741625
180.88920314976465
186.1389668337432
187.5070294515828
188.96993377897002
194.43530683465448
197.06808245702345
200.79100694751776
202.8583097175904
206.63189267268902
214.30497310395293
221.241831072491
232.29671554873812
239.9017223322958
245.96968517990175
247.82452166521972
247.6672524654108
242.074552215853
233.30479025050963
217.88456030388107
209.5463705922476
197.4768242831377
188.67023932658594
179.590735188067
164.35527752658342
153.1734384351853
145.47872773829187
143.10169641840423
143.65979441523876
149.88142173058358
159.8253082954076
172.998355850584
183.35123291201197
194.0338945951515
201.76655804532967
210.04760075894956
220.77128543497722
228.64154539249228
236.42662142093107
235.95655137825813
236.72926059674103
235.17734226035682
232.5035316660673
230.40136393675715
227.924626750373
225.85339766732625
224.92764362331775
226.25572437172224
226.12842707637924
226.10447744023594
226.575801046545
227.0253847618657
226.5415506053679
226.9029356365536
224.6717147042454
221.70468605842075
220.40704557596322
218.41503512952886
216.16864812568895
213.82550296842018
208.8413841828338
205.24365390372716
202.0333050651148
201.05025987747734
200.75667450756066
207.73223216692566
217.23954522892464
231.63702509494962
242.28485560930653
253.21095640602434
264.4500944858552
276.2211547400122
293.7785644923555
306.9370192082372
316.8683582085411
319.86982835679623
319.91914253490313
311.5774675589271
297.9995563454752
279.6151839834305
265.88675217742406
250.3114017209719
237.8541702555835
227.99774502257085
210.16928490360482
198.51940236107674
188.68947672603872
186.63535669528514
186.34129103315473
190.77782987647296
195.4738443752305
202.9269300357651
207.20919512641524
213.9176327915141
217.99812740243252
220.6532667110133
224.17945354618666
228.88609435296712
229.4351362830638
231.74709655803835
231.69333862523482
229.72693652034386
226.69704590766585
222.9527249836613
219.35661476336355
214.95395080740224
211.59318947096693
206.15201352342055
199.2263075214517
193.3385751544192
187.8971738080487
186.02896775856433
186.7091977280882
196.92590818515595
215.822164686541
241.93145838432957
260.1269285320095
281.81402874183703
303.14342902651515
323.61343856323384
355.85274852299125
379.51183712764646
397.14052301435555
403.4089562751591
402.73845074328636
387.16134412099274
364.63692574643125
330.89059394372885
306.5700522160627
278.76278725281776
257.3873180041424
235.81417873258238
202.47848672497847
178.60991794973313
158.62230624871475
154.76447414472108
154.26316128498254
168.3385742844568
190.5086890007181
221.76660147662525
244.6450126505939
272.7369317024184
289.9422583379498
310.0496692247286
339.98126618494746
362.72183276628164
378.57874609329815
382.92182082503615
382.54888897705155
371.4616184215953
353.5705065517423
327.10302546091424
307.81993156755937
285.5060196651386
269.71200414449504
256.7271841057061
240.9259257251228
228.60473460976812
218.1719323662714
215.24355795313724
211.19405749201673
206.1931023605909
200.6188243892967
194.24020900794147
189.69854955424913
183.14579826197735
172.37807540433113
161.1512059433849
145.2746262342097
132.13383673911758
123.40914356692312
121.59646828582794
121.81482164239932
127.12509760795295
135.95617907887097
147.46128496278675
155.71112905049117
164.93523078108896
172.38577724990063
178.32861988570608
188.19356776656244
196.1789032892456
201.27644074312056
202.88917284864655
203.25593624503563
199.49118846539506
191.86624001629826
184.08388611901464
176.50652537843266
169.729125505683
164.9149972279004
162.04623782784938
157.93854660853458
154.66284531774653
150.70141187328355
149.73822423847744
146.80113873880467
139.85244480618823
132.70618532376074
123.01617133467249
114.44666219836053
105.42775119471477
