19
27
d
168.96685147504851
168.07993632698648
167.99471677808833
168.048857024049
168.43848177179405
168.32056385535213
167.13120766647705
162.42111180155467
154.68908876176187
145.1363005962495
138.35158719038037
129.02693228017566
119.49170227061303
110.28094881115628
98.22419388680636
87.98169445101496
80.50411901008145
79.47371429234917
79.1330300293389
80.84280696264635
84.38015725738481
89.84330552573186
94.90107954222194
97.3698818182062
99.61021193138772
101.09574752995987
103.87065310864831
103.62261389046859
104.28526955088648
104.50566037316432
104.89574694219246
105.50696433361408
106.41065001308704
105.652840280109
106.37066225861459
107.00230010816453
106.70385346152763
108.18503113283079
108.62224692067772
108.89414106434023
110.14296699032833
110.30466373155217
109.0440927372344
110.88903210248033
109.74784636386737
108.77641123764566
108.00703851884968
108.58477625237926
108.11236285936883
109.06184054480087
109.65943056247703
109.06897193769426
110.08767775662031
109.14686780033901
108.81696377333277
109.09312301078346
108.55754060247092
108.76209282597087
109.56911820057188
109.7087701316219
109.31555862005128
108.50804620481465
107.94899836640391
106.8257312337691
106.29370492218433
106.27978772404734
106.17240711479435
108.18770128449239
112.3980682912435
116.54150490303817
118.55516677045104
122.09778357782096
128.2390135810811
132.4919906601644
137.83857469449106
136.9943949869399
138.3164283029238
137.4762763537304
138.67803781665566
139.12512613630915
138.77203446826186
138.4056342593574
137.84534684067293
139.72526437557528
139.79442780065662
139.36003539842534
139.27901332698866
138.30948188785428
139.5791723615045
139.58353918003337
139.0880278604174
141.4281590186153
143.35124938766123
153.55483766509374
162.3355215452467
173.8836265596297
183.86233533940114
189.7706592404178
202.30755956858835
210.93127645947413
217.09278176395054
219.32856035866746
218.80499568881166
216.1635346500687
215.8502685976007
212.76732148925544
209.8141918750537
205.46647629002385
206.80242762859862
207.73801025077597
207.81581143994694
208.75360720785682
208.37451187613385
209.9035097355711
208.56427333187636
207.94997167028413
204.54547126874556
202.6256320364469
200.24172247461945
196.72043757023363
193.31464203312137
191.53526249889933
187.1560057551635
183.326525424008
181.1547524938093
180.78358641703872
182.18758395614944
181.98304999200727
182.1794551654209
183.16198650117036
184.33360582911186
184.52870288127258
184.9478781817283
185.72706332209353
184.20314152275873
183.652524223174
182.00352773151783
182.46865590993056
183.49032424516096
184.3079715365745
187.52341491351962
193.7572426769727
197.01211247990557
201.01314025062356
206.2992258937322
209.36575377602728
217.23298479012826
222.1346942947199
225.389803655436
226.7399440245203
227.75980821609272
223.5394812833107
219.5965898240685
214.0464069077194
209.43001036954556
204.8296249463434
201.993666557837
197.25857295490206
191.78381109024184
187.55026199976982
183.56734308073888
182.71109331840384
183.18238745883187
186.11072486573985
190.4693220013615
195.79348474851045
201.20659065448413
207.13000778834964
210.22896345566056
214.3698963689218
217.07937599232199
220.5254900293545
223.28602372643996
224.7193552435791
226.58755777948176
230.95905038260454
232.9304374368392
235.76840596188046
238.7809053133347
242.44138124727976
247.39521124498478
252.38938991938866
258.60581817450145
264.39955733946766
269.4047181452793
269.66958708807374
268.7120203643784
267.97015873392456
265.4057386186784
261.7383047343661
258.58242125396987
256.47990677636227
254.55231404590054
252.9108052601699
249.9423630057972
247.16295181800908
247.37742079629447
246.19735062003258
246.40263867911366
247.9642475583302
251.51083833063146
256.6897599513515
260.1679650938503
265.6760666445134
267.3243237718017
270.73463399047483
276.42250533642823
280.0209784688114
282.8674050460007
283.22143264245926
283.0769704567902
282.69909055904577
280.78040317082707
278.383031106889
277.55429110983823
275.4026837867792
275.28836729231017
274.84417247833665
275.159514538523
274.0831642355406
274.11397932796734
273.79337302807545
272.2052510443125
271.11665597778335
269.58478785448403
264.47550133390973
261.28277575373954
255.23698760203754
250.53014194751918
246.36705250686953
240.69914477403998
238.23158074402136
237.1299253344738
236.46649703146696
236.16330268818737
236.00822284672253
236.25785874022253
234.89335130455882
233.79689224332026
234.41629663135896
233.27597135370019
232.52797162633993
230.9446543604767
229.2987141354611
228.49959152964965
228.10835262847377
227.21453840398314
227.04750128925627
226.83406926043352
224.427805043631
224.3463803561325
223.6486843350187
222.2035566435774
220.66431213382168
219.0369628123487
217.38004384233437
216.49737518952557
215.73984086648863
216.53850755517138
216.8153647673149
216.98888461397377
217.0743143295717
218.2266563987041
217.86692787657213
217.21472088521682
218.4796339851293
219.59763486597924
219.47448551676405
221.69554329476168
221.38760493515255
220.32830521749545
218.68932266116812
215.16169718998103
209.12409846780642
205.6018017977044
201.7182179232224
197.72083857564877
193.44480963898954
189.05312581743152
185.4277450449483
182.6980774945007
182.74563566440008
181.7170393720749
179.7526761385575
179.12019739966792
176.69569597282734
175.88880549549958
174.8486400979859
