12
0
b
184.5230374047585
184.6040989649873
184.014082451779
184.48726288813128
183.627096137497
183.831617894036
183.32837957117147
176.93442768076468
168.3122319290603
155.4662732746013
146.14538250290218
136.3395217552585
124.22012308387617
114.15696492187195
98.35470725274807
86.75652614608242
77.9214110269086
75.64070094943833
76.47405675763787
78.43055126238032
82.4976060621517
86.8769820655588
91.35078930020994
96.12304797473097
95.90697496351629
96.32250376316694
95.83442520046262
96.83342939954929
98.12418146923234
98.71642584351622
97.93891850014475
100.00221901039458
100.30381069383239
102.40320007163291
103.17893139459684
104.87871588625465
106.50603412236964
107.84496920990127
109.92601204561379
110.8006884868387
113.31872480411717
111.9512925131075
113.38393460001913
112.24240607155241
111.99588679998813
109.65170582801707
107.99833220998043
107.47826702646228
107.28893338784532
106.43654294254598
105.85131839387658
104.84178462835601
104.01269752654488
105.04469032636648
104.03092994414229
103.07051411888469
103.29539468601959
103.51027542760141
101.55077459880964
102.05679764421502
100.99493107886875
98.62099876374157
96.1130307457737
94.09142246387052
92.8247442958628
90.90428988779756
90.27921238110568
95.63718392088455
103.51524186301987
113.32567700935006
120.88583937089905
129.03600038722348
136.27658734695862
141.5306089820165
147.46994621547736
153.522350171768
158.17913296678967
161.797421223304
164.6546539781128
172.47128403620246
179.10684060059043
187.32058144413543
193.75847170722324
202.7350800811498
213.8918831196726
224.11189568848687
240.10546277399533
251.45857763350426
260.2374536812576
261.7464059683251
261.475270160364
259.53850799072427
256.4144784110071
251.3681744822282
246.9849549845679
243.04620006124273
242.07502691909949
242.94931559721454
242.78212666383158
242.77221945082135
241.91053321041787
241.77529657268502
240.8808700117119
239.10129380142874
237.5368634284162
228.0219774104077
219.58956036057992
205.8850142925945
197.37411899459667
189.1397983055092
176.82012596618026
167.30566274784317
159.3480651119576
159.81199029348005
159.07740772284245
161.30487667140414
165.33057924703402
170.350632051848
173.65839298990534
177.99151682964438
180.88672522740487
182.33983857631506
183.57241780632486
184.11843621861192
185.35073695903083
185.70661138432393
185.689584109172
186.6274604719917
186.16258725705373
186.27089266821125
187.74052371714666
187.49740700528716
188.8217305702378
187.4008702842388
187.49503571963527
188.09879639587191
189.06970481689663
189.57765544879436
189.81609286601804
190.6384749668233
193.59775578901778
198.36607602132048
203.23628177996406
208.8217558476521
213.87597465512633
218.8289545729815
224.6351822710929
228.5732532782695
233.646774656186
234.478019619953
234.2601908082446
233.49006317090107
231.9709359453338
230.39627883158204
229.03042559886046
226.51692981776935
226.51371797304176
227.12933412800777
225.68204475302701
224.04619660970695
223.3755922922316
222.95073088764823
221.1895461106996
226.51279382776616
232.66843350990163
241.35711592662676
247.92499249247044
256.14293006173835
261.8894131302326
270.0939525382416
278.40188566364355
286.242836641361
291.75325042044216
293.8736730376447
293.61922102044116
291.511020394734
289.34190912610654
285.7158189306252
282.29068345078565
278.4314550850229
278.3917369200672
278.4332452141979
277.48090440034304
277.67493469270545
277.91493998285915
276.49267445262944
276.5222118853545
276.005040198188
274.2298097589957
272.31742629986786
272.08192458960286
270.18074295124427
269.63485265207333
268.7411034817044
267.59451362555274
266.8228406799169
265.3126185496715
264.7614927350445
264.999757154282
262.20388715757286
259.0807855207984
256.18064913874076
252.7300538790665
248.4631900470793
244.99100306885296
239.94932511954073
234.56650802019507
228.26691580909792
223.69375616555064
223.34842586666184
222.68526415109505
227.2440993306307
235.0213113622528
244.80762182749478
252.79462992152068
261.64674295756544
268.31871182912965
276.4908802623282
286.6565576339229
294.93937497678013
301.3292413504939
302.3393292220745
302.6677625638397
298.2747323804912
292.7763731438535
284.9577685073666
277.8594116847848
269.9711766506794
265.7665940549148
262.2772097290908
258.44951336796225
254.13657139389952
250.03302465368319
249.770518149698
248.38087545776148
245.09335972433638
243.34767215102224
241.27823092440207
239.26706174085808
236.4852530771089
232.9982800242902
229.0245059706746
225.21839902258444
221.9132157274238
218.8317824158343
217.75620168245302
217.93388130402116
216.75398676184687
215.7992521069379
215.10125568496397
213.736414926745
211.60521221335975
210.07928525435716
207.2596419759424
202.56239876306216
199.35437011432242
196.72773568561587
195.96448978089936
196.78573661939015
198.95370043226438
202.68754979263596
210.34574273435314
215.14033214488168
220.29550450693768
226.26394840359958
231.4002708723288
239.55873393462983
245.08607738884615
249.61922445999244
251.37755413025135
251.038393447043
246.4219011093351
239.98277730449863
230.48649198410394
223.48573249837662
214.98701488099113
206.2867706358098
197.81770625814073
188.99867775777886
187.75325493822695
185.91153994784204
187.0923036483447
186.01566740098244
185.90493929646564
185.69256706248984
185.61557316548897
184.0010903995952
184.3477629362531
