19
6
c
97.32314311116292
97.3770955375663
96.52790942371432
96.38870003689917
97.2162637848949
96.56265772746656
97.13435899508161
93.8083859154537
90.18756820228495
82.8721696318893
79.87430524983598
73.82590729905235
68.55213782838251
63.84858056512255
56.300893320299686
50.79815238153553
46.85935164413319
45.37858778011242
45.74594906707131
46.743546530558184
49.05325159969717
51.53112345256026
54.17854481130835
56.842249761195774
57.921886127104344
57.9626007019857
58.81324419478522
60.26123396833107
59.59845600060973
60.45429969269417
59.89679982486471
60.88622966004999
60.42139952207537
61.69820507000185
61.638318167553585
61.278193251686744
61.655177981592665
61.8931658133902
62.60339066634475
63.57498353707628
63.161869436448214
64.16694452144459
63.312924791362555
64.31063225752199
63.41974815113653
62.84148672646017
63.25680458764066
63.53677375329946
63.18756758321764
63.13084770611568
62.95388290558362
62.38095016784835
62.36704263067538
62.57376698560007
63.21814642028154
63.95205353510889
62.12295576185365
62.935436701251554
63.36511011324864
63.26893127010307
63.05174790571794
62.99839139056055
61.36437377560576
61.87519133198951
61.74342122771584
61.527093833985454
61.01060357067647
62.74029640565019
63.192958309071216
66.95058646753156
69.85262245420633
71.52265069222717
73.86342046015628
76.80250947690246
79.43438542330986
80.02089987068072
79.9412892139648
79.67671581875578
79.41339977615044
79.61236796626598
80.72660521430947
81.18543575302034
79.48673070762388
80.75716280592641
80.59627822960408
80.9476168088138
80.68777807280082
79.15163563478241
79.3847012143929
81.57637557436965
81.21002838055499
81.55310261423563
83.58020446405828
87.54818550279779
92.77128628271788
100.48813262372138
105.62358012675485
110.44645763568043
116.5686108759016
121.8712045442956
125.70345969039896
126.34922576419281
125.53685749237405
125.61408059315565
124.37657468891344
123.04361314029198
120.68472061985355
119.67342258049061
120.0512996811307
119.99056760207175
121.1236698997092
120.39851151317342
120.55156226460115
120.46241885262795
121.76131838451789
119.60463138420104
119.00359447661381
117.18716005704184
114.99062465676583
112.73005347163895
112.29966240394951
110.33041941905175
108.34468448399599
105.58154002242095
105.56412621498387
104.75993982828382
105.11869949995308
105.32340005716425
105.59097399741205
106.06465960503922
106.53057802633484
106.45217504795743
106.28676368422475
106.4712846930376
106.05810555979082
105.94108723897948
105.18770018846709
104.67340907623101
105.49432571191457
106.89686396578136
108.46391249938092
111.79641811132828
114.05707387380903
116.68602749579378
119.31380837776753
120.94785996544508
125.24168007288948
127.67407147345271
129.9534407663177
130.13802992455072
130.76417728763238
129.38902969881528
127.24385559408414
124.50372689612179
120.80960332620143
118.21018294867747
115.42261990731676
113.59225974996143
111.5829348123723
108.31175897800156
106.34860065814853
106.30597946785767
105.2624207047317
107.83036666114339
110.17396805480786
113.48485513168498
116.4415752572197
119.38995576068223
120.96622285984654
123.3657763030055
126.28927024031987
127.72468996925718
129.11271307933924
130.04638547332783
130.64496634238088
132.89499786592054
134.1302873880317
135.52042712317322
138.19158082053605
139.25859288267574
142.58049398574155
145.07139689144617
151.10805695942747
151.9651254322563
155.58590713884615
155.45498291655412
155.45474198827657
154.6122468415759
153.23082642939298
151.51945783877787
149.58314255354026
148.36436937233302
147.2590205254073
146.48933576309787
144.29755512430708
142.94217129309885
142.47508234552535
142.43205755879563
141.82315176918854
143.28058433687582
145.54499154099483
147.81137709196483
151.03424199194433
152.19950887540747
154.20995210124792
156.98635868643242
160.11322322845507
161.76166327222143
162.98113185893754
163.27403062955585
163.1031711086288
163.25409070788086
162.46902040957985
161.52893692471676
160.4871384383914
159.37195957450464
158.52455997987434
159.0637188066482
159.70096866264055
158.8889152121046
158.60080814983297
157.8427039854317
157.56571948653286
156.5257788021242
156.63265742988193
153.09397407730452
151.40902194973057
147.23113562664776
146.00276087056278
141.92700166007643
139.01570143216284
137.78999680199084
136.71338341886755
136.8072129055328
136.5619600835639
135.63582965012833
136.56402695460073
136.17988406738192
135.80518719517002
135.9495096943863
134.61422976804118
134.2892783307969
132.90636632040105
131.70321997443818
131.83344438122316
132.69656727111584
132.22759525899886
130.50587043721436
130.73526860255564
129.8736396022665
129.21039691096135
128.64057801795138
128.78798182316183
128.23763437057372
126.38251870455635
125.72521472590158
124.46851908667175
124.8778248146453
125.00724947529693
125.01537934572325
125.20663048422163
126.02519205586258
126.17652008913711
126.78367247248418
125.62874343538445
126.25826220842887
126.76639639189855
126.50593408520346
128.37793664695317
128.58677078957848
128.01793080238042
125.56491026869449
125.59083081448763
121.44977432199937
119.19077991343379
116.7945648417424
113.49134960013264
111.32305021766552
108.90345064919103
107.48042252767449
106.1626455004158
104.92326304015523
103.80962002717216
104.2955521446706
102.19330829764156
103.08774378124579
101.91690078736238
100.07779272819624
