23
27
c
10.90705209794134
10.684294995918137
10.557356114116029
10.334956500893092
10.573412328926942
11.037541956822803
10.496577353325664
9.595227860045169
9.314990032501374
7.607739205659997
6.277972538282883
4.486449862478078
4.460827811603122
2.434510769288993
0.6442818313786858
0.721679029349466
0.0
0.3829580373616177
0.4275331662624082
0.0
2.2702101894507383
7.011745808223175
11.068204209225897
15.447349676389077
19.931286685948628
23.79846810566592
30.14107344193144
34.06634265916673
38.44436377205141
38.52086895133572
40.06645542996709
35.58910300581119
31.540214236788746
25.749259526773965
20.868717338707047
13.758015503789164
10.088420691370164
7.261654962746735
1.3872756473466612
0.6022616960100547
0.23736255484209368
0.0
0.1322885636469686
0.3667787760408697
0.354096277958561
0.09111915287387826
0.7175976740564808
1.7170259698069021
3.4273139520315485
3.115760623153762
2.5647182776388933
3.0764749441689365
3.3283842906507908
3.589311949887548
4.411568869001474
5.749667163143102
7.761341937780454
13.691157128442448
16.221510446226468
20.314905414014117
22.446751094592408
24.105401104074353
26.25558552366063
28.37987004086896
30.673811844237676
32.35246390660109
34.93489369390508
41.577078669397245
48.928270467278104
61.32501252942358
70.21720916735946
80.78044448118614
94.39687276891104
105.53418409557142
124.12616765573091
139.94480842048657
149.6754234601188
154.05478604022755
153.02322528344448
144.81296725552914
131.08459747721375
109.87451808838054
94.90419551590671
78.74609684495003
67.24226151289665
54.81406982672312
37.99209114051892
23.389631180884635
13.205466734882094
11.044153207312341
10.222774078363605
14.671321533121088
21.367532452638986
29.881757525858344
36.04752369166993
43.418875502754624
46.181469032145905
50.42414176999851
54.07551110292331
57.22510390708556
59.59911474456871
61.01452519675844
60.41959884882111
59.16058641509318
59.5675197239352
58.6976325622716
56.80371889024073
56.367759681377656
56.56064049573623
52.365691743695706
48.95533777805729
45.0982544474145
42.83058539066291
41.32544096936876
42.35990894654494
52.08277664862313
69.48057663174927
94.39780289210577
112.14961723989047
132.74596576182714
157.5593166952444
176.49667074981195
203.99185386921687
215.39775519104742
221.850694789311
223.845980871185
225.1773126850939
229.06114485527513
231.2774221562019
232.13802784768495
235.21581531571627
237.7028723757494
245.1278103540286
252.27054019063004
264.30280692630856
275.25954914189737
282.8506479883707
283.3272526206615
284.3485773480635
276.09451121249873
264.18500611217866
246.77187581301706
233.49427153696251
218.9664968079278
206.55116724039502
194.9278868715227
181.1059112952757
170.799290318792
165.73552464272476
164.85040157010312
163.48884350232953
160.8688540412818
158.41084401329886
155.2755396516554
153.03794927208193
150.3383197498145
144.05353482021263
139.22562490901097
132.58613801729223
128.80485767885108
124.01761450705612
122.89143524019379
122.19289068416582
121.1390014987921
118.18960736452297
116.81741254558894
113.81221592351288
112.09694283905536
108.6008227974717
103.85752725010113
94.73379099263015
89.60028477770994
85.12590310829383
83.76119458335711
84.5094971650464
90.20275324610587
99.63875113059146
113.92507846298014
123.80683417876142
135.25336482883569
145.69706379814568
155.52041934175028
173.48464831261444
186.40967460661594
196.27173876731933
199.36703201825605
199.28372035592616
187.9401626774374
171.92641020654435
149.37734016624734
132.03112714221464
112.01089833886843
96.81246663165268
80.89240569983083
57.27731056237305
40.933622074214995
26.65837891019643
24.00344964154494
24.69705574928036
31.804697167536343
41.28929711702244
55.30686425854138
66.67942051516377
79.05712570974565
86.5920644910715
92.79370041399912
105.7996329378633
112.83550352054843
119.13661985998664
121.81633481436373
121.3881711136229
116.95735214994592
110.02361659958049
100.1501278763158
92.65260356967532
83.88072871689306
76.88482640588829
69.76077977061368
58.302708493472075
47.78250335848574
40.86022586016623
37.41380721762108
37.3799703716128
50.29305580764713
67.87960442788875
96.1928245470367
114.03489854515519
137.69743549436342
157.32195361008695
175.8583878860571
204.46886411206188
225.59625637208103
243.01020030607071
245.2198192410542
246.51808510004645
239.90011814705304
228.55481966627008
212.8446683004834
202.24805233119147
189.22742709853532
183.91314360353854
181.1758952934657
178.4275628188037
175.28704044736023
169.78206760818463
166.4092316345924
162.5568352591553
152.16783956236227
141.53272743940914
124.46160291326433
110.86543241120238
94.8822166892644
78.36237944871965
60.94857261335285
36.527711826002566
18.073510707040683
3.2326767064412385
1.5919447348344042
1.1225344685559786
4.320200928635295
9.12441749353673
16.206129437097033
21.043713546755267
25.579005208292852
25.623597363517142
25.905190049191912
25.463063705000163
24.785713502501316
25.404413095622125
25.173571856336736
25.09192326595417
25.554703485675226
25.88744375810689
26.9357847435299
27.432188605030017
28.139027630937647
27.80779086510347
30.34378415460715
31.07469532547858
31.779687052415774
32.581642951801356
32.918075992812376
33.24783172123341
30.792234644425886
29.31200553223815
26.95450170972166
23.460045670332423
20.41887495819154
