4
10
a
213.31984078674566
213.70716845892008
213.0310416537147
213.7043538243013
213.18378850838084
213.87442854749267
213.02512008475045
205.87596998335644
195.53866570441207
180.57887743751854
171.34353943002188
159.32681170235549
144.92238416734654
132.85581385839782
115.44854918722953
100.82127843356618
90.20017023106601
88.72382723556305
88.96126727156764
90.87709340530043
95.64082939266756
100.57608714571698
105.92984152818785
111.4215177610262
112.18066331471806
111.08141952104926
112.72791960767547
112.75779237430787
114.27751653710794
114.25285787704821
114.38830277229977
115.46091941148018
116.96059237430887
118.64126832833057
119.57937692610847
121.17908624141668
123.40045892791731
125.26103427815157
127.35977737460979
130.3071554898035
131.9374365702767
131.5209252544848
133.0424842054683
131.74796691291445
130.793833895026
128.61415624849317
126.3548240693994
125.14320136299524
124.95348562121227
123.5900363781571
122.84821834485908
121.67894482598548
120.72428185160237
120.94278480673427
120.61007625589755
121.18030037016918
119.5742267729618
119.8893228592956
118.7923302559731
118.10124014504423
116.4592555078998
115.49246370063469
111.12728705759756
109.43286350299897
107.12245871504972
106.49185583872072
105.4224883303326
111.83182839806443
120.38472976882693
131.95883831767648
139.81424498569598
149.61065650803238
157.8774106321871
163.85608565486928
171.08312405904238
177.33590071798116
184.45446534342332
188.3435480566891
192.9799304868322
199.94929979445524
208.45373813515536
219.3221818161724
225.07582313046632
235.85613671988858
248.33349857455514
259.8910352683879
279.38138548170696
291.6640537958372
301.785017228144
304.5029057921244
304.71882006222876
301.7894409840776
297.4491562446378
291.9095098611898
287.7402366359635
281.9062465687235
281.4404964090822
282.02291939380837
282.5298899994499
281.37336969574534
281.8282759390968
280.62574669109216
279.6697061838331
277.8108623255248
275.3846340831798
265.4419642095916
254.6600110818815
239.2921410273001
229.82460238679823
220.010661605979
205.13147900825678
194.29591060507903
186.60259751189554
185.58387497450366
184.7094074238794
187.60874367908397
191.58505015633983
198.42428771315184
202.65482816324467
207.86936756737927
208.619872840432
210.86269989478913
214.05546539329407
214.16052497274026
216.36807869968317
216.02074861845193
216.39046011059258
216.96016425112816
215.64077480071813
217.6304392790058
217.49069487273823
217.74118049880113
218.49514845961187
218.3357997694358
218.9056676869945
219.14660049800509
219.89816104922969
219.45909477888304
220.4893876746248
222.4935981665427
225.03612602540224
231.00621236597414
235.78565355301845
244.00388043125105
248.87466101005293
253.27113495959307
261.5402626799664
266.70358030864713
270.3317183436222
271.2940500161403
272.1476371522926
271.56646353131464
269.0617128972903
267.06817465727744
266.5345690849732
264.27512365118787
263.7416496199491
262.91087680564635
261.99552735538964
260.02241447682974
258.5835551340276
258.51981491128873
258.51032066471396
262.5413887389009
270.80909488236625
280.6157582292146
288.03123863024905
296.9459924092059
304.94021809656005
312.5926340620973
324.4069813752838
333.3685220397921
339.8578408547685
341.2419925123521
341.4827356878392
339.15894183721525
335.7302307224554
332.29013663626745
328.6113727682746
326.1106119735022
324.37619381650927
323.96775779449524
323.52462583202447
323.20169107765037
323.14827351806827
321.8234376250066
321.58467125556945
320.4392726414013
319.96868138532807
317.26790468805626
317.0211688710573
314.1102551314926
313.2515666475805
312.00745224394564
311.4918467957376
310.26720049894345
308.567026349471
308.36480020501955
307.5035244113825
304.7139263103645
301.86085233448347
297.495374113955
294.10257362103334
289.55961281801785
284.61891129335106
279.43957628018535
271.8472882674733
265.3275540104203
260.17202948761246
258.5986863487804
258.81215267756335
264.56612589942637
271.4179931774577
285.37416878270903
293.56621435767335
304.2565965532156
312.6831905230454
320.7529041021083
332.6992108837302
342.6703248508622
349.1621825255119
351.72376824877466
351.6942077565647
346.95462887140917
340.6303170686287
329.5822640321038
323.499334498109
315.13988324464316
310.094562226718
303.84956039388385
299.299807899408
294.71821619193327
290.72858908398126
289.12409839120943
288.1575440428323
285.84204174589325
282.80281426041466
279.6293425363148
277.6269226365752
274.63108867469896
270.20072559705955
266.1581651479787
260.7345584755793
257.2711439557545
254.5662799515622
254.22139167614014
252.67116026951865
250.41771797700235
250.8966920717634
249.9658197808175
249.0033055403082
247.1095138943663
243.91261022511682
240.7027104049168
235.7286960480338
231.7476948959082
228.52389043461733
229.10336745635445
227.94074330952262
230.88676361728525
237.48721833242695
244.44692871927435
250.52838698685952
257.5828439549421
263.80039387101544
269.306968732714
278.4664409419251
285.38495303443284
290.6232914092839
291.5231310773253
291.38117706475145
286.1251716240713
278.84159312449555
267.01185382934506
259.73523086534686
250.09074161421975
238.74565664648222
230.14709471084848
220.88274218245095
218.72471547938719
217.52334335449365
216.73692019209344
215.86632567226275
215.73052779767718
214.65668354648938
215.27115990193445
215.94160185978933
214.73211624175678
