19
14
c
133.13343472437617
132.98618728067225
133.3606033025379
132.02647426667548
132.89381429322117
133.1523974470124
133.23277193902973
127.99912522267482
121.52749580526523
112.17074110502112
106.45426247471332
98.1073176747663
90.01200246212541
81.59440970307139
71.34320302572362
63.13363338027112
55.798777570611406
55.5132916300921
55.59140665126099
56.2771491344576
59.447380048959545
62.9605887997215
66.01476318405246
68.93168492379702
69.7377972275825
69.6449719698987
70.30994370845754
70.14268067272215
71.24772815586084
70.55627528768318
70.96873997012308
71.71292881299811
72.21686414474331
74.07029127514507
74.65701557202752
75.51264744994377
77.57828881067968
77.65087261964098
79.90442692910361
80.7461231032431
82.04034386146061
82.86137867320154
82.17519977160629
81.35527384372597
80.58203364141241
79.58681185557931
78.94024782504921
78.53913190425415
77.2922022961742
76.86670123659889
77.20303310894872
76.46342697030074
75.82402006664384
75.75382860047377
74.59625862468289
75.75173452630823
73.97678297217263
74.19839074331323
74.82071099190749
72.97510165435706
72.60462969848552
71.14308436869608
69.35314274821579
67.17613614514343
66.25069035585825
65.69528453781476
66.8707504843953
69.09246974348632
73.99738205084687
82.27424761725388
87.10171414341058
93.83855331566289
97.11052257194729
101.64612409688901
106.80970360234168
110.74743464056766
114.37015739531292
117.469677745415
119.65207754193773
123.94911885135366
129.75356879154685
135.86146663510024
140.52347470283794
146.1673484859756
155.25661581774273
162.5142355796706
174.5871594176066
182.37085893459096
187.54888986187663
188.9892878387088
189.47936537057345
188.00254415635766
184.52042536192022
182.59601478935934
178.98444932894503
175.13981568796396
176.32322642387885
175.05852742411352
176.53659205002657
176.01135160796463
175.11463983960323
175.26088423533324
174.23822800841455
172.79857341477202
171.94570465294424
164.52876777642118
159.059456023221
148.0332991881914
142.3853060829288
137.71446131848376
127.65186249695873
122.24151531918216
116.13250286245221
114.62605300657185
115.41443287109026
117.15493204772056
119.85898828028373
124.02364519548375
126.09566515105357
129.0110439702169
129.8102095194436
131.04912963896896
132.44037412208834
133.51941586953842
134.63372358034056
134.16412277798742
134.1851838588173
134.5258255228057
134.87685358902553
134.19846076613132
136.04947615870992
135.1100769433757
135.86233852753216
136.55101400606304
136.79478222662075
137.12487631815958
136.8796457241476
136.26313326748448
137.458373066664
139.39313094346892
139.77674149996574
144.21504773641897
147.22590193840742
151.44143499137684
154.44899026426867
157.38799544147642
162.00380060543966
166.46359929512786
168.87113572883501
168.590857765094
169.46869085662863
169.22865920146901
167.85742750057634
167.0956951832566
165.86429603865085
164.3208526037704
164.43714986476076
164.50219898032205
162.92626900229595
161.80110750778536
160.97241751963304
161.50251736255797
161.02521266443117
163.10075265027717
167.9709973207435
174.01642729981566
178.94442366233636
184.55989105027578
189.45552885421418
194.71116718844473
202.42686189717125
206.23786885006095
210.77093090375905
212.4008475928591
212.7418101574618
211.01351384222673
209.12821736514488
206.26579559540096
204.35505024446528
201.84226174662396
201.78694452642856
201.51732590118476
201.46576513271526
200.11889727252554
200.84356567645938
199.65167653925752
200.31576719388883
199.66490728408348
199.49464298853889
197.5665333621479
196.12987825884363
196.22118764476494
195.05405678235246
194.39281689168118
194.51872204101704
192.62203425385258
192.04838959596168
191.29586372393322
191.14604607586557
189.22535148613798
187.33234521810286
185.20387186153124
182.8730535685217
181.13874333133919
177.36409408253598
174.7311847004545
169.5621722864287
165.13212967714145
161.83464591568998
160.9783842043574
161.9662607000144
164.42294530357984
169.30869530256726
177.3288693423238
182.4406882595961
189.31706572024532
194.71473684052222
199.15229596616845
207.0251651107429
213.2527218691016
218.0196838817447
218.602900584218
219.8676034854464
216.54093748531338
211.80794946971116
204.63784671373986
201.08848703618347
195.96094211218988
192.26094648522795
190.0952887848716
185.64779023494438
183.20352503383245
180.15183972087829
179.99295919525244
179.62708430432068
177.34051712432003
176.3028977581166
174.18500672110986
172.44833902913035
171.6468165440851
168.40929053806406
165.21910094480515
162.45592868725205
160.09817588738338
159.1441324019226
158.2207504436266
158.93880552667216
156.62771664130165
154.91128697323742
154.72634909747265
154.41687358530353
152.90671805741323
151.68102943110958
149.36710730601763
146.97268167211618
144.85989424866807
141.68811184671011
142.26249857192258
141.0325772518935
144.52495494195065
147.54238686266442
151.79030819014912
155.99990954423734
160.88532469982914
164.3388951012584
167.92795072534855
172.76391464684488
177.13982979959155
180.66192661845622
181.71248455051855
181.50833688604837
179.09466190276456
173.2318893011968
166.24121477058898
161.84863920187624
155.7645510031997
149.115961751521
143.334099821245
136.66194965726248
136.1189142975121
136.22302413813696
134.474486178003
134.49789546251301
135.0358222864626
134.72376833236927
134.0581486251946
133.90242406966698
133.9763122963424
