2
21
a
12.528871090335322
12.629719703416676
12.876217032262511
12.332402886745587
11.680783786913189
12.726420090949413
12.271226812229168
11.559902977733385
10.889333365186364
9.096874922941963
9.161242715307292
5.786758433005418
3.9221340308708785
2.5205291350101646
1.6229689848824123
0.0
0.0
0.613534490858943
0.0
0.0
3.5374031043838396
9.374238970054396
13.40920850360781
18.945951011952697
23.785179197751813
27.74277459159031
34.01739847341057
40.670661093832415
43.60213618171173
45.01863511708805
44.26642868122353
41.401230717038494
36.70278081446949
29.50129133692537
26.056903837952458
16.17974068802803
12.110040334649451
8.185086546439466
2.8358614097789134
0.0
0.14434081862128229
0.3826750532078619
0.7329827661011097
0.11166770377923717
0.2714989207223666
0.6165562933648983
0.0
1.8943688737913167
3.0310954530738132
3.889117253496796
3.5027363448229756
3.5961960172235505
3.0103604106921504
4.008363850891241
3.9056922314506393
6.407449979542702
8.435406123453896
14.212643325866042
17.90978676326035
23.17248031437356
27.370742193752154
28.839396715084867
30.060393179443427
32.87824734183541
35.93596138277998
37.7145385336613
40.75910640221546
48.345760679091896
56.64070386369575
71.76941610764172
80.896582923192
95.60512185946774
107.88467104209987
122.70054661925273
144.09346119296958
162.05296593697759
173.8869621260093
176.9174463604962
177.0778369668818
166.3344504320582
151.63215651462653
127.64617984296868
110.72242468161949
91.01290486562775
77.34850167660159
63.5373353019435
42.393323730038524
27.11366292581385
14.785526049079422
12.83328231350322
12.84076051935602
16.305146015801625
24.742623146293212
33.10667415114285
43.31921403412423
51.27015400117411
53.73335517964712
57.5905875404926
63.60729435040634
66.40170596407549
69.56501206353178
70.88856943139561
69.45061134460624
68.89190371028533
68.4283155265568
66.71202499450847
66.17115878325949
65.60817205522399
63.42468832463787
60.736488554978564
57.17640271010838
53.31453078364408
48.99241056460801
47.675588965082184
46.83759219915186
59.253909900970136
80.03919877517474
109.7501478693055
129.55080053643402
152.25450207999444
182.45156089695087
204.86590675822865
235.65721252694013
249.2092437798738
256.3662662936027
258.93554370349176
261.2872328818103
264.2212858059059
266.29878909801846
270.0925935397791
271.3238503763061
274.3129347839579
282.7620515562094
293.1253248512419
307.2666785830825
317.0597759826298
325.92605325764987
330.2323013226209
328.539220256309
318.7023898074413
304.5635368398244
284.67455464939974
270.36019155395786
253.29541442724104
237.03749745477148
225.36900741962737
210.2589792526883
197.65973705924202
192.56556401370466
189.78955344869308
187.6521994872317
185.76475199753764
182.86586256047812
179.60308571528574
177.41923117907731
173.85295374260863
167.26396659697664
161.43031609551062
154.1421761228662
148.04802140317025
144.28995227833528
142.38615228101233
141.28592643124304
138.36247420301513
137.39603888177726
134.50411938518477
131.81214307011842
128.8605264840853
124.88078219386784
119.80995751168408
111.01102444319586
103.43509223687015
98.83475806206535
96.5398882343297
96.83213299854215
104.15426550775844
114.7758362281259
132.21734836875618
143.5790406528236
156.52241999341234
167.0690609145771
181.6569341366083
200.0887183736362
214.6735869576699
227.12420460687514
229.8759530324089
230.73514954509972
217.82377743755882
198.76957428359168
172.1662838778198
152.41192263559154
130.2099726345681
112.48924424334892
92.97676763349558
67.26485003585974
46.695258666405536
31.234486690383992
27.470172695831046
27.698650514341306
35.47177241147592
46.99969363794432
63.975011317729745
76.9733752570994
91.45303039746382
98.87928716537277
108.18931170108445
121.3745925380529
131.79080597018913
138.68562689057796
139.8176373563043
140.33094294558214
135.3927971981389
126.8675153651051
115.70924186826842
106.73097186273753
97.41171769565247
89.87546506623566
80.60380944319604
67.14437058599646
55.42709197889036
46.799876809278345
44.286028378401895
43.8422656942296
58.429397715761375
79.94005868768554
110.31726189310348
133.39020938397357
159.23536633854044
181.94037847624614
203.46883735338236
237.2143030955711
261.5665138545833
280.1201377638082
283.94847870295536
284.86024591700635
277.42719689442555
264.1326218955302
247.75933374111594
232.94135728966026
218.2386351192056
213.15688873808406
209.63173989079326
205.99879339594435
202.72669476216143
196.2203238930669
191.75611684984253
188.63230101751793
177.47456451693378
163.43814641366365
143.47737189971028
128.64220069812063
108.75442996828352
89.13106366410213
70.30630610898409
42.17106386084675
19.94978415685979
3.643412691363378
2.171021064868798
0.737521663188679
5.258625255814351
10.560118592924443
17.79805037947798
23.930049290682376
30.321116163635136
29.77961754018678
29.066590115381725
29.247219004823943
29.50461179100482
28.31815944751725
29.276028892058207
28.068495577329198
29.63921888543199
30.150637555903614
30.5603145116717
31.78099732636853
31.985760098723812
33.10441655208939
34.883885590547216
36.99520800815483
37.145488150654025
38.8498061608884
38.26226632020251
39.04181788890551
36.957467310773204
34.98606308250944
28.853693424499156
26.892588150342533
22.80714985838505
