17
4
a
102.62582877943748
102.149890997896
101.65898799856896
103.2280264182014
102.09160819086803
102.68623349443126
101.12046593742237
98.68938462181964
92.36596575146199
85.5137846154289
79.45854181180891
71.99043348896876
60.29110723192243
51.27479284300968
41.856771485754365
40.74657966660902
41.21226987482898
40.51866688409909
41.24395546417665
40.288785364732256
41.20448799256015
40.673895716671446
40.33634174308269
41.25158576602926
39.065058487061734
37.43870561157601
37.12588675237833
35.68515242409093
35.471459873491256
33.88143849132034
34.44603479980202
34.033782004216285
34.541248039654114
35.61360058950335
36.116020181081524
36.985939642816895
36.353211374892666
37.05312442003862
36.850327710604596
37.08779282881602
38.06722087970489
38.55532384746481
37.28316593445986
36.8467028774026
34.062181730939805
30.050656299351786
28.267846024009682
24.827042079775612
22.405488337028103
18.783330066876275
13.77547286824336
10.742313470130672
7.9391462249315925
6.072677900841054
7.631968939773866
9.749183967348069
13.288008739030845
19.522528074529852
23.239642858117367
27.259480356645987
31.13511030148936
33.76622979488222
38.08854698511862
41.77317598776717
45.04969820365503
45.68153710313958
46.972916591123436
45.01835969435576
43.3403982537253
42.34251284322905
40.340648821232854
38.60931407200075
37.273383467476876
36.627036010049785
36.27695902114756
35.4179165406834
34.88568302209611
34.097334670920915
34.44898748138223
35.59055143534244
36.33587571826067
37.618430934114656
39.935421768371945
40.855491991852126
41.13055895924996
41.62363684841404
42.98856297788147
42.663023681181016
43.56246469300819
44.216467896467286
44.94757150143122
46.283802347493705
48.38434270163554
51.57784713050562
53.40055753485277
56.70277908684111
59.755939421651156
62.6754637914621
66.54791461121307
69.75157006927402
72.03063745430586
71.77359602999134
72.20568227528886
71.66062813738255
69.64886250263368
66.71542878665979
64.5237257207813
62.67543081184383
61.0391363765903
60.75110080882609
59.449583742594996
58.28712494682855
56.177932126787795
55.868329598622545
56.72368036928841
56.22829236217708
58.82402545278238
58.970712680046375
59.50475319232979
60.209338934358044
61.12902106442728
60.36777101246942
61.541595573288646
60.432513440817424
60.68300347516558
61.65900999504364
62.664408508597816
63.531991538670844
65.6775475333938
70.35809483716162
74.8582743049079
81.35586817479489
87.1089521892171
90.16531016817352
96.54159036182905
100.3994251321293
101.43123124915407
101.72379628960041
104.16309894773073
104.1681784208516
104.1431125692904
104.9015296893772
107.33376368354529
107.70167610992654
109.48492893766033
109.38097256110385
110.2638562633981
110.20670208338761
112.07165056581003
113.77529201065197
115.86811745740722
120.23249660893235
124.99683481012266
138.17705146739195
147.12226318502474
159.98405283112632
170.25774449859986
181.07623736657973
198.0937017069922
210.58311229525523
220.0303099140009
222.40016807745047
222.9552813027489
217.3788997936176
208.03401590165583
195.5554878306428
186.02291935900712
175.83241109256426
161.85214320766033
151.16076620095026
142.24343876566783
143.07101835368496
144.76463527068387
145.65570541987964
146.256113824939
145.8099586424578
145.50176999859437
146.41941223762345
146.21071062757048
145.8455976974281
146.10620630433667
144.60595868826056
142.06527945027574
140.69414128611197
139.73736159825617
138.38765805866913
139.01916970785805
142.30923322527914
147.13674003212387
155.56352370381728
159.89264386362711
166.64928955902744
172.729488089323
176.33664429555017
182.01260983681146
186.50829739067595
191.47511365342473
191.5984296113779
194.13562619097343
197.0780706376215
198.91712822760758
203.0046951830698
206.47275493852447
209.3217524438729
215.90986828990896
220.2947632495768
230.39404483951435
237.07045734357587
242.10265856970045
244.03318437901518
243.53557502823188
238.7125829319591
227.50815361726234
212.83599321493105
202.88424889802357
191.73209074714575
180.8712894657914
172.79239839641036
160.83008022147476
152.525539417861
147.21717786992562
145.41898840688353
145.02456337104272
140.82710776385605
137.53099355663213
134.88656921587557
131.11086676827364
128.54883946056395
122.38800444348844
115.64971714719749
107.121725486607
100.65748367409493
94.19176124739165
95.0897020159452
94.82648061624563
95.89244503950201
98.34173523918145
100.12633996546148
103.52216805123285
106.01436890377605
106.34846363007263
107.25441682906637
108.39204076170763
109.43000184125033
110.3337149134582
110.9861487130883
110.78768518674201
109.45621076394495
106.58663425918655
102.40872703522936
99.83668486283585
96.85444615636169
93.7136557021596
91.056761043477
87.41600243856244
85.73638539158559
84.47325398979154
83.31212400869654
82.9154667722636
82.46013691761759
81.01551659894774
80.67315034894968
78.29803068514721
79.16870466815197
76.92065999351678
75.76744464141724
72.11913523362254
69.27071480106758
67.27291592657032
68.32987526682705
67.27017477263372
68.7748065400503
72.11266003283038
76.720683825347
79.79191939737404
82.1820327837092
87.49010438026883
90.56038586335517
96.37387653259555
96.45597086207724
96.11499951596353
96.10852403945259
96.75579884494519
96.51952954062396
96.37363581708595
96.60714475733052
96.23923414553988
96.20166134477249
