1
21
c
94.4553136763261
94.49618534231482
92.95668116459163
94.46062284768173
94.33141910870937
94.5760408668628
94.21487894875364
90.41605231736865
84.36432184656287
76.18580546086623
70.54092246791686
64.45121732729588
52.570844048657705
44.53639554820222
33.98690920949306
32.65970167216194
32.123634070862764
32.282086893217254
31.66675411309342
31.303351363574485
30.212970102989733
30.139010990471927
30.404642371786103
30.799739011904794
28.622643026493545
27.551943169326496
24.892557439425087
22.764799309021665
22.299150254075872
20.81029960587877
21.47334071652933
22.729992315971618
22.67753043404544
24.539980293970473
27.083579179841472
27.77768327013723
27.55338088023615
28.619103716495907
28.202959167651546
28.410453039184063
28.35935168752349
29.245435284252036
31.40851777199297
31.527358967159092
33.172250416448556
35.675704611966395
36.737420522953336
39.788813468833546
41.26039590245561
42.119612035950865
42.39603119978796
44.70220058234184
46.6381526534295
47.0219781839451
48.586251366363726
51.91218823109563
55.52997072333562
61.68818728158903
67.1587098500446
72.18341800987669
80.86063259764956
86.72414372708137
95.82102881380449
98.47467396200848
101.25688660679124
100.64176057371141
101.86351047868867
103.33975775439063
104.44150261912233
104.40480626393817
104.84585370032545
106.88675804581209
106.9695631806262
108.84664202499533
109.16039652540606
110.83736545949921
112.93621956880982
114.54693612113029
115.86766760423983
118.1428376317799
122.53856356626338
128.5372066737237
133.65681758521055
138.97256176818522
149.89704810522886
159.34140408157737
167.77415266496791
167.387185937606
166.43282655113336
166.89148156663103
166.34206409756837
167.03411854279778
165.80619791708503
166.41857864702607
166.41338358475278
167.23713162667815
166.0472330786207
167.8120502635141
167.15554959538437
166.7685137932344
168.69103739124813
167.0870239648035
168.86308461412713
170.04188561501607
172.80541792765248
176.56573510005873
178.01085593963361
182.20588823830033
184.38454337594402
188.2659711148131
192.58796038977866
195.77445443221316
197.71141997478287
198.52441767695586
198.60987482724542
197.82409839945447
195.7075635776957
193.26968548636097
192.4840068084863
190.86454904125316
189.97246529958488
189.55322784017955
189.19424606777463
189.10068641347135
188.1462734358493
188.07051887007287
186.80381827317655
187.07693029797605
184.77457508492398
183.1615679031846
182.53044004606272
181.61612189746074
179.40677261271406
177.74539270460764
175.2855706879469
172.26882665728283
170.20551420078752
170.31870429535184
169.85422050737844
172.81242960477692
176.9222321067657
182.34015521531035
184.73648586138918
190.6560663909041
194.61608768228152
195.70858375477206
198.69048353664266
200.28342232712998
203.8959680487639
205.90556508439306
207.3391925428956
212.1102336689056
216.06887919648673
221.67010424525319
227.13551805458064
233.41978643163048
239.87273176034142
247.2220928891615
256.7074295250158
263.36873660221016
269.9398267134227
270.1619880796127
270.2437197420526
268.3854598561028
267.4815646601287
262.9376486820841
261.53932074700185
257.875916027436
255.9361593829272
256.3271264426099
253.03939118251657
252.3004346944369
252.7679254190889
252.45332627096505
250.97425327892586
253.5633808439413
254.34910716131907
254.7588325087473
257.10830423465154
256.57624013227735
257.6586177342123
257.98481157658307
259.537471865156
260.7871019232881
261.6440081546647
261.6089309506351
261.76090081042827
260.3423867533108
260.0657609990216
259.0176546138066
258.79638495149004
256.66526642562144
256.2148012848456
253.8206233386894
252.64382062059587
249.64068056539404
249.39975724688676
248.29479200395406
249.08602319011212
251.93433125592702
257.42655566781474
265.3420401503069
271.94730060943306
278.35752049928135
285.13122444818345
292.9279442789543
303.1245365109015
312.3088836550455
318.93220981156486
321.35527544891806
321.7723753586172
312.91044143837735
298.8227806619596
278.92289174818904
265.1210148522416
247.41716556001307
219.86610685776296
198.57697654280125
180.33661828849515
184.8061384277326
186.52147686124323
187.85443276058885
188.72994511380583
189.24046753611518
189.3157707940366
189.30244189086326
189.10353521603872
188.9112051068865
189.67538795982298
189.30181379020044
188.7687545791037
189.80789213791093
188.71005546083316
188.14198371130746
187.15424043274967
187.08138607486507
184.94204743272735
182.06197853097265
179.63691056695052
174.9454050763414
171.02219568434637
166.97504465983013
162.31915118364904
162.15466139341103
161.0863474303121
162.148691054324
161.90173472826058
160.87421812256812
161.23242269568118
160.1161744875592
160.66391170006548
159.63401523570957
159.48921462036733
159.314771958542
159.90078531225407
160.57486716885964
158.78020744839395
158.209624295669
157.70169507979233
155.5669451721246
154.26142615381306
151.41066580311588
148.1780912152429
145.84259307541942
141.73158061429672
140.15659538958457
137.4427241394681
134.6799710220813
132.80641902458837
132.26579350555613
130.08545805102207
128.6020788948685
127.21972294119355
124.59209414955997
122.72357795263075
120.96626296026363
118.29578372565311
114.69151305678884
112.82812844091433
109.08326957799623
107.12387839572449
107.62835223698055
105.96388359921342
105.38041599103984
103.39706116927228
102.68865025670453
100.97938679536314
99.48078316840285
