5
18
a
116.26372550800052
115.73594715505723
116.75719566136127
115.81839990493296
116.94161398786346
116.21620568420175
115.81247835017157
111.10231002499373
104.5124058780915
94.91233502921104
90.24852809027745
81.9463296429327
68.29496209167687
57.69037472281958
47.59471729874349
46.593233425647504
46.084338746953236
46.624331656862495
45.766146131518944
46.27528202634773
46.67607063275705
46.21258733838191
46.029668555563056
46.16727556091863
44.79161380446581
43.805402736625275
41.76091551945499
40.11877158806297
39.62325700456566
39.076762833619654
38.671986491572085
39.685862170144055
40.47134068354657
40.483075857248956
40.95617099019724
41.59964249335669
40.09432759966951
41.56873378084025
41.74009372070736
42.54540790964069
42.90765556471179
43.50474377895706
43.54135897614477
41.48971482127198
38.70997632296276
34.913097122085624
31.503033958106425
28.049810628085762
25.281357046955044
21.722122357220762
15.34636511194642
12.402787736468396
9.483390461115329
7.576636800444111
7.801330619752853
11.915778688246794
14.479821621195834
20.280790213578836
26.043203496270458
30.123998834088322
33.886620911442414
38.55753895748489
44.56817363234612
48.547093765252136
51.04611713242257
52.15431726620118
51.64017639370375
51.364462650883894
49.00052216438939
47.1095958403824
45.40371431961488
43.532507772133314
43.654979505698584
41.838977980561125
41.532231255992905
40.113877428058075
38.90337343743247
38.594551795689384
39.52185437190647
38.25709703168463
40.711089003908576
42.74296126995079
44.59006050358533
46.174312601240835
46.73762599980411
47.2557310583281
48.08300321002367
48.98650913960059
49.172569158030754
49.81696768103013
51.48301794949446
53.610535156903566
54.80297195285916
58.160940738343434
61.03333444314832
63.853381066326804
67.04659771343158
69.83206586095946
75.4453644621209
78.82836114273336
81.4807146717914
81.67660513394145
81.41234725110641
81.10594811462951
78.2925077357063
75.83363537970892
73.68836079464332
71.53772904650313
70.22954638828527
68.82134006521902
66.87010387885249
65.91714531452466
63.76968726740415
63.71829216615484
63.803445660656976
64.5222314700353
66.49611867847952
66.52469917956927
67.74537493247726
69.73747675790331
70.00530812616924
69.42848384745963
69.02461443559216
69.94083637307146
69.31891638560971
69.94604255560917
70.62582163291806
71.68201507382147
73.521481574056
79.43514409336173
85.5286054069626
91.67102593776012
97.17387993392869
102.6359429712937
109.262802100484
113.2450216405607
115.38758942911878
116.83755071922043
116.70530544229922
118.20326175829243
119.751902339138
119.24185829965884
121.49475098203136
122.43816009688683
122.73049655552805
124.19765963674219
125.38980940060762
125.86155679667964
128.22708250296114
128.23172048162343
130.24309610316632
137.03011956009905
142.1318653243183
155.93027683673913
167.67127379852795
181.56746992812947
194.0024212403486
205.33768512887158
225.6288329756679
239.98816324248529
249.86212339146914
252.1640334125622
253.48281986472827
246.21975312588492
235.52593702816944
221.39085234044714
211.40385124788875
198.8202129175385
184.36165215379924
170.7445797269343
161.42145368513172
162.44584404183644
164.01766964142206
165.32485987295325
165.0034979290051
165.18928117656424
164.40076239837322
164.1179789793338
165.39366032903865
164.90607719911455
164.80808037323482
162.87236722453895
161.54042457347194
158.90898576888418
157.92787900239617
157.62550580714236
157.12239142563632
161.83083380220526
166.849532695388
175.66519559760454
181.73951997691103
188.51968084261614
193.7936228581747
200.86279509062544
206.20112420958847
211.25921822218754
216.63888985028288
218.46782470105768
220.81120678254538
223.42230800212943
226.14954673671403
230.7021357732771
232.70040901998797
237.95473580246306
244.0035547308265
249.33855610884578
260.606790819739
269.5022962151902
273.92812067595366
276.2325496949
276.3686165436906
268.48323567447534
257.88436166500014
241.52203899343343
230.53628042775716
216.60388101815033
205.3274728935988
195.4693464629996
182.98007993466027
174.41857686057674
167.38293929928741
166.21341423308527
163.19449109249987
160.4335008176388
156.79405931415297
153.2631402617339
149.6879136393484
145.81098589860517
138.24125157857583
130.99591785952907
121.00215183655492
113.12863468540895
108.47456415165756
107.12666501357606
106.5429940890429
108.85295620843655
111.40360192641742
114.67092403184081
116.61980270059978
119.69767520617064
119.69157372128443
122.38016087362122
123.78246670303518
124.62020407048617
124.95734192367078
126.0069767275484
126.14617495947769
123.48259180571308
120.83695855131815
116.33738980221149
113.77662199440678
109.37273371331706
105.95182141271327
102.51272516973074
99.7650230850365
96.81656808624663
95.46673080083234
94.47413245762252
94.88598650744059
93.21976662314495
92.01963760279446
90.35402213122835
89.97539903299932
89.20331953737296
87.40059447287281
85.1271370397832
81.72947242665683
79.11109902490593
76.3069246690299
75.99616020234117
76.84573736318
78.74502818323812
82.22489992949062
86.65075472879288
90.01671525174785
94.58248599070626
98.96794016133508
104.35500128316713
109.88584169254962
109.25405206090853
109.28664615651381
109.2361192321114
108.86239641061238
109.52556347855085
110.4226563703717
108.73269458366599
109.63369298834128
109.50979609023567
