23
6
b
119.61425573474767
119.26189017453366
119.37334424128395
118.97188915332819
119.4555800142022
119.98794817477095
119.51225031506057
114.80920109565541
110.04795150182144
100.2853429727108
95.57489939332827
88.39118937098483
80.67093332878687
74.5478731026103
64.43806131722144
55.419742193093434
50.88205195341841
50.07002849439955
50.59457718475788
51.59504141286022
54.05422334460997
56.52746630999156
58.99980755602846
61.67385234011869
62.402207415237754
63.5845211237009
62.59055010804983
64.2013071856898
63.27098718446432
64.14693068276847
64.76054112096955
64.4055098439817
65.29371570677627
65.91017448458099
66.51505238150854
67.08928388312283
69.01401149641268
70.05206260433785
71.85364587096129
72.48811456032304
73.78150704671732
74.16465873594157
73.72353403400373
72.72206968571311
72.14947447393145
71.38184851220416
70.10583625583529
69.78725175719221
69.09660998222745
69.66018146649651
68.29435882886419
69.1495741454216
67.57818035988018
68.0693870054502
67.31317898495513
67.20930499190986
67.14459877495787
66.73656278808082
66.92996042492516
66.3727859004623
65.14235618521879
64.03807321746031
62.52531522595386
61.07804116339524
60.0144943991152
59.85475653906042
60.52815542284565
61.8173643570605
67.13124487626463
73.47446409100652
77.80982474331141
84.13816810778727
88.1865120421558
92.1666085375423
96.09533592162713
99.79542955031604
102.53869284540158
105.22772170302856
107.67195517599791
112.27138024589703
116.52789796217326
121.94895967377695
126.13920948283246
132.25713590414384
137.834169996039
145.88293368711481
155.6395982266816
163.1249190296303
169.45362508295523
170.6131469660156
170.6185482035546
168.86400977645437
166.9458228104304
163.524622391703
160.77935430649737
157.79238463235336
158.02880318417854
157.63127889628427
157.64110431910638
157.90308318721986
157.1248447037955
156.8672523752466
157.26478596146015
155.51366237178428
153.87210783916538
148.7679739932584
141.6493255578518
133.6300733962522
129.1021214539269
123.61808817720143
114.91908510920669
108.52452703369846
105.25323710705102
103.29692063430663
104.34202948174813
104.32710012489115
107.52013957137635
110.66223243282197
113.86649241729837
115.70768929254241
117.93149149920475
118.15352994381544
118.96003409319253
120.08187060384077
120.51409073992092
120.1182261810022
121.26027524479805
121.10100900667393
121.94782156441622
121.29229505073204
122.0775584307587
122.03486980765392
122.15397146961014
122.3537201182109
121.4007013613925
122.44165722264947
121.94647402086376
122.9147795237181
123.22702816878456
124.56901783414062
125.7656483541879
128.51272756101542
132.2275076249982
136.06763539859907
139.5021595356764
141.5158040150524
146.01714523171856
149.30536060634475
151.8446660017826
151.98903399108096
151.8648713771655
151.43346230375292
150.9509044263325
150.28803586098783
149.12905520977523
148.28971642364826
148.45209696027848
146.72424710013888
147.3986890992342
146.0339463607177
143.76618193463673
144.30729652424992
143.95357002151746
147.10593494501575
150.47492084003505
156.8654850980073
161.02419950739085
166.4680929036568
171.28565561112842
174.41622076601635
181.5177107450943
185.64268469580298
189.5957514967314
191.38896564183193
190.04343099707233
190.01261947808536
188.8624723861167
185.8552603534196
184.67171356982732
182.28920721638852
181.32308490771916
181.8345224444092
181.15147953060256
180.5949538520257
180.16464583525243
180.4950296204801
180.20024452053363
179.81039725944052
178.32026064375424
177.84721426766438
176.6848851347266
176.75914120451435
174.98224783099874
174.08652661120112
174.3893590856548
173.594613799086
172.84222816172127
172.64299680597128
171.76364435615858
169.38727653418084
168.17605041267484
166.3639990499045
164.47171085572853
162.47059416078966
160.20351640624835
156.50417944463982
152.2788420942028
148.81693511910962
145.88535682364108
145.02161100454387
145.12006646022786
148.33308327601463
152.77933477365875
158.926959157037
165.16204304066108
170.15996704532776
174.7064543063138
178.915214982008
187.41928629152565
190.77625291694036
196.03981797060456
195.7316988161477
197.03050802757528
194.75859878534203
189.87502621156926
184.1732664130199
180.48890288512501
176.33034126672368
172.76443315209082
170.56933346219722
167.71118692750198
165.0210132471865
162.73130401811696
161.15061344704148
161.27290182316813
159.59817349145285
158.83759369903953
156.8022827722441
155.82366151838738
154.45672203128018
151.8890608656367
149.10272660050816
146.9997316102926
143.68123306769698
143.007069530745
142.28850875562938
141.55876055994784
141.20171104690635
139.73568366366737
139.30983451700158
139.2224626323628
138.49759608065258
136.63630647354032
134.07320447762805
132.69533870073806
130.0437774059542
127.85676956212433
127.51349085091753
127.3066024526068
129.25126367337364
132.64546787329687
136.82815111985818
139.52160623119045
144.73232139770448
147.11758109357302
151.30333755978745
155.4104870066323
160.17344313849927
162.5465727426836
163.00927288277927
164.10491415347883
160.76543375129873
156.16730644111482
149.5943501772155
144.80131549211052
139.4279645701577
134.1650739168077
130.1157310004594
122.74652196390775
122.5517419872129
121.14159928228574
121.12180455328436
120.44919717110038
120.38393886218918
120.15790539723518
120.19669521419021
121.05905757845254
119.82523319504595
