14
5
c
100.20301534035734
100.6284668881298
99.05197093204721
99.87298158194686
99.88522977497298
100.06583103202722
100.29072232392492
98.78750251655363
96.45210135904607
93.29785965915904
89.96095615033391
88.28448179323073
83.15541600003559
80.76504156880492
77.13082044447387
75.11295373353417
73.32956812706985
72.67130182193058
73.27165576865102
71.36164933699364
72.29994250981787
70.6034646291734
70.8253391362207
70.0518810711979
68.73456579486295
68.7669290052855
66.94464161870965
65.90800766674796
65.46790979394606
64.24183741593255
63.73579510415504
63.08413262067697
62.649910751548845
60.88845518093351
60.68623978611454
60.52004784171852
59.4716330454163
57.58996128857301
55.30225881052935
54.32850928986139
54.15736515934453
53.653960092161945
52.94871680235868
53.2993625509571
52.68205266318241
54.16175325279133
55.17422789552222
56.53921188710786
56.40276689047249
56.45923220496886
55.80938656531896
56.362442720796636
56.86296863187357
57.810520317227194
57.49652292383733
57.01616162069022
57.81717225266148
58.67069417774918
58.5862779633871
59.75500252949056
60.053600317801255
61.29582275137969
61.53201127777828
61.75094605832055
61.63151178127909
63.28518212032706
62.62898401315628
63.68325567556815
64.74890026649446
65.4986829011768
68.12994080679472
67.35565082858759
69.02605420076696
69.93318340251503
70.31319683312798
72.0473623946971
72.74149788244799
72.84163476038805
73.25942146506733
74.75223784396715
76.10703676584264
78.16522637891532
80.0622568668516
81.14483858573712
84.23614895078484
86.29026815357972
87.86721946415966
89.76948262172148
91.47198087337763
92.06710667565379
92.57547055741661
94.53936113447241
95.13170000045879
97.36420958104924
99.0948664818643
102.38439142992958
103.97641034448397
105.29660907796209
108.76714253916316
111.10080809814828
113.08950027878082
114.04560467828844
114.1571875312586
115.3681565739693
116.18434115329573
118.53726685197485
118.06288799172233
118.77775600450651
121.14286756982938
124.2410438000602
127.82051805260244
127.00723311253074
128.65336635595114
129.99228474738482
128.5537612836499
129.69407515362946
129.88486972578468
129.3920544672967
129.3107086227108
130.05088283616197
130.9121493545379
131.29357916898812
133.21681106266715
134.03613132993408
134.2725093963073
134.37596225268902
133.74174274456618
134.0701741505964
133.05204821854284
131.90468286542412
131.6543639814909
131.36083028089055
131.49174050136287
130.4229465433934
130.10375682439138
129.87585355003947
129.2382670397683
129.14889988606063
129.14942176574598
129.36060775148977
129.92548616039284
131.55379549277245
131.5206274134428
133.53691343580832
135.4983639913776
135.87225962815145
137.62748861098905
138.21107215890504
139.26932912447845
138.91377152241145
139.60827380225098
139.24355582320734
139.15662090405948
137.57671449415236
139.01764530483916
137.7023523467707
137.80449353423634
137.15045428593646
137.88623311731976
137.6707195318876
138.00275709714367
137.8020377765101
137.7209029347362
138.7254658303849
137.7559888444214
137.33002757614668
136.77531094373236
136.94102355699061
136.2347990844321
135.72021255723527
136.05453681696244
135.83409492592043
135.592519704756
134.90452041483587
135.44804264606614
134.85951373361203
133.133301223861
133.51828700467814
132.739599484877
131.85612896881372
131.99431177039725
131.247796193754
130.30946021796277
129.5615175195313
129.0458350560681
128.68121665602052
128.91093247795658
128.75466327782007
129.4956312358201
128.36407865325566
129.1237792693318
128.32900861082797
128.59972761634162
127.88833618387538
128.18489667857463
128.15662507519522
127.28238850153166
127.34844004294855
127.31478514756255
126.78605652773
126.75248204610953
126.92832295801159
125.8513786447123
125.81644275677891
126.27267173965899
126.42004771655454
124.22080312611055
124.12303232702617
124.61427647855149
123.65584847929404
124.16394551162585
124.53138779359608
124.59289592061148
126.00108665880062
125.22696095048394
126.42969497665104
126.57228544439245
126.95494125473786
127.58802089517008
128.1864850890427
128.29055030861215
127.4071242634824
127.81089426568148
127.27114114174623
127.10454506598029
127.75453443570537
127.42291977600091
127.1072780914428
127.11717479732286
127.0146412398097
127.72941504023657
127.27313448659471
126.18517212246465
126.69524082634285
125.9363412099823
127.82337864810698
127.54797717599213
130.31123379793024
131.49915718668393
132.3896455974182
134.68860450692293
135.4120856317434
138.04412080104203
138.3357051293066
138.76490695906392
137.3460034468283
138.035976272171
137.8495347743811
139.18642791887348
140.1872313990906
138.258723291546
138.78613858785573
139.97320631796958
139.7889747477564
140.36991141217715
140.89148577068076
141.8109856397287
141.87720004850175
141.1615947188956
140.44918254072704
140.210152087359
139.6469300396664
138.59618913162225
137.393906532432
137.0445499730091
136.76387344772897
137.1733082570828
135.9510984094239
136.42392955538915
135.8697208066166
134.55287435285504
133.0926604165868
132.43263634139552
130.05940574013366
130.39691947553612
128.06129384403567
124.89785852157958
124.54182909079485
122.8356320419842
121.05915660560373
118.64518030403332
118.89567424949377
119.06389403261745
116.40593230548392
114.98286757984972
112.55206665521972
111.68172306082546
109.17188535904879
