18
24
e
71.89554664324844
71.68042298096387
71.93523591511442
71.15858493301197
72.19398453182116
71.31563184884838
70.52797039080303
68.17508932324058
64.92959036887036
57.259588763418186
54.212104471477524
48.84715427857931
39.82757005107265
33.31759507472501
25.564300207185823
24.89463493152771
23.9934816559365
24.43511180171656
23.406126644922807
23.175505080171884
22.494596542834
23.064540527594318
23.639697987159817
22.449756507024617
21.82541858025388
20.96313931422032
19.17297478846497
17.429854066008282
16.813151433546338
16.15720298849379
16.838191835619828
16.872522084509722
17.400173928555496
19.095094607255753
19.97445240020121
20.374125392386546
21.212063075944293
21.023247800588184
21.271530251488944
21.863696553690644
22.588515181503833
24.061388055496565
23.697972909690307
24.411474679470974
25.065156134609968
26.620530294823702
27.778480091609413
30.16158607824391
31.75289929680964
32.20520397633436
32.44894288503755
34.38849184044873
35.285407087554006
35.89293962419013
36.28913717071352
40.04717785525342
41.790142521762135
46.71045279071881
50.66365834539012
55.41764957389661
61.45899374265328
65.7932434621256
72.77541673637022
74.87522031729424
76.51337930709194
76.88353123505547
77.2997514948185
77.91573648330565
78.97976915521627
78.6355252492753
79.93788379294948
81.466764603994
81.59746832142466
82.90636032922471
83.73667359724088
84.78360884248536
84.98518913326194
86.7789679452122
87.74684575395649
89.76823420663887
92.89490035594649
97.75962418701289
101.4357079005649
105.14851076759223
115.82432328141216
121.15914127973433
127.44391035374966
127.52527080203846
127.62928113731668
126.7210947596798
127.16748690659699
126.63527761297162
126.78031266486926
126.46828045234938
127.185767334207
125.98126571421643
127.0140105507084
127.07730228213397
126.91400267428
128.77758068420977
128.11912960890376
128.05356787225585
128.72407959499753
129.40892450778904
130.30297882813818
133.45592430934792
135.40813823098745
138.30529038212896
139.790722264124
143.83943762990617
145.88670616032925
148.58594491691986
151.27206099360342
150.98253052733136
150.07809369599897
149.93365186634256
148.08359396549926
146.63703459634908
147.28666425602032
144.73125332447995
143.3040969382342
144.52317737573225
143.49038088411785
143.41991733289484
142.6187355341405
142.93480997862318
142.88655121134676
141.07084588726045
140.47455040382272
140.36566124153333
138.62368064514501
138.42961970917548
137.00478203597177
134.89945289436736
132.58525499771338
130.9504064569992
130.09888780943947
129.31514466050356
129.67892704020886
130.57261937422922
133.61479986601208
138.196757539072
141.79603138972166
145.8470582218348
147.4853395693683
148.18656305078352
151.317582777413
152.8252832244932
154.99426942852187
155.85917007235818
158.37729874326442
161.21582169571488
165.37457368346014
169.3790654275422
173.02120858723933
177.61931605750044
183.04410631875083
188.08668842846888
195.08498156217027
200.10307928241028
204.52159235845554
205.44217758295534
205.10885430901592
204.43413942172177
202.00801343551532
199.75807943449706
196.99324242220487
195.6848938073442
195.43416020160845
194.23717683099773
193.903356197946
192.5935305741912
192.0210322923955
191.85332667687544
191.6121721119663
192.02472228791368
193.11227371978666
194.14603173258345
194.10451897269303
195.33609443377475
196.0073248318013
196.49949537458056
196.7450167711383
197.72487216938683
198.71790351872292
199.05901467980632
199.24779653153536
198.50199394910777
198.56208341664507
196.42004732391555
195.86826334640824
195.56931405551916
193.75954906075862
193.52998748538735
191.65156060176471
190.1251918929294
189.47442124402107
188.9898582440049
188.65663697950632
192.46894069876055
195.99009529940938
202.55450479497787
206.58745927821266
211.89320118515278
216.16137842263558
222.49147258622423
230.9712590348733
238.5136185286164
242.82727698373017
245.02920985140787
245.96134583899558
237.0440051015886
227.24197501131147
211.37279606505336
201.0627215174383
188.99264806062018
167.55274732383282
150.49883230115714
137.1021455683091
140.56226948866814
142.68263823112483
142.86989438089674
142.63853848130293
144.3481985041473
145.23774948381003
142.64903855333054
142.1101154612058
144.02507480124274
144.83121006299
143.94484091211797
145.17416820184985
143.6190004039954
143.5596673844624
142.50195327200404
142.54962067235158
141.1607445597003
139.80874446831146
139.3586560389627
135.16072802582016
133.84912124136346
129.54138140390143
127.0516099015721
123.7376008115156
122.54887245313763
122.81164023272153
121.87621846494827
123.01008237703932
121.51363715021334
122.09423853571579
122.01924474632291
122.80996553761643
122.45613787459347
121.9382155245652
120.76316838784204
121.36331182198661
120.78543254229186
120.72113158072554
120.49392847520457
120.06000231525555
118.21250850498026
117.46644250271744
114.98026464162272
114.3457997171163
110.43378018371317
108.1400877917432
105.82652296688508
104.4715942765527
102.33712751806867
100.66588359388976
99.24036912342939
99.34902232669762
97.4867573362239
96.83110309450166
95.20967084178268
93.81738395263214
91.57659675969474
88.60520015539296
87.72037611299113
85.68629096387848
83.76882611527112
81.67422906114675
81.2203108208713
80.70591072360295
78.48828672146027
78.41539708750173
77.49026780819206
77.78444998566384
75.16872273480622
