3
12
b
98.14533959190967
99.24378985531057
98.6940003403342
98.19563125560333
99.17378858549807
99.54946005792546
97.91593602426082
95.34576824271741
87.77042066845667
80.01002650099302
74.53132115045673
67.03765411150958
54.787014492896695
46.83288191822669
35.535406338150764
34.423223995273666
34.14802428940908
33.14177307685591
33.53314025609659
32.121951008290104
32.082627314404256
32.71663528409632
31.15708139618881
32.02759504789874
29.909070472856772
27.94069622835751
25.691232928462068
23.656394030990384
21.784590495610203
22.77061161982523
21.926995149620904
23.45640786486896
24.9964182432827
25.86580329260498
26.957105261136643
28.433767897059145
29.773523342978407
29.371712766912303
29.32104030994295
30.122395860855903
30.392460978164994
31.11459335808372
32.428264572559684
32.47025488580954
35.57085040308023
37.283163942943844
38.81341499098811
40.0604329112295
42.85279765228713
44.04647997626533
45.430701517534644
46.10873577837646
48.211965904506826
50.30678309327198
51.82531371007221
54.908439470925174
59.03339426902723
64.73432399817801
69.62204266417334
75.78800894891317
84.1637650595511
90.53513087872084
99.10744315085243
103.50587358774287
105.76162168800133
106.24205453060482
107.69952331784957
107.66501033018787
108.94773102405514
109.87965705632877
110.0138026736424
111.20913541401967
112.75959675241215
113.76293713900466
114.79357511446439
115.98587137428218
117.87674698791713
119.1485226433204
121.1785459597345
124.33109150570878
127.83739469865769
134.80513079442264
138.80941771015796
145.91329883026148
158.13167873708113
166.78933718181239
175.86872191868653
174.74073434652854
175.1729160886306
174.54748544436916
175.26251299456354
174.9780434290714
174.7074639506927
174.51846318020787
174.84128501904522
174.6765649196127
175.41871177428573
175.29228147319543
175.17930951384156
175.47010157295242
176.8209204705954
177.00770626232546
177.07421158966204
178.9348846726335
181.04538872868252
184.74929614084837
187.38601987199866
190.97371158622138
194.40022415668645
196.9589772045786
200.33828813655396
206.13424277068498
206.52847848507403
208.60858844122862
207.61467234363033
207.03750474003297
205.81875425338535
202.62978337427194
202.50227517141235
199.500178388843
198.78162249194216
198.8852189552416
198.24699921806703
197.5262246665643
197.13182127229777
196.01851557825805
196.27075333833113
195.42613071126436
193.9309894241205
193.05369874828313
191.83238210716345
190.3439460412719
188.7917224726791
186.90017066667514
184.65272567280604
181.45542466115728
178.72575920530045
179.25488991099516
178.50262847872386
181.68709127962597
184.73575553785548
192.07772596866096
195.91039346294622
200.71616556740844
202.93269178472406
205.85203672978994
208.7538163762336
210.69820738483975
213.70834545800682
215.6030875952069
217.3966696056189
221.49911989456507
226.96567882078008
233.29740197941203
239.09088365109127
244.32043217810545
251.36412707009922
258.8506048227785
268.8190729445514
276.1329965490518
282.50575735655036
283.6307307423828
283.2711344032604
281.7742319002177
279.7772131172963
274.52872864479184
272.99927445706146
269.2996628000375
268.88451255676296
268.3238947975336
266.80687005748604
265.5357940510992
265.2155210320461
264.9870721040071
265.0699485858364
265.65052281224354
266.398089502067
268.09729373086014
269.4866354892839
270.27698919251384
270.70360866271693
270.43290168713344
273.3896234720689
273.79216773673136
274.2794303355136
274.88427439292843
274.6176032752641
274.3110596673185
273.1333193230868
271.6958204277408
271.6298778147614
269.8180435156803
269.0862281293026
265.92916786365305
264.7509735062907
261.65304277830234
260.8213585535612
260.79714561441114
260.82385717987
264.44124277647165
269.6788038511961
280.19938245192844
284.06486556444827
292.31945795140496
300.39965119203606
307.52825775877614
318.8601102003977
328.71216083021386
335.46933809819427
337.8029263208857
337.7673306100434
329.0395335459251
314.39498017092166
292.7099741761374
277.86010031899974
260.1045851784566
230.69092259389075
207.40052175456466
190.07432899908818
193.43351099200748
195.60431784954537
197.73087131919985
198.70786259553313
199.13624330482247
198.08251515646805
198.267593100212
197.6162291069386
197.89031038087418
199.22841084957855
199.610572673681
198.91675090524907
198.7448220501168
198.30827047201683
198.72040671155352
197.7125654859227
196.48722551211492
194.17972726218036
189.8346492695774
188.06782201362844
184.33768881215417
179.04729945946536
175.77971399436612
170.5780539503755
170.25265676401168
169.02035393002637
168.7500686330616
168.59868335211817
168.94564586399252
168.86251499701706
169.23001641845582
168.23315974337368
167.83647573283847
167.7264426922383
167.54599994674177
166.7939859212404
166.98701027384743
166.87759273763552
166.15362380319502
165.3910421897268
163.70826593110877
162.29111593573543
158.32466880634706
155.9362969255944
152.61945969661068
149.3800281258459
146.89302920813677
143.90072126912963
142.43125737545753
139.01313235978682
138.1384115711496
137.0890593186117
134.73105727871095
132.4625666139456
131.1892374428893
129.9889823216367
127.41920941684052
123.23475999184464
121.64789029945554
117.70828083636592
114.96321382765301
112.79564393988291
111.66690959243398
110.6687692602785
109.29226414255271
109.99479281284363
107.87817547458678
106.43978221214758
104.82092042005043
