15
23
a
163.1029430229292
163.77602709918744
163.97549293479528
162.44117921436703
163.35719538180618
163.23757754244875
162.65102949761214
157.3886296848625
150.64930430039342
140.27245071795835
133.96255921051565
125.41936798494177
115.71144380644257
107.79652545834504
94.83130415061082
85.49989909136434
77.52578418697533
77.34073470017708
77.32124132888416
78.6527546205793
82.72763334813415
87.79555566010485
91.00143950129856
95.5665440794413
97.43513393071159
98.12780990951418
99.43892446374997
100.14920446906532
100.95459998947216
100.94028507594061
102.03344115652824
101.71708839711049
103.16646635777771
101.73027981304585
103.17685040801747
102.38821975950937
104.5459060866622
104.42360003936024
106.6866778949023
106.57323249475405
106.4861454535063
107.70291017715522
106.66966323313234
106.55855249158897
105.861201947762
107.27319566036552
106.73354766858375
105.56446768984448
105.70296648106556
107.20878469703594
105.39488066502334
105.96340071004401
105.98534643286179
105.51223770577987
104.9451740287601
105.42814316674092
106.10123889140633
106.42058286815205
106.326727364166
105.50390219922016
105.48189032515343
105.91252400848398
104.94611536432441
105.04112383095995
102.75320149899022
102.80143104027378
103.34635388096318
105.58056284240574
108.52584660458022
111.79677881277694
115.93035389858332
119.54663554440478
124.5201486331915
128.06849448664317
134.8145973487664
135.14698844542517
135.50324294373135
135.08640166474268
135.42610933690304
135.09608691975583
135.49369654193112
134.90228276330615
136.15091739813073
134.28763639008673
135.23062498459063
135.5572305402557
134.4037547899004
134.64892872039604
135.7136084287741
135.68575094900487
136.00240624920238
138.40926235081062
140.46316978293294
148.32754896147742
157.71563182748886
169.97975839594991
177.9567359369637
184.95614504145612
195.69559741250418
205.45314564940358
211.15535455810007
213.02022343197135
212.19574663688442
211.70310339224338
209.25642134182115
205.0173524874569
204.12318602568888
201.85107660027404
201.2649215954101
202.72076383950633
203.42046713416525
203.00096344827926
202.9366364378494
203.58447216271784
203.24123471418287
201.9966769175125
199.28305410475411
195.43616262868144
194.46738829657468
191.4511075398851
188.71396546848766
185.85533720837464
181.33813673685054
178.98556538203098
177.1371720162206
176.18445413960575
176.29903642615008
176.75882961576275
178.28577567343723
178.06965842670044
179.60288680886583
179.272750952359
180.5362412835497
179.51029288280859
178.2336094876238
177.64750007688798
176.96858240863978
176.5805748641511
177.08430410699947
180.23699025050473
182.71320042356638
187.78179267737693
192.22532999430692
195.62675884596442
200.3584400772571
203.92137046012087
211.0761073149219
216.4631600624517
219.81573709573058
221.14689702416737
219.6170937320516
218.15872017240972
213.72066812194774
207.89987964465524
202.78355326817683
198.64107513752276
195.0524634882394
191.6336314275795
185.23833389533382
181.65756275065718
177.6280441624522
176.5983047695595
177.56484023088498
180.6005009480071
184.96883357534253
191.37949656420238
196.2967197289596
201.2087403831419
205.12879886389706
208.95007332037883
211.98037872830818
213.9449990283688
216.9863383925656
219.06095696098222
219.44863214549915
223.08429309010435
226.18427821702363
229.5596302686221
232.29463237347147
236.31039239927844
240.50749978145546
245.95672202244666
251.45518387150793
257.7386784819548
260.84922026894753
261.02114943896777
261.49374260237107
260.3040953459895
257.22343312830463
254.5684539543692
251.20292538676844
248.62888233946532
246.87582317192246
245.7246779319141
242.93388925720367
241.36150406912176
239.7617636188488
239.0651978574434
239.1760740929775
240.96850913611237
243.7168715349108
249.9010585590097
252.98425351156146
256.4596545640416
260.36925559019664
263.39219795846816
267.82421660217017
272.91852985028635
275.79427602643864
275.77735504997423
276.40488644479154
274.99673549536965
273.8015942260353
270.7693321132123
270.1226153801909
268.25261868989304
267.1418511460112
267.9343708352717
266.53937191018446
267.24428260262687
266.19568336812
265.7177419396846
265.48473452253444
263.29715771283344
262.2899197027984
257.7847324408208
254.2612390802622
248.6957977155391
243.99180339483422
239.65116181518292
233.1165943473378
231.92494896438072
231.20193899608014
229.91446428913036
230.4087138046662
229.41479703094237
229.07598892626908
228.5801701278033
228.10912822021473
228.9188152374774
226.91338753163836
225.95436428993747
224.02649920617978
223.0805498892582
222.17525733696607
222.13117717047834
222.32201152861356
220.75526480507187
219.66661595618342
219.45478988529194
218.22763492934044
216.5564650116458
216.3263525876789
214.78635782140555
213.64890171617958
211.69980084011323
210.55297767541322
209.37816960879843
210.45711163541228
209.59368110989067
210.22174386257433
212.1661892335234
210.82540317270872
211.3536593513022
212.37332623765639
212.89365053461222
213.4042191222803
214.46387859673976
214.53484754997567
215.24085665562447
215.8296551014558
211.58350048205057
209.76713539235567
204.204106934566
201.02364343675097
195.4691358107222
190.94087420493972
188.07927219958196
183.53728752054155
180.69345095830556
178.17536162442295
176.58314508737087
176.5756592914138
175.99098728810662
174.30131534653782
172.04161369190763
171.7084080415607
169.1204370346871
