20
3
e
57.31693377089343
57.993708007003434
58.591748142303295
59.02242562203988
57.98417892769242
57.94415713654203
57.804326118988214
55.52520092171028
52.94527573456042
47.675027409387276
45.351557409895165
41.79847633217255
34.28952872429666
28.925127978761108
23.11617774560619
23.814809970945195
22.97094186299117
23.952793335680017
23.12323299523857
22.95485707008272
22.561741788608867
21.954081603746882
23.291257439607648
22.985071300129796
22.551410807283705
22.47614797027937
20.549919475927204
19.83105009727966
19.833330045340993
19.49624000547667
20.293060289041172
20.43125196183518
19.316797940335928
19.570788956495257
21.26133287675785
20.74554834827703
20.066990262816994
20.847863739142614
20.92893337978069
20.18820779849226
21.32226669298862
21.66642303646784
21.30174625434982
21.21412136155292
19.35323498174889
17.115786820460826
15.605852030098447
13.543157806489214
12.649256042907977
10.087869060909954
7.991373190411558
5.788301196836584
4.3138711597217885
4.407361683145164
4.49906183165001
5.232874940391425
8.01084490260277
10.72546389445538
12.15237952476308
15.301040029542934
17.09306855041582
19.486023557454445
21.61114905791924
24.324062932216965
25.3671751619302
25.99806866780076
26.613459549401494
24.659627958528798
24.687278820837143
23.804033646283454
23.03292266694293
21.93732911320956
20.73402760749317
21.21713293985292
20.776286420595177
19.58635119843577
19.991607131453108
19.02670448735768
19.658560234130878
20.172721260231196
20.525608233693017
21.08483638208674
22.19506547698606
23.55803132617449
23.19208895153953
24.084915682876517
24.41800507233984
25.138189287936637
24.555822074208415
25.806646902753712
25.357921213075873
26.100402951985618
27.84849788007539
28.849562670549016
29.869504515301134
31.96953636876314
33.8156245440701
34.18686914878999
38.36193338023986
39.91267123475035
41.24134831418015
40.492241275897946
41.468125158634756
40.18747106745939
39.21634277763429
38.42489835848142
36.342683525139016
35.34738329574924
35.55810482059859
34.47137660426643
32.61154633687066
32.76954145651246
31.509439865212517
32.07800285419077
32.097610110758055
33.08268696699782
32.56587763522418
33.66923108135805
32.87757668395263
34.29356864234048
34.67512975728312
35.29486364816451
34.39335358420538
34.17804558292864
34.99628292157296
34.8365194987762
34.37746463760738
35.63133883548706
36.76325499748165
41.05413083546178
41.71479632527535
46.033120781976244
49.063532322470714
51.61941498397207
54.84987322900906
56.93846081680913
57.50699467782571
58.58446627826599
58.91071665707741
58.79225222238606
60.352130964938944
59.52470559332674
60.2387489812508
61.80071550342815
62.438186130667106
63.29973953349156
62.23159265360801
62.001143145922555
63.3719169544155
64.68339227939518
65.21480283378226
68.23872783710463
71.13436543036332
77.94876865072443
83.30625182817067
91.06174688394759
96.40381000754952
103.25702561540321
113.0885082462941
120.16713154696825
125.02809735023932
125.7820512460632
126.65136482303508
123.59119712328983
117.8325986617401
111.41431137961195
105.65367543986022
99.1100690697021
91.977215303817
86.10047970631331
80.07129283607945
81.27717275002846
82.28898900181234
82.25589460711227
83.36027180388645
83.39070210933134
84.31356061664027
82.57946599690659
82.6272536114462
82.4588788904699
81.91391294754621
82.15338611749709
80.75948021425083
78.13708264382254
79.3173026095342
78.03751060589747
78.3603981451391
80.92611862606255
83.67934426216831
87.58562054827848
90.75553267839656
94.288191021016
97.04345442698877
99.5685659432345
102.73014030632221
105.483761394644
107.47061204303017
109.10392843824516
110.90090352459488
111.42784420126232
114.03357657624501
114.88422605754796
116.69680114569765
118.24199605328921
121.98206784379113
124.76097792674445
129.79897657132665
134.02366620472353
137.71194234805486
139.25459233609797
139.06324443177985
135.87675189594302
128.48333947988823
120.38713065780293
115.55186472927257
108.60210216749012
102.57070674379311
97.27971571512916
92.12360438623263
87.29609680741335
84.151143421889
83.49746648616566
81.01113521540752
79.14188726617498
78.79809377215591
76.10884644361815
74.50028613013068
72.94200964169313
67.92848566369284
65.13903083143379
60.28400310552095
56.932693683325425
52.93783560462771
52.85348183914903
54.205172942420695
54.84098111248024
55.664086001874175
57.607299605960186
57.45399416499013
59.82452407270908
59.92169190443579
61.263972833357506
60.527341903911
62.74291863194805
62.217435580539274
62.84544371045881
63.38654381136797
63.24845659954104
59.968358579041606
58.358374418832796
56.8956236650507
54.15096214095887
53.95901209776293
51.917272947335825
49.99367864629482
48.35767297029396
47.980698802436045
46.99844447360909
46.68937635230725
46.42474601126982
45.98187910924824
45.70374385205047
44.48392802536043
44.415184195130486
43.98269864623059
42.53818585985112
40.39772542911155
39.174457558776254
38.80314177121063
37.54776117795093
37.82942198667498
39.5002443691224
40.9908578422756
43.21581880646274
45.2268344710737
46.95827152187755
50.143799145137045
52.22307748657507
53.99522400760245
54.21177724959058
55.0917981804968
53.831920403141744
55.094203487401835
54.319536298932384
53.920206360090624
54.46011651323203
53.94716301121806
53.99605936630272
