3
7
a
11.910604094607377
11.838654321450823
11.094403366204398
11.247760678913508
11.371760885736002
11.074888926964507
11.253743856959337
10.428663994147406
9.831459718698092
9.07373483453169
8.104174631374889
6.300557556829713
4.306906271066205
2.9288273203624224
0.6384689566963491
0.0
0.7376165644612948
0.0
0.5864498787211625
0.0677683111612514
2.69139975436676
8.073255455357534
12.162928492569794
17.900672389341274
21.062730640521345
26.020643455735303
32.61193515994781
37.423995205070355
41.13356104443378
40.47587974256096
41.31795336731601
39.252192272498284
35.18086782682563
27.896195643928923
23.763496909164537
14.434210263734617
11.451286754321325
7.647577867035254
2.3415727743593093
0.347520552069978
0.0
0.17835595038941496
0.05040989902046461
0.0
0.44711768903700205
0.33570586466764685
0.0
2.231134831420205
2.601224058162129
3.1306876913869073
4.308590048016828
3.263835245012997
3.3299105040348134
3.6657702062503312
4.611799515252271
5.78203687287951
9.270999411390735
14.23129927191513
17.242191276353918
21.57634413277168
24.941819395114493
27.134213726260043
28.730661055406465
30.822411890357106
33.89215840119456
35.58802498330113
39.00077767078566
45.29173361400661
52.427018620243665
65.90626992517633
76.20990313988658
87.4997608607094
102.33599747762794
116.20494034224245
135.67260661672748
150.8414033354593
163.96250637348624
166.73406489447802
167.2891199301779
157.1815778110372
141.56919880684464
120.17798610373524
104.32531834138481
86.10886384514264
72.78828310026061
59.95949005004071
40.25062478346654
25.226222300481673
14.300880108732496
12.157794709504588
12.000764951092949
16.065033260358177
22.53634168429543
31.863039681218066
38.27645194616
47.282895765832436
49.9114753847546
54.058943836208925
59.42099259590695
63.22413040867701
66.02285910352005
65.78860830469222
65.85568964359518
65.08766969817033
64.28035823941883
62.775283975097835
62.05150067287836
60.9996502560457
59.37103165871617
58.085608127920494
54.782541597619534
49.97350926029488
46.80265356211731
44.31904732031993
44.773801049048856
58.31179934549148
75.69639932640587
102.77498771857087
122.15954478497915
143.32180570253473
171.09340474056373
192.53930526368043
222.4802802960162
234.03503395664217
240.5307614624449
242.7657505412432
245.25254447960924
248.16496925193886
250.6590044676755
252.58245962455595
255.7159916276216
258.94287709689553
265.896215634803
274.702040146006
288.8078272616819
299.448827919396
307.044665966779
308.5357603124158
308.6569953641142
301.0345806714857
286.9656148168362
268.56246796669103
254.2721263557721
239.187483670301
223.43955879768833
212.64687291036617
196.9134752535302
185.11881338094895
181.39808416962046
179.79620890159399
176.77738800915736
174.2884102939772
170.0692325506764
169.04704092385225
166.64900866845375
164.08188444361275
157.49503031585297
151.59168686395319
144.67265644352287
140.55600858396542
135.59632510387712
134.85296344359583
133.01225897044125
129.66763144957756
128.58796375216477
125.93380146838166
125.87329829884672
121.64293710927282
118.01301578904827
112.46089016178381
104.06832713888164
97.55009884463934
93.0838992784521
91.14642782520062
91.69376670203462
98.19581442497768
109.37159685134219
123.84543534404183
133.8126381122075
146.905102453811
158.19506579509476
171.16473650534127
187.88286630990038
202.16318325542576
213.60541785047732
217.66751928495412
215.94043302263833
204.1732696157272
187.73526319525195
162.3379762555146
143.41971986400216
121.61042953772683
105.04305909518986
88.42845830652944
62.82776549991303
43.65647442400352
29.590697580884225
26.93794653132225
25.923493712622207
32.905537658920906
44.76933211689822
60.42149816783633
73.32958048966896
85.45388986569696
95.46324965277306
102.79482137388727
114.41508726762045
123.12251792450483
130.97474345740662
132.15416109093562
131.67907714112627
126.4833025051936
120.37930334471527
109.32024225342221
100.70125631678508
90.68442166574381
84.92625767024667
74.56547958432128
63.441191483028724
52.44655919452013
43.43805970636789
40.22496571059694
41.20169097734489
55.077144789908274
73.89479123110112
104.75378576101892
125.69859674825496
150.33604810648245
170.7936317845075
191.26117069273388
223.03111150171367
246.1283181229818
264.1866103407772
267.71359688860906
268.5477055809862
259.71857708285637
248.248841226672
231.73512920889726
218.75087131738476
204.83962253410624
200.7496596330295
197.16187713644527
194.20903959426946
190.90914026554137
184.5804670382218
180.2562490953385
177.7095193731974
166.94744699819555
155.83411568654844
134.77048605190893
121.69517139713268
103.08916152440241
83.30038411351221
65.81691943092976
39.2297406217265
19.317374458025345
4.338390461452084
1.1172953777243264
2.0628205402771176
4.5349572036088315
9.410013446777732
16.846578232151312
21.688157487125086
27.47153800960691
27.76342925726791
27.843968142856667
27.82221444474592
26.908623309383554
26.251913193000675
27.17967158299837
26.62592707615603
27.147509312898286
28.320330972302635
29.004562714524475
29.632526274345217
30.710587058060543
31.89126337736288
32.35461953920567
33.77843983570124
35.2638930752259
36.15453031735275
36.21721929872064
37.217510534452046
33.91320775321513
32.77463394820925
27.81877797427673
25.60580255834414
21.749161378396696
