4
18
d
124.23775476748456
124.3910861122642
125.14726631205184
125.68902711630307
124.99438501253297
124.65250096399424
124.89897891071487
119.98615089531978
115.11798795786787
106.96139864233211
101.99498681434372
96.08189995420985
89.07969300408358
82.46141891382608
72.93641019453557
65.76431170638733
59.87804709575093
58.57232500393721
58.62387587673126
60.24580297165113
63.22333388778946
67.46645462155867
68.66260653872301
72.70844687802938
74.65984028705542
75.13532182588114
75.63047540233082
77.12640501477473
77.2327224910242
77.1138657330324
77.10889754166435
78.32242025532476
78.47762641699181
78.54001433232017
78.92359893544474
78.22368567916304
80.3110332349587
79.50104386633942
80.74837908510258
80.2531013779898
80.98684432165034
81.68732359353102
82.0581253742294
80.61107954981942
82.00172082004421
81.27141789241664
81.60117578198499
80.01302334388356
80.92196906802714
81.5730617519628
81.11608992092238
81.26098149782997
81.28636227107334
81.41201698955045
81.03656422743259
80.59021473738399
81.06489891689395
80.5332356751474
80.80317357351603
81.6616158325186
81.26149147737925
80.15452719588865
80.35087265076768
79.05070696522662
78.44272110620261
78.62190928030189
79.29754399751174
80.57627656712185
82.98934754590273
85.9381710974553
88.30172585534828
90.69028511907236
94.80445530617516
98.73221919496606
102.6863351247569
102.65861339165322
103.07378668792339
103.51684661568378
103.36066870350707
103.25464183047086
102.16291188774228
102.37553985082278
102.86322200594468
102.93234848869322
103.4941808255419
102.83210074347205
102.85883335867118
103.37742081413421
104.29568731336141
103.60847787765398
104.12989583315392
104.22693295273474
107.76898839140723
113.88850894840243
120.6601481945298
129.227381488715
135.24570880405886
140.51119652009533
149.62053785353876
155.85561296332256
161.10971869149688
162.49765700711163
161.77929066629696
161.962809887936
160.50846009785064
159.09672692353527
155.85141816108523
153.64202993791218
153.6180354389628
155.02063165605833
153.32597439000136
155.56426607031895
155.4467544060607
155.78215128280002
155.09695453874963
154.4599340431944
153.0525089218798
149.83087473139054
147.94791321204437
145.82904498264418
143.82223058663516
142.50584458403358
139.13501212495137
136.72299426911835
135.50922649457087
136.09214089757438
134.9908865624686
134.97796606637883
135.87372240102184
136.87654312770496
137.14073368839595
137.147050434507
136.98233083786386
137.6089528924715
136.52442747699635
135.97558882112932
135.30923290416465
135.6237502572751
135.42607335475353
136.72771412377205
140.07159412799479
143.8868116577939
146.74131221930108
150.46105266271732
152.39879808162235
156.97145906314668
161.46431029133544
164.23711962960542
167.75850327873115
168.45849156581158
168.00714648891156
167.61542115651014
163.31472929757507
159.12409354239782
155.99673293160495
152.31850282215376
149.46362741789477
146.66076429422634
141.9682001094525
139.1182226457618
136.83200984269726
135.92296660609756
134.36264754627413
137.98809802347733
140.89198630764017
146.131444307156
149.76243174909257
154.39017431687304
156.1795039366744
159.75817663251763
162.00013247967306
164.7798121380685
167.10228124914406
167.34010853556876
169.83239088510663
170.0147532384764
172.72262174381473
175.7626917516745
178.03504974497304
179.4970904108467
183.28133339760757
187.30754676337637
192.62859621954834
196.244091713002
198.9856827950346
200.671173310382
200.671912771818
199.50886984343896
197.03598074757045
194.0527892576127
193.67490306766123
190.83005860328154
189.54076106027142
187.73678041966264
185.4215334732892
184.3604982159984
183.82052482536056
182.81066114735654
183.04481582334475
183.45241478212924
186.87513844916856
191.20940285200726
193.50589571884828
196.44234771412815
198.1741441587547
202.47779624526464
205.55424227439715
208.18806738082796
210.37806130651924
211.10329951217324
210.99665309254408
209.73780927773947
208.495517742465
207.55371492707286
206.52851738870748
204.83780287408894
204.0582129035021
203.65418091716276
204.3372183436399
204.19607381915864
204.19958415546594
203.35423519630575
203.18091510225605
201.85292684714622
200.171761932217
196.0688717565321
194.41073390772678
190.187220925154
186.4776065200092
184.18061205486998
178.85062919293833
176.94852770567354
176.1875735652997
176.21336702318322
175.5122629083409
174.7907013366872
175.4066452103393
174.75843635419187
175.52592725295094
173.64773326113612
172.77454625640829
171.7181330803557
171.73304308268712
171.92734040463782
169.7835852922985
169.00843581924332
169.3590474761059
167.78702909943277
168.27665871848114
167.12999413739814
166.93072122419937
166.91804405425242
164.13734217553812
164.20595421426478
162.22831820500215
161.0244355361332
161.42724049219083
160.82541364798442
160.08746213105337
161.21637346250176
160.94465094883893
160.95104369035883
161.33119755910798
162.48839974023363
162.45440004404526
162.46662832845936
163.31170133229304
163.71195662685489
164.35898686682037
164.46353353062196
164.03271243004738
162.60285848750314
160.66881484160098
155.62289961096846
153.1230413717897
149.1931667053996
145.75239775171534
144.59474319943882
140.69554108609444
138.4841661894298
135.61025866504468
135.45840361522218
133.71752344863594
133.7671851958025
133.91964258454124
130.6254675465907
130.63168295034927
130.4236023887978
