9
6
a
71.94060434610638
72.15269512066993
71.70090103997555
71.31301318239618
72.37212612489292
70.41171487173726
71.93468397816764
67.68871842810991
63.506499160980894
57.91876467891037
53.388526462353965
49.166021012741666
39.68701592289881
33.01114546967612
26.095697929039584
24.945755694074556
25.607665624201672
24.089697866847093
23.901278678120427
23.509392978052954
23.385790007337015
23.971725622220276
22.416497195517216
24.259866891564904
22.48393631879296
20.250788806858434
18.805261775935623
17.975358173203993
16.329993462764442
16.038139764111268
16.927355250794747
16.75561802619162
17.762538348591985
18.71596101153204
19.62947858872546
21.62236773098588
21.03258331070957
21.355636431414755
21.901333107242497
21.794559125964607
22.49516097376811
22.576878900835577
22.975685077119135
24.198825065809665
25.467727116477306
26.62788474263167
27.99585593367057
30.781604998360994
30.647687819875024
32.29096247584943
32.24630409436808
34.390790980681906
35.43056477400798
36.188474456584935
36.81616178777959
39.854305937124344
42.94323745791445
47.920006418772154
51.157542826330456
55.3817431458559
61.37273243397938
65.68211743299885
71.9997931395585
75.26623514634875
77.0338337568184
77.01068733057717
78.37335431432055
77.87189299511812
78.63516387239673
79.77747772645947
80.1445806386875
80.55731899528125
81.27807379290519
83.30986276449961
83.38508539891036
83.58496333073342
85.24545702366558
87.45141863017069
87.84405233718051
90.80959179647894
92.18871240223956
97.75160286341921
101.53539022446297
105.67037389835752
114.39860380881372
120.60089973813999
126.85100700622974
127.036842171252
126.35265089624916
127.11518405512267
126.58388022113952
126.56963540195105
126.86308233327954
126.59039980087032
126.11346967894029
126.48723259393694
127.11201919307437
127.77895600336998
126.31438656562895
127.1805020975862
127.08993426701473
128.79741226981594
128.64273247537722
129.36672125844692
131.05116992927518
133.8989481250642
136.11160520313283
137.88113124687945
141.10413341775705
142.4964837728509
145.78940112076822
149.16349678508593
150.5953884220403
150.9874460183668
150.54757437140972
150.2144115810408
148.62040533173072
148.2897630603691
146.55964134009412
144.67067894047264
144.63164602918374
144.69990870961544
142.81867961613617
143.71283909143528
143.29452257679256
143.32913563780852
141.9319319246515
140.47784796599976
141.36577886875617
139.9947627246539
139.50959111452124
137.01483476511302
136.1260179103782
135.0959420869947
132.59437196431892
130.98320664179204
129.9886172912226
129.2895534800839
129.28624150812794
131.97701360368373
135.28992151790172
138.7243577824297
141.32853282746294
144.93047353617146
146.725035459993
149.93069356200712
151.08635456994213
153.10147194124477
155.1065230152978
157.1285500564772
157.02694950693797
161.17049621358694
164.6862003366654
169.1693714783733
172.297170919302
177.43680233727977
182.18345046313104
186.40957812106132
194.73877609927476
199.67139035792292
204.5609758247525
205.73754830950134
204.9280576835143
204.60444364160796
202.47412560892505
200.19968012278565
197.59778376538475
195.22229306019887
194.37122894424874
193.66050020139696
194.01106921901953
191.89204565007614
191.6572197125436
191.47536467349332
192.0812974495516
193.6254309235739
193.29283366919458
193.62523661455953
194.6899232872282
194.80269450640736
196.97687896983302
197.4808475249767
198.11402607749815
198.09656464557523
197.72258204680287
199.30873368654525
199.6795619959811
199.45457015465982
198.03567178089298
196.76988373612267
196.59898116833855
194.54878089928525
194.90397097667267
193.48321279509258
192.12640356993458
191.2608147268153
189.48687517919691
188.36556265963608
189.3331515610066
191.62730529665734
196.3088907934082
202.1295966044478
206.73101381265667
212.30467795411388
216.9036434887103
222.00986628475758
230.82754579227978
237.4149300990072
242.2903652874125
244.14667028767596
244.8752869940415
237.5156051211913
227.36223802386294
212.15014988280356
201.2829801136657
188.96843286642815
165.6303827004669
150.12538073423698
137.33294975652476
140.59517861674124
142.29557498479556
143.00959819492564
143.11711539240258
144.74697548076244
144.4286861326763
143.12261665461082
143.93641201034575
143.13401060685905
144.7227979817859
144.6638114675075
143.604645514824
143.32884205700307
142.94648764046238
143.05279303682096
141.77007659015692
141.57212219879221
141.13927417327068
137.57780322323384
136.52591584212027
133.45095226221355
129.5737570220414
126.64199258878912
124.28469515874568
123.46254101131564
122.26216497463855
121.93877591279221
121.64735714945047
122.63457831839524
121.87033539172316
121.84549624238468
122.64800397906959
121.77398481306332
121.72464856187543
121.20402668882683
121.48539679397308
120.59962594315773
119.96153885559171
120.30499609026809
119.46342615584439
119.1007796236004
117.2752911913215
115.10356795857314
113.85721597034174
110.65963245807255
108.14764250714562
106.19497593707199
104.36284749682336
102.3386133040268
101.35053039493371
99.62874247671614
99.98996599233593
97.79804244810902
96.25840820635328
95.27582119642486
93.61177097374201
91.7548328774983
89.05549654560654
87.88927941839755
84.50990464892418
83.41447005407534
81.30220630011085
81.23244563144563
79.65760760008197
79.63205448302337
78.46101021701224
77.38142940405822
77.12181362284696
75.75275973928743
