1
11
a
68.21543541153277
67.67106986168808
69.26306669911789
68.19864595775068
68.20706463311707
69.05892079250239
67.65335269408195
64.8354368882024
59.99796891839844
52.75534569915059
48.04465423668537
41.40151902787711
35.48039776445265
29.020026577267128
20.18927549428697
14.674852551809423
9.164137927483736
8.939316108832895
8.73840808336926
9.89706111462148
11.014991320888004
14.210079335580975
16.36447133653301
17.803007327981433
17.56235067878335
17.75102214060669
16.528019970482433
16.406787570165704
16.93615232535198
16.02965983727691
15.494558603063016
16.738114836715397
18.784212784739385
19.47236277330345
23.20429059895709
24.43022216411212
25.985437076797286
27.25984123669077
30.157849537473847
31.99409880107576
33.3194785501073
33.97179143574967
32.54450020914722
33.07088757091486
31.908204665809862
30.506426659266676
29.799867254886877
27.67054339847011
28.089814738241834
24.885256619345732
23.508783446677846
21.47536609530067
20.062665403605802
18.85306191972466
19.728481055198035
24.702363186481403
31.207771173981293
40.74996251908482
48.042541669761704
56.47905268936563
68.90162851006596
78.2991210873856
89.76312127057301
90.59533339196922
92.62284561800742
92.01649724995849
93.19986964179805
92.47087321186184
92.9918252269678
93.69130931972545
92.91434766315564
92.96844520829576
94.71701726690567
95.62594144782196
96.53866619665968
97.96652425863287
98.68810007614155
99.80041050379674
101.16824537659267
102.9187561915465
104.76795881345899
109.5957667249544
112.31350281302095
115.58292911009912
119.30105588019224
122.39447306372594
127.91535241980898
132.40290758599667
135.12337601767976
136.06223870667696
137.40565391452688
134.45645153570234
134.1581223180709
133.39103455576347
131.8959025874351
130.30713450997075
130.03881670510464
130.09600118969385
129.91416134278035
129.1566305756132
129.2374229792134
129.14479258410134
129.0992292303882
130.3463489798501
131.4331776528678
134.80211508823115
136.84929616379537
139.29536831108797
141.09054530266997
144.18154518649692
147.6746960246878
150.1503669253589
152.2838588171571
152.3287129410442
153.39388884890658
150.64796487735276
149.15716140523307
144.92276785341247
142.353254741066
139.1449501655723
137.36806648949505
134.36795730269083
130.85211545170492
128.42107651933372
125.2713866122128
125.57765671299607
125.16818821268829
126.20339921139318
130.9264401331071
135.64339953648445
139.9838500114769
142.3446813204105
149.15948426018497
153.70216114917025
158.74124030476017
157.6820919851327
158.43229998455544
158.7639139579149
158.55948380930107
157.93003862826757
159.2620390800329
158.55565118885525
158.89544692949798
158.62880023398696
159.1046016632352
158.77249062658416
159.6310835091271
159.34069297274706
159.48754005736535
158.830941764505
160.06759016207064
162.2257248847128
162.7699942616978
167.71177027050473
171.64903855682846
175.81237212628963
181.03952282348106
184.4808509624097
190.031023528556
192.53558803861355
193.29002636020542
194.73800748549172
195.0882220571525
195.65574705543955
195.9411375560605
196.53173463942758
196.95878520789233
197.84601263289042
199.98105419791116
199.57438932583958
200.01211742070723
201.36016829435462
203.31285138543413
204.46163600028441
204.93854813655273
207.3102577724679
209.19724204292058
211.51820211246942
215.09901516397483
217.20837652090142
220.49698178582855
224.2121374793161
229.4171210852201
231.82270457852871
234.84526161294045
234.55129720813426
235.12426907145903
234.35469857999595
232.78143445292383
231.03422344459972
230.8380678788783
228.83723327535637
228.30495617767005
228.07111999705663
226.31048844206316
225.3630149737159
226.03562143666386
225.58977472310767
226.03461222562922
226.7607293919214
225.09987618696084
226.18704503086516
225.8177650014063
225.15210309604677
226.30782820374517
226.8010189719666
227.044187734874
227.07508284723897
227.87038704927951
228.38112744467807
228.0280523301915
226.3435836753914
224.96747500905013
221.96570183955973
220.10162964750708
217.75241221737966
216.88906463327635
215.8900150841982
214.57976202202417
212.04239802887267
211.9222739478652
210.50743103690962
209.17597143308552
205.30371459880809
201.10664159350912
192.03850149958333
186.7675244131727
177.81600908160237
167.3921918075942
159.98863125143956
147.32310873905183
145.02119440731795
143.64989829637852
142.65116119846067
142.7525135011965
140.50104055097756
140.67862744724178
140.47195758927984
140.33367167830542
139.5587348433421
136.47591463571345
135.24544982783812
131.43073000581424
128.94823459662055
127.04223445685352
125.9099163402515
126.6889925009246
126.88872692158587
129.03145699170264
131.15905367400876
132.3727545487908
134.7012307319738
136.4444377865555
136.6894019999321
138.94909257700846
138.9771371437085
142.18942213001742
141.70890048126023
143.14626415932372
140.96346074358857
138.62637944298856
135.63110756813447
133.13156496688592
130.6541438698216
127.5000423220055
125.6710585652564
122.70644786988876
121.03165440579157
120.89559445702528
120.06476455093552
120.33749172377983
119.51320429861252
118.86369286666657
118.07296440110726
117.73356066973788
117.44227888727933
116.92804408826017
116.3077474156645
116.54605327830336
116.07475955718304
115.7513398883062
113.86160097642178
114.24172238078786
111.16631945244949
109.04830502831604
101.63194155311572
97.4351266258615
89.53358640163486
