10
5
b
42.11946707237593
41.91991338157377
41.30953449093665
41.02988359163143
42.12934403023682
42.86124063613856
41.24987179170041
38.535524429738636
36.84372736367234
32.028469787506765
29.438364101847267
24.687124886297273
21.870818481543925
17.580336695655006
13.444058617914484
9.003879212644305
5.549079676085179
5.394377793681887
5.137136952075485
6.361933300477552
7.010031992051504
8.65399474444381
9.260765327649585
11.645697535457302
10.473588391215445
11.352046224720265
10.400803517565272
10.404256323949753
9.210868043167103
9.5160429233585
10.317674039828606
10.316888887036438
10.20798069399422
12.710804935090659
13.67791627735251
13.61783584595588
15.520575306261128
16.016171109365263
18.13953454948617
19.40904371376185
19.69933007686688
20.608178818709796
20.0754501499689
19.33269928566957
19.085631535477074
19.038300360656034
17.36421648968303
16.74325210831361
16.766408088519952
15.178416339285434
14.73385071605971
12.225193288960872
12.316074128528564
12.12882309106706
11.650923038126088
14.037567118043137
19.069916611257277
24.270155795700905
29.065945738452623
34.05611820481578
41.949196737029226
47.17413891517422
54.643094181908474
56.060309128506255
55.35455687136565
56.849561445715395
56.56505343413112
56.378801534571856
57.25047594486999
56.95524005549525
57.45009661659326
56.99596313773415
58.00507034454703
58.567986189785344
59.030572036107515
59.49026003757129
59.99961635691724
60.77904609509399
60.823708886252966
62.912552789381905
63.53641479014756
66.8455926569203
68.85418308879663
70.51410144307903
72.14248532705388
74.9337062575888
78.88339201224065
79.55573879478055
81.94241836792526
83.197574980431
83.2396959259192
83.25318953762083
82.23483497606071
80.77571724776924
80.45528959262718
79.31209315570543
80.51304993816218
78.86811581805054
79.07215684707633
79.12798341777635
78.10016246204168
78.39593339419575
78.15413901872773
79.79691006359919
80.4829265981651
82.29887487930138
82.51404631868549
84.52469794634638
85.304290028257
87.31352951842447
88.65027844275559
92.02244850495511
92.69907425998635
93.12868919503356
92.54779182345219
92.89432325389092
90.74912666950955
87.92250982915742
86.73272569484958
84.10604038063774
83.43338298503717
81.58087326038283
80.82316347483507
78.32426282560434
76.43709984482582
76.83390704354096
76.10496796826371
76.8832155430706
79.51765696207235
82.67079376901911
85.28136226334153
88.04872987375371
90.44865952272478
93.87682063485654
97.05868147586075
96.58047539282046
96.63113650126887
96.44288739892309
97.59188315046082
96.88046015556645
96.59080399529225
97.18908411334819
96.07636552440042
96.36925234064398
95.87952482212171
96.66987125545032
97.13158954342745
96.88958805074398
97.21795907579975
97.07723477157238
97.20230293362452
98.36466429964
98.74508811231807
101.61197936506437
103.93595012024085
106.8204810658177
111.12839653895821
111.89800650121005
116.00221553548279
116.5170123249684
117.81769852797149
118.5618395415823
119.0175513343308
118.68941213049315
118.90754215666365
120.30432969389196
119.58179765650787
120.56589010112246
121.35054367378704
121.82926871841372
123.06324947637006
123.49626664908851
123.51424693072111
124.21029631815777
126.15509250871662
126.68298621676692
127.48128540479722
129.96441845688656
130.23168400825432
132.04947247585005
135.2706294308863
137.08292895741957
139.45225372865312
142.06929526704857
143.4042981039293
143.39896643174225
143.72302539709017
142.72586847142296
141.39501705238243
141.42435910220624
140.66790844665087
138.11118696643942
139.3335754833889
137.98351201188942
137.3264048232861
137.69120589327966
137.33716186522233
137.07345646363692
137.41300759984188
137.60172718283846
137.4834879319271
137.8290784842202
137.72762386980472
137.7642476823508
137.9446029467674
137.80577554028056
138.50233088353372
137.79538728966668
138.36120006486567
138.26850272528364
138.3971397794356
138.0061854282756
137.16654309494848
135.32643842847742
134.11362356013623
132.42466206780387
132.4459768369909
130.66017287842988
130.64717692238395
129.986911684974
128.77933843386822
128.31379428631976
127.47937814297119
124.77824714001194
122.55626292686907
117.63785668751049
114.47304783695276
108.62972708503075
102.62773270091331
96.78605203879559
88.85757877527682
88.27799471952814
86.82920026785148
86.96116133049499
85.85327458982086
85.06706232576393
86.14265608282231
85.01622542211966
85.66200845621664
85.90776334228573
84.04659754780872
82.44616494794798
79.88598614006332
79.10776981135508
77.66652544370051
77.2747078024481
76.99015139533762
77.98205697329408
78.9121420332544
80.13386017066523
81.39275532734696
82.17914453188799
83.50195564614879
82.83735576729087
84.22645971213177
85.49264170331344
86.29781129547023
86.61494443349135
86.57427254478506
85.35569662138022
84.6675188727546
82.21936350682552
80.79449765617113
79.41572164395102
77.96449884677538
77.49878158725889
74.77443408391785
73.980495176832
74.09648024751391
73.12914963973556
73.15179752413636
73.38648863465309
72.87973652715355
71.69261503141222
71.64869180122511
70.90693674869856
71.47814564749893
70.85744693993408
70.84180600895357
69.86244023012993
71.15472872965049
70.2552287861268
69.17716953273396
67.83964156086866
65.79600029667775
61.64533930972996
59.78630394362468
54.54193859262689
