7
16
a
181.2046428519026
181.21754470094572
181.53377337092155
181.71636885557857
181.72096158432336
181.31204650634288
180.73311467046682
177.88397528044737
173.77314190992226
167.1495427328116
163.61975915299
157.66871190817324
152.46384822462045
145.4557327172888
138.79333959764537
134.80918458114792
132.5482622424103
131.55958828446882
131.84163008562885
131.53454572874193
129.82542552411616
128.23391806187735
128.580161719211
127.0995155760786
124.60919491506654
123.25460495862039
119.78903665700491
118.31320560428584
117.19773824260591
115.88912972370923
115.47223177026714
114.22738958909659
112.40061833623493
111.46269592691279
110.64042164509576
107.41548559182836
105.45117137976239
103.73611599664679
99.5432803485626
97.75412474790686
96.49368391811512
95.55996170472582
95.05941377099461
94.9424937756725
96.6333088118688
98.47419686576228
99.71750244606673
100.84789476806999
101.63116242492089
101.72687887501255
103.21455993196912
102.07102742159987
102.75811256288
103.73724057546362
104.44926979162614
105.38967570048072
104.1739247846604
106.35871046357151
106.59171413488482
108.45389634097701
108.5996492860434
109.39747496140518
111.15090272087919
111.87476142450687
112.48752511267018
113.27664281326012
113.67322706067269
114.34187911475131
117.10308769402093
119.46668455260743
120.90324545516135
122.72465215284181
124.41932398971156
126.00782252960688
127.33112608507032
129.02691341808566
130.20266680788555
130.58512855738988
133.01850074908728
135.13722920159233
138.24971191113727
141.52482847844774
144.78091688671645
149.1088635509286
151.57166419861048
155.16575791223136
158.957350423521
161.1995101108623
165.0396718332367
166.91607345720973
168.51140435955514
170.2447344827216
172.89100772234187
177.62069328575208
179.94618677853077
183.58559187331116
188.0690739009344
191.7489343046496
196.5508771558322
201.65391114134474
204.39800583738605
206.11113744993207
206.48626460342453
208.2458977498688
209.81149915752448
212.66018691175393
213.5873754788357
216.4486139675043
222.2116162636139
224.60175799392076
229.80334983424882
231.75771048524223
232.34036853921415
233.2285008553931
233.50713601926705
232.92065370381135
234.47239872108827
234.65788188807753
235.12940119066093
235.1773483002788
235.48958090026363
236.6768563544986
238.68063828652748
240.58361734973212
241.30761646093345
242.61292212882535
241.60409361783715
240.9724310596716
240.54872018689866
238.81527239680642
237.99009174792772
238.9238368857532
236.2739320546517
235.66316950657497
235.73795730540252
233.3628262789363
232.063815008701
231.10770090848482
232.28476584676656
233.94013079131585
235.39587520954413
238.4193629827323
239.44252826675609
241.73370675128095
244.23855764325327
245.3264894138491
248.82233656748585
250.08312407400274
251.17558173078274
250.70515938072586
251.23493310484128
251.1048764857033
250.74333457153205
250.27110298839983
249.68938022285275
249.84148739009993
249.45905997608816
249.00239502457856
249.09178490401388
249.87431059124748
248.90595435286244
249.71624061462117
250.28155366913722
249.6852488075089
249.44996494199268
249.40402706652557
247.8298603094341
246.443626267363
245.46736255073856
244.85330050138163
245.30233777043497
244.37557732388444
245.07390658683806
243.27323614271648
244.2736020209609
243.7302253633767
242.52679621296468
241.322402986869
241.31556336415753
238.75692839509995
238.13765954367344
236.76392745733696
235.02236420047632
235.43150405204355
233.85244523481603
234.01590681292194
233.1112059794516
233.47076379743103
233.7713827698252
232.83398438679447
233.35818733468008
232.71520852200592
232.27289027179356
230.9963527101668
231.06572819296545
230.70934454807556
229.92846803993567
230.01426579255207
229.68527370713915
229.84769767051137
228.40537933575422
227.88255833119527
227.51879605213875
227.89075576741837
227.07698316351483
226.940144859373
225.64217944225692
225.34722505740342
224.0806058542916
224.05340799637045
224.57856104869222
224.46890477425424
225.1304706315231
225.8737900935234
227.40247733425653
227.8307210911955
228.58140574427904
229.0551900188547
230.60358377847527
230.04446723976514
230.6568955273814
230.81119524896965
230.7928058344389
231.73303630668738
229.93623859792243
230.85168913758957
230.21178916286934
230.49636754615852
230.48001146278816
230.4306092884886
229.30245558052872
228.82052632954014
228.70797618520592
228.8997785870129
228.1898458087353
230.44270172281486
232.37747059307625
235.2575525684302
237.13083492534875
239.44677938738715
243.82911133971635
245.58412194344317
249.83765225444063
250.28391648556422
251.57458287849275
250.54997772860105
250.53646607373398
250.79765606018978
250.84543400823145
250.90916211169915
250.66053451528097
251.67137221324043
252.32304613749247
252.51815219271106
253.20551429028512
254.62172964901785
255.30846212994825
256.39775022101253
255.93577972141787
254.92120824930336
252.65379557599545
251.03625522460206
250.64376134220433
248.60084573103742
248.5918671376216
247.62925475065873
247.5007378418388
246.17938535949583
246.224515223971
244.26180758236728
243.79174318949416
242.3487687499261
241.27298353954097
236.13732899625427
234.6946197723337
229.84417055164414
228.3272010766517
224.69800568886617
222.09196099353596
219.69199225154605
216.34587524122273
215.25088964802043
212.80495556761414
211.107075858657
208.10552315263772
204.23531573696857
199.99326104602358
197.7241787252978
