8
18
e
214.3963738708341
213.39110382964455
214.5691139495344
214.25544543815377
214.17126327274275
215.71644440303805
213.456152227708
207.33982637206938
197.56145761398727
183.9734662837309
175.2619950014047
164.1370186654551
152.13147277785473
141.31242043658534
123.92501380762089
111.44737739273955
102.96366051422424
101.46496413644374
101.04611055783984
104.30852880715932
107.79719275630477
113.54896269278811
120.62456231638538
125.2465791159814
126.86056614780543
128.42015334897806
130.78364825165644
133.34917536847632
132.80739326402508
133.19916837566845
132.34084556151117
134.57658680951616
134.83805709217097
135.208109235469
135.04598236221747
136.42349522871
136.15466795456794
136.85561271148237
138.87086017316216
139.11608116099706
140.38257779457072
140.5756898483293
140.53297881908662
140.04985342769723
140.3205680296201
138.80338024534112
138.51501941318438
138.3339048666417
139.06381917908797
138.7551205210124
138.20450482931233
138.80816737380422
138.56390318095058
139.2488573785544
138.70740067414513
139.08884246276685
138.25640589123824
138.54877011535444
139.0747745411993
138.3905119469589
139.02626584004648
138.23603975546476
137.29175460812388
136.16553169300872
136.56712879159014
136.34924134380307
136.1465889455204
138.69345672134241
141.47070511438938
148.06297886489446
151.50418494111847
156.86876106391713
163.99418424949934
168.6493676681346
175.37347744921033
176.3712040704068
176.33880151608582
176.76991520979394
176.9895389766035
177.7601595865773
176.49424914442048
176.42349241420146
177.32663647249151
177.28441242854214
177.45630343135656
177.42754689268358
177.5169813635835
177.16104580919435
177.5107575005506
178.22635812881973
178.62341497237472
180.57103311861235
183.01311611165272
195.31094092648874
207.02205042830795
222.1806398850676
233.28539323986564
243.31718343701502
257.92503913364516
268.79628874877534
276.36155242279506
279.1948678768998
279.2193590462508
277.16603328740655
274.20016316180147
270.4753846971897
267.40491364345127
264.7581104223816
264.37122261876874
264.6375320569053
264.7332231654434
266.42984918208106
267.3177403210448
266.09054821045487
267.89575227068894
264.59410482526795
261.60080118409275
257.0608036769167
254.0520518279604
250.48716491531886
246.58702616855942
243.5113880396087
237.86428674116925
234.5315015821791
231.5881458129571
231.91255796359107
230.76458125239782
232.84132453707412
232.77701670195503
234.8538842310213
233.7548736461627
236.56907731278523
236.1969153788325
235.4848669171252
234.1619879841147
232.66586597397045
232.77614247992696
231.871663671764
232.88983024970966
235.9850724990144
240.1062656729525
246.79131597114826
251.39768019012723
256.5095457786228
263.05581211296635
267.682335439023
275.62578299456345
282.8714230547479
287.8741703037693
288.979988682321
288.45313252736105
284.84578926295774
279.3890711400178
271.80459567776774
266.7385719795599
260.63229199904765
256.48312139668144
250.82852342475496
244.1344843913852
238.01455415434842
234.5182920210488
232.19252892303783
232.4124468203974
237.17392416370942
242.18480079400518
249.79240710915067
256.7671026269873
263.47590639305264
270.299230479085
272.3826593668533
276.9197993889176
281.47020634180586
285.1459435473687
286.34489070667604
288.79110520456265
293.72658140776883
295.9687568600626
301.62685972936
304.35878344899635
308.89007633917333
316.2083936813367
321.7742139174406
330.3190227036728
337.6222640319456
342.43483176432204
343.33692279438935
343.823574834327
341.8194917567222
338.44919265812547
334.4456686174247
330.8745433202975
326.6251755383169
324.78044745370397
322.8376616712262
319.3958421320393
316.45875623024295
314.598153594455
313.16456177781805
312.6955694632511
316.791523508243
321.2119216218206
328.08161441145086
332.8743806506952
337.49405886836644
340.9734278814768
345.28908758308785
352.8130839480179
357.19693325584404
360.0983677882958
359.99404661037573
361.13398683894474
360.39801779456263
356.54894970340314
356.2397560374589
353.4566642964363
349.31607136678133
351.1507106686348
350.2599305895109
351.0684774007527
350.3238955655874
349.44695381057096
348.0524566838548
348.21744945479577
346.56620995036803
343.96530243695565
338.1584063780635
333.2301982672096
327.13643244118873
320.03813328882006
314.0524252877665
307.44038657011737
303.9006860158788
301.99045324640645
301.67680649525045
300.8285583698133
300.85650710778486
299.7039730090075
299.2654590508754
299.0548504940591
299.30227438409156
296.74200145242173
296.4895620253498
294.3470667611597
292.8533308157945
291.88032196294574
291.5283490819435
290.22386535764736
289.94404685424894
287.8695659644806
286.6589738929867
287.0723849617291
284.6371383763085
284.13174881562
281.54251177706516
278.9660175195177
278.02555405321215
275.4692308789601
274.98754484598874
276.6898834470994
276.13961531691353
276.54867818989766
276.23775313066966
278.12060489411067
277.62773476172697
278.0536117598007
278.8275051595017
280.9711037409516
280.7384483652118
281.72080531282427
282.4371637673767
282.3084466656749
278.80937981993026
274.6429884985038
267.6480026627873
263.3412512718641
257.6982967452755
251.84226113772112
247.08939361534584
240.76053488775426
236.9597471930728
234.0298028643805
232.2847662877799
230.86101669753285
228.6053911412767
228.21421949330028
226.37939002546688
224.03555361245444
222.5756499195095
