25
7
e
136.97325452216913
136.4293674731974
137.5462850695993
137.2308937333555
137.60127012458102
137.36996318048978
136.21650328631964
132.26392107953353
126.67202418718979
118.02126381169528
112.19210308226273
105.07625115152511
96.7806044187674
90.25428848552389
79.66999553232043
71.47331446239717
65.52125211484282
65.01156763306412
64.48036052340066
66.44190051443803
69.91801773776906
73.79346511253138
76.42693897390963
79.19364318814686
80.72442529898687
82.14092761558183
83.33101079562401
84.82355156279606
85.40893661249478
85.547760271634
85.31538256164151
86.36121001708901
86.73410141103942
85.44477583501859
86.91728862071547
86.97528830182203
87.47177829678121
88.62734116818844
89.50694993852423
88.7820219703004
89.08941651558982
90.83015382300887
89.23514106602181
89.05117018105727
89.35232108766094
89.22683585805812
88.98886864591476
88.44611422874384
89.39630907719446
89.31830252599646
88.84710574809021
89.26234493274501
88.74997846649829
89.09934812655578
88.96555953299807
89.43900619401482
89.49685278058386
88.98684189857062
89.99050168953957
88.67703478163976
89.0730768894251
87.6058402116785
87.56877249038557
87.73353216798029
87.20146846018024
87.37899431451775
87.07645156716002
88.4979891549116
91.7806253303628
95.19013076477508
96.8406733156023
100.34812344756428
104.95093191631786
108.27395529798446
112.33267771350123
112.93949577750381
112.5730804281959
112.44169363418003
113.55163966455125
113.61040906668129
113.85135378998872
114.27116682858389
113.34620370562365
113.72352933178075
113.36088632859544
114.29529284704931
113.78697504048627
114.11760106159238
113.6040251854194
114.41855650023177
114.59128737965493
116.3795986298797
117.39103583756258
123.71844741677478
131.07134409608804
141.811244980282
148.7758865573867
155.67765169154723
164.5323907618456
172.34283937530134
176.84789859861465
178.21630748320254
178.71533461404354
177.22971451090896
176.11324904627463
172.98966706905927
171.0493148264842
168.8851161200695
169.19435766415228
168.84223578442754
170.0420336470826
170.004671088225
170.71960744359004
170.5079293764582
170.5873343474086
169.34558487666644
167.0350273075245
164.3335248658993
162.41277341588213
159.77405729190878
157.54001830021383
156.62576604864256
153.5301628346913
150.1286487924235
148.89133084345812
148.23072256178506
147.5719922584416
147.84232945639536
149.0855293746908
150.18057364809016
150.07594361657308
151.1376066398207
151.65802252137263
151.05415823358308
150.09162682041364
149.78610303116227
149.52161816300145
148.98651460884506
148.4638724224991
151.16057994720967
153.52104250004643
157.19004243985316
161.29604726274633
164.13450349310781
167.8172347458298
171.18066534069354
177.21276538135692
180.70550697809628
184.1142025136001
184.61503140273717
184.36886602947183
182.8369293751935
179.28727410988975
175.1268816636684
170.52367321013543
167.49735688437343
163.42479996186816
160.8479656306721
156.03030009087442
153.10626897303322
150.7186574458778
149.21234710922343
149.11204237892483
151.60441088044973
155.6260072490944
161.49443350280495
164.41880924124624
170.1081083386045
171.88333138645086
175.59603397423658
177.4881005481581
178.74350227002208
182.12367117202973
184.65012046189136
185.37128173812442
187.87778536517615
189.86020235803514
193.40033919883112
195.49892699782666
198.3272159159647
201.0682664011065
205.2831597960568
211.51794279457872
215.98940520773445
218.67761978668318
220.1755201747262
219.90914657143824
218.42349484430576
216.57751231937257
212.97061114951939
211.3168127407091
208.58481496823381
208.08676651175423
207.1058152527614
204.7283815744989
202.68549505497822
201.29155585456152
201.2642658530641
200.45068916801185
203.40456120527665
205.51365678972357
209.71019016898882
212.48170916277383
215.5925750659329
218.77577710075803
221.44400756538988
224.93303136986026
228.3486119630486
230.93282384710437
230.82772306228233
230.79083888965414
232.07690805794525
229.03247398354185
228.30389490612222
226.59161852180608
225.9113698318017
224.26004535819004
224.46618629804465
224.4161568812953
224.8388306027717
223.6926982433825
222.68614627059677
223.4518066530788
221.3845865854162
220.06847179096872
215.7643342534149
213.7177817223854
208.49831892617922
204.72014203328834
201.4256679176095
195.59700151509963
195.47488068547858
192.93717449035552
193.26453385404363
192.7468068139307
192.03661452933886
193.162375112103
192.21955932461054
192.412702643961
191.29043042636192
189.59635815154056
189.5319263037133
189.0179071144383
188.07487045981546
186.50423334191325
186.52770848202897
185.61669656549486
184.88530186028237
184.84289182258175
184.10173024873788
183.2113728881398
182.48456191348043
181.70467293511916
180.71651820443947
178.02199424665005
178.08260800381285
176.74250476802217
177.2531558458579
175.6553084052023
177.08564473236126
177.6635682785385
176.68237510312397
177.96284766629364
178.33244474110984
177.23228661001664
179.56644821568597
178.87125235600294
179.8571744485776
181.11248773775333
180.7833619742796
179.73087372579226
178.67406790017003
175.62044842568838
170.71038456218997
168.00895000071623
165.23615267747627
161.64121649165062
158.36961922310567
154.27215829377838
151.62145951238287
150.02773114357774
149.56285432028906
148.0692627798218
146.7878487517399
145.67474932504697
145.42142304527198
143.58250957112713
141.65708167065316
