20
21
a
57.07953098983041
57.55881207216178
57.36304059118851
57.777584029402064
58.19035424202064
57.30783798204707
57.59266816079854
54.41900514419025
51.74758439501166
46.30458671686005
43.354767613697526
40.17225810102133
32.94496355212729
27.77123841430099
20.589483530975745
21.139646947019422
19.662582871200055
19.459572471810937
19.190909182000173
19.188759602551656
19.67502710622574
19.586320445679718
18.99701051853853
18.36234165043448
17.655837962237104
17.09531230609798
15.665072524439188
15.211614612425352
12.752622824430345
13.186288542115518
12.706534199098218
13.438686255321715
14.33785951965371
14.715220364857183
15.279629624438185
16.691050117172903
16.326597438831744
17.75930808252801
17.970632028359457
17.341760312247843
17.839155328646015
18.72435760353567
18.07903862750607
19.918722232780112
20.019116135879322
21.504843146617205
23.322037775252554
23.869216101460573
25.24911536083682
25.283764563812134
25.947524039736493
26.652793255430844
27.74503168009672
28.442239558058375
29.592867565494192
30.56583611169437
34.9156436077752
37.99840815892589
42.023582161244185
43.881258936044155
48.368280988101624
53.445657824281476
58.392217945457645
60.104213384290475
62.136304945751704
61.036135203320036
62.30504194970955
63.55977383213654
63.76855554365252
63.8235209523889
63.380282067611624
65.44758232208025
64.75540769594413
66.96729127017895
66.77375268986304
67.82424012143666
68.77069404773174
69.93879126082362
70.93438048402636
72.97138511480927
75.77336915470197
78.50643232596326
81.52215473115884
85.44167664148806
91.76007762449825
97.39992406922934
102.52840197697869
101.81793808078548
102.13201411779396
102.21498510918725
102.82209116510262
101.9747200276402
101.39315010542515
101.3512979202155
102.12981707018545
101.30438467802814
102.10509734350829
101.68050575917937
103.18172170075836
101.95846298326889
103.25129123521099
102.78935012099984
102.9971996765663
104.56013661381455
105.1349252262742
107.67864002573322
108.56105066579558
110.90851929521381
111.9281371628204
114.55094727680174
116.82227149341625
118.90363051703932
121.01400486160027
121.28887322116114
121.9287301656867
120.5620036325565
120.01844888635486
118.70298068907452
117.23101616557044
115.80075350640004
115.86641319376633
116.02794616699187
115.37245756307279
115.71830147532584
115.28839939942934
114.90233458122405
114.02688111018595
113.56945652229024
113.20082530780645
112.7408627721558
111.73382060665578
110.41875403052342
108.88203071965023
109.36285409515507
106.54310200179093
105.97827718630276
104.01243790026517
104.53728585283699
103.87981027853202
106.6382209894217
107.86485001261433
111.46599454750027
113.62599675885257
117.02704076249546
118.3589658144442
119.85604650249095
121.07955675673236
122.5671252589232
125.0531430746959
125.96322755803395
126.92967525870469
129.05174357007033
132.35215752258634
136.0946991859482
138.43800298569465
141.95851265622858
146.50448488865248
151.21912260931873
156.43191666602382
160.9464489040835
164.35455634648113
165.57840158556417
164.66528602824812
164.53870580304672
162.14750047686806
161.12711555091545
159.06821567029323
156.93715783724755
157.18325140731437
156.25516488269312
155.8142317216858
155.40146311555847
153.6554654643542
153.9169217365536
154.9233827983003
154.9419288081565
154.7971247152559
156.9890580523997
156.7377798183297
156.8125843445842
158.1215959447815
158.6376944396731
157.9519381895814
160.01938011683364
160.28311668493865
161.1783973102535
160.6690053057234
159.65883662847307
159.52262693672776
158.02551691923702
157.68296481002886
158.42374826628202
156.45300623198088
156.45000016650536
155.1238540835175
153.0542896627593
151.69657228257574
151.95579806403342
151.70265901418463
154.10764928237498
157.0955524227871
162.84865239265238
166.57874493112524
170.26344824758078
175.47828747786775
179.6468190063934
186.30062298377308
191.91908407105294
195.07773369422574
197.57744582557754
197.1625253999191
190.95832213203556
182.81856425912392
170.1558849119752
162.1347531206331
151.26334887134
134.24408626356075
120.8544753265232
110.28794713806646
112.736160136135
113.52475662739293
114.7668831965307
114.68789754314516
116.37280968972168
115.57599018664958
115.0615687717826
115.42269699009344
114.53027243062186
116.11782083398366
115.81080654572146
115.58433076317908
115.25789970781808
115.49863313921514
114.97563110952069
115.24769078149666
113.61423157876608
113.80860185991521
111.5614153989215
109.04500127593533
107.66917387728725
104.8346577777433
101.9071475121421
98.82841058386832
99.48868422179733
98.97779797977363
98.59019859055672
98.22091386923827
98.07821530829104
98.30150283940995
98.42753593442896
97.59112041621076
97.02148286664459
97.54325758139852
97.41550572348977
96.69262947736142
97.94648056867959
96.69275124883667
97.16769723015554
96.66476145137338
95.31203149860012
95.04808563006729
92.84398328964234
89.99411849091253
88.88725885133361
87.3654118534672
86.07349155550214
84.25831962977489
82.82743894814357
80.92339804073747
79.81029315996422
80.87683348325771
77.52072759853567
77.74188581246369
75.86239946706831
75.24069656297672
73.70165948574066
72.37172076077997
70.604822116723
68.2597392422457
67.02132836884151
65.37707042947027
65.05761563689249
64.13478458445768
63.64679406973379
63.83691302664307
62.318701646541285
61.7142511802371
60.93524791846431
