26
1
d
64.49129799297627
64.69488618152981
64.45818959289835
63.72019857344388
64.24823121560948
64.03530157682374
64.03625386397047
59.119757434299856
56.8404727980734
49.48370538480185
44.89604356401493
39.970512346951615
32.41806995532048
27.764132262667204
20.001879280442072
14.7340750200629
8.823671066637617
8.532920412962584
8.37682572065848
9.205332168673298
11.178037066031006
12.565656512795998
14.327582949003435
15.913668035651492
17.01365125732643
16.226285522647277
16.286220233793596
15.72013869667503
15.059682835832382
15.094653921725037
15.447441709410507
16.39982039332454
16.200910490183823
19.181715114125822
20.824963825420518
21.684610587278346
24.29986990215739
24.83479080492963
27.62702183908209
29.56359028740917
30.97567258661743
31.66917873965386
30.73424443936149
31.078125229104725
29.5728737934547
28.772684684922737
27.61807657197833
26.959853662367376
26.243812205272917
24.625604539422575
22.394438100345475
19.782381829992875
18.67719488121091
18.412635356119154
18.546635299012607
23.643642109609274
27.785825141740197
38.155878236674795
45.23978367398119
54.27650275451039
65.27227153984677
73.27259359601096
83.95081180412929
84.56425292013549
86.24639701732535
87.11116328211793
87.02750845902702
87.39140237107405
87.40739775232157
86.96179974200263
88.17911797525176
87.93339294952202
88.9249540432114
90.47901569608534
89.44681884610156
92.25678030506693
93.32118077088393
92.4444483949002
95.02206832248795
97.140095364944
100.07483768994904
102.85287042102131
105.58795995516503
109.01745158741386
112.60455554656488
116.08105839392867
121.53098500081299
124.71303025602633
126.67160407922961
127.66822490535631
128.21530486571731
127.12350445209694
127.03076758968477
125.63981302843561
124.39968224715322
122.53828947996386
121.9997480037063
122.95157371315118
122.24279405530389
121.92302603770679
122.536292823017
121.48974141488588
120.77185756578426
122.12497364719678
124.35470365124532
127.22349867497165
128.93321607634664
130.63869676929664
134.83878563106458
135.69024271031606
139.07537542909552
141.79946384054938
143.05482017338318
144.48333153827951
143.97998783384227
141.53033294655336
140.58746298645232
136.95272286419606
133.21876049356035
131.2235864049578
128.0895673578245
127.61159073725426
123.21290600493505
120.1945641691346
118.48723235873639
117.70931067873803
118.00563928203354
119.4693094993849
123.01541718792504
127.6254478042617
131.66312254509936
135.81755041802268
140.4732408017355
145.10262762176623
149.06917978768254
149.92976118627578
150.20426949357048
149.92426798002327
149.7299912059416
149.8758613031215
148.9396334749702
149.50762945089244
149.1649475428807
149.56329209811452
149.01207649013764
150.0758922959437
150.18466645992248
150.1982480070253
150.04451156209984
150.82863734918837
150.38493723546125
151.67562058484404
154.01983930356732
158.45427021323255
160.5870901975764
166.03415897251196
170.64191354976123
174.46606187293497
178.55031175289187
181.25362315969525
182.98027117360746
182.99881863422567
182.9925811394843
183.83850352795923
185.08231016007818
185.12328272976956
186.47552618696534
186.85268470230383
187.32088957834992
188.65742360859971
190.5768864397565
190.96066933814967
192.24214981136427
192.54196822791803
193.016415944527
195.30464603462602
198.03845199056101
200.65158591554197
202.20328921595384
205.31056056184931
209.01068042394803
210.93586263832526
215.30480056858366
219.02314413440521
221.49135311138352
222.20788744594296
221.08182957077264
221.67381880699315
220.00763299883852
218.45583033469674
215.9961126973687
216.2006321099507
215.63887262943084
213.91663125882354
213.7956084858917
212.4277708602927
212.20133741499424
213.03129614687975
212.3140440043584
212.83665787725855
212.29850416821526
213.03901687494286
212.1675413841972
213.5084175868134
213.44663389497188
213.2491648030395
213.4685740546415
215.03867107887012
214.79049660719397
216.3356146014221
215.3815166487442
213.5344135372771
212.03688340069115
209.19537334967322
207.33239156008642
205.55484433337068
203.63903446300296
202.80881976454683
201.68693550937778
201.11968300729876
200.516096333846
198.9850708070762
196.94757991892868
193.95155277101176
190.0210080077055
181.94359456018955
175.82147521324418
168.22340525885232
158.1533793833459
149.45315078774024
139.33744741280844
135.62955082147948
135.43997947609043
134.23342420216102
132.7970355226191
132.8316795177491
132.08831371410685
132.24199779803948
132.09335320621642
131.95294411135262
129.08427026996583
126.773613692774
123.39872006319683
121.54210670055525
119.73212064930983
119.65080841453837
119.07362294151646
119.46919015108
121.20532733696992
123.35423450204665
125.26982278836326
126.94601575302335
128.0459116203631
129.91030667375247
130.97709612569466
132.58406595832088
134.01971572308116
134.95657369284672
133.59573849921495
132.3708198748588
131.60096358490495
128.77352285392016
125.25351012467354
122.65650134888268
120.68761883987919
118.24108855245942
115.36183899229987
115.28277515684451
114.64092200856965
112.31426354013179
112.96661054779652
111.91219776269615
111.9898896674028
111.77362038313375
111.99704451285912
110.32604934020362
109.95971087637918
109.64465644627732
110.67850342920826
108.67396528607831
108.5007795973853
108.60503587820975
107.1577507508742
106.00560533348187
103.2263639534011
95.94042623866102
89.85090650076448
83.33549519544485
