13
8
e
48.32348061836852
47.47005264258242
47.77351312689301
48.002783752112755
48.37794225123453
47.766905501721546
47.637855099818275
47.942484844674986
47.533353148213976
46.32256106393556
45.82667340143766
45.53079373352908
45.01991180262711
43.81006694268879
41.93827809495777
41.7247723405106
40.611546285249716
41.09278975113885
41.22852501056256
40.747793002197945
43.731650379221676
43.12085279644612
44.21146224152997
45.84355124458693
46.47560716645478
47.305026356691414
47.96768663373847
49.63734474909528
50.509070716790674
50.885634784034515
51.0532415552388
48.421213747489865
45.769506419907756
42.29044844678486
38.64473831822566
34.630815535333426
30.85305258812752
26.8771627894736
22.832332931463654
18.7319217287316
15.532493012607642
16.28436343501422
15.634482765100259
16.87831054357
18.624976579321263
21.456148614558185
23.95999972310804
25.879109100408744
27.213104779503883
27.018076018666775
27.529605703065634
28.35231707806891
28.360229859778396
29.772381240469006
30.120023731685528
33.462048844813076
37.381646601336044
44.94936969787361
53.78603981609357
63.9520657424618
71.6521412291651
78.33159478612663
91.23848234051714
99.52231572147402
104.98727756321374
107.23580513500085
106.06476157537101
105.40362700622987
102.43862892703461
100.09346763677455
97.73558118973993
95.1547591147656
95.5238688208429
93.49975041960593
93.86240602502582
92.26402545831296
91.72173721219438
91.63445957967348
91.4612991837925
94.75840462030716
99.03503245148534
106.48146426148602
110.70511321567155
117.30971422590216
121.78697044220061
125.98758635928249
131.74195034902237
134.6437694299607
140.20369466465863
141.0096692269914
143.30928871924294
144.8794271342648
148.1436063120603
150.91690547181003
152.84749561940438
155.86114348076427
161.37812459801341
167.73352396951213
174.12932952367396
181.12608003655865
185.23469380828297
187.24569118867714
186.1107843461182
183.08072634829975
175.64470288619756
165.31472574303484
156.22801968971478
148.13398345084462
141.97605947932752
134.10234548308202
123.45684417951207
115.09151543021243
109.43860309069409
107.4827164808477
107.31808107486422
112.88586973440017
120.41300739257393
128.88809567095575
137.19176323261814
145.93217565229227
152.23933533735146
157.70518310757174
166.6182351989819
172.77979493915726
177.01575538893826
177.48718753081582
178.4881288730537
177.44038377993846
174.6690354075611
173.57587713954226
171.8457482337078
169.82405341552752
169.96740099831501
170.09035555951166
169.87907584847412
170.29197930196193
171.33098990897943
171.16969414601388
170.48321973854698
169.6823728932368
169.18441499660904
167.15605422341176
165.25166615053337
164.52294005536714
162.68443088343741
159.67095404825088
157.34225360218787
154.45203632584622
151.99614423347708
151.84638618559137
150.18259332783725
156.30151051589974
163.49484041153863
173.73066432102112
181.52883872378004
190.61436868177518
199.3367837029597
208.02333951570773
221.7712290418634
230.3315482433196
238.98210044871362
240.4451754115814
240.408711443951
233.04815405351627
224.25895014679017
210.00471982362336
199.36657697037873
188.7035362446585
180.08675184238638
170.29468223163596
159.306957145954
149.39951744659396
140.70916571768063
140.63198045293203
140.3753202274384
142.92088507330408
146.62113172420507
153.19366856383817
156.8863783336828
161.76028244480156
163.85428893750188
166.12422461473977
168.6898083281134
171.7831216008422
173.32528782761696
173.60050513709055
173.6729585896741
172.74170300576637
169.87239888686375
166.9187453077465
163.68699408030994
161.38496718071718
158.8235055231576
155.1585186250823
149.44343654978078
145.17642830052063
141.08406239185362
139.49009153106593
139.36499573958267
148.58021739869002
160.91465478900778
181.58938731761575
195.62560762985044
210.67654358914896
227.4808775961715
242.8544927668653
266.2760945553226
285.6624326707058
298.54881221875115
303.16441429435764
302.5059918316535
290.97175624462716
274.5771307981553
249.01067084431813
230.2046802842816
209.19475607925676
193.3320842626741
176.6495128640424
152.28066214127264
134.73916106430875
119.78166432993527
115.46730497326271
115.84015249525183
126.97012566265569
142.84543925839407
166.6427528416735
184.00294371517745
204.26143707890574
218.93631404895325
233.55773193966692
254.86841800748851
272.55906680142436
284.2709803177234
288.47379470118784
288.26821207367203
279.55360007902186
264.1866006755833
245.49540265710178
231.57295934962377
214.74073438512713
202.26750502503876
192.80758177106733
180.39608235090222
171.0281781595493
163.48785065469062
162.0259573177548
159.53075460790774
154.29948216080084
151.07950615486672
146.31161490741627
142.70810673836826
137.728983000733
130.0846659722775
120.82894583547977
108.86369343623927
100.80161277474782
93.19562326566626
91.49272016686676
91.28552392482062
95.64215956405005
102.17524251251537
110.89709327284075
116.34551379003075
124.9831649765891
129.4038677789924
134.06059343378513
140.9254279167442
148.04056433183314
152.1291421385694
152.42135628238094
153.05419973197007
149.3837157045032
144.7149630382192
138.21923426799785
133.30917706236903
128.6980757768333
123.53872265619522
121.96032901049594
119.30081180164098
116.75557148703855
114.04678796472965
112.58773445287072
110.5489731737571
105.41603472877456
100.43945835269172
92.2354767105216
86.97135605388111
79.5840033099026
