22
9
c
153.56212869179453
153.69187691780238
153.76569513519857
155.07248327323532
153.6295606944303
154.16097682311184
153.90566661729125
148.10890488908626
141.24346038868507
129.5356067236433
122.99994679731552
113.54313428262793
104.3698485496158
96.03655245750228
82.52696209203266
72.130836435456
65.52289810819235
64.73729627330799
63.87035227833861
64.76063589740268
68.87571767785307
73.11641173511636
76.55107802270179
79.34367480616942
80.54832436745032
79.96709141970986
81.34489019845132
81.16545563421442
81.06185749655934
82.02512029050543
84.34093941690695
83.81286625059832
84.42788675580752
85.67601163132066
86.23402449141497
88.02751384639464
89.19511313117971
89.41145141897526
92.36887694559374
93.07355578461336
94.22422108538954
95.0446211156311
94.97858290797518
94.80513641724191
93.45508934241994
92.10662297660068
91.66190203596614
89.86670990994597
88.81772540359648
88.69615796653096
88.69482624788843
87.5258032588836
88.16145270596803
87.4061656867226
87.6190149818565
86.65135739736174
86.05407920416124
85.48720378096493
85.88661718753374
84.95131138187311
84.09971767663706
83.23626155815802
80.69235272766127
78.4351060217149
76.85181078637832
76.6061750435214
75.97560895985849
79.97979954123846
86.98600549393416
94.85718103670072
100.49483713004172
108.43943535806662
113.53761697196407
117.40456519921646
123.49847580144343
128.06996001894726
133.8417345492979
134.55038548350421
138.34061109684464
144.9696407871693
149.77254179335003
156.49922847505215
162.6505816030593
170.3192655222778
179.59184786035428
187.54955949059539
200.29523168468222
210.1156244403709
217.1697659920954
219.25658440947407
218.90969592999636
216.77913680892775
214.05870482083978
210.37899433773666
206.8516382822785
203.48604628890942
203.15566332858606
204.05591363626914
203.7177451583228
202.77946684326352
202.6199856528323
202.83764340676652
202.6778869073612
200.90992067462983
199.15134662885455
190.87344610885688
182.6235790247124
173.52858972206948
166.02615058900997
157.33853687653
147.75644978754673
140.9062247467963
134.01160121718453
133.33185466074903
133.3486512758549
134.57674747032277
137.7880896061499
143.64400229776464
146.71644176271158
148.8810607030031
151.16502845066105
151.9319964237335
153.23092049253583
154.6716232066394
155.68996040250417
155.47304930459384
156.10837676180694
154.98134439250737
156.61489880238204
156.4594600174714
156.63530667871194
156.60236507183882
157.38569106311738
157.65284012807498
157.93318018035558
157.44592900084587
158.61299104421116
158.77802971618613
157.93008850006174
160.07219464529845
162.39591752803204
167.1436548221218
170.54473435197602
175.3905269917691
178.79777132809977
181.40683558303033
188.56745093014806
191.99199049989653
194.81622640402378
196.18766135819874
196.08831424028446
194.9169223921311
195.12465285785163
192.48135509692037
192.35185762476962
190.19186971184175
189.73359776880065
188.7505273737021
187.94383747471565
187.1240691526407
187.29603272277345
186.01035489588773
185.6927417691667
189.45810674098703
194.1330353801875
202.92389353765697
206.8523776022836
214.31692614913834
219.4239311946377
226.0444243197713
233.30912402744153
238.90576064484287
244.62054217805112
245.7444532022403
246.0838749406247
244.61448939234828
241.5093397840404
239.22262792700002
237.08017513363637
233.50284279697883
234.54865075823886
233.12636922229007
233.39556152341655
232.53638970173205
231.6798117053071
231.8306939031866
231.75054268522672
230.51217582002423
229.99265358208893
229.00323271856115
226.67522281919423
226.59890392518258
225.76768302271572
225.90586674198244
224.15653447712424
224.1389350733209
223.28845893942588
221.85451315085848
221.2610422707517
219.40315292062314
217.2403082149086
214.53497876812403
210.69709261279547
208.51165096771928
204.90305036160774
201.52102409619334
195.4267385024454
191.30132879644535
186.9118354709455
186.4914964209842
187.01166042307827
191.186061662928
197.5131261586229
205.65817475840143
211.74295572605917
218.71638940436563
225.9839452292489
230.28116428178984
239.93717863923362
247.50762571704018
252.69530439751676
253.9802234077064
253.31933890564437
250.12907642825226
244.98605963786406
238.51006228035146
232.38880423218038
226.37184721586746
222.62582113407066
220.2934076332065
216.32808686188116
213.07720956629555
209.69444892375662
208.52538014870456
207.4178447376257
205.5114369599349
202.8864633247452
202.71752811992187
200.2885113727205
197.87844455465967
194.70450404911853
192.22241537179895
188.33810612634562
185.6646081136602
183.79519768413766
183.68391403982577
181.64772093611518
182.29796565538658
180.76321656647545
179.71412024963524
177.68311366327566
177.53072051043978
174.53519547966422
173.25308513669475
169.40062208537813
167.74733649043608
164.55386470652178
163.67517414197377
164.24006090650724
167.3837902184172
170.56217879330802
176.0645552653437
180.07222516266268
185.16482538787625
189.32740117868056
193.94793643274258
200.58393163348003
205.05359221377844
209.44184239093536
209.85017440406105
210.1988396920595
206.99435823725477
200.69810705251163
193.11416273360547
187.17166671439014
180.05864127384828
172.9132087257255
166.9084493641594
158.5790956805336
157.80610756240836
156.94450672460889
155.24054137971072
156.28949415555363
155.49033284246323
155.28453067046237
155.14246637457484
154.24621789365628
154.80280842809753
