19
10
a
208.11105854326487
208.39846737549303
207.44323776040275
208.79307495030235
208.50733963891489
208.5346813260177
207.41336046773185
203.12261248105474
198.8280080788635
193.04209658750287
187.7436322082975
180.95670092828107
174.24202168479437
168.27749463469104
159.7522707786596
154.81647973045733
151.84412516016963
152.1357656334932
151.06144220905125
150.77921943952512
149.35706838587024
147.44469316507224
147.04734535505273
146.19787720635816
143.34258460667675
140.7908221561395
138.91665716021691
136.68559425149988
134.09237056614245
133.51489265955402
132.12814323062943
130.16820101549726
129.10492596267002
127.37202736351655
125.52610127471051
124.08674522491046
122.43922490571998
118.99732458955985
114.70986128036164
112.45253604772792
109.70490211646714
108.4297992549762
109.60375860492803
109.85660699812695
110.81603848598597
113.16662874567035
114.2027893360219
116.63496286995276
117.01306683898474
117.46902587621592
117.84811675534652
117.72748692150972
118.32720654041718
118.56978516004637
118.21086157708596
119.49010613509755
120.44908241795099
123.16952369110685
122.95891346375399
123.42066182329587
125.5926678122887
125.40059691822249
126.73438416973892
127.35288065907837
129.09271785535557
129.4112767560457
130.6095639080925
131.91389522980677
132.46459357503545
136.52525806221055
138.60927831045632
139.9024073075392
141.57800195342293
144.96921948544852
147.14436888210227
147.91838679630283
150.03309334560208
150.58820054377864
152.6521064687543
155.0691840531097
159.19614602462133
162.80559690812416
166.5531348539957
169.91917652269203
174.41981292078574
177.3382903592251
183.35986445167944
185.66995378918378
190.09842834299818
192.0955783519203
193.5364378822275
195.39709079167034
198.81585678957995
204.1236788020014
206.48842490277178
210.98263750401978
215.61437175653003
220.7221382160469
226.94953923657172
230.6207529421808
235.2013231657073
236.19172339685588
237.46574644145673
239.6619914947224
242.47144443194713
243.21085991335016
245.31279928855093
248.86432804431354
254.15595090109292
258.6772016197967
264.32767422906505
267.11356687459545
267.34260570097655
267.62184059934367
267.807485135318
268.6993905781002
268.565468400322
270.05067493874554
268.5198429979375
271.1578803649171
271.03030794442964
271.7154019843262
275.2940253048098
276.4161407807847
278.03633833285613
277.6410892864126
277.73196323698784
277.3622760031245
275.44391781184214
274.254111081369
273.88403924732944
273.6140572903671
272.11088713845515
270.85262897087074
268.4379672505548
268.9012510156025
268.64402827003187
266.522833926135
267.31708822911617
268.67049773391045
270.42101972679376
273.25625513661936
274.7424596422792
277.34428591379327
279.38724120328214
282.0183340905353
284.8014021934972
287.48798175567924
288.94787610571564
289.98494717868414
289.54365957071735
288.953269711462
288.22061180829206
287.4868289064756
286.06123638043573
286.41067142369553
286.08434958903183
286.1072969654724
286.6485182316559
286.8647564508189
286.1740921561162
287.3825621147459
286.8544568213782
286.16342279662433
285.85171972167063
285.1130608795207
284.7926560475102
282.83740518385963
283.3972565706851
283.0803411592127
282.5097717432424
282.2431864700333
281.01902110379757
280.89211858498373
281.28417632500793
279.74864845386423
279.0497138629724
277.76477974178334
277.27362461480794
274.9478975066578
273.490282384263
273.01785461892314
270.6710280884712
268.7459741662427
268.55076988892546
267.807745945593
269.2408529935661
268.62367808625004
267.69064341480345
268.09043578554406
268.5623603709905
268.2692120111639
265.7741403365836
267.0893357938246
266.0588239846247
265.16106719280214
264.5976102118226
264.75167645307965
263.05151664003296
263.39321944105933
262.4823815090026
262.35319073634287
262.0741113936375
261.45714829696755
261.0715306482351
260.08268544160416
259.72170122758143
258.73760882665874
257.6065776111724
258.26381952196544
257.8592440930543
258.0752470381214
258.8304686589651
259.7978768417659
261.4429276401843
262.10708142929946
262.36853068314974
263.68145777446824
264.7219760870333
265.70813630829247
265.84686177944985
265.92451540275806
265.2760693115737
264.8302161710416
265.0655126386686
265.52681764573674
264.0038763719961
263.8025782012181
264.028491672113
262.8368455496781
263.61402548321445
263.19850891264264
263.1206436283738
262.233287230954
262.3749647263598
264.2827739501339
266.93325809915115
270.5414503208731
272.40073068761205
275.8200077540403
279.7776237822705
282.61784869125296
286.61087744386833
286.8857529478622
287.7507133650954
288.06152344115424
287.24818981916644
288.910133575174
287.84129879405265
288.3049304012944
289.1584119611475
289.3231287316915
289.47181412117425
290.929332331161
291.96587654289436
292.7432983347444
294.4938489581258
294.2731764849877
293.30244727725056
292.0128270743721
291.75457924014256
289.9064790429311
288.0760995768671
286.40791511151383
285.2049088092762
285.04574876432423
282.62347381334916
283.3703588532115
282.3716251937118
281.63533317718196
280.42729996615594
278.9095440372446
276.1786401242519
271.9916624447936
268.2201096935279
264.44865919314987
260.4637339393147
257.4422379097804
255.46716980235936
251.77487600306227
248.36315168957591
246.98610878834327
244.983489600286
241.62569941029176
239.4383387052548
234.82746766864565
231.28913199670882
227.06117784328134
