# format: from_node, to_node, traffic_class, traffic - demand values in each iteration
5
17
c
121.98226756856742
114.9994926930937
107.88714411706788
100.37561489752558
93.70383516542209
86.93631950752912
84.26944807791436
82.16622219570218
76.72168964004594
72.17991425757603
66.71934285156588
63.34530210252734
56.82876819289185
48.8691021885587
40.03727874716823
28.998019180997193
20.123800809391064
13.152264770265024
12.542059895671006
12.260461192065074
13.026300536569567
16.345202479179022
19.271086176496176
21.731740338521625
23.871145211485196
23.028831444150846
23.28743312546792
22.99864404038544
22.370160081837184
21.77399366249634
22.508381242274602
22.222859630325118
22.639390016342997
24.750815780611543
27.998777662374
29.951507595804955
32.15015189299944
34.92320108145225
37.105754378776666
40.257030395613874
43.44956984127805
45.45249201398395
45.42691069352992
45.72432784533153
43.78246936232387
43.996539003836595
41.01969970706547
39.23828110978183
39.267548423762086
37.914300979165745
35.52526628416432
31.839919878834667
29.65514724144926
28.010618767790213
26.89370532180292
27.430167246342656
32.9228540901381
41.903939249983
55.58072377497953
65.80676647150723
75.96944805454899
94.0137012012708
105.74815614383228
122.22947613418482
124.20623405391187
125.14885502164539
125.95038107631008
126.45165379420622
127.72041499399027
127.17188806171679
127.24721802541742
127.39242908995747
127.53597774988664
129.91552906974434
130.65565703153132
132.06603899982508
134.57255621275095
134.06972329024995
136.47964909774518
137.04531426562195
141.02732876775
143.32760125427825
148.73724708340097
152.70160172707855
157.99856714685706
163.1520932341383
167.092779814721
174.96293091862665
180.76056470756174
184.4083278218916
185.8264612337468
185.47951969687782
185.07225348944928
183.24896078941694
182.17083209418377
179.85036805527426
178.53861174067166
179.0490057394795
178.12536471002315
177.33520058935358
176.3846584505127
176.41063154644928
175.75080466145096
176.39533491280042
177.9149533591706
179.51262901997453
184.4232096661521
186.49947771496048
190.46302341948828
193.99637336140466
196.99921190391166
201.77114675857447
205.98690926091356
208.27023676692755
209.1253675756616
208.77265324090678
206.12757742188563
202.74679999673276
198.19682203183808
194.57196947112288
190.585855105051
187.88707891165294
183.3491030058324
179.23030360892832
174.94381263531233
171.43015060906515
170.8070852644123
170.8032136911707
173.50196456060164
179.9061723751204
185.27993320604241
190.76944876741115
196.0974010322747
204.19386467758125
209.4304340111832
216.82813107561088
216.2431438329531
216.22880301444783
216.91302734124005
217.00644704496332
217.2409610944861
216.63439976439605
217.57855323872593
216.91318493463226
217.3727816665622
217.12783278441387
218.38161208324797
217.4492470188358
218.18380705417732
218.96191414225055
216.74480816562016
219.50862588579275
220.90766259206487
222.51183248746042
228.98473836837277
233.8917010470007
240.5156804394402
247.7071229556336
252.98017857538218
259.3825754802052
263.50887813042095
264.10050849135763
265.9447532448545
266.25641167861966
268.043464577327
269.21920856803985
269.4002714627712
269.53454548779297
271.3352413339477
271.56118159134434
273.6134407416117
275.37548975768254
276.4122314783044
279.0226503880855
278.7649564204521
280.7239870726134
282.34947589533664
286.52615004880795
289.50423930456014
293.9780588153846
297.01408294019694
301.6987130271125
306.38086832666664
311.73796381007287
317.91080709015654
321.07927302034244
322.2715623760862
322.53689552026043
321.8250362388135
319.28267161392773
317.94210211818086
315.2036553677469
312.0825197572465
311.7527120778535
309.8029450068951
309.222809842751
309.24485001998346
308.5496188924444
308.5680287123148
308.0118647248901
308.7014069274321
309.6396184702836
309.5595341413306
309.25090506310926
309.2425463558259
310.10111203501356
310.1636682155383
309.660993061684
310.19351741430955
312.386507104686
311.1364571361161
312.5020051326798
310.0705606462026
307.98832334554265
303.4198875767157
301.8766504115237
297.1786114059214
296.12983429343615
294.5260190715592
293.0904424714009
291.1351082609569
290.61809918717285
288.3075461582814
285.97173617662844
280.7478843149527
275.3704765248502
262.3891096434872
254.51230310080211
243.92021816125668
229.4532909643304
217.70472867316667
201.63486034883002
197.12880380924017
195.33928596532058
194.43368632472726
194.12165766353064
192.60385809107072
192.20369899209788
191.20601584287542
191.15871342281508
190.26549265160878
186.66108249270886
184.6056756704309
180.22207075718836
176.24117484681307
173.7835937664333
172.62614434771936
173.92906604737203
174.93984672949813
177.33520712004932
179.20363111894616
182.41750618038816
184.24625090262128
186.39469860990894
188.06420177658518
191.55992459934677
192.67194931423685
195.01671372238195
194.72060060340732
195.1209552102932
193.29701315230173
189.50633102711757
185.88776712003013
181.73870252992882
178.8887767660388
174.3681755188025
171.57116874914078
169.38213240076428
166.12693551237317
164.87114718845888
163.9950198425956
163.6427983296662
163.25995967184554
161.89357210927682
161.3051502245521
161.06810037847006
160.9120085597762
160.3443130115243
160.00534049026328
159.1646026110744
158.70121445744815
157.1462844534876
156.06269216180954
155.27732108344028
151.81685868827276
149.16642893328404
139.93485480565698
131.87330420863194
