# format: from_node, to_node, traffic_class, traffic - demand values in each iteration
9
14
e
96.15540465702736
89.71430844549278
85.36407932847985
77.52720640846827
73.63950547530834
69.3016430295039
67.43765725443157
64.67312084901867
61.17678390902565
57.784718593655235
52.56265690183101
48.616306213855516
43.03202009594832
38.87449376147497
31.589070396486985
23.17606106739687
16.71424900503112
10.728035048660479
9.017779387310915
9.310843426591324
10.71271263932993
12.776375029797602
15.318060414446707
16.230900579645862
17.95158309428953
18.27407773173692
18.18369744538881
18.02677877725135
17.534285785840922
18.321967364713768
17.11441866089857
18.038789800949733
18.953798962424624
19.788021696065474
22.51087559781546
23.750133209942923
25.915312132173344
28.47045975157091
29.203857482348898
33.116254582921364
34.03761380733402
36.02343869963443
35.358498016440684
35.42055445781729
34.33833947835646
33.98114477792307
32.26619496907979
31.59359093008184
30.73075175430862
30.131544151289958
28.842396026741277
25.404286507834133
23.54577548202964
22.506263672704446
20.130174168736893
21.233977708216184
25.98288080092383
33.3955790834687
44.529065320286506
52.0626504986495
61.530062387543566
74.29745560492536
83.9292671057331
96.23214731240188
97.07603768751956
98.46354083008617
99.9680074030406
100.69582019677334
100.39862373423055
100.17990322525881
100.57018882348069
101.1833261027106
101.45073571149248
102.435139778886
103.40670563017169
104.79441373543435
104.71649012162783
106.11763996399108
108.11938839168383
108.75369350636609
110.82290660207501
113.13976204149472
117.64574043930602
120.75828024117243
122.59465132157888
129.211975077728
132.39725999688324
138.61813366219985
142.91199384325012
145.96099953726954
147.7285700376939
146.86689351064365
145.61314482373962
145.17842503174097
143.1558396806212
141.7471491141898
141.715602085373
140.93950885213124
140.36920567148888
139.55020793194504
140.1976250150325
138.55986253907136
138.4209646123816
139.1543794951133
140.35576685550424
142.40745299134983
146.21463265318533
147.92277850311007
150.1432397617375
152.8514885905228
155.70124488182768
159.06229582215346
162.06550669506646
164.14479819866824
165.33629949815753
165.77352174238473
163.2009755879216
159.84062978179227
155.99358413379116
153.55704360214628
150.05851111606358
148.75028464372167
145.63901540871836
140.99230961272707
137.86822112986553
135.26570724009238
135.54041459497404
134.4337260159456
137.1886888850194
140.49478165082292
146.5822274674344
149.6437148682782
155.64029356957636
160.91741030379424
165.78989155488367
170.96074686097978
172.57310157587935
172.00398824905463
170.8449956845815
171.30961977850146
170.4237339459574
171.2891126167436
171.51297673531764
171.66313688846367
170.9613523406235
172.1736790100895
172.0323408152458
171.4672053750705
171.78222167849768
172.23226516056184
172.48035783431752
172.89439176760138
173.95574464436808
176.4673878301473
181.00430274910005
185.4648465458328
190.37024411855933
195.0470463548122
200.70959336994784
205.1267878791215
208.32298793690947
209.37314528685974
210.1498973327288
210.07690052996222
210.98227885143072
211.51302839079892
212.192100322405
212.76124522349744
214.20437260427082
214.523408238575
215.6219280605892
216.85973595623645
218.75062556042985
219.45604926208568
220.79804637507362
221.59382286428266
223.2167660997852
227.34727664154968
228.26389891684408
231.8625459726807
234.8841306108736
238.36069719867268
242.13558529994452
247.94559464048876
250.98264085693432
254.2442663399663
253.58055363782145
254.35818724574239
253.5238841492178
252.56765276614024
250.09318474084589
248.3001023874959
247.09292176628355
245.97981494161675
245.11290737463503
245.2740398003342
243.2283694058992
243.7022011141781
242.42029225179735
243.32864432668944
244.01634315093122
243.69241936091578
244.64789560756537
244.00563461860105
245.14922477191018
245.4951824754052
244.95463356594902
245.15397599369595
246.07273366892096
246.22191683942359
246.29425516560644
246.51129361070429
245.76724206645827
242.83354747197046
239.46118720645296
237.02191020883942
234.96964243692798
233.5843369103209
232.60483698467058
232.341102938237
230.1733307621718
229.24566396886132
228.089932602889
226.7334490659453
221.75484581118403
217.46021383418156
208.7576784167045
201.05159897712312
192.97831782342777
180.14155443527952
172.60073621805407
159.61873499276106
156.5140482819068
154.35523583540675
153.48989164725873
152.26241350222287
151.534251963662
151.6810340224489
151.4210336151967
151.80607625950898
150.40751315780116
147.79143188530307
146.37024181387096
141.91330288343653
139.29115399656155
136.88051279802718
138.21343448678016
136.54158225976013
137.66147583751382
139.60451555468075
141.59544586923957
143.42934581981453
146.5152689794635
147.8192369175334
148.39293334634337
150.4831241842573
150.8368185487814
153.64461469703573
154.79034755662616
153.4060335374618
151.72934919480514
149.92155539959055
146.44906364082075
143.89220259689472
140.96597737571014
138.35016220306744
135.9206987055389
133.24680776008253
131.43609426822832
130.14497906071205
129.51494177185222
130.1506368460491
128.72977332710428
127.81862591643322
127.60731302352467
128.10564202777655
127.23929018814867
126.47370942854113
126.56991242425654
126.15199334897359
126.57512992062756
124.31045290489988
123.92540556903845
122.86286702011238
120.87514766061145
117.84432114609025
109.90586717639263
103.39467826760271
