# format: from_node, to_node, traffic_class, traffic - demand values in each iteration
10
21
b
119.15057813292609
111.80066118105864
104.96865091273531
96.60289972072479
91.85452915606693
85.00165895505958
82.567057785431
79.67328995428097
74.93839101349558
70.19246541918717
64.68301267220765
60.20849181749385
55.02171449628863
46.74888014945896
40.42619315161874
27.036060351730047
19.826863258993427
13.129507115648996
11.955350194849784
12.311478451633272
13.17387250871405
15.541897008229531
19.055696721884324
20.363112416358515
24.63292096781671
22.603574574535156
22.449529910751806
22.936305899251842
22.224471830517857
22.518633427492073
21.359241810265026
21.855438027136117
23.455195508425522
24.963919373892892
27.211870491729755
29.811154136221898
32.267931979347125
34.44747310439118
35.83987112709981
39.28321059128041
40.902287659983365
43.55775686298051
43.71534226558059
44.05822248085234
42.86381082677171
42.399104384970336
41.136493695103326
38.84146861189568
38.010984996502316
35.83617431143378
34.13150491065698
31.611687290154975
29.721151828007606
27.529169266473087
25.425585142192904
26.45561864582131
32.29140445509307
41.01974409879617
54.33573904102259
64.38612141180595
76.25115103751422
91.20523865178579
104.28295574323522
118.99536695116868
121.49919920221096
122.5788644321594
122.84527284022498
123.46804747082409
124.02610568588427
123.92229254133987
123.61914582977404
124.19421361281732
124.87530459392015
125.86354844134551
127.6753619988031
128.93508012886764
130.35321464694644
131.68224998344164
132.5799454534932
134.2335947759259
136.2863619821176
140.49213227791188
145.18239986778937
148.61004074987997
153.95390335648
159.10681418053682
163.2387160204647
170.74745100212047
175.45687799059814
180.34522893299888
181.88801542579145
181.567537651151
180.7558690073746
179.42040183207135
177.1690258740842
175.17216827672877
173.2569086401181
174.17331837239422
173.17000840576185
173.59192738280746
172.9376374505572
172.62141216975414
172.2011729941036
171.69111223227154
173.9285500997486
176.21427603945705
180.39429936090315
182.50854703721305
185.67739148505797
188.869638521578
191.7691776179912
196.62564318334373
199.40434070711132
203.16688025745205
204.0286080187978
203.44959156535666
201.36278162559947
198.6015417883522
192.7598558561503
190.15463711332904
186.6789648769806
182.36682409110728
178.94033651179834
174.09648435241527
170.77803134790193
168.14119145668695
167.14634801492352
166.78864482816954
169.91469973284742
174.09391652466974
181.30851839033957
186.37194627535874
191.52796933524763
199.25358934247905
204.7081332092566
211.54482654688857
211.07072575244624
211.86957372964525
211.47741275406173
212.1214004813895
211.6754568213238
212.3572001473175
212.2397782910023
211.7576985345999
211.22503381222785
212.1346072459183
211.35356923046214
213.18281801210367
212.6273021936112
212.71019091381126
212.95457279833656
212.8100242056257
215.22325068112946
217.62111656090113
224.1055571269297
228.19672511817612
234.39212638118963
241.2933304313168
246.1211159979113
253.33043304111763
257.37869915862143
258.6888386478529
259.676885194913
259.28609479973113
261.45062285773605
261.79458117913504
262.0791743096871
262.73458881398204
263.4693470248842
264.83104822692496
266.5810292381142
267.96329971718706
269.4136541550002
270.69106669676734
272.13812967133174
273.2889934013075
276.0942472204642
279.6901059784305
282.46828395796086
286.1243929437201
290.3194358340359
294.6238221897976
298.98303830287483
304.4470129518747
309.99059186051136
313.3679136327743
314.18631496536915
314.2277392055236
313.1900048988611
310.09526897455333
308.0888462690154
306.83725472813023
304.56689449671387
303.97863435779544
303.77218323120957
301.8535854743261
300.7233108975198
300.780357030731
300.91465296996944
300.80213957236793
300.6074004340906
300.902925476527
301.6165020619915
302.7291213847688
301.37504708052904
301.279900532829
302.4166293394451
302.42988167212656
303.2449420727857
302.97958262287904
303.38570769690386
303.85277601033096
302.61142390923135
298.7270310650997
295.031270547131
293.6875177183485
290.0189138005446
289.0795959943115
285.9356720797497
287.0616684693909
283.8048744322198
282.67258259319584
280.9242394719413
279.1035345520012
274.30344164167104
267.86591338323615
257.63209126242504
249.32485566183848
238.52411562426394
223.56727384592153
211.9865208578146
197.6534463749368
192.8245510962
190.60201865817038
189.28721808201345
189.03124026545274
187.0162398071301
187.3502408193618
187.47769324647612
186.62079190679677
185.08191996215493
183.5115461982333
180.60766041851204
175.88337188816902
171.84783493580616
169.06949226976923
167.99211505519477
167.8711633220006
170.70435937100635
172.0323590580844
175.37582033573102
177.37764814905444
180.50614882830786
181.03008436433143
183.47558965426217
185.9453537071094
187.82495785479878
188.64883890720594
189.6692287044663
188.98370655592748
188.79789236486707
185.72498119220518
181.23983283974405
177.3868774693569
174.23650369671947
170.54502366757796
166.99893995058682
164.02757088011046
162.26117585313742
159.794833868808
161.245642495269
159.62703356926056
159.12553856294764
158.7226423162485
157.80079203879154
156.83086229814162
157.2521642064407
155.16572342637824
156.0060579399728
156.3026775117871
155.60666827314657
154.62205897895635
153.55939702408696
151.64049218232668
149.7272756233313
145.10335901615787
134.96512543021385
128.0823452723747
