# format: from_node, to_node, traffic_class, traffic - demand values in each iteration
19
7
d
140.46421644727207
131.05464108649696
123.89712230915359
115.34180877572939
108.5571996145408
99.8703095425066
96.66701223142822
94.30226483011997
88.31606969559945
83.68334233415663
76.55048168562293
71.07719815804259
65.76545460241684
55.145927193454945
46.93760691194117
32.86540759152882
22.91470312569026
15.796916052624828
13.917653760061235
14.108511426473155
15.95062610565236
18.422846105524297
20.820553724173546
23.69006084390838
27.66817482775403
27.868157233728596
26.959677689331745
26.293451088727476
25.32682388548319
25.680295960205203
25.453924071004383
25.733011386034324
27.280134729918323
28.562445899634422
31.681343850206325
34.581868232869816
37.98283389215695
41.469566816715215
41.78815924057711
46.39377101504353
49.1989427439622
51.64591635397394
52.49462614559165
51.53602378902959
51.159391190663044
49.09059626390246
46.85507832595317
46.08970554972025
44.5092431275975
42.62269643058326
40.47577387321089
36.77515464006924
33.864307686634326
30.674540437783946
30.222298209981858
31.13620131638666
38.11001426161619
49.06672283481086
64.91397580213842
76.24472529717046
88.80345386964736
107.32333208606845
122.30565609872946
141.58661172922766
144.32149441633837
144.62068969266574
144.32321912952503
145.2243202698506
145.5537056323303
146.9552233950734
147.26066725518834
146.78350501954188
146.02043906923973
149.0555797404023
150.53394366692498
152.34078595551873
153.75788660013478
155.27630448977231
156.76308883277727
157.61468544018848
161.88797940840615
166.75497408743917
171.90988792753757
176.04679408376631
181.22571542095878
187.56430994445265
193.4716445602354
201.629933658649
208.04185894577049
212.7100955980176
213.18918290072943
213.98759790468435
212.7955676831447
211.7468443563886
208.97059919236497
205.98566129828336
205.78188447520367
205.55700504673774
204.8190182394308
204.35908186062727
203.1828942702741
202.9772025956621
203.3089071551952
203.89169940421942
203.75374010340119
206.8347775316334
211.81831377485375
214.88484312087212
218.63027035194963
222.37860433267937
226.17224370585964
231.10759707963933
235.89571016590844
239.88318313493528
240.2752201372071
240.57320421810385
237.7124128673399
233.84021020781935
227.87643809700813
223.83225593182968
219.4571351515774
216.4882675953309
211.66538421518928
204.88421986410447
202.12440097194235
197.6227441595207
196.43218258990865
196.87405872761934
200.38997722099396
205.55868965222274
214.73004841681444
219.57846055749616
225.60007210827902
236.01610610241994
241.07093261476888
249.47376929486379
249.87752647344655
249.5228049319488
250.74619121854306
250.09952362519874
250.3750435052792
249.54758895093295
250.00894869769604
249.64092128041594
248.31153422524264
250.60671109756893
251.31500704396944
250.5412448826128
250.47965492503502
251.83313034493546
251.77281049697297
252.9035719590919
254.84400681812534
257.3214724375481
263.0235206175525
269.1801562600546
277.78483281860593
284.7922195912239
290.43051472710385
298.669616262879
303.3073187641792
305.37697751002645
306.45477553519896
307.2342114063686
308.3621285415812
308.09037795211987
309.75721230747916
310.918533559858
311.8201639915075
313.44017581895855
315.5184818160558
316.6695229348741
318.30806221167126
320.34207322737
321.37455042134377
322.4348607274424
325.93504025214384
330.3937330417091
334.2790291706149
337.3741916160793
342.31809431368987
347.951162800264
352.9166588340381
360.25266220466716
366.9761051432739
369.62394396171766
370.167154969449
370.82482588401666
369.24136736291183
367.01002647524723
364.23453589517345
361.99968589507455
359.7310971786107
358.4647098770885
358.7538777033785
356.4550010181148
356.11489907237814
355.2550273742014
355.4025036480665
354.4824203726173
355.94155719341546
355.7968625101026
356.3344874551425
355.71756916801587
356.29103174130887
356.33930576065353
356.7359441742307
356.784632570258
358.5944032247623
358.8774859737563
358.82990359172106
359.7746911218163
356.5715620344077
354.0877783469821
349.2388361559267
345.92464401822485
342.61399830853924
340.5424813569729
339.5873210911331
338.0805919135878
336.18208299422196
333.25843025556014
331.20960907547686
329.5631366441949
324.00255247609874
316.6103068368545
303.2440120252237
293.78082438873116
281.3062652257399
263.73011726915144
251.03739009651758
232.5819216885294
228.717606358331
224.51768925342304
223.24599423176448
222.61630245024563
222.37395433380183
221.66712255062794
220.3596960000407
220.40649449116836
219.6438428109596
216.1300354318021
212.10916870123722
206.9632715824898
202.29260600508906
200.88934609760403
198.8055243052077
199.1157623492803
200.77503391519335
203.2523010996513
207.12170978876844
209.74520150348226
212.31750809190757
213.53978836637714
216.7943051323578
219.08965758149665
221.68367944422494
223.57544585104446
224.5035462490463
224.20181777819354
222.7384409398439
218.3074475940913
214.46988112196252
209.5493316721883
205.77409517233448
200.88929754609723
197.95067389891022
194.54202233069245
191.0077159189878
189.55897991285585
188.99227228175852
188.6442877653099
187.23082923815468
187.64446632129238
185.80271413748503
185.7687476113636
185.03467193760127
184.2900252732287
184.05506956375459
183.98124905987888
182.07715805625227
181.23141924939506
181.23101168460812
178.82339509820048
175.44457979671736
172.09255987972978
161.47165465806427
152.10725896617788
