# format: from_node, to_node, traffic_class, traffic - demand values in each iteration
20
1
d
73.94307830483137
68.71902012983864
65.60751563493437
59.60926071752943
57.22848443341178
52.94818926603989
50.88442550064295
49.69972994743449
46.97644149792947
44.070193572270576
40.66212356042395
38.45715462587542
34.520249208866645
29.204464909994925
23.549307088446465
17.295761462197184
12.16585861369181
7.786754888885126
7.609790438407787
8.110797832419676
7.948373444984981
10.385016723671564
12.021297401414452
12.627966618797199
14.16216218672556
14.114391678578853
14.43005189758732
14.520380369516985
13.662113497759925
13.921957155628888
13.768732912365412
14.254892818805954
14.380033145315485
15.187769430866858
17.0264685764441
16.83337752107797
20.21205490259767
21.434716297295214
21.92586841822304
23.825908048102246
24.911391766702135
28.049777186974282
26.901587956991698
27.454346948131118
26.796115764790372
26.81722976276663
24.781185188237544
24.918776776729448
22.73497723896793
22.402075932382633
22.47783564622205
20.408887444147027
16.890958629677954
16.768768864089445
16.594115402923755
15.4956770688526
19.654604123484393
25.908613753747616
34.29548038995438
39.8836664808955
47.308389407233214
57.13593405162995
65.75162632333553
73.63997099339895
74.91310628380684
76.33265318950214
75.90800962266904
77.70776158431467
76.89744835865037
77.2617530360852
76.74120331084181
77.25215523664131
77.9280840506434
78.09325163015288
79.583413521707
80.29007880368425
80.05897613765418
81.45155275134613
81.83489719849264
83.07320355020548
85.14546433984991
86.41268817710375
89.83552406486997
93.06809679292144
95.56818145616911
99.52192622497262
100.85841390037787
106.04200731396011
110.00563064043854
112.08684433515279
111.2775121487922
113.59686275780943
111.68770678432136
111.20382851296067
109.52212915899777
109.37932956794096
108.56613375962914
107.77490461442217
106.70679206490848
108.03585825619119
107.59591867477498
106.73881151182715
105.93266259526662
107.29527962939312
106.97401772481459
109.02002064541897
110.68184883647389
113.8900685595811
115.37000222984636
117.45833220648454
119.15638401142759
122.30039096750293
124.4541205833664
124.93743723562915
125.91114784143082
126.26825158206941
124.81600077548644
122.98874468611282
119.82262735781825
117.40107287971216
115.74735392260628
113.79889842226518
109.59817721869202
108.96927048850922
105.4043291069725
104.22781289060376
102.1700424683539
103.52227907909277
105.61657033128098
107.82692551186089
112.894287318695
115.42771000651473
118.85631397567553
123.22871502723928
127.23513266900734
131.14569056678368
131.51087045442668
131.2619965815782
131.7620357031825
131.3676836955052
131.54519196149553
131.58644172084186
131.4751660287922
130.46138296563697
131.30183145344034
131.38828013953926
131.37774622033842
131.91155692897937
131.02949069120066
132.3064573006993
132.29228946478082
133.10630013485311
133.8697791670366
134.78256052205012
138.50089699271567
141.31467278707152
145.82335800622735
150.01004128747203
152.2944748369125
156.72188719617864
159.45348877819242
160.32586232484763
160.11976690083063
161.5608392325603
161.2870817524006
162.9975223618104
162.90398857515797
162.9522898452497
163.4765407341576
165.38191447134687
164.98228878583393
167.0583725055797
167.3279038805236
168.20899802952277
168.5222845468515
169.178512906115
171.98193625830314
173.14424750559965
176.6659727982291
177.4089112896442
179.56128680036394
183.33642120162133
186.00553472322923
189.35458335472322
192.63731825669666
194.49461000592973
195.19065105874955
194.27144501181468
194.09107714764863
193.12382486113583
190.96438482104227
191.2733429682073
188.33087501166202
188.91752640924278
189.03076591218965
187.220872419122
186.56601335452845
187.41044367376574
187.10297916868697
185.6296076862253
186.92951106401316
186.16303698643142
186.80746257428396
187.38143993035183
186.84551347122408
187.46768537708655
186.72691834298416
188.1140349344673
188.75329743848792
188.98034715458488
188.6334175451543
188.72431693376365
187.8537001538622
185.84037836096502
183.8097880017309
182.34056692462508
179.58115110109833
179.03320072722332
176.89934988634073
176.87370003042722
176.54295079298893
175.0246623776119
175.1983683115936
173.9352578243585
170.9267384338171
166.32447374908222
158.1576767806248
153.75902896327662
147.63944536643203
138.11185908069285
131.85459813019378
121.93602459658591
118.95723213016491
118.41990745169218
117.72946238036651
117.40720275682038
116.7819624961504
116.635110047967
116.29729631996794
115.1716179647288
114.6938380023416
113.67983747006444
111.11670324570352
108.13499911182095
106.52407436278307
104.71418528105838
104.27903907761728
104.88078371476219
106.35818848465577
107.60616335072513
109.01866608368178
109.6226654628216
111.40488463252586
112.17063848646059
113.29104528058853
115.64939138546437
116.2516928939637
117.99921631358957
118.32539533951947
118.1978376034923
116.23656154991741
115.20636225591866
110.92447058544002
110.326471817495
108.27374894868828
106.51620161686874
103.761667924007
101.13484907130324
101.05803430425443
100.03209052462991
99.93393280990605
98.4031872446814
98.04689641896499
98.84647795910581
98.7343904075297
98.39651848746136
97.61690109318292
96.84096680580818
95.69032038325831
96.0107269797782
97.0002714666116
94.7696590690998
95.83459778027878
93.92082156381927
92.13436084675186
90.86050671145193
83.72515353036074
79.07974178035914
