# format: from_node, to_node, traffic_class, traffic - demand values in each iteration
23
21
b
88.36539314393096
82.73058725634628
78.20310960910558
72.72815889829063
68.46290655775583
62.69433447922997
59.883569033416066
58.50526183485989
56.87116579199025
52.06256381723186
48.12874484738043
44.692809586913
41.19026749775936
36.36050379173775
28.7729697129114
20.57328474617436
15.0937528216014
9.696665579768768
8.861077536356268
9.083904597468752
9.698578471955853
10.942039246712847
13.469487422920725
14.290092143896972
17.83650587392374
16.565513187302482
17.820724689319192
16.563402753151443
16.63290569803591
15.521183501646908
15.246439297448456
15.442778624550453
17.27492050874164
18.148346589913544
20.829675373704557
21.97179884312595
23.66590565074126
25.15246367400186
27.296623107268335
29.14302325540362
31.810308469015116
32.14417870422854
32.29977804201266
32.63358536565952
32.42071169026723
30.23557218790946
29.429766488648678
29.016174895454046
27.915648634051163
26.896291112810125
25.393902684762118
23.853045812521746
20.897468737066525
20.36487473395874
19.055542600444458
18.784350479753847
24.00120955123472
30.69935915724446
39.91426822433868
47.71615766943126
56.15652599591077
68.30777793338791
76.84367382853216
89.51238198212964
90.43385970588724
90.5127800396039
91.83031149831842
91.55593723853148
91.72363774008281
91.99669703934867
91.97255046491009
91.09703689527957
92.95177186488583
93.57604596402426
95.20480527265909
95.8389976444527
97.0750508169983
97.48538496704381
98.76415855512279
100.01981279961905
101.96985303403767
104.03750131769424
106.4851178341174
110.05362089389868
114.6290433513151
117.49939037121491
121.34331039146112
126.49768002290801
130.9644830861449
133.99627040149858
133.83676129264202
134.44480041228198
133.87220955846172
132.38457909963623
131.5724194444181
130.22215096971317
129.11531643772219
128.88413643583743
128.75955242502735
128.70228270715407
127.76245855231176
127.59007806232938
128.05112943854087
127.6188756242978
129.14762545980486
130.40189860937357
132.80533166998205
135.29258565687252
138.3084532981731
140.49225679020458
142.16163490228033
145.74461905776056
148.18519304634086
150.17474524078983
151.17959965759752
151.03708536668813
149.6083304122427
146.819017761701
142.3887318814946
141.52973520275856
138.0840257150731
134.84368519540533
132.61701207248035
127.92828340780953
126.6723541344715
123.24694651113275
123.5031504262653
122.46435588559298
125.91499793840505
128.79285963374483
133.4995886723824
136.57004903232254
142.75782591844066
147.02051347003948
151.87939312856523
157.53474982930635
156.95969433703812
157.25914269932315
157.26066404507472
157.00831912813558
156.99535643625356
156.9800182521556
157.07791441192018
157.1782710022577
157.44803810845218
156.85120406831854
157.47411047001424
157.29826721705857
157.45379227742433
157.88157350721045
157.500532208773
158.13291353151405
159.557692252836
161.7579236805496
165.25920099445526
169.51071479163613
174.26694760874545
178.60433078664013
182.42253892467278
187.2919846841042
190.17067329477894
191.12963857876045
192.05793789126204
192.6346683457345
193.2799458456173
194.09240905017637
194.43540022356476
194.5178759431416
195.94405944009128
196.62222225650555
197.11539597105522
199.38235996450658
200.54108728766215
200.87507250179158
201.0607298863621
202.5800990897761
204.0870974614533
206.92862536270889
208.7092557168634
211.51627804505452
214.91088703171977
218.06914606542415
221.09187072307358
225.75592519768603
229.41726442364524
231.7134751463597
232.45401652650256
233.07382554567675
231.59360524025743
229.8452050940157
229.87985712910205
226.90818604399175
226.34988121421787
225.28059903183987
224.2078756203587
222.95298444947255
223.89496903747425
222.66194583999513
222.47549642777807
223.118793636123
223.30818161165993
223.33817617244446
223.4497666624407
224.03971292933952
223.9009977199731
223.09864750854445
224.27675472251195
224.68920389271244
224.93077974739523
224.9733288698998
225.45413801915421
225.99803138207244
223.49358689295008
223.34358397816194
219.40269501570623
217.21193562999764
216.33607773787304
213.4620038601093
213.49927782591544
212.32598564257836
210.7230737030028
208.96003451026243
208.85587701959415
207.0403769349285
203.4233575996868
198.65211536271846
190.0175314346925
184.3015086384341
176.51041430071794
164.72331553556793
157.01189196145302
145.41711115071288
143.73669345857616
140.48685703722214
140.68460156041598
139.86441780822113
139.3906883834492
139.43798298155912
137.37773851692566
138.08362835036462
137.63577770153185
136.5367642473438
134.10814824635355
129.7644728867148
127.69409233263438
126.27108358132406
124.83280540554385
125.24559736384266
126.74742728825376
128.3525258412412
131.13315917068812
131.52661565351846
132.90135572556417
134.82237861086705
135.55035076064195
137.80099492098765
139.50318981136795
140.43815211781302
140.52090040287334
140.67979012995383
139.86517803011992
137.73085762290953
134.93514250440276
131.91306174193963
128.34224836296073
127.01804344713082
124.29295139575827
121.6547031685542
120.32707091483731
119.32788360917857
118.68840795271448
119.48855542341266
117.13154512448575
117.18708018279213
116.56203152958437
116.26740710815427
116.45498571286534
114.43505744616938
115.46371735070593
115.36757099477795
114.74689234753525
113.89635336505573
113.5038225741751
112.52654088730769
111.10131777418438
107.48596018769781
101.21200069561935
95.40992174095831
