# format: from_node, to_node, traffic_class, traffic - demand values in each iteration
2
9
a
125.59780053953553
116.91168091126079
111.3431703799195
102.77511423486987
96.53796135388983
89.34558445248742
86.23689584866162
84.24283000532404
78.89257589953334
74.4918087948259
68.22201334750753
63.421559601613275
57.94792893378195
48.80798346418147
42.04890388461067
29.479589844564842
20.932603032165897
13.263742530552513
12.755790959222308
12.196325220213524
13.328543308996956
16.24334894352869
19.455260786039105
21.69961711508092
24.656432128852263
24.420725991501524
23.463489484684217
24.420783718847943
23.96991937505565
23.503345358482
22.998969829917286
23.525174540856504
24.227274622374704
25.713654845096155
29.048543711630526
30.78353371390887
32.55642028656887
36.09938590583668
38.584481753532295
42.24484987399982
43.57699271107305
46.4835137435282
46.01988771037974
46.33984282356554
45.28398722777584
43.90341062367103
42.87666538294718
41.69962470902686
40.319635104119236
38.86949818273754
37.13084250809564
33.590420795636305
30.833277880547715
27.8283285092544
27.289511973161094
26.19717286198448
33.51775457102072
43.309695095507365
57.147349547441465
67.86446355247197
79.02558858500979
96.5808367544555
109.15241057253533
125.66819828579149
127.03554469955336
128.69968201356312
128.41127245330642
129.9065489875906
130.01751217431763
129.92386598787743
129.9137131626129
130.66061000545906
130.74978971407268
133.72151310873002
134.61408528923948
135.86981611056441
137.16366328168655
137.81037759994604
139.5643735768409
140.5897718791889
143.3595293356158
147.58204669949117
153.12440121471798
157.32447938749087
161.6335732106484
166.8087459450407
171.82551813856642
179.8093146759725
184.77608368979358
189.71597502803223
190.79533782791634
191.15917903979158
189.98063197651047
188.4831307714746
186.79424911203387
184.24118328956428
182.5850452789631
182.72466076756254
182.70192330605906
181.84755409022162
180.90886585236467
179.94895188280918
179.66522540532142
179.33716980451072
181.90451093948954
185.40366272782862
188.79777143336534
191.94048308025592
195.03349567407184
198.04799601426822
202.79538112729398
207.23238355744357
210.85719415987717
213.10169792740652
214.8140744785372
214.24237320203815
211.5284777375822
208.7697914128173
203.22601263050788
200.06543324811796
195.9021553794885
191.6133932576196
189.2404784407463
183.58709655089186
179.18396255945504
176.43412416612108
175.3416351895171
175.12603861221217
178.64776389264927
182.89624522743853
190.1019539613401
195.86243227887357
201.2142292560639
209.58390173005077
214.4303417275504
222.04602096310026
222.53665342839213
221.76910930115224
222.3880906948554
222.76520087073754
222.7096595732299
221.76879767125004
222.5676726591233
222.1343256714886
222.49463109788383
222.54273968403035
223.45732759093343
222.83504357848093
223.4016685481075
223.69689957614204
224.040222804131
224.2323623787784
225.31143644128727
229.24769493591603
235.10827533684616
239.9757560459714
246.84783119797825
253.3883016917024
258.6364310956597
266.0980049348801
269.368577623091
271.9724861449263
273.41258298686694
272.43554446632544
274.4942318057785
274.1493163914116
275.666055747356
276.0435112707898
277.1532511220001
278.21783886494586
281.8880686709723
282.1034169685979
284.2205058615267
285.02170260763734
286.9222274824337
287.8912015910005
290.36022033852777
292.88081112710796
297.90541377385654
300.1872143094251
304.62909925234914
310.0918369327497
314.52047186430445
321.0744350895989
325.5091157224254
330.9102582771146
330.6528664743026
328.7970662156832
329.5763866191451
327.5137524756725
324.72198539689026
322.12456616403875
320.28480936034225
319.63095181951144
319.40122264696936
318.44251680196925
317.3613404349889
316.5649954136159
315.97479628478084
316.6227858325549
315.8735934318462
316.79637267966774
317.6165396525004
316.8661803653499
316.92698019959056
317.4417282063029
317.95989159750116
317.65954979463834
318.80056553626434
319.57012447583526
319.081387883607
320.4271770997864
317.44976670985386
315.1160971394328
310.68652386906814
308.2538736422691
304.4354046657276
302.73972312829187
302.0226241828
301.0684926365508
299.95932271722756
296.6717923041702
294.7814032579435
293.7116694897502
288.8552825626122
282.2033278716588
269.770128198574
261.4567566978879
248.66897933823455
235.18627102482372
222.99028329739988
206.86861675709025
203.15916813082566
200.5747668954418
199.84054575559782
198.5351450346099
197.95526521440647
197.01381377574614
196.64054350324446
196.36175870192397
195.79107409965638
192.5881596034211
189.80164626252522
183.73055324642365
180.22238636266005
177.8809321588598
176.82273722608412
177.18509921850517
178.58822612075832
180.48675665573376
183.57205697848306
185.98771035513585
188.83894709700184
190.9880404514446
192.39447341998547
195.71679149729968
197.56676037827984
199.67433169675067
199.02420943899068
200.28149615686644
197.23988119643312
194.5302930362851
189.83130889934282
186.58221422187106
182.85303702783295
179.5362001760889
176.80180517884543
172.33936326518796
170.82944759483127
169.30667805753822
168.16107670873973
167.74295841954068
167.90623469192101
166.23004777258458
166.20798264708208
165.42624326704978
164.7011951312719
163.70735885818806
163.83787980151575
163.72143326751655
162.38519384517764
162.16534827020763
161.05940023501824
159.89799709967465
156.4585008199566
152.39275865615204
142.61111624573013
135.22593322308703
