# format: from_node, to_node, traffic_class, traffic - demand values in each iteration
15
5
e
77.42130976812136
72.54702310505975
68.94971625519231
62.986588548816066
59.36685944651529
54.650113671719836
53.503099748056805
51.89308430670187
48.73454263439472
46.237924346303444
42.236796946353536
39.585976053081396
34.69801848921178
30.63364345232699
25.362469600147747
18.47374343075993
12.791258204384139
9.335946836299147
8.368358095033802
8.263379817880537
8.491945217898708
10.902248352139269
12.42158936484671
12.586163878426113
15.713830618321227
14.914126832885081
14.676466305451495
14.717988873368382
14.787671687125602
14.826350311457638
12.987602404919677
14.431454072881444
14.442272215934405
15.7415575809549
18.06146137758686
19.40588633724004
20.088502791065213
22.026179724543653
23.825467405539268
25.65729537043887
27.050073486404422
28.750830124884327
29.28357584592725
28.67192940112073
28.310351717394607
27.726024209616256
25.995212362443517
25.494583514980086
23.46673991398656
24.167548087402697
23.498334286063187
20.365169124222472
19.016525650649776
16.7674358768138
17.301586200499944
15.827989992977717
20.303690153301257
26.12381846526701
35.038824878411326
41.80276459793042
49.20487732917205
58.16500129833519
66.80393029285284
77.39484025538933
78.7274282368811
78.49283038156237
80.06499557776239
79.73858756369548
80.02477312100199
80.04324115059673
80.60262851953966
80.52827070961932
81.03553901449956
81.02903160765128
82.12905807518098
83.54139627058782
84.31747706092597
84.18517348941425
86.17373793611638
87.7036767205246
87.89803897966351
90.76119834588053
93.64813510609922
96.28241245494922
98.63741290027609
102.52342869269866
105.81246015921343
110.13247593342287
113.85942723164911
117.32735605546239
116.85437221299706
117.17483928571905
117.03964889314551
115.27167142112691
113.89000069197371
112.46981968394532
112.3330240103338
111.87498275906614
111.81851752019332
111.86593892828888
111.75677274751278
111.11346139466471
110.53497282861888
111.31850648510198
112.58136671261134
114.37479690210108
115.35867280655583
118.35107542642275
120.44378544473044
121.34006771156412
123.77386882285704
126.74776337130521
129.97868960985267
130.84626099942378
131.39603193346989
131.22945675772982
129.3529457853837
127.89646760073194
124.27313578714187
122.90144060517262
120.43501442542815
118.31088311375038
115.96220868682565
113.41505615849552
109.69059978138658
107.49484012100456
107.74108960088186
107.36463019998571
109.96573314484569
112.21938800998076
117.30899192635658
120.13098438279862
124.31047992363308
127.74788694094337
131.74136389225055
136.52387149372962
136.03697164116372
135.58797063130456
136.66958952801585
135.7458600764684
136.5534445940154
136.27545168864594
136.65765895003932
136.76605887071472
136.70626670108734
136.96001629821765
136.82444602312506
137.42626989092543
136.7824984849179
137.34419546596706
138.0903297215662
137.46413106674916
140.18258564395788
140.1879017698439
143.80166192103587
147.577653095931
152.03738546395346
156.35932091939168
159.42453446768351
163.0822491762159
167.1589611517159
167.96557357721719
167.28588888462707
167.79748060512034
168.56789817405044
168.91942155919543
168.87622792245446
170.27820747962875
170.3231535999175
172.161381197076
172.18069962926904
173.83986657562434
174.23200896574508
175.198471777882
176.35793219611799
176.87302184395517
178.66312377105416
180.47086520097074
182.9118375352174
184.5176679603471
187.46764892761422
190.67701692837002
193.65909655342557
197.75448063308738
200.10525845418655
202.6846992556899
204.11632415509672
202.9331627974352
201.9821544384479
201.75868817719032
199.38572824130182
198.67724182946097
197.41560108495915
195.68425064470705
196.5040416055692
195.28348108146196
194.9984591904629
194.45195678447323
194.44708786557268
193.69949545963522
194.20161060577414
194.497924615878
194.58592293142067
194.8745841487814
195.4340279006942
195.21114302225007
194.54696074819614
196.09921666371253
196.7528401440995
196.01773535219527
196.9622144169047
196.20288617637124
195.33618500903196
194.4672229433371
191.2869589216342
189.68425327729076
187.93954711969306
186.435200093463
185.4821069436932
184.97138893306357
183.23232894108486
183.40587114194238
182.2881602400405
180.67840368264712
177.4167453829144
173.1353260515775
166.40072922839371
160.60143677829828
153.48070237342932
143.78775254898946
137.2492559825541
126.05263839050318
124.00002558888337
123.13437817475344
123.07065391609798
122.42603484932745
121.63975441092147
121.11216757848823
120.8250411184398
120.74814218999191
119.64332812356598
118.47989507846704
116.6172357872123
112.11149304102227
111.42786666492745
108.57013089663553
109.00942144495383
108.82520228667768
109.87099850602017
111.59463089882573
113.2967725996056
114.72276820350325
116.71086819196401
117.15142433104896
118.52976606105447
120.37121096485333
121.23324822599692
123.52342647329341
122.79606935253454
122.84471556085315
121.54187833116721
119.64156237516377
116.74497666339055
114.85168585479437
112.0355590746303
109.28702251436152
108.45979418026506
106.55102222562583
104.86855241646347
104.0916004096523
103.20094466197371
104.14737648396445
102.6832211360159
101.87720999045794
102.81359100345237
101.93882267634021
101.7922931866678
100.58086207772682
100.32963093947474
101.12442414468889
100.02779648427659
100.08418538461609
99.12954943889898
98.68713629910326
97.5816291741074
93.41999647013625
87.68960315323069
83.51099795714507
