14
22
e
138.99862587466242
138.18768400602266
138.42863187931994
138.26891164561798
138.0342168432558
139.75329897429327
138.58244219452743
132.9148028795554
125.29963865818667
115.17025246079844
108.22431581361367
97.7725681304794
81.81021870627445
70.20021433818839
56.905264850402524
55.52636349279093
54.885264042563264
55.6025964413102
54.740224305418586
54.90491743285169
55.00254342030245
55.04596761239454
54.563164314564474
54.9176465930221
53.556109032829234
52.38318368241815
48.72008719870669
47.35173866296053
47.36341442240318
47.08666058634802
46.894861348218726
46.915358265259734
47.61816557259544
47.65708615649112
48.1987922102333
48.68632524945755
49.41289555961761
48.849490218323
50.46509375831689
51.39011382651565
51.733303493632775
51.00267753218991
51.55600701617296
48.86589228551739
45.33186667462213
40.91723079652993
38.80506170704654
34.18253431483455
29.80590888289728
26.515100604615302
19.21045620618015
13.706587008176667
10.181435460796257
9.40370334775183
9.277191386960814
12.487061096164274
17.935891408019497
25.079607933877305
30.435884987058017
36.89470419103649
41.26166929953845
45.88302874875346
51.9797984723886
58.42508389056143
61.032988670246205
62.30721036441707
62.37348213613925
60.77654476923017
58.94197929347323
55.94865722098686
53.88353204450451
50.988730691627865
50.85622944198665
50.17226788783107
48.76319648202721
47.52172628612513
46.46587183335248
46.50125043072175
47.33125074077526
48.01795328590605
49.32339605054761
51.282914940207405
52.99456451320924
54.27625372655372
55.87307247810595
56.58659104870496
57.88749639491765
58.173550110446484
59.800342594445546
61.163139953405
61.72879504659865
63.78816964127274
65.92112234384643
70.06454566621613
72.1008842055789
77.1468323766875
81.15350447553422
83.75634925173716
89.73554551180655
93.17978035125516
97.36112890214042
97.640684307764
97.96695280081825
96.20596346218177
93.83162465283361
91.1381716023234
88.0925414582841
85.6856605499212
84.00476442680005
82.65861819588369
80.11192643976139
78.2473739462048
76.28239413248089
76.67107790062323
76.7039809860799
77.98892495076457
79.01861375473973
79.04262773967456
80.33002300759465
82.06456314026579
83.23672420025696
82.13080283122278
83.06290312305379
81.52480980941654
83.45172194625327
84.6923234836703
84.32502012049235
86.9715292453644
88.39628074868911
94.8336935797139
101.98033583249256
109.34538137937227
118.0749546919359
122.58411407182398
129.6412100769375
135.6549430250532
137.90189843839482
138.1182547574113
140.9892824333514
140.98770291365216
142.28625620490538
143.50310150725574
144.47968988650123
145.85548013383186
148.3309338287711
148.67401291325083
149.7156233416201
150.3124120091647
152.86808689070602
154.71533565517294
157.64951648425142
162.08346218604635
168.8142348181555
186.717823570852
199.98683333483575
216.6188376645483
230.8258024257
246.15543140107647
269.4255791642324
285.4577950633126
300.3176054067357
303.0080648506351
302.080802576794
294.6230528380948
282.1118062868607
264.9893954611802
251.81129796190126
237.2153490039569
218.82988131868706
204.77879299220814
192.5856679427648
194.58164765385604
196.22337050527847
197.49825659810253
196.64810884589596
197.26299335701145
197.6758926145727
198.09068963262075
197.8651030185773
197.97410162698822
197.22337285176528
195.29484255460721
193.93424918259356
190.79945157705387
189.32823404326405
188.5197789033269
188.1253863316499
192.729569898865
200.63478413531425
210.40163531689652
216.99310677422744
225.04917520548634
232.57782530535917
240.72365099780734
246.68562503430834
252.66171044896294
258.8321688702502
260.74069745945354
263.28373594077203
266.33647925936765
270.44358620152315
274.80090864135315
279.82757684709946
284.24506049453447
291.250798564761
298.8123643582655
311.8510099997753
321.1286933231441
328.52267023171515
331.2403568655324
330.73303313692213
321.9267020675581
307.7433397757302
289.34928562310415
275.44358350665453
259.1920067197994
244.60754017462986
232.9010624941045
218.5451940024912
208.57186283119313
200.5381429104616
198.46165604014723
194.29441065385785
190.7281957949332
186.72138139412252
182.73476504710285
179.14877055556818
173.49294672979244
165.95480875810463
157.7372358701832
145.88556608163233
136.53928765712666
129.43072752211302
127.61712725178225
128.30063643555954
129.81222938414686
132.5066889727555
136.49977917241702
138.16143911090765
143.3030850449932
144.41738907878732
145.66270401058011
147.22750366650462
149.7140763150098
149.57554090354253
151.33560114997658
151.62243211243754
148.1493292039439
144.46628635954977
139.85036361325868
135.12049871003214
130.13802601981646
126.3309379531546
122.32113476140972
119.58271807100621
115.8973911756556
113.32118353095963
113.49053291027057
112.23663878046312
110.13001264198084
111.0713814459668
109.55178384995187
108.45370731729629
106.91026060489162
103.68759292030688
102.236333486702
96.96466485366469
95.1624332597035
91.00692020871489
90.68479260076276
91.65208394942574
93.18766373841817
96.43957839465521
103.93588762546224
108.65980597114434
113.13995959048579
119.24957731472776
124.81326158018405
129.71983055316764
130.3811196556427
130.81153008717186
130.72541561897933
129.4609652230477
130.71390195797832
131.4915535355356
130.37924908932942
130.88292026140715
130.46636912501145
