9
25
c
92.67277093008443
93.28023651541638
93.0668918500919
92.27979199237934
91.5724285382186
92.69278267381273
91.73058668524166
88.39914173263766
83.67559185425401
78.99761090198047
74.61073703278056
68.84063065001041
62.177016129249296
56.87254134813645
50.05298204677502
43.730837314060004
39.186367201837946
38.09237668602987
37.961743540847635
39.78777758874144
41.63435135236974
43.43392820532658
45.589136443975235
47.61029213726581
48.67933291303672
48.4348289447689
49.2929105796614
48.60518963279266
48.91160339002525
49.49834897726639
50.06076977048391
49.74412447724534
51.37443272623347
51.518644533381114
51.42153791556597
52.34897135619078
53.76141849621391
54.66036444948914
55.31919811692616
55.83231090573589
57.83086147881608
57.060809838945474
56.6007216885434
56.75158770634972
56.37074091120631
56.109483080092026
53.551316764345465
53.681199380919054
53.30285331738125
53.49030817724809
53.18520393455516
52.97811064423031
52.375690359704365
51.955266983523444
52.05012846097607
52.63814530349067
51.73551587051132
51.65715601700572
50.70009629360032
50.82566554876242
50.56080248843946
49.77767125804896
47.60154576486569
48.008872780146916
46.6189832278097
45.68342195010875
46.33362174383337
48.40513239305217
51.83693080581713
56.52334450267691
61.2045729449125
64.52843021316865
68.90823067752797
71.35790483586268
73.9926838844405
77.10913928354164
79.82938149968321
81.50598373411331
82.2799922653811
86.69561053317175
90.78349169949719
95.08351158572057
98.08298736511304
102.12496392736233
107.75924722486423
113.00349746556275
120.10204630207474
127.27575019344101
130.68188264917782
131.67178474932572
131.59909876083165
130.17029278259773
129.10202521296551
126.88112624916269
124.87896468778573
123.18042012428083
123.09366613109727
122.41360325007457
122.17353330406597
122.35089344114199
122.18587707208027
122.53886885740563
121.99578227261769
120.21742124629289
119.56400826026722
115.82645260412924
109.8412676461923
103.93336414485658
99.42187828843619
95.57643740680739
88.37419859934691
84.437272716182
81.27891299284991
80.0364506804183
79.5157018320815
82.04403587844783
83.27439835680666
85.43438643041237
88.23422616991895
89.34233243671154
91.02047994756546
91.03286128387971
92.38304299347794
93.6636796250581
93.63211926680297
93.64524537720243
93.14202109308145
93.92075037140906
93.6771936237884
93.14739361536836
94.38442468335647
94.23307361217033
95.05786563891814
94.73099538755032
94.79776887760883
95.12448604841217
94.92584467097026
95.33618454796846
95.49556263628796
96.34520460419274
97.06681483677335
100.58008166333758
102.72095266657189
105.25470059703179
107.76437047928911
110.12640166829559
113.66910086303385
116.4227004022042
117.38972209722505
117.94015653371362
117.82585632902789
117.26674894540781
117.11656747593838
115.71798582377868
114.96204264399938
115.57117605160505
114.30731332958379
113.8395329670584
113.44501605391186
113.13895616416842
112.58103898723937
111.89630010802864
112.11907405798297
114.6777867842488
117.20480747753683
120.90296618541265
124.54580450514767
128.5906852029914
132.31130669987382
134.61235440129215
140.54910481370894
144.88964062310617
147.39743755090024
148.7029012014031
147.67177439338167
146.20408445693744
145.1800131095174
144.02323074143192
143.14665513461009
140.2823561713814
140.33422663655887
140.21840268264677
140.2121114520501
140.22850590158708
139.54140813157872
139.11581925417707
139.99188671711417
138.48482000279003
139.17671560431805
137.86479974017317
137.57466128077536
136.08993613196304
136.46007473828368
135.10240901610348
134.98734426658385
134.3731473853396
134.5321897836623
134.05163330678323
132.90609299384906
132.55603266297825
130.9705648120978
128.55202922017693
126.98489583097246
125.24557518020139
122.87734435797073
121.77005798205305
118.26889633720299
115.36853857369992
114.56198928655252
111.71381257814957
112.92586641594629
114.24854103766377
119.07885585398544
123.70788249029066
126.75173530408988
131.7164927200959
135.6937997576021
139.18100036140112
143.94016817307914
148.80867766061962
151.7679755540146
152.39778651156948
151.88441700557362
150.6592859697281
147.30772732547263
142.55225370145968
140.15903269576788
136.55544361052833
133.4705021071614
132.07756664683924
129.96493369583425
128.67266138873993
126.08105752788894
126.22799736322146
124.82623633011337
123.97724966368669
122.71997505279192
121.30985709879981
121.03059249556392
119.63874717390165
117.56144274931692
115.9690481873829
113.86264863719902
111.94438171699386
110.4034937411707
109.6217208676857
110.0443724648802
109.12771677327395
109.68564923038363
107.94919023467168
106.9979354990526
106.87729495747013
106.36927617300746
104.7771442826583
101.85775146253079
100.62885251379176
99.1902158826923
98.81788398341638
98.98000066720233
100.75060589283912
102.9219874045176
106.36100089261654
109.13151215957674
111.63427078880505
114.69812672298913
115.96975231420534
120.28259854066958
123.53162679335685
126.47509463780152
125.78703722488316
126.69405162197378
124.42976925316076
120.3680750846786
115.18700558508529
112.07889331449267
108.03387276314739
103.86006699509547
101.33857109052789
94.87313959599379
93.92115806030104
94.45463346199666
94.32477570209949
93.62027094954945
93.93394848058009
92.98627237625023
94.02162616804738
92.19920276780431
93.0268634231548
