12
3
c
81.86247858110481
81.31352562900808
82.18529571770136
81.30773269785794
80.86455711901347
81.50752246325273
80.87363969834904
77.78840866751841
73.0200536503199
66.40301066377894
61.271469698416496
54.17077961632404
45.033651035678886
38.28343631904382
29.06767383194497
28.072958186755752
28.022306911053725
26.734305823334513
27.478942251360575
26.915413919986086
26.40723493102468
27.26308062650838
26.681520837859548
25.915470455359795
24.74138202814018
23.82129185946104
21.343545594346242
19.696837505239856
18.763378074946598
18.16472008549101
18.6657797238276
19.358398447804532
19.78216036367737
21.578733956147254
21.757602355253905
24.194378280076368
23.55783713632227
24.039738288026367
24.90985809104435
24.88380048656957
25.812522806740233
25.74453149643772
26.48209276194616
26.667921252446483
28.077513982151018
30.584989296588475
31.87074884276125
34.03558771313121
34.061099982952285
36.14668186014151
37.697478064422036
38.33125759470225
40.403536392491205
40.84499434338568
41.327045177905774
44.43542771340613
48.124394945825486
53.32119067537008
57.32267568587723
63.02755302596279
69.06006424032809
74.17675098525193
81.21096265843298
84.99244012799448
86.31200315646235
86.74959679418572
88.16470734710502
87.37018276694647
89.11951726640852
89.1579373441476
90.6745901303644
92.11297256110348
92.69709458437632
94.02672054523876
94.14461964590747
95.14879778392888
96.63820617913296
98.64285365607765
98.76423903172945
101.09745161407174
105.15155964242634
110.82818625583553
114.04770193982691
118.76378576060425
129.37206354653765
136.16433478633434
143.7188869181616
144.19202150712772
143.85665440625237
142.76121117751526
143.4947012508207
142.75871631930764
143.40635787113922
142.8559638629649
142.33271128430533
143.4128643635238
143.93140178334608
144.51500488376067
143.50932469639636
143.10229328132044
144.64012527731498
145.47524361662227
145.43776640370658
146.83643533896398
148.57426435625766
150.97830869938872
153.55004960672187
156.2248885810415
158.62990725628046
161.1132084790292
164.733735160506
168.37743953173023
170.03385161986247
170.54246174067015
170.09996793108394
169.67049408157538
167.63076918184888
166.802639597093
165.21575532551913
163.9743353430429
163.08198897837246
163.04165250134963
163.73409851299326
162.38843007685125
162.29121793421214
161.22479649947417
161.22324817488135
160.11074101327367
158.64403536281011
156.94634181912133
156.99030288889873
156.6768248636141
154.27996312450736
152.5368357300274
150.83205752687408
148.17132492754016
146.7555125062432
147.27718993896698
146.7578270475221
147.70431627793982
151.97465443123096
157.5612808379785
159.72394739840342
163.40644903454475
166.40152264621167
167.50008156153052
171.1600053400051
171.71527814121444
175.15598468355225
176.55048734238278
178.34531935570132
181.85905016055358
186.3547659599264
190.6456691376198
195.97140722138937
200.27790519952154
206.51466844171063
211.08716004887273
220.52790535052642
226.89187260745928
231.5703619353423
232.53921711990014
231.69530483332053
231.10286841185533
229.22698297737074
225.58989296366218
223.29160292092402
221.4991456791812
220.88090806049735
219.31998849028963
218.116725148401
217.16066351351844
217.50234473297667
218.03431123281385
216.4382377726498
218.13471561957098
217.9750945916867
219.53912819513283
219.18285100683204
221.84081783823183
221.5056482418629
222.5202304648265
223.17828438352004
224.34231368039104
224.76074429983265
225.40483623309842
224.90075061461462
224.8492478417317
223.20856063134732
222.38375157751963
222.26449206270945
221.006650547147
220.086747898908
218.4659503109791
216.39511895734435
215.3266535593303
213.70343243930796
214.18869736763423
212.25745572940482
216.09883281852777
221.69563045581893
227.75453948684708
233.2790300473288
238.8563734824927
245.4638766145709
251.2795078357429
260.81655999322805
268.15827124304553
274.0747165244605
276.8064768449586
276.65749224645
267.37542397792333
256.76073928611225
239.319064727708
227.87857194005963
212.46397554618596
188.67211394290462
169.8171704035531
156.19327672269074
158.670258213806
160.9004074436598
162.01119533327838
162.7784086710925
162.65308945386954
163.01838810113475
162.26471051436462
162.00914238554074
163.27474795858154
164.33062916736293
162.67094039198278
163.531858016082
162.83207756770366
162.27997996059574
161.9288233890404
161.51799181115706
160.58226530564048
160.12634604287572
155.4706426401863
154.217367359968
150.31448414588547
147.22427670144256
143.96173539004047
140.49942561472426
138.91686088060226
138.1823593560137
138.81071715392977
137.77540215037862
137.11067967986884
138.1607310708319
138.35524247050697
138.2195923246863
137.78395698458226
137.921901525637
137.45247216213767
137.16893788725275
137.8389609870621
136.3849298411227
135.86089803422786
135.60936010842062
133.536522822986
132.7549726348301
130.32735820082922
128.47558493177516
125.0883503804824
121.69828444488462
121.13463662015972
117.57498077636454
115.74078269205806
113.09510200877747
112.93169823330818
112.73277354192737
110.04877586133112
109.80308606987847
107.27461654618418
105.15121646895588
104.20973672537474
101.05602583794963
98.8756950917619
96.48880390545031
94.10891150243835
92.54471146037442
92.49336652266672
91.15414847978319
89.68136449120594
88.46611369388665
88.16483915463343
87.01968915322523
85.75332956787628
