9
20
e
60.2555295144319
59.92151264916221
59.73484994228849
59.00193197258675
59.9024409463113
59.70727184150336
59.37102577574381
57.96327020839753
54.30982208886461
47.853124000847025
44.03116074050496
41.694983308431006
33.561501727237115
28.466346988060053
21.43429004135641
20.97571720082308
20.158005135420183
20.42277619056217
19.743506420769915
19.82481229236566
19.388531764566544
20.09279889965505
18.9173727318726
19.173953483468487
19.13789895520041
16.5838345181319
16.134437618559076
14.5591142843245
14.700911528305792
14.267599742929232
13.156390231897353
13.504066091787893
15.400886840107995
15.479668130331875
15.918085664878252
17.309935764395803
17.838744392547067
17.982043041025037
19.028427277641857
18.393766171375304
19.43881812287723
18.828769230650337
19.370284466680587
19.80319919573688
20.512631147125955
22.349827072077627
23.39786683812776
25.551442014734604
25.975807699453114
25.74946572207285
27.641336533598494
28.116613553185513
29.59541655272111
31.31227850121107
30.930007560091077
32.65748830070335
35.39564098078528
39.723998225234745
42.59286571544296
46.37209059504573
51.610263512700676
55.50808185380873
60.07496497325977
63.216158140267765
63.86975738627441
64.06555852415498
64.24747143483768
65.80348574274102
66.01099454817675
66.74112647587758
66.22470885819938
67.3639610830936
67.80592350120847
69.20232372259558
69.773680459568
71.32541218219926
71.60051542943991
72.20445344408982
73.15199145322069
74.92236409828368
77.51274466908647
81.52474641304875
84.0660018267933
88.98626072393799
95.6828709262399
101.43002914089556
106.1196606343743
106.48999141891183
106.5641576336303
106.7813094314407
105.92214281551713
106.2209328516779
106.4090853601
105.80007836298458
106.15469516320674
105.74848082271913
105.88266382610419
106.80334249974901
106.43070681874038
106.49348393337675
106.16753852652155
106.77439597324357
107.84389920124434
107.92096784056382
109.24555109510088
111.43674857162245
112.78296999773136
114.81341350317037
117.49876531573798
119.58967330984282
121.7774830786852
123.51916153746238
126.55676296891507
126.25377302806976
125.57968415613439
125.19747994270875
124.91499413325309
124.02243823630539
121.0706719824867
121.2695370555587
120.54787057180398
120.89678960817743
120.83258622367755
119.7780917432859
119.44772139665271
120.07760644093756
118.38023179267226
119.05361507936337
117.640212485988
117.90993200743301
117.54476239911637
114.767205753325
114.94922577433108
113.60289256034548
111.82067774248438
110.10658627862362
109.56878209564896
107.98477368187014
108.39233095506184
110.30034407224123
111.7059747910409
115.74625157425434
118.32380960307871
121.29746558088405
122.71118474493265
125.3006702155585
125.90191055068601
127.29445203573745
128.62983110675432
131.01755791272535
132.82710615898583
134.3707335196807
137.24978595617696
140.87975033437638
144.13831340771958
147.1410108257033
152.6332743986241
157.79374087892654
162.84265687545047
167.96695476299175
172.00776976119664
171.2225828117328
171.7941885092909
170.9285185616869
169.41642928713605
167.42080082705044
165.94856973212774
162.94079405701737
163.1081524287229
162.8107994759807
162.134593790963
160.99596045528847
160.85199449093756
161.15678250226463
161.1860895703269
160.84920395645784
161.93547014903427
162.07426761756798
163.05363240885717
163.4621103248503
163.96102049828326
165.12421645165998
165.81469035202355
166.03061151668945
167.52844139789033
167.0479796046304
166.78970830697946
165.70580952207197
165.9629411277263
164.75259645356192
164.79627580770983
163.2689236780701
162.56006958417538
162.90536431524404
161.8860151580662
158.75149572313416
158.70440385035226
158.36654234897748
157.34338105999444
160.99956570701272
163.8218318365603
169.18338269764894
172.57734444976305
177.15494699396538
180.92479802639096
185.68069557705428
193.64977247468096
198.60500574494958
202.9199515430558
204.3641168826905
204.42087821150113
199.49621185216242
190.26057720898092
177.59300331335933
168.88159462075737
158.54103379164084
139.4635443361297
125.6217652467895
115.72123409913532
117.9246920047685
119.5824797416921
120.4794837528499
119.97597122671239
120.78975196655438
120.16758675590847
121.1624582524188
120.72204416277717
120.72785074028955
121.13900755399688
120.80710643624583
120.93609234186745
119.45134800781473
120.8813913470424
120.18694801959529
119.73939256393
118.63652348404027
117.49476210408876
115.71775137100171
113.92809222218271
111.72140706798757
108.14956671831185
107.23142472377009
103.4340643580288
102.44536823033391
103.12558860471214
102.24824233907161
102.37137381159265
101.87369053850193
101.7813881640444
102.24137307362513
102.11285932790143
102.73643771290428
101.57128573367824
100.97915354734411
101.20206850781592
101.91891212016779
100.99751360155484
100.15915445554542
99.63866678460167
100.70207778340321
98.97386117566404
95.56868068083905
95.00507373875804
92.83905851372846
90.36778568573466
89.64520910831708
87.05376186481277
85.94528318727217
84.01848717792944
83.30050441945761
82.66106196263064
82.01546557942186
80.95671048622471
79.3848594077978
78.00713488240706
77.49020509453052
75.0165744859917
73.84407674585529
70.81925595128953
69.4438716692597
68.06997192639436
67.50184294304248
67.60724653146082
66.49500331840464
64.85605593073417
64.82590292501644
64.09281550341585
64.38964639982115
