24
16
a
80.43421563424559
80.55136212490116
79.92105050936064
79.46293411970598
80.65428162235625
80.04046590750724
79.8892946000485
77.40966501246842
75.3965561299717
68.79663006212942
65.2296773046447
61.771746394818294
57.907731984750725
53.392033887804935
45.86795793510582
41.828318792543286
38.106876808635555
37.7605120610214
38.148729136323276
39.11319529232246
39.79051259868734
43.00807231479606
44.84123145201153
46.21837388770526
47.719690986014996
47.75990399909779
48.15131920127442
49.90518022859062
48.93247816707002
49.75855399893481
50.81287448786945
50.63015524481632
50.638000489648405
49.43264759062434
51.35010922928389
50.65092613035809
51.7082033783874
50.81083955927411
51.693679636677665
52.852484918067354
52.130522639608174
52.5815432457989
52.7101173042441
53.06030114022311
51.90749610207269
51.82509146523192
51.84637646363242
52.5395446370407
52.8023931948793
51.104553288540444
51.63364707842867
53.455952913623875
51.21174277530426
51.97191851371242
52.0778435340028
52.27690848174712
51.72339942910497
52.07359765710823
52.30233712221348
51.36292273075594
51.96733151823407
51.33779439627436
52.41985272220452
51.463677451958475
50.692259252941874
50.62340320093361
50.74132498163523
52.36554845393571
52.6841520441648
55.37311715978371
57.367852745425175
59.019830015091536
61.3002780494488
62.61802370800259
65.86671265919288
65.76818575936876
66.36666172127288
66.71690799705885
66.47760804181983
66.49193021862429
65.84171705980314
66.089447765959
66.18574389250237
66.8886014040145
67.32190155973994
66.61059256078276
66.93698790613958
65.7310545715055
67.2774859434646
66.60057387151325
67.52406899443764
66.91696200305506
68.58314546794169
72.5488807737965
77.42561612604378
83.224157543106
86.46641089189518
90.46374725878057
96.89509109424294
101.09751460816972
103.50118053185705
103.71304312204217
105.08244414978998
103.08515370410407
102.43089228882671
100.54687643704949
99.47174451040777
98.08917546476029
98.83426291781167
98.47330402980289
99.3560861183313
100.21505214286611
100.30409126579112
99.93498303343867
100.79872604023247
99.67753846312084
98.37954223062286
96.39791754823207
95.76095961538918
93.91705519937204
92.33941050474047
90.67293058815207
88.78851667190507
87.19681579127051
86.57983553228053
87.00184473289019
86.74756211533975
87.36120080292282
87.5432830798225
88.04308217228203
88.96422879314228
88.93107774550735
88.04552249109457
88.22948105699855
87.68283401267433
87.09280872534727
86.7603130724741
86.78946981471358
88.00208720084
87.81244064741139
89.57852348508261
92.0448694932411
94.53135144910082
96.88174681523326
97.68388997037061
99.51040482496845
103.39466891599714
105.58960677140213
107.34990493356544
107.41735320186957
107.63347253865214
106.97021072286984
104.60619333288946
102.26047120699788
98.93441176519403
97.60397006913519
95.86850551117736
94.72208185097833
91.01013191037353
89.13911907397406
88.17675817406999
87.42562341173326
87.02765635594534
88.24645661007551
90.80023936506039
93.76131171772275
96.18740769221544
98.84572148465067
100.91575099821105
102.32194309663953
103.99400813673496
105.07474567768686
107.3088708114723
106.91484294729895
108.10265654006336
109.50031002531667
110.82421265833412
112.77743472640117
114.9464514377952
116.03508870805551
117.96709946604355
120.08519952996369
123.40376058287123
126.71704213346062
128.4522903968352
129.28814195008243
128.67193392339817
127.78882790588436
126.21179694746867
125.21202617053086
123.83346209063289
122.26173016725006
121.27703199394158
120.86262788361338
118.82667111013956
118.93258335816797
117.76237910817285
117.13053570184549
117.32113944766596
118.15116865221256
120.2220749019154
122.31500855489003
123.81443643219038
125.53832154060153
127.5776665888769
129.56327968648222
132.11123234795477
134.2616481563159
135.10285738685343
135.4316172102562
135.91354103931792
133.51323462782932
134.0264667095926
132.58361913846684
131.84114690465907
131.08912723650923
131.64592115906922
130.18335812827794
130.96722256916644
131.06518141136326
130.5904399203079
130.9577870283154
129.7985486505369
129.99754180090645
128.08335858837341
127.04161262685635
124.1311861547729
122.07060469542124
120.1130743192549
117.16026277959709
114.47994491305265
113.89991651571779
113.17528631699554
113.50360331816981
113.646716094111
111.7789333845592
112.30567322529156
111.60454142969189
111.79457246430081
112.11328091325903
110.8381120242722
110.99243176783344
110.18809122932733
108.64610050549673
109.65543653340616
108.49267720683031
107.74512392198925
107.39068906571147
108.47983456921726
107.25864776931371
107.65445796271554
107.72232472682767
105.85061529107499
106.61911009380677
105.2341664409259
103.55430158562386
103.61877877839245
102.36880260983
102.45298484216951
102.90133085484055
103.8088746602399
103.41181509329643
104.04236791203242
104.1893475677684
103.8252404333474
104.3234249865841
103.70697265051331
105.1419452217234
106.04898259000778
105.68965989064074
105.15495952668424
103.55124857297709
102.86027849259683
100.44564161535621
99.03827778694333
96.02404314706251
93.93539353803459
91.9601362784766
90.10098036107539
88.78884754581014
87.05485394368425
86.96961093227789
86.79833935142594
86.08779683867044
84.78729841957713
85.35644711043807
83.6449863203463
83.1423622048114
