25
19
d
162.8529368953538
163.36842858114116
162.95622902569366
163.05710096389583
163.7634840075166
162.90686867447351
162.94271869428684
157.94934991097753
151.72727107316737
140.8207934999765
134.20112088673514
125.30564926315596
116.38035103503847
107.80354322443594
93.94377024158186
85.34077965884198
78.42529083299655
76.78620119783618
77.3737252590874
79.20315419836824
81.89712057176155
88.49760479634314
91.21541320976532
95.32866216164662
96.50622325398194
96.98276387436434
100.26566995702768
101.17364540499604
102.10258670747457
101.65359270498672
102.22803153235338
102.56110093805243
103.145008321517
103.04003871745559
103.18836288618952
103.37182767765206
104.87913752875849
104.78688799359274
105.74331303214731
105.88871154911078
106.23829161252824
107.31343797275201
107.02295297057508
106.27359553590921
106.50737410376239
106.3521645081369
105.8649938597448
105.39038469207304
106.17106456337635
106.27221523940462
105.41802820345248
106.47399199968281
105.67103864190463
106.19249451288613
105.8080845200495
106.46186150965802
106.87489852510727
104.55096352247898
105.10982042255458
105.80721667295686
106.0845498881945
105.43168786495168
104.44682811824777
103.57556682348405
103.48768603487771
103.19128939104377
103.37673736095171
105.5575728226186
108.6730423693611
113.09424754812906
115.60209902092703
119.37598824587342
125.05014432975493
128.9861274514878
134.702152031538
134.74673807523803
134.56239754223847
134.1029825493974
134.63904914210838
135.08292211070216
134.8592073187725
135.12946050261112
134.65214042619667
134.95919916157357
134.77263817412612
134.6247931384802
134.70140492903596
135.21974121200194
134.94927427794224
137.32472110593955
137.00187739798065
137.93459750053748
139.69246104193124
149.19337950021497
158.20900733758472
168.70062048528445
178.19021612826154
185.81406287041884
196.76671258507457
205.28896928378174
210.29828145194364
212.26839717560492
212.43098718719537
210.80758041012018
209.3148642830367
205.93270209572296
203.7044083721968
201.4253410921769
201.68557225467907
201.15327724743693
203.02545274472357
201.97580983081266
203.20019902179578
203.4395962815589
203.09349014692705
202.5857501053282
198.7191206377288
194.95063085179729
194.14386637016676
191.05079935135026
187.57404222515189
184.88167391091713
181.4273941934368
179.0960803611912
177.02769487288617
176.2315516206869
177.03049762614262
177.29625779238242
177.23577055663688
177.86926275191746
179.6168223140696
180.14579228283358
180.33620737086838
179.3783779350904
178.69600350408004
178.00981345895877
176.98024896841306
176.59230858223424
177.64280575287543
178.94985827729937
182.20628784632777
187.85940127958222
191.3144398381031
196.11035918079648
200.8329772406385
204.67957779971226
210.03098648348657
215.45863719604287
219.21445624570498
221.42724106492864
220.50199842564868
218.12340932912375
213.58852351414822
208.3323890070709
203.6981095203135
198.6344926682872
194.6915127305232
191.03130585527393
186.03932018444087
182.17930340380252
178.6606189937237
178.5217514673902
177.5558110650904
180.9137505001319
184.52353170166595
191.77737070658372
195.6229473990766
201.0109724797947
205.0438011798432
207.19738716916896
210.74709293165617
214.31317708649453
216.0604385142916
219.2178408652299
220.43798172304335
223.46626140799054
226.33462076984918
230.26922313511824
232.95249832261362
236.41662289673627
240.51681538127724
244.681847529977
251.55745966104897
257.65892665060164
261.518248637783
261.8802646875331
262.3844880612551
261.06071909824277
258.4174589538358
255.3844180482771
252.733172588486
248.37011498504256
248.14373156921832
245.41672858453538
242.7858873356293
241.0927455950751
239.0964046986023
238.80023768983278
239.89727688823956
241.98844055657378
243.98427940897847
249.18761850259673
253.7014517761861
257.91616873381463
259.6354853967461
263.6677303054609
268.40351270343206
271.6919656589378
275.40956303978555
276.03412210330737
275.3760401812538
273.90636217099836
273.1191086498015
271.47834625548614
268.81939041457747
267.72603176000354
267.255235817251
266.94409025482685
266.20692011366197
267.0328656575661
267.3070055754514
266.1499090626571
265.97349404680926
265.0296129660044
263.39164575290283
258.3778728908014
253.81353429937465
248.84999905386593
243.71795490086947
238.8723480868722
233.48426422420775
231.7150372699021
230.98753110030026
229.936313608487
229.41544170494785
229.37057414816783
229.53339358008213
228.34558928547247
228.1035657464583
228.4071840004369
226.52724538629948
225.14870660193031
223.90670460618327
223.31999102456507
222.00981168310201
220.5655472326482
221.64787779308372
219.54364852874366
220.53061085027696
218.41589633223816
217.89914501693383
217.85188401275886
215.65411235826784
214.8048957282811
213.21023434379592
211.54757190953768
210.30910993132017
210.34813207521745
209.3828167347667
210.4340598727889
211.4482159426268
211.86122896380925
211.2009306414836
212.17604797071905
212.18017321842402
213.66067319457179
213.72295767098188
213.80602739932124
214.91864598293685
215.03477652067446
215.15772672549932
212.439318660806
209.10551280262433
204.93586350938554
200.12938831573393
195.38064245043105
191.83491805906505
187.7830983238124
183.4732947513316
180.91949774940733
177.13964233616807
176.1468231191104
177.41011599396037
175.78299494916527
173.45562401672237
173.37684915211028
171.26146826422408
170.8039669068637
