6
10
c
111.64585209118177
111.07384225392993
110.71615284479967
111.95569493305379
111.01826164159667
111.75615898964963
110.98682755401707
107.32974006066605
102.42578111156524
95.34099832684986
91.96543991507576
85.12889384735026
78.3183124761639
73.5429552516507
64.28486747828971
57.6722305220498
52.14691162488417
53.15069404290852
51.36689064405794
53.670393047186394
55.616139470519464
60.431709824114684
62.00379575453507
65.31431032792221
66.13694679208326
66.06686334925554
67.29842103757935
68.62988322361578
69.4542021010982
68.80897406971766
68.82580744017201
69.51429122933922
69.84672387126156
69.46469374610159
69.70145176939651
70.44557497762494
71.25696339128137
70.4545625327603
71.78778879662154
73.01136249693683
72.99958172741039
72.58399666085161
71.83053357084879
72.83386957244005
72.90740524916566
72.17560647841425
72.1273047693762
72.25656420081881
73.11696281865402
71.34289090315679
72.68377203032111
71.89648915263041
71.40234167157483
72.23723441283083
72.26766242388632
72.11468159618893
71.7087570038701
72.40293767415264
73.12548578729258
72.43920993188806
71.60729252400279
71.18496496279025
70.76757090324448
70.6778059869816
68.95049718049559
70.75526521270598
70.37972024303393
71.22643776339115
73.10399260413712
76.75465985962636
78.95018386354445
80.67074323504623
84.32604696111038
87.13247814010629
90.7260467347609
91.65077106232319
91.84370004029216
90.87716334682136
91.7718368184746
92.22147334280866
92.08951761621121
91.97981033560565
91.9332051886818
92.03330520298255
92.2817266293431
92.13214881195675
91.9587104164298
92.2550023522844
92.32642893526308
91.88797585458845
93.0101070569277
93.43853033092421
94.92113106308435
101.242057292816
106.90737061722056
115.43990183756996
120.75752468593394
125.24263216228388
134.3895550906843
139.099149960648
142.3163402637551
145.36240286305846
143.78834693648596
143.03702621936378
142.05810280562835
141.06974758455394
139.39242728304316
136.61071360976027
136.5902520999512
136.5886679276742
137.6231617695658
137.42421257564283
137.70965102800116
138.1761445723518
138.35161426270932
136.54929653555433
136.44992133798957
132.10939836200706
131.5722549823663
129.3947524927122
128.51896114355506
126.56212513988795
123.36389460651996
121.66227814534795
120.50252878107503
119.79025583843377
120.18818620856509
119.26259492726133
120.45829267234541
120.8702086523835
121.39248155080196
122.73835162129289
122.32021923177692
121.69145853335925
120.93077670036627
120.8066290019905
120.14562671478538
120.96377659815067
120.32787655654248
122.52721090403527
124.18259450168156
127.40917290831207
130.62688869300578
132.40986056586178
135.95382103313972
138.96816750670038
142.42510588881942
146.36388254714967
148.49651045417863
149.73546437759492
150.08136778859748
148.57698847023988
145.64736054090022
141.68309694637375
139.01257215027076
135.30329239765874
132.43226132080213
131.54272120015668
127.59033770918366
123.16094171034065
121.14408339997543
120.74382321008656
120.19138464062793
123.34926964970194
124.85549348343437
129.84373189174104
132.94429401405623
136.91971331439552
138.9784085127508
141.61047855432903
142.96070298125414
145.5743139947645
147.25010355429524
149.0380848913209
149.53860108518342
152.11613102488593
153.42271582541295
156.00461572546163
158.3335302611065
160.37436771217787
163.22436558202446
166.65508808056015
170.86185457906885
176.07095691526055
177.63032530215995
178.35003307538278
178.18441103281452
176.69120377685138
174.22569770203327
173.43621918465544
171.9940381536332
168.50968001786183
168.11794627573363
167.74394160876466
165.6117043638516
163.9859524340588
162.46342434640457
162.6315081624397
162.58523869322877
163.99341222408754
166.75364432886803
168.6371390856394
171.7911672385526
174.97641077092436
176.54356995926193
180.45841071678603
182.43052184092812
184.2587253884295
185.96292867743495
187.0486776913828
187.77817393880014
187.27871065241115
185.2785503274957
183.99487505383294
182.60918137963458
181.55249721689904
181.66514719450322
181.64586255675573
181.75794019337383
182.5555294922734
181.20703059013812
181.12311142668864
180.97842810587215
179.61268925170614
178.25157238918976
174.38592299423246
172.68358335601832
169.0722878979804
165.63311899949937
162.2874844816364
158.29957797477832
157.57072960826605
156.85117175844596
156.97428738619124
155.80346622790765
155.23926534035164
154.688269485474
155.7678513307939
155.25168761941987
153.9789933746097
154.1223537658699
153.95880419475478
153.09851488175417
151.32336567369995
150.9758088626764
150.9617080409219
151.0799222638313
149.70102400529487
149.49729102298446
148.7446316928406
147.60086824755487
147.283388956545
147.46721504946947
146.45493581559344
144.14391848570858
143.75699052595658
142.81973525000308
142.9951048863561
142.81439001057453
142.91692639500894
143.78607079283174
142.9202929732602
144.7607994059327
143.62238645652815
143.79184811545042
144.18908823696614
145.15959619490764
145.06854414565228
147.41172993333646
146.1135490328402
146.16637122592738
144.9538323381409
142.46297462285014
138.5519849212267
135.5018057001882
133.38561770831194
129.81655290448268
127.78396378728742
124.91093463700733
122.54327502501233
120.74056129143663
121.00098770647624
119.81479091252488
119.55443490861661
118.02728675953959
117.77215868582654
116.68779328611585
115.46363641447373
