8
7
e
133.7769796407187
134.5923712320606
134.67421862290297
133.86965541789576
134.5233181131304
134.06253848042962
134.58106687281997
129.93307606077337
124.20096137892875
114.82096406224332
109.11022865045406
102.47366563477354
95.59431791667755
88.90140308353767
76.98234250405747
71.06558987312827
64.77634222937253
63.39252394100623
63.17947299325133
65.35431663424004
67.4000303394347
71.34463336120695
75.22411598542257
78.24456231689072
79.72434088412597
80.74966872345783
81.47338202638929
83.07521968377809
83.92195769440798
84.54926130330328
83.51835385830042
84.61838146510931
84.17050855510315
85.2506543521327
84.30674424178798
85.46350674843153
84.73737231839605
85.87394855413352
86.9761953205864
87.44045927678513
88.70163409189465
88.76014204892371
86.6573419512163
87.6749103549121
87.9484958874766
88.0363098964894
87.1919595034728
87.39773457859496
86.69242953557121
86.63442566639262
87.24229203605016
87.34143757395101
87.56374079503813
87.69513288359637
87.18846868470563
86.84436127646217
86.26292679972018
87.56616647757795
85.99406490102349
86.7126677061165
87.44384744471915
86.66105801250566
85.69218419622862
85.22303743714139
84.40700785699346
85.60801247249417
84.22523368749538
86.59346458847125
88.32548142400469
93.25459254499476
94.93060057372209
97.76335613728004
101.93892361187503
106.20080335592974
110.43765446752079
109.52597286833395
109.87370099731992
110.73878525923479
110.83284535018035
110.751869513683
110.49320342885001
109.31782236719687
111.16903197523511
110.89144865328456
110.76186227780289
111.81432396260813
110.12633275894945
110.35821868444216
111.20782747674664
110.88969756820698
111.95001008407809
113.34433201887356
114.56809107009659
122.52185940789398
129.73454522087064
138.36562451930965
145.8442150281859
152.18114065997887
161.8901745388819
168.76863662213395
173.56176590763835
174.8550079935873
174.45531143318618
173.88996503732113
171.6857815145371
169.71493765712881
167.14496461011106
164.59818355159211
165.24782787749174
165.14779809376407
166.13005107467546
166.58134575835297
166.80747230580076
166.8141412297494
166.9694304808902
165.49306079543737
164.18348884133843
160.83801315503567
159.7445078054944
156.538464009066
154.75351266229416
153.21897106858398
148.8207794542277
147.7561132205494
144.02883442783346
144.39234200005276
144.06209779967043
145.1008528079897
145.5411385686607
146.81787417653004
147.14539553260727
148.0710164900105
147.44652116234835
146.43653068661507
146.81548626158192
145.413011885564
145.5926081969882
146.0451009846818
145.80710666137108
147.2346913654786
149.4612629474899
154.59345397953334
157.5814000863839
161.4277061687091
164.3457408055041
167.57534861823575
172.70152404141385
176.27317333939115
179.49402198310185
181.14533779322963
180.91913945352206
178.95061725282224
174.66522382602935
170.35254838861678
166.99025003090875
162.91981263790356
160.40245683460384
157.10819971156437
153.5468622609115
149.56429824235937
147.01409264020114
145.6976541044476
145.20980107977965
147.86258380294913
151.94422746462342
156.67146222724213
161.54018498886143
165.1554891747773
168.2029907261185
170.90084343447316
173.1363183544088
175.4620713997352
177.8729750780181
179.71071925008542
180.40939740163495
183.3968274801383
185.6022763546512
187.10861810541564
191.51901061856168
194.03988236570495
197.7549140004984
201.02475559377552
206.2534046736322
210.67618033134193
213.47472975554243
215.00532836470046
213.99693084063676
213.99945780889735
211.70263496497503
208.75119523967246
207.17624428276235
204.8475604033745
203.77444999024934
202.17685311547368
200.30173915810278
197.60947453994254
196.47915535088595
196.02764726658103
196.33327652104242
198.80421343397742
200.9604638131228
204.42307345680192
207.93730771413837
211.20164903114542
213.02181632887164
215.72323019047138
220.34983647569388
223.3093465157928
225.64654153682986
225.87209819508948
225.8789514369351
225.37713883565183
224.28830238728878
222.53979578169918
221.5519428940051
219.36809539173342
219.54321243645902
218.66061995689932
219.29441242548316
220.20718194375146
218.78246009499205
217.88248062266206
217.71111468465168
216.73841035918454
215.47897573426164
211.9467289286974
208.0416616124704
204.66840357627007
199.21845362870346
196.67321138345042
191.92065923563715
189.3992857370255
189.04836197197625
188.7332078529486
188.69309133187937
188.41378413407446
188.08888727716933
189.11533326736927
188.04192298946086
187.40650449097862
185.69569899404368
184.17468474262307
183.50319976833632
183.4702739209705
181.4052231134784
182.58023863265277
181.16563600506223
180.42538845787246
179.76384904420328
179.92084051986032
178.83490993861204
178.82955083311333
177.3796425867011
176.15344279949625
173.8766484560307
174.6473203680291
173.41744563749117
172.41680029702903
172.8587916608055
172.54800780469273
173.04517860835256
173.43919268607218
173.87157176489083
175.0357072612456
173.5034466680608
174.16393055712314
174.1649047500499
176.6415122297034
177.1036187137088
176.30813672957723
175.1340804127616
173.52043440825565
172.78953032668176
167.61146330901335
164.41986246844277
161.31457629588078
157.00110758783882
154.52342068982088
150.8090505096976
149.08180324832972
146.72203448392088
145.01505645741722
145.78131430159502
144.2199563610727
142.98460094852115
141.19649921977083
140.60922034118096
139.53346460499077
