26
23
b
137.99252064546937
136.20415742012824
136.87200324530505
137.83107461905203
137.11031473274105
136.70585422669674
137.10858868386356
134.60482876689846
131.82246057834956
126.13940375480017
123.10740423194933
118.58490874508172
114.57986220759382
110.65497820674335
104.96160872569212
101.82738336133548
99.82004074336993
99.78912015461913
100.09791903859208
98.12762776488105
97.67339409979978
97.62673312047495
96.25760788358814
95.49582699725549
94.2388977775096
93.0913964048898
91.36791802735696
89.79555423664851
87.90548712802945
88.21720501316194
86.56434702322078
86.2823349040877
85.55829681269701
84.41715408044212
82.34870666422654
82.53459707069766
79.65512249638145
77.67372421687581
75.11792404633796
72.58896719930647
71.63093904817663
71.8527613453791
71.19573839442573
72.3849625151884
73.76170210249408
73.65508362529805
75.18537454120933
75.94693019624279
76.89091116675381
76.47198211055942
77.61983845361326
78.88488848988186
77.53368973740996
77.30317673540755
78.68562856262062
79.17643626183786
80.42232541720782
79.87012302919095
80.89918427318908
82.37006627801722
82.20671637103104
83.70175531356803
83.03208925944523
83.72125102194114
84.83393648675455
84.7439546438032
84.7721526147426
87.06074593643565
88.0776606236054
89.80827368773618
91.61084017533736
92.08965188226944
93.7819272433741
94.64257994576123
95.98707736606482
97.35799981299074
98.99549346281756
99.57185642918614
100.38211433610378
102.29566160621471
105.21794237729425
107.04282045403617
109.60506154182585
111.29786981213212
115.15763665392538
116.73523703271927
120.13012195201907
122.24862353361567
124.22983098736712
124.9931250340121
127.0993036723842
129.59062769173525
131.32418968014318
133.75904372975975
134.70096355221537
137.92260018364578
141.82523385853588
145.20359552447755
148.42666828653992
151.7321596035347
153.81640495806167
154.71396370290913
156.3671492809086
158.19388414697988
158.74889948065484
160.23100365448684
161.85437568260772
163.28493483385398
166.92482296189198
169.83163970469533
172.93296327040366
174.98926705420493
176.2187620398463
176.47002449064487
176.1129555019852
177.24220116810815
177.47825084663302
176.78956928790038
177.85945052940193
177.52777326113267
178.69991261603852
180.00641318422612
180.6863236875099
180.54208867601506
183.60197422098543
182.25068945039263
182.42864329962455
181.53744876615124
181.34319351619754
180.77069791486795
180.2309629399027
179.28464949680117
178.60635833987024
178.783260356256
177.73248266706372
176.4609228061677
175.48159219950207
175.69363241106774
175.54926937579853
176.96856920141698
177.7932367838873
180.04626951762214
181.32816057555914
181.5517722076338
184.6510705428907
185.46677136358173
186.3796142917855
189.33194668400859
189.37468859281273
189.57160001552035
189.90620983385085
190.46275286719776
189.4058870959717
189.14217834023503
188.58966533068104
187.9517229030997
187.6415689548031
188.5047734732089
188.69407583477528
188.60986403491978
189.07753623382703
187.83882343144157
188.19564989502874
189.52175360821983
188.0263452273794
186.28412618736442
186.15903773341518
186.01821310740291
185.8436950931183
185.8820744878803
185.74051809669785
185.1090158742325
184.82943139356342
183.8791422201495
184.0583860702265
184.60211563542583
183.12643351240354
182.52877972857706
181.80684429309977
181.52513876777647
179.94490757460528
179.36012690804438
178.15383507698516
176.77926594175682
176.78057371979094
177.1358980543557
176.26099086569405
176.10605574907538
176.0793984649182
176.22509825465863
175.80991604534955
176.18543602737066
175.58084001030787
174.87029807815213
174.69241700505953
174.7041832792385
172.74771303003368
174.2133958951716
173.98070814557192
172.85075112248094
173.21012195440682
172.5475408111195
173.14289213348135
172.1186689172579
172.91966647042847
170.7080627216776
170.0049888730357
170.50159227090373
170.1219030847914
169.9850265047615
169.34247863950833
169.90581453711374
169.5906857874677
170.80396392737288
171.5444789471632
172.87861683365585
172.9280112704012
172.4834997145279
173.27445841509237
173.68975871133387
173.48373297740704
174.41562119005707
175.08974540041038
174.62620374479923
173.84651562018595
173.74707123711784
173.91193010442902
173.36865328084028
173.2660637535547
173.54582832542272
173.00444210592747
173.28958473365688
172.6482993263004
172.38818110398842
171.66140775347756
172.9872586777178
174.9919567393144
177.70295514092328
178.57136349315007
180.42128845777174
184.2285595509828
185.60640172418698
187.391021377693
189.05224337428237
188.62425266152482
190.46124823865804
189.86336459272152
189.42812746556146
189.5676464724654
189.01725235391896
190.28583632424167
190.33615887176634
190.94930546154075
190.45780673825027
191.3781301657876
192.95559110765652
193.25371037464333
193.3409028161953
192.6658729431796
192.05219584656157
191.79120075957263
190.58456158510424
189.42428060919545
187.52313704594806
187.44767494668994
187.28579648823046
186.3015084946672
185.9925189696255
186.86040248385316
185.0782110311766
184.64280648875214
183.230562622409
182.38645435736365
178.66718737549598
175.97394741037758
173.83026799753299
170.9846164442098
169.31490588381976
167.28019137410294
165.52200610797834
163.55597981049272
164.1181975845273
160.88747795993916
158.23542563222423
156.5451232609293
153.91593467698664
151.76829983091292
148.70590288875482
