22
25
a
76.70732962291031
76.77601955358635
76.8901743292802
76.89187072313531
77.2883657515364
77.68480861813545
76.11591191430597
73.501799995348
68.82586515825781
62.377473187715076
57.174584622232935
52.91167391969915
43.150927705840516
36.22046934517936
27.882776997107822
27.22971501388366
26.550417466370774
26.269279726462297
25.865910538505652
26.140434380922493
25.306021468853693
24.975271060415224
24.999173947046934
25.257831529127376
24.445508694995628
22.55430042467822
20.293093527003258
18.39450387834391
18.328271700994726
18.438875440529987
17.83543514565974
18.4269509328169
18.657673056113794
20.7875145895304
20.496141339669883
22.490389866271084
21.808471803179298
22.76943472348409
22.869374764557435
23.454871688174407
23.594638930941894
24.538646660520126
25.469112957010097
25.577891745481427
26.072678911815014
28.89647827284719
30.500753725076407
32.57926680264374
35.117264768563594
33.76640738730641
34.68194008352186
36.44946813139792
37.49969943886389
38.56918093441945
38.73659315659515
42.64053983761294
45.78764385021979
50.629670392643206
54.47799654771952
58.949503026735165
66.32819687813986
71.57101299516857
77.34836942270861
80.14999334129925
82.3028987415135
82.1286289637752
83.59506993829703
84.22283865158187
85.5104235553985
85.24090758562856
86.16072964808224
87.84271744374688
88.70767578744098
88.13268419698423
89.28840371277218
90.90714061051507
91.85758693284836
92.53818355647687
93.45813711382335
97.11232968059903
100.65649632038783
105.30671243495405
108.04880150881297
114.23490292697991
122.92024083237297
129.38261915633854
137.75475401127454
136.07907241434145
136.6048979643649
136.28960096339378
136.6956623791376
136.93534435856736
136.19952006793906
136.73621188222072
136.49375918487334
135.92484163180302
136.65343999430175
136.50705574001105
136.789019854784
137.75973488548308
137.2477755237829
138.00019568649603
138.54676202994958
139.17233158808583
140.9550108261412
143.6303486153769
145.72403948438716
149.07682128869848
151.268722496067
153.15232168593272
157.9128186729827
159.81978413444412
162.24212115031935
162.47071792891444
161.86048186061177
161.422990615613
160.67917079409062
158.29689986867567
156.73358839111253
155.35339868820023
154.9725258440366
155.70324326855314
154.11598595477943
154.59393075782526
154.21242501781168
153.578132090064
152.88204729947844
153.37642179663624
151.58770098556712
149.9684094880853
149.70552564002145
148.7420377537597
146.95673569175239
145.26473582903654
143.1887572427931
140.7810865466305
139.24689581474
139.59240636043123
139.66154118048777
141.20292085546012
144.1082644677219
149.07245698376602
152.02823151242438
156.56458153162387
159.09122410409677
161.00074375308637
162.66687209236125
164.1529300536992
166.9035271097529
168.4876182468491
169.88460761361512
172.22860444578822
176.54727619709124
183.2547657651289
186.1730259021191
191.04008328661723
196.76981612033345
201.41891790460537
210.31332079904175
216.15173232517964
220.47005658499205
221.19440891178616
222.18559370233743
220.58925568152029
216.92147174914012
215.64057308349487
212.43393431425164
211.38842341065927
209.1919587609279
208.94808405586102
207.96763507282097
207.05217190870445
205.84992504317984
206.50173077923483
206.53120683571194
207.15163615353885
207.83185081660096
208.95341488521078
209.4662586982593
210.6033408236612
210.0386332348783
211.89913118180763
213.13969226429043
213.9362938967886
213.8446667432057
214.11961925300915
213.59009578080895
213.3385945593791
211.88987501304427
212.40540732452712
210.99708147959186
210.13498843277836
208.73028091763072
208.12276689734918
205.7327705739301
205.68819456193947
203.7693372950177
202.109888945881
204.04353723630118
206.209848733091
211.07218093932755
217.37904659180768
222.09753361014737
227.2549475800327
233.76156085142955
238.697473067093
248.4675956354231
255.6496028163994
261.76146373110527
263.7495419932254
262.5577426851569
255.48059165625247
244.65786122518347
228.78549675924373
216.867159011172
202.80868163435653
179.1563244465374
162.81314103155714
147.68046600445086
150.15489414400648
153.27002898243285
153.8141278693929
154.34645247882693
155.0047457199867
155.11550223319222
153.4269263109381
153.79946047893887
154.09159771069363
154.2496080670052
155.55361417274509
155.27702199258292
155.04399041350604
154.7483706563452
153.5353633615029
153.91252166026612
153.0034381520906
152.30617491566707
148.05138174601197
145.56457726619777
143.7222165269484
139.9827030561416
136.5278396055785
132.9402693456116
132.97036958525334
131.9987427723066
131.82851983946523
131.6596841508133
131.52758493037447
131.96077853645417
131.91767761489385
131.55005570718868
130.79762706887647
130.72747901183487
131.04461436452385
130.63181578587213
130.02806507954767
130.04299337279772
129.25248862870365
128.88529428751735
127.85787333595864
126.81131445174648
123.16842227897692
121.7130730129913
119.7417240209218
115.4120977362982
114.54038985196624
113.20410303692482
110.12675852910627
108.26495652971438
107.6675249797275
106.76979138950016
104.79612524117609
104.17591704554438
102.00817825771553
100.75635256282634
99.48494658418282
95.61961956362644
93.79170560260403
91.44068464966175
89.66146744997678
87.24858938140493
86.77420895479182
86.33655056958752
85.42718657447752
85.34024162397262
84.05672708447189
82.59856105887397
81.86499638028658
