18
7
e
176.26501458649466
175.9891827864344
176.3207894249371
176.541794948858
176.648711226959
176.89605040893994
175.19033113833098
170.23106407885345
161.7629753587454
150.04087581738722
141.74000634914242
130.80083633840246
119.59888002175836
110.04623100014528
94.63186584909707
83.83659243285106
75.26420261105507
74.60538790230576
72.49261696713641
76.46259192023554
78.36767720265782
83.25927906884075
87.50498009222268
91.3513602205717
92.32717925866511
91.83539622877775
93.397216421308
93.36274624003853
93.7743862388797
93.0854342220463
94.7289641313687
95.83470585412617
96.08097236957579
97.77050468337706
99.11838401547146
99.69648969998362
101.35754584685904
102.71424195712304
105.48708361739857
106.84790017518739
108.38291675843254
109.4503919238734
108.82519539951399
108.27536882911548
107.34790439004827
105.53385966610155
104.24914265726082
103.86273575052228
101.31972111063598
101.58073116190167
100.98148443884854
100.88533802895563
99.3155833350729
100.32680798097273
98.81324926696666
99.77130633064901
99.34608528971587
98.21024687435701
98.1720652522562
97.6036129335915
96.80163608456569
94.76944346456371
92.13755498271951
90.58307396863168
87.86810283602904
86.94991660845342
86.91136475426805
92.01309339311497
98.7889991046189
107.51863041654074
115.63786936833812
123.468163898706
130.05247766196555
134.79807445298658
140.9629302958447
146.47775912959685
153.2458145106149
154.28085526699914
158.7896144031261
165.4350161062685
171.02493638165936
180.14402145747098
186.09051238767807
195.23915857638963
204.7323928236299
214.73766190961385
230.2735729131062
241.09064645493268
249.42940986514284
251.44134337207896
250.24159974686606
248.84001821149567
245.451336130373
241.2721470786112
237.45959019393575
233.57979026076717
233.69425731180277
232.3968372109312
232.79999312683967
232.12265008199705
233.3925842344162
231.36123894722797
231.892988467901
229.75944067172853
227.50546900969414
217.99914882811774
209.717282787565
198.29464155057434
188.89728378633797
181.80325227466273
169.19786328387454
161.30173432250575
153.86679977664318
153.2345371866639
151.90762906983463
155.16284914994282
158.55923087108565
162.66492875478085
166.64860544450062
171.03365927739995
173.28605545337717
174.64370179621173
176.70264802627472
176.95176023984905
177.8510632527588
177.86007163498917
178.01661849618438
178.0400729945261
178.54166051245554
178.8656928812282
179.0729827672896
180.06580531073018
180.53615662408353
181.26780330004908
179.28316512498208
180.4790697962518
182.01924859552653
181.76239910710316
182.7446043954478
183.80032964977326
184.90346885435997
190.7196631249042
195.42771884996026
200.19575408113505
204.40113649833125
208.5925014711553
216.11510307659165
220.8712464076905
224.58050851440797
224.16335711626354
224.77532450769903
223.0578317859204
222.45410127654353
221.77220898125248
219.11659046377545
220.17030167708612
218.38071905732704
217.1876590604834
215.27047746858057
214.8027733607828
214.23727051367365
213.28012627283204
213.33768066741965
217.94236713646225
222.5662630245074
231.58098096889725
237.0189952060182
245.50042596927204
251.52565789271202
258.08425991294166
268.0743757938481
274.22137974712723
280.21077120160135
280.769873235118
280.4174159100856
279.52214888458275
277.57463234727345
275.38328175005717
271.2834306776932
268.986058130099
268.18657062880914
267.89797156045427
267.1740451734115
266.7029275269781
265.8259502267292
265.30782215046133
265.6042351432533
264.35269083725365
263.56542381351085
261.2986619161857
260.7977098133029
260.0908194571455
258.27657657377637
257.94681292652496
257.2797122868412
255.81391188988886
255.3301056393507
254.32901427669358
254.60865445575436
250.3674324487663
249.14479719147047
245.5784094250303
242.67989287223375
239.20813942356202
234.8108718039627
230.54707412960636
224.46012049168377
218.58692378407375
214.76439605773422
213.36562799211825
214.0186490549079
218.5626714719422
225.1511711516027
235.1018293641894
243.02505606448022
250.16652561973453
258.47975681672585
264.3007788420873
274.08700886976754
282.9048191522189
289.5090946672588
290.9168390902735
289.33431857124236
286.42016808259297
281.52895102113644
272.5439825946017
266.08974561216314
260.6263529646711
254.69937665808752
251.80951787808286
247.51883273315457
242.8066099461861
240.23367953856047
239.07797702102297
237.76493968949626
235.65672140019035
234.18353790905456
231.61391668222396
229.28737034095147
226.80420441997853
223.4092407333984
219.48764121630168
215.89001595768457
211.7473341324939
209.90101742439035
209.24132465582903
209.23876770589973
207.24134199966366
207.8836711859036
206.11569225599547
204.56511047172094
203.66814808224026
200.86295067659566
198.8425364107557
194.76064470593744
191.75145613012396
188.2086709493664
187.88182632803526
187.39822131832267
191.10186536948459
194.70848936839053
201.97280656599239
206.6901135470546
211.74946003248567
217.38519655365386
222.93980245281588
230.91970202592995
235.00067579315808
240.25428989723412
241.1267980797842
240.35129450905535
236.58570735856384
229.68650444504462
221.14141811107652
213.7628645427415
206.03104584898944
196.72971546351147
190.19177488388442
181.7306751570824
180.3771937525909
179.5621983666935
178.35248683010872
178.70771047324087
178.09267123457687
177.8520265874537
176.97264832122747
177.79290373307245
177.3336984631264
