17
25
c
61.20253211227999
59.53696711310226
58.45224560934106
57.64600043126667
57.11232701762218
57.00117522467364
55.63242795358778
54.089871399239534
52.969266866330194
50.92003628501482
46.65089454052426
42.46730376654167
38.74703527079392
31.815821843587976
27.591000898424657
20.12043638259644
19.245075915780475
20.03918448389596
19.187776431216047
18.28908982383007
18.387992113193587
19.424357240776718
18.146663194462516
18.475966904251607
17.71522842302256
17.042675112555568
16.839908419209298
15.177434543178746
13.256249718069782
13.801490188789625
12.987235381807729
12.613597254687587
13.04807711780801
15.196044282689776
15.065969815411513
15.070775300984552
17.473217810913933
16.78974802578265
16.753776224908652
16.190263069993364
17.46225375565953
18.552304789013313
18.07928194456578
18.137052675341234
19.222160015668663
20.166461338378944
20.37030417312624
22.33639783670464
23.743497507930968
25.719548303612893
25.570257752760547
26.712726969429934
26.710070480516332
27.811281685358615
28.299242643639868
28.824510942336268
31.06802014816197
33.6668245405569
37.51446674276686
40.007500740246456
43.153072906646905
49.535367273680095
52.407043054397505
56.936282195304074
60.33810347187487
60.0398480407574
61.35421779358236
61.573916729153765
62.21125216063096
63.13463777421128
63.791419607770806
64.04524119714601
64.17452483671116
64.46945142151247
65.31046098380848
66.1741510532213
66.83317849393518
68.58595081104478
68.64919814813672
69.25027137903027
71.24662047331734
73.43998089566301
78.01246809200593
79.70793052208202
83.59702495794808
90.44201762261845
95.94272658492807
101.44532031357203
101.11726302249784
101.09664935438826
100.35346966053427
100.2425823074097
100.23094755162624
100.41315383587404
100.32782927494823
99.56327022414274
100.29862247094862
101.00005408284939
101.4462548677246
101.02631402983933
101.16568416790633
101.2991273925375
101.37616918189384
101.69721667800519
102.94883269190306
103.30841368532504
105.75617474017827
108.03379924440202
109.78846121538876
110.78341158484918
112.91821844948646
115.66847988023154
118.56242405328746
120.24608154644478
119.38768739980509
120.58578638974375
118.17520731289831
118.21246894186244
117.52704013132154
115.2576920256745
115.14794966862831
114.63498031055404
114.40840263791857
114.31209958679507
113.68627295375936
113.34961634519667
113.38315934565841
112.93942720763667
112.13675942847632
111.72676955685058
110.6156695843165
110.36669120252316
110.1609096579705
108.6111324428279
106.83718710333982
104.47244628958184
105.17560729106174
103.54895878513925
101.89164905412544
101.88528675182556
104.55321574833562
106.69624493027487
109.68890297639285
112.68442459381704
114.52701496659184
117.80476063874923
118.60700326520687
119.81848651760043
120.74821091774787
122.77749056831003
124.60596417087041
124.89399829929592
127.71787093866963
130.07859755163992
133.02041450793428
136.722876357584
140.6922634164352
145.09370459280655
150.04041197842
154.16086566651015
159.09885516362098
162.00452059021814
163.02160023116343
163.32118117463446
162.71158991348872
160.73545220757646
158.21066186980426
156.89549319626497
155.19205030277908
154.77605570786068
153.7350620377133
153.48186868615247
153.1178558783822
152.23508411203943
152.28152793943443
153.0929053584197
152.3119297096117
153.78186823747836
152.9948646282388
155.52112725278664
155.5763618426679
155.0092721507245
156.6287711520599
157.45981602221906
157.43002126844974
156.89093603533252
158.32991781695958
158.7117805527286
157.39625597439934
157.10557034153442
156.6061897357276
155.87730944865083
155.18251579968447
154.4762386818717
153.54538740543202
150.70073549231859
150.74667464163156
150.5177166511937
149.40171272637426
150.27177582809512
152.2635757289482
154.15830262459977
161.4344873775954
163.3328901154974
168.34311270458392
171.93961475286446
176.58123192123043
184.1083264764944
189.1224814247799
192.91250929253462
195.1709041480203
194.3786441074279
188.37534918176985
180.68658482778892
168.43094129838076
159.4001129570753
150.23322702137904
131.9096377195134
119.7526592519727
109.16584004084667
112.0966849603744
112.86053235575217
112.81725451444197
114.06578374422577
113.9382603277044
113.8313009389533
113.99824196728241
114.91224297910999
113.27473062177349
114.54742242527662
114.29594586610573
114.29046833833432
114.3586453524984
113.7446382181755
112.98416390713842
112.47074933440533
112.92956573083018
111.88247000396228
110.22697884036117
107.43453595839004
105.75917857432101
103.71081805392211
100.63273061957634
98.23597276862998
97.79945033468852
98.6781511822587
96.79232252851291
97.0637474502883
97.2605377449742
96.96106648483959
97.61941544827083
96.39032410828405
96.88204183599268
96.92726745245182
96.21230470730418
96.0759102927934
96.26893135433737
95.8136312145922
95.168537980423
94.33161941874557
95.87738641506881
92.7602659833845
90.86298279966391
89.48986400210305
86.96433274397069
85.4476182698606
84.11493353757224
83.40453191006347
80.43829504680681
80.41592413780424
79.23402481612929
77.74388536534717
77.78500634785311
76.51066521546291
76.0559365286618
74.41634465162545
73.3154265833199
71.91389003842653
69.68673507368472
67.8010377552447
66.12865533467318
65.21346792419324
64.20770038140752
64.14501806449957
62.78798312105552
62.282953840970855
61.295113972418704
59.83862671652815
