8
18
d
75.79112442697836
74.81350268333239
76.58433389349547
74.37720348386719
75.25340532073164
75.3316006673483
75.87675528103088
71.81946339098128
67.6861208600473
61.52476203589627
58.081020803437426
54.218472021301
44.30316491572246
37.284380229794635
30.517806395837948
29.764353676489193
29.942877976103752
29.75045662688109
29.029300057149417
29.640691874085768
30.091470749397907
30.74005070129232
28.98920859391145
29.378548318743384
28.628252089167372
28.24483325751211
27.195980737245407
26.263243241322257
25.258142452143467
25.71065957124726
25.49860565005326
24.90372309230375
24.5470880856745
25.79007207049706
26.20090949893724
27.200002498029363
26.003463500776068
26.413987327443827
28.127708890103015
26.773934542641545
27.658073611901145
28.394480239102485
29.08714561917406
26.88208531838099
24.743468651757087
23.02824609216128
20.37471480644378
17.218360685557826
15.088273607824048
13.51362515164436
10.117421972785593
7.470013710123476
5.480064035278242
5.365956731044992
4.625107220769877
5.9907976631965685
9.264898831139385
12.624438390281574
16.98509899973245
20.052852254453484
22.175759454500003
24.60398864098138
28.379391840866138
30.317889530976924
32.79317739668914
33.392609705070576
33.795696669887924
33.542839801015425
31.918425677575904
30.568064100867986
28.71662136221495
28.388346542036004
28.83304912482013
27.41267134091931
26.269460296526237
24.873219374692226
25.53948700070832
25.149456026196273
24.558480098604086
25.781341057521747
26.73963666671566
28.14119701400826
28.774011892497924
29.920739688035418
29.609074958444193
30.841682398485798
30.64886298857457
30.445468744085943
32.73819821124424
32.84052202482178
33.70882820112063
35.340282151969085
36.5079126148148
37.661529308312424
38.194596583439804
41.832945627243895
44.28827563086016
46.08322424887707
48.5076078750737
50.380869479545154
52.2429789467804
52.92415461634163
52.74036682577703
51.571540842193755
50.460474632352344
49.10410500055123
48.46972670150717
45.725951765539435
45.36801759711818
44.6115392952714
43.35834960042712
42.20262073795181
41.07047015051933
40.60561574429483
40.487821414425134
42.78199939666398
42.79966879798937
43.22871751712626
43.356675519586
44.81026368976445
45.386565266135335
44.5473117554705
43.78097852471808
44.62262095970378
45.20687348691045
44.68508583365106
44.82476295764003
46.41425360279524
47.35909305313028
50.89323345470614
55.44969498673743
58.849777104687476
63.83900111885164
66.47569727339757
70.31400249586673
73.03241934077863
75.35101391703884
74.65427165783136
75.57503100000974
77.28928874415095
77.24792159880843
77.20245977859707
78.09418227704761
79.35375218772593
79.78462775803848
80.55043894074034
80.18169203773836
81.55652111706617
82.24514641198083
83.90000551465819
84.74751389974372
88.67834268139796
91.34489835148452
101.28129614869196
107.5897790933684
117.20883549378422
125.03415769575969
133.76296246199342
144.82733158971573
154.95940593667305
160.9655364288968
163.26058179787827
163.27033139386862
159.7114323728469
153.62989822443612
142.57328779706128
137.08779248736693
129.0615838894084
118.06288863393127
110.84376840627552
105.55973292061769
104.72957678324894
106.20776631404969
106.95362504702794
106.88046904494499
107.32816896711408
107.7471801531482
106.9423187757639
107.51482463848292
107.43111352192363
106.83664551223671
105.4668834327756
104.0472232125045
103.68697489373834
102.72312962859745
101.95457171673252
102.5782019845066
104.51271500447372
108.43498373990455
113.52703905309102
117.12191932488172
122.57360010236783
125.99253466710788
128.87424763622565
133.45767439168384
137.3012768556366
139.6059275111663
140.733943084922
143.17961085814673
144.8800276151699
145.52332626245564
149.42921645598352
149.84393200600064
154.27728962166555
158.8802199291053
161.16926952934872
168.90907754686327
174.61430571635702
177.74308617885524
178.908965431027
179.51078401745713
174.05713364094734
168.1573629907149
156.45144960996382
149.1637445857091
139.7983336636009
132.21483816665645
126.04925676000299
119.42486041753429
112.74158010014114
108.38062149789998
107.5126703210251
105.21653399517773
103.69669336470189
100.94106747081605
98.8507931209112
96.42006454201206
93.48044889424486
89.44483227513257
85.40056668701646
78.02735306781828
73.58130665052164
69.5666201864338
68.53223245101482
68.69649199442854
70.61037889576242
71.94097220249988
74.33458061342685
75.61036133292012
77.22101950394146
78.18377771655317
79.32226834528736
79.51235267315883
80.25738299746617
82.18415074368158
81.78598444821012
81.95593100566929
79.92247195869948
78.51194290596986
74.95145184899579
72.66652154077002
70.80094506625913
68.89676118619262
66.20365064426475
64.30979892935267
63.01279319118513
62.12533945053679
61.1245069050315
60.059733308687456
60.55841631591478
60.240227715091805
58.97358528491028
58.434645178721674
57.30166283702996
56.59716132404557
55.092159915114806
52.56276846586333
52.011221737489
49.2635365671798
50.02068886451238
48.98293950420233
51.09708331669074
53.96081991466967
56.82518256248442
57.705058181206155
61.247305924853606
64.00179676254201
66.51902597833687
69.99795742588563
70.49881657817281
70.34873119654523
70.43883177040519
70.88437805957334
70.87901707086078
70.6876970980331
71.54224751533964
70.02840160186136
71.5541059603469
