20
2
e
43.65211956197028
43.853736133494415
44.7283878909564
44.04746027155184
43.317936453808784
43.27414309501742
43.24190661556374
43.33064932771143
43.03505149966136
41.969514585198475
41.53722866576446
40.94687329030643
40.29076421429613
39.83012673988922
37.95002333482714
38.205259687563824
37.36904547300031
37.35005450445474
38.251446281120394
37.44592030066403
38.47491247974307
39.11303761135539
41.062292317718686
41.9862533510849
42.35497533366542
43.101749640174226
43.99471468627496
45.225713673445306
47.10017776865039
46.24163871319685
47.70905449056179
45.46302306140108
42.592684153831534
38.42937492562334
35.64371978311294
31.482549461957195
28.385824410936173
24.61229360726443
20.70422955197614
17.23305891756666
14.68104388095184
14.002824642095463
13.329665744620154
14.910606872999157
17.674091285008586
20.287938707648493
22.01589284742724
24.247711469916446
24.638589952158522
24.897390990161824
25.204152769465047
25.88207096344712
27.123573468904812
27.895527888587665
27.469767528476808
30.227082681258533
32.75100395184548
41.96506820751284
48.064810203028614
57.79905417667285
65.01455566947506
72.28074758472884
82.66416909902519
91.19876791545265
96.47123327261032
97.51194651803466
98.0824156797937
95.73620377482844
94.67031181409315
91.23150222614406
89.49653811966174
87.56586549278963
86.49629534597533
86.85774497913205
85.09579513204376
84.3542300548559
84.44389820995484
82.97689041317523
84.40534833067619
85.76511967001164
90.723320019783
96.4918762195886
101.43001211106237
106.38609555628553
111.45216473438877
115.12203104674101
120.66262910307498
124.30290747569833
127.33030210430586
129.1394568117134
130.0226927360726
132.70626403123117
135.64258671020184
138.0778540911848
139.52734532326704
142.51984872906428
147.1838543184558
152.03076265189569
159.7660308822912
165.19441697185027
169.44910296943522
171.77843247856293
170.5392777690319
166.1263957966596
159.6120589051318
150.6011550013945
143.76414430041748
135.5165546113427
128.77650546498836
123.70891306653404
113.03210835919562
104.97989949392881
100.59836453874995
97.54922432143525
98.2889018883911
102.31626198606497
108.67278417693237
118.2483357892529
125.822516992665
133.2345621745522
139.50654451165542
144.3398766394282
150.56490431648294
157.42471577410174
162.45032667138034
162.5958181822
163.42080850233756
162.11964773487625
160.1325728316889
159.23119255252732
157.15577167072766
156.10449782434029
156.22576453401092
155.95660726896406
155.20425546175116
155.50991299357733
155.86143875375473
156.50823466525833
155.67078027708718
155.4627906971036
153.64538938761473
152.62231528241927
152.16379795929242
150.6098531418311
148.45385339707653
146.57697747561815
143.4310515791361
140.70169796341042
138.6334288605564
138.14952226586826
139.01709520253837
143.0801009325815
149.3095943162184
160.166846942422
166.588017535312
174.32782479183652
182.12681503662589
190.07607788821068
201.8740483262891
212.6042363332179
218.1626223865328
220.85932020634908
220.66944620872786
214.43917006550228
205.10922807259297
192.93976860801905
183.656815380114
172.10959074489875
163.76036771963447
155.91683103000943
145.55293987036174
136.00345837001177
129.77028680833135
128.40190803272486
128.31500062432195
130.08279914942406
134.43449792614928
140.48904103919807
143.93738430455767
148.06126796734478
149.8881466425543
151.9980036395325
154.11055846766348
156.77050230696275
158.98073394320713
159.49469462619166
158.58666747492015
158.73607571215658
156.0805577789733
152.25757276696396
150.86724419962573
147.6745110543152
146.18955666123506
142.18964895997294
136.804168018353
132.8150747692575
128.5178341273891
127.43850150798106
128.20168190596252
136.01359484662964
147.38227016770452
166.8559390240523
178.82755488159896
193.6395452311909
208.38764105949403
221.64450852907595
244.36444095438867
261.1348797863353
273.43265878681643
276.6438034710106
277.649084818553
266.8337996602156
250.75853706926685
228.84100788578695
211.54403845174406
191.6761532977978
176.5313910848756
162.88373078249742
140.28928519599674
123.05273077077518
108.6454484755724
106.11329863645975
104.854529677228
115.23429789382172
130.64493337230337
152.07465876318622
168.8013716814658
186.59791444101182
200.60051882546247
213.4820016733785
233.45946555005963
249.1180804864632
260.58915361909476
262.99313033565284
263.74552920453715
255.8181357526835
243.15782102927537
225.68624847668517
211.39875974689485
196.0283311748536
185.4722849149714
177.1533298759105
164.7677606425303
156.890227329945
150.03173983870485
147.44001336254195
145.57561614647653
140.42920626700703
137.8627552219647
134.1057390687137
130.23385334205597
125.77764742419383
118.47795095957277
112.13030994357611
100.62192151218791
92.0480715397241
85.4242449874174
82.69068316930392
82.57209421321623
86.97311037522799
91.6469964419468
101.12311689762514
106.72536206420305
114.98987908791193
118.77647836183617
123.23513648990928
129.1556895660537
134.6503968561736
138.79349421751488
139.8745461411201
139.66506303348265
135.84151103506267
132.3198394813731
126.0083915034912
121.89866246880307
116.62785711546228
113.00378492706926
111.35790265054682
109.0238499345569
105.89392503388882
104.63883186923455
102.2650105446206
100.62737378326217
96.02222509311926
91.4611660781438
83.95239157272897
79.35727845509923
72.46031814724162
