2
3
a
219.5458396101676
220.13098271897076
219.8389339438871
220.19899513304892
220.0946320871774
220.04838277430082
219.54938378302722
216.68967349438248
210.62346608702285
202.33568800304113
197.4126927557217
190.85619186126732
183.157573274233
177.2580806586533
168.35423224247893
165.1819484457593
161.3705148096387
160.20462147850168
158.870788422645
157.93471026222795
157.96058014553452
156.6436059549628
155.0793220492957
153.94175138727718
150.88280334953086
148.7409241049909
147.20742292767235
144.03848931456093
142.1085072836263
141.59434330887507
139.85770270310763
138.33626172870078
136.64202675115595
134.63224300036183
132.87544500272128
130.8781331576439
128.61194996074428
124.67125158663201
121.79082100613412
118.9375038621751
115.03688027153551
114.72468561925893
115.43858991933338
115.81556839889858
118.11274886182612
119.40683866737272
120.93010501590604
122.54334583805243
123.43848944033478
122.95516707194083
124.43795684820665
124.9490394114507
124.86413854728194
124.97872574590123
125.48260793845533
126.24341735227466
127.3137230526288
129.05579159585668
129.70454908320022
130.8900344178208
132.43235063118735
132.9997656745869
133.71689021966256
135.4515719329247
135.9515266284601
136.39739829634144
137.34547920271717
138.7105572125965
141.28783505527608
144.52168411474045
145.24011166383642
148.5854182044505
151.41139129071735
153.00689637110753
153.9070713619463
156.0889580348114
158.5036579831381
160.00994384738465
161.8824442771358
163.71663488904483
168.7216099593588
171.70019703269998
175.06256608418656
179.82829759041135
183.641558404
187.5985370868778
191.71640050359034
195.9613217787142
199.43816448445727
201.58485227390727
203.80729999619345
206.79401330471387
210.15976914864842
214.8994751653343
218.354916321644
222.80925836343923
228.5379515412534
233.3366471811821
239.53889749563155
243.42808193892304
247.22028756836139
249.83936097771314
250.52260754188984
253.1719442523209
255.16277281174365
257.3230743617282
258.8393190764492
261.5306635272006
268.1598776191406
272.04260216067155
279.0221311150254
281.92036771751907
282.05740923807144
283.10933012928547
282.3512095982
283.38484098030995
283.62485722502066
283.9502642622932
284.5532615022851
284.2462659779669
286.9781143943693
287.9570528515192
290.1088815787964
291.7504774502983
292.8412883461289
292.50880793156324
292.11933305737944
292.88816726916224
291.7015771592155
289.66560981967854
290.12941579587937
288.01616264819705
287.0623969442454
287.16729289231495
284.2787336862782
283.6211443255823
281.96531716025913
281.5401223849939
281.9335834703386
283.1797826808871
285.7236983941651
289.10426188461093
291.13596373494414
293.57567372720956
296.0289849302613
298.08239702340416
301.97524969407516
302.78782097607615
304.6878318199798
304.1226928772454
305.06511195942613
305.22924668737767
304.5960686209347
303.4016478400435
301.8954434149276
301.74089568699964
302.28389987394377
302.4854657892741
302.44839218943036
301.9376634276504
302.96655898942447
303.1054932729266
302.8685739626129
301.2897826637572
301.6471611281887
300.1529783546388
300.40410187393115
299.2553936673059
298.3433627302947
299.23454279063094
298.4936350205209
298.0690361899811
297.1771846177158
297.03652948107634
295.2773763745516
294.7040869460453
294.01403155322015
292.1863516873624
292.4002004327462
291.2653368156149
289.2881127057391
287.83417425850695
285.7466119622177
285.29137882647234
284.15892588770794
283.494562296203
284.06577393763865
283.27994370840975
282.54708170641317
282.5797898421498
282.9579807993714
282.713382833223
281.5343949276659
281.46517177817435
280.1328711799947
280.0099285060982
278.6639132403307
279.0802225492332
278.8896018315312
279.140441560736
277.20589615658486
277.5828961574937
277.34496101233003
277.24786676202314
275.61775888445493
274.5441129750756
273.86078240751823
272.33282674159017
272.4853244482459
271.2663486107452
271.98116270300966
273.1183934838214
273.12067829094855
273.975130500233
275.82642994308827
276.78136283300466
277.0768208374203
277.9648582500051
279.48127886774
279.87749682522923
280.64499022222674
280.97299301456485
280.64804276982596
280.2551903191452
280.3736510085323
279.6761256792996
280.2180703581141
280.0465654605162
280.11272189529365
278.855897588247
278.40014332674156
278.22281937664957
277.1557750672117
277.355232615529
276.6309389390825
280.0800701400471
280.49228664254196
284.2610856645538
287.4856219581905
291.11272349610505
294.44497333547446
297.88476440857545
302.4524147415452
303.59068907191516
303.5690283882464
304.66088796686347
304.32776517680145
304.18352384216035
304.8896699876446
304.91136060299976
304.3376653041556
304.72874040296625
305.64765292496617
305.7743065860586
307.98269171456514
308.62204555726316
309.75588516208165
309.6451290024069
309.1697564923551
309.33802439048264
306.885762949518
305.10926584776195
304.5794853361057
301.0788088451164
301.7072763196086
300.49276946853377
300.8284807625087
299.6680455160795
298.3250189779209
297.1418097710851
296.7114512506101
294.95068598792454
291.80239809026693
286.73531717340626
283.3500673553472
279.21344932375115
275.60141843125024
272.84063386450543
268.9256554289503
266.2252735658798
262.970336540021
260.4688248187266
259.69776380019994
254.28566359803764
251.30239712090594
247.2314828451667
244.73716766042585
239.51790523919624
