7
16
b
12.800502848349304
11.847192214532686
11.608648210739819
12.722307546836328
11.824104638923368
12.931460618823893
12.641526232932852
10.468270924621935
9.801938436325473
8.22622792769094
8.683647809508148
5.9150757568296495
4.421886597206124
2.9611094831688174
0.5772092024786838
0.08451317976130171
0.27290447118128053
0.0
0.0
0.426462419502004
2.577143710840538
8.45383527307629
11.947795537054157
17.843023974503136
22.761421311975628
27.61662145066326
32.47877140822373
38.255301824213994
41.819983405342455
43.321615801549726
42.13409871734941
39.221425664758094
34.54074577545984
28.13789658989087
23.67248439597204
15.595551163496427
11.613934677984386
8.058816790145245
1.5070121541407415
0.475553560089482
0.111630012352658
0.0
0.7080254191137385
0.0
0.6027759589599974
0.0
0.0
2.1679533562079922
3.9830183220432867
3.850784257694907
2.2009804743240897
2.8775809622704207
3.8933609026458553
4.448628923094653
5.155208345777878
6.52080479105273
7.628558954483008
13.53187737568139
17.63646657685978
23.440414255145964
25.09940649357409
28.04018982261375
29.387312744399193
30.98491313487348
33.39875423329096
37.33424668636479
38.81412672971494
45.09325158630386
54.52509459650866
67.71577201937134
77.57477978376653
90.47328521682498
103.0344270079982
117.39093494143499
137.5545596076407
154.84497068391144
166.49913282806503
169.98101540746057
169.13528780768144
159.29591950284888
143.7681909220924
122.20487775863307
106.42502250359532
87.97872433810086
74.4140058241374
60.07055449439444
40.651661886022744
26.089469132669063
14.816714929578396
12.47855181234954
11.759659210307696
15.85072093154389
24.034525104285116
32.368259513419005
39.65110135941712
48.22268787380487
51.909107957896076
54.43081772248432
60.17760193388713
64.03112668942309
65.68213322437877
67.0084614739076
67.62643666159607
66.7848908059588
65.6181921884949
64.68135644813378
62.551771343883466
61.955762980702815
61.3305530995342
58.042731937403204
55.54255433754655
50.960102538313386
47.266928529776465
46.14516053017883
44.384145533998755
57.480211042478
77.13619264311112
104.415928933393
124.13494145969403
147.26771316150987
175.09163828098525
195.72769853903412
225.69823112502652
239.12769743875356
245.15747250733267
247.88020265270677
249.23819112126378
252.72885675729157
255.40832952363962
258.0810554984803
259.6394700075388
262.8513588590976
272.3321959477098
280.3410528215097
293.00617581489126
303.5066901383961
312.80293075726706
314.2036512370847
315.01460744365556
305.3351785556799
291.6507755793667
272.84905641933227
259.11683811491815
243.4203430017836
227.09744457678568
216.83090859692263
200.6616807356085
190.07918655786554
184.2647249479423
182.18773168834826
181.37395434420299
177.29338316743687
174.9978144234972
171.24004641273132
170.24093684368108
167.26839435442912
159.8728305653806
155.2676305544774
146.64308569740226
141.74761030295133
137.8008677316979
136.7457835435566
135.74750271531087
133.31171503509583
130.89233310491034
129.8844083094248
126.69118550011166
123.36411408099939
119.93116516275705
114.80872675838334
106.02179236354519
99.95191400906702
94.46045552772303
93.3070853219055
93.13441506010311
99.59960913830822
109.744154340918
125.78912415147703
136.86816164045842
148.86110082550098
160.69843491357628
173.13688265108888
191.9299647903095
206.43886004504392
217.39576463007705
221.62167014778078
221.22977506815997
207.89308588412274
190.5865391272837
164.5301984919498
145.9735314208365
124.09042123827815
106.56515038457464
90.77914931998205
63.6014728473572
44.96867978456244
29.695831722559497
26.083774299917224
25.1597179288502
33.96054113412468
45.668379529534974
60.838262732879464
74.44322686405782
86.98752242458411
95.31737198642124
103.47285132688013
116.27882718146634
124.93613620462727
132.03345451359326
134.55573525816627
134.96249521700753
129.58807889359858
121.18449623712695
110.75071809047473
103.51244555012715
91.90692722546446
86.35090947525816
77.98577229160466
64.02749613023815
53.66377864717635
44.6896772826678
42.146184710346475
42.404167148473874
55.81819251873192
75.05045304068997
106.31219345675655
127.14931506296557
151.96043508925044
174.18490055929414
195.6732825823408
227.08115701698378
250.95612100215075
269.1104814683514
273.1322368549476
273.38546017889166
265.45396798135926
252.93225880875613
236.19340031679562
223.09997340718104
209.51103890625888
204.10521000408787
200.18152600729567
196.73770714041981
193.1883396784368
188.56983889133977
184.89236003270176
180.82542752600017
170.43367787536786
157.05855387797996
137.99235482391614
124.55066622299842
104.40950704056029
85.41210376323363
67.6946809790477
39.76225992671799
19.165458456697717
4.0766153900441235
1.4532917995000536
0.8692188821333329
5.114934294949247
9.459987736169843
16.305538880015675
22.62649288794432
29.18877607671057
28.566804637749208
28.174824731459104
27.41551534585536
27.215810407659262
27.707287228147678
27.164386327107486
27.047884640104417
27.94191031753598
29.09957995728727
30.30459266331848
29.94650558194395
30.302200861772207
31.847889143899106
33.48752256378741
34.07592406881725
34.93264165152498
36.5131523049018
36.594016124561215
37.13056035677624
34.95508312375369
32.28080825289288
28.214028328541527
25.985713785498344
22.553591884027146
