1
8
e
138.4120418530268
138.76266990144885
139.15607536963407
139.57052648064143
139.56947557678143
140.6635931653068
137.6746672784044
136.9506213784687
132.74449602382558
128.2344165874319
125.93023838683088
120.58804256654949
115.42990949556861
111.61248926697704
106.37689358030948
103.49295199362528
101.72454341639623
100.79299094267667
101.16536361394841
99.86207615856354
99.46788915994091
98.77846800710357
97.69688265062345
97.03651015345244
96.39285988769196
94.21825557714591
91.89084056707232
90.51019765018134
89.16401912553351
90.0132730170883
88.68516875088942
86.65003547132714
85.63707603215138
84.27944263087329
84.37680530849302
82.54749579715521
81.35558924179298
78.59574916842212
76.31579037755323
75.13756291570013
73.30526496599057
72.726078648894
72.39207145167937
72.67546329576491
74.00167833593991
75.25210716119139
76.11194975227498
76.96506994361972
78.41436211082721
77.97561538316596
78.55008743913184
77.58458176132773
79.40198321181481
78.715635805701
80.70517236860572
79.44747409917828
80.78067266682449
81.98289823558923
82.57520696741513
82.65032809771378
84.12359950408475
84.55106933089259
84.22340108311633
85.2030076758296
84.50161669471522
86.39549468131653
86.2182215881486
88.37327110036058
89.53177529676478
90.79703937941086
92.65886110738607
93.70477134533186
94.90316528179795
95.81677115686504
97.51685093726513
98.4336053801214
99.87642756131633
101.37914205883875
102.1547537634452
103.86264331803108
105.86258730537199
107.46384259077621
110.23005280779739
113.38051346402585
117.3086449837049
118.50803347325032
121.81643304300623
123.30507203374191
126.00705325847126
127.61787286365778
128.42332650188678
131.13387405875207
133.01112220005595
135.44621127775827
137.49350836300084
140.66175176144733
144.18247556688192
146.84228811405455
150.60655696178551
153.12619905245626
156.3125834817765
157.44085464279064
157.92984261161322
158.84351789107043
161.29797362013144
162.20269029357868
164.09737216912112
165.7253188458971
169.30257952247558
172.50832945661975
176.07609194076446
177.20034962265024
177.6346730241977
178.16672301988837
179.22304377780446
179.32366269916258
179.02388447161854
178.92025790938203
179.31751295523523
180.04616353036093
181.330826034781
181.23057035990067
183.016833749311
183.9074676920633
184.5260852954286
184.98582792106689
185.30752660092926
184.80766732740156
184.46831800668664
183.07840464449845
182.40914110003592
182.77887488641443
181.379142433479
180.36911982179657
179.42882995257042
179.34733861298017
178.14720914865904
178.34979059830488
178.30046084300542
179.4066922565718
180.25901803375922
181.93023599967566
184.29237647398423
185.37179647714234
187.16713761159704
188.0566566830656
189.11973554180028
191.82842065631203
191.1949157409725
192.86609846242695
192.52276967174504
192.52889319340068
192.3369074858165
191.37994010420445
190.9772169111778
190.93245630501772
190.71959426870097
191.66020260541646
191.23906142159439
191.0934137055867
190.9439698936568
191.23336201275907
191.54990096217108
190.84959521005436
189.91537496149903
190.13512007916663
190.1354968469619
189.31469588773615
189.05720920190575
188.26000054555513
188.16897761221125
188.52327300322403
186.7169437523695
187.22099232897992
187.52949775336901
186.06130481936972
186.60682834338206
185.19232835156063
184.1849887030456
183.39589574028662
183.12526579818365
181.572684737396
181.26690294742406
179.06045213064763
179.8535623779893
179.79529127826095
179.15247497879787
178.31640334895144
178.6737551984439
178.5762360644997
178.79209320039848
179.05732639410158
177.98284086440665
177.06440054635402
176.56187141304392
176.35405959206534
176.29787303920185
175.87369667688523
175.57908596999903
174.97009269299016
176.7077650460828
175.38905916877437
175.41734478242176
174.89029515703942
174.81896773256528
173.8849060960454
173.4603831108461
172.02324456179068
171.0309911005396
171.6709162537938
171.32749462586958
172.51511177054874
172.773331890552
174.32961723494674
173.8751237174694
175.2176535788907
174.23845966852824
176.05015294332418
175.88204302521325
177.14114056654867
176.47642544453396
177.70281428274313
176.69107654839186
176.19399477232722
176.48894240104468
177.0265695438288
175.93932961586853
176.30103302466273
176.11460194682755
176.20020998113566
175.0862865094157
175.53042474766667
174.8894467931465
175.4704043791878
174.44234411990863
175.63674579540984
177.70824507605548
179.8155989522088
181.20255947329588
183.05219853883085
186.2425887619826
188.4937157629346
191.51978122153793
191.5181721567266
191.99468168942798
191.3160147267786
192.49393805255104
191.88549138569866
193.13253711598526
192.2226703570036
193.14213791604624
192.82881763142072
192.26793068110788
194.24835211722964
194.8727570339893
195.05233321819
195.34096098676315
195.26985293090388
196.30073195729514
195.7624409057619
194.4024869187681
192.95335764263476
192.33527145469498
191.11028170537583
189.79265494111647
189.87180832839837
189.87663239506614
189.57556861655928
187.5188045087764
186.86032532933814
186.77177606519186
185.86540801992797
183.94745507015585
181.05051504130034
178.7184665108752
176.52354438799745
174.45432281198558
171.87631926591868
170.66654223941813
167.42882448622436
166.25441579822595
164.9945213364126
163.6346590835538
161.02169234432904
158.81073161105456
155.89823707635952
154.72555339302022
150.8322505069298
