3
7
a
83.40220345239955
83.90083965949407
83.41588417124203
83.09126883604348
82.71414503539121
83.7538236208997
82.60045600242161
79.52507006510935
73.88376209105793
66.92215935175422
62.70809824163042
56.6508228165173
45.88695691368594
38.271107661658824
30.316418135423177
29.819328016183604
28.515385668811774
28.567190668234318
27.440871221336664
27.535814444692026
27.3912057716485
27.626025021371387
27.221710555281973
27.098296464171554
25.732202630340623
23.934300175338564
22.167039016229324
20.036196877128646
19.240473555312057
18.556012630347794
18.537929814181545
20.138785413474174
19.85881140001296
21.35295120778103
22.5222306979232
24.52031415887331
23.922285942095638
24.84729101356094
25.489064558613656
25.242163412371717
26.418207544381676
26.14768086229156
26.00029611017371
27.174168472640883
28.963445596965094
31.391725344458298
33.149158333477786
34.637350110898744
35.17031731829777
37.41550268553226
38.188817914301175
38.56921873278376
40.661067967436374
41.957710362248484
43.34586135547426
47.12281690035598
48.91492751986032
54.25371783387025
58.69420612537227
63.52907466246197
71.6301159813659
76.07803652618439
84.56319851251844
87.39674646177035
89.55923391426512
90.01987359337136
90.43279591911413
90.01738973644929
91.8327306520477
92.30713050699451
92.71648734610785
93.94425049425455
94.89379231100159
95.87373659890488
97.46205106006771
98.20630799612783
99.41008639371155
100.92919322638957
102.1963564030832
104.85294469109749
107.81579889246771
114.43660783133971
117.54215789439188
123.01332809010465
133.01034537715182
140.0797240006769
148.4236048360658
148.45572721679048
148.1789898943074
147.97618215276165
147.78568318731212
147.14716879113053
147.17630521975119
147.09270977572643
147.7756245215056
146.9250055599715
147.0035330922921
147.61273680422923
147.81378947530962
147.50303524429467
147.90657658566138
149.61022794985527
149.71369171833547
149.92055663082613
151.15100155136017
154.50875524116714
157.74328220121564
160.7923508334694
163.98037786342468
166.31748647672717
169.54270905499212
173.08386309504505
174.5475057769412
175.64974483493967
175.44686062423548
174.27969852077814
173.96504245710577
171.3005982572659
171.37592717772577
169.01556614535428
167.9476768114543
168.28750797443465
167.52307292857734
166.77552380437612
166.14549291320634
166.62351792113049
165.04320714577747
164.9179613579159
164.1722238393916
162.65356397105325
161.80267079519945
160.67070230799527
159.36803683020935
157.0820801388034
154.5366587703083
152.78061371107597
151.08925673036208
150.14361470704915
150.32282333505822
152.8318245540355
156.82314398551873
161.11000901318866
164.62277224655122
167.97620412352694
171.16680562175617
172.89277617133064
175.59262220907902
176.85512313458182
180.93914697627235
181.75404606388918
183.15299382369
186.91127157707487
191.8048587491464
196.66816577489655
200.37245913703495
205.95385136485638
212.41251614159708
218.43738952621788
226.8573584269588
233.04773818108887
237.9857388909167
238.85755423236242
239.20744262497092
237.26710685161586
235.53327597704975
232.28547172772815
230.11068612595983
226.78517519424477
226.32566592457403
226.28356863280996
224.5220292488179
223.86884646513738
224.63875800182717
222.98017919508334
223.6010792637428
223.87755801545384
225.0587641705894
225.51166487809263
226.50351095415255
227.17077604662165
228.47330760375536
229.1692678064624
229.41785020946384
230.95228498039577
232.1072543222682
231.99912912005925
231.30944718066993
231.72956545170177
230.41075087557292
229.17449272552494
227.98856602459125
227.68096651818732
226.77744649856314
225.2634859170235
223.59654421467377
222.45426142306988
220.61882455043244
219.94712124711205
219.42959616510475
223.1084740554273
227.82565327023173
235.36317990246687
240.4337264061739
246.6500296017649
252.35905788004177
259.4032581604646
268.5138365670982
276.2418031046639
280.96917487882047
284.24063862726564
284.6392006138031
276.33227935146397
264.0181311364601
246.93590800077743
234.64927520061096
218.1397583252747
194.42987983517935
175.29665180036477
160.16889448894779
162.0383588929537
166.20102723613414
167.60491077876023
166.59701912968686
167.07801567981267
167.14455830666265
167.309017033692
167.26308167249374
166.6696648843422
168.11152824363583
167.75248344614772
167.45077854753373
167.60769772084433
166.72891013661697
166.88446790516323
166.3122223068093
165.20494099272494
163.49237489553855
160.1510134455395
158.9422118660086
154.99461428490415
151.01433982303027
148.24134695768004
143.76518499392353
143.87123542119423
143.1801297753246
142.3158547051694
142.6686966793966
141.93457303973923
142.05291410150855
142.33830094209952
141.27457446811655
141.95954275604322
141.70856503430838
141.7829135767599
140.42584780550544
141.04676145285717
140.6327448009378
139.90088053814878
139.9481329319869
138.38558210628005
137.63686996881745
133.6728237575931
130.35844491558333
128.14765622450446
126.70685796780018
123.92712588184429
120.83416620151735
118.88134305645538
117.07682532718664
116.79040398417082
115.1930342701392
113.43984077883216
112.76203822708277
109.92142288297049
108.58907066717381
107.29447539244008
102.82134613175273
102.43302914439998
100.33233091398507
97.16422923987525
94.8973644532655
95.332438652326
93.82067135380525
91.9569822771313
91.56446467886026
90.96555706195488
89.05526723758358
88.75259968839957
