3
14
c
115.71128045140794
114.36305231231219
115.8633170092034
115.1781407848694
115.48692520260418
115.77891029507556
115.26528783705132
108.76679609063328
101.15050159151541
88.8529113812723
80.96854714634708
70.71062930959903
60.34164148819433
50.249325108772354
35.65714358293338
25.256670478681173
16.967287922371952
14.243484873983515
14.949385984878047
16.888782521443122
19.10128835892626
22.782479365159066
27.430208443515966
29.757369125494122
29.218974603172978
28.508569797873633
27.715409670312088
28.098715440189686
27.894069762866824
27.546891347221724
26.04899961644305
28.68479968670889
31.291092316899505
35.08274925323741
37.76515784803094
40.40262357494475
43.140821823896026
46.191563875933674
50.83442410871464
53.76951002065607
55.69945142396448
55.867612904882414
56.66899916439979
55.222875219355856
53.51959543918757
50.283756485176184
48.93491651796721
46.92141673183076
46.01428100854745
43.83899465322521
40.06418015773512
36.626684615944775
34.012005615900485
32.79329080103626
32.293908571723534
40.56919397913468
52.872839285284954
69.85310391744464
81.31918301593655
96.06207380402527
115.72009488007613
131.87042320795857
151.68688762507009
154.65992029771954
155.3204431705633
154.8615161977742
156.8070104047961
157.58029647641985
157.60820228174734
158.37066909766307
157.96345204883977
157.54432294233095
159.59895212733454
161.38424344707906
163.95630519108553
164.80614712681728
167.46148046036657
169.10414066704357
169.24496456669604
173.5695228129647
177.71595849681938
185.0482009550693
189.20665751513246
194.8570840350981
200.63148395881024
207.58677740070357
216.443102238502
222.06436882379907
228.63782042140494
228.88166344488235
229.84155944412817
227.60104301300194
227.31222798632191
224.67866152932194
222.49564153209838
219.45893159386537
220.16060909476272
220.35764872857456
219.41715027075378
218.30228261469696
216.08753901804752
217.40368105071593
217.57748811992928
219.71200839590426
223.60790122384222
227.20787576272187
230.96801797579505
235.15938966077016
239.09685437851542
242.77528724019908
248.9200495374798
253.74218450350378
257.00154242074314
257.97354551982494
257.9508079410478
255.66339725079047
251.36914831571852
244.6013442496802
240.09327900340386
234.19223436205905
232.17504215815492
226.33867674404794
219.91106865147805
216.38021463797008
211.20448878990345
211.229672098769
210.52894036191032
215.0060475009093
220.7814789968389
229.06462326148616
236.36045151817987
243.28256426159192
252.2073653006232
259.4579458995321
268.375007114109
268.1721751526256
268.13981571246865
267.87571372578583
268.0660364834419
268.63102159455656
268.27573311522286
267.72106978330777
268.17311413217544
268.5418146306997
269.4810227934533
268.1991673653185
268.6606304816159
270.0374065968565
269.5725064177432
270.87532031464934
270.32765203765535
273.0874046503459
275.8041967931614
283.9911376420523
290.4210807072359
297.9295314411239
305.68773757340966
312.8124301264626
320.6004244326318
325.39319333389875
326.565769121435
328.22931663721727
328.06332900072664
329.7553988704054
330.6751310991887
331.6492610689868
334.58558864690707
334.7670164066331
336.3295117123774
338.20659796973325
340.232727758138
340.4724021690366
342.71064570951035
345.02719508353755
345.5590457736497
350.6696070290702
353.27744576640436
358.39443008256944
362.1059846937934
366.60849017797244
373.7888533744606
378.893127998272
385.9590229039361
392.9399194256857
397.0927798074972
398.72532081282867
397.60985827379596
397.1401287393601
394.3030003272886
391.24251620685493
389.5257762611157
385.464780932428
385.50363828263505
384.3286074485624
382.8526238637443
381.5453541766183
382.4338512610106
380.8757828094173
382.009422126939
381.3828414954129
380.90334792805646
382.54812221705504
381.6420543414164
381.88223833483215
382.82246126184765
382.3847124325985
384.03404370836927
384.53354408009477
384.1340491910956
385.6140062912656
385.08313633381715
382.6248267750601
379.53288834881107
373.65305961185464
371.7689123551909
367.68932626311744
364.9147157104443
363.14716903369145
363.2354018548792
360.05235254412787
357.54087489069923
355.6610695842281
354.43248789294694
347.0733702418848
339.7865585769572
325.46707703019763
314.8471282222433
300.5916342961906
281.47909535149614
269.69890128305366
249.53503094862828
245.3487139135508
242.0027385096574
240.81463763290952
239.4029703505712
237.3667174076691
238.18878541934643
237.26322098879976
236.50903697923857
236.44975698646707
231.41517090180295
227.92318446040838
221.85854793736257
218.01308521702148
214.1731926152986
213.55858851768204
213.5726152558951
216.05315379843378
218.6892066724235
222.2684904366207
223.87092045698043
227.82694333564442
229.58638029265634
233.1042202537479
235.30888925559947
238.0917312168567
239.71382156759304
241.11291128483936
240.1449567307091
238.17719903489774
233.89910592124556
229.34380101048802
224.75553503115887
220.89970201901534
216.32297494548453
213.23596266341215
207.90996539372628
205.8338354577839
203.73714828078587
202.8570674645799
203.19944870872192
201.96927194728568
200.66055854874503
199.84030788978117
198.98860113642854
198.3447747581131
197.65126462235352
197.7191704000911
197.6602956216823
195.92527647047658
194.83061360908476
193.71028685762224
192.0156795501564
188.39288097207165
184.50800159267342
172.97379794946838
162.7294275258032
150.87211139409885
