10
3
d
95.01623425188288
95.29741269786797
95.37163112621407
95.07060901207335
95.37580278421642
94.79528531330543
94.46117350774855
89.84723920157705
83.29254773229948
72.66035998904118
66.30255038501652
58.40226124630898
47.96858658517964
40.094586408349286
28.13696772854558
19.988230004013296
13.532643330631917
13.181681768961218
12.997891476653821
13.287144852336537
16.415118605630628
18.720552084963117
21.758670909527908
23.134567985110852
24.388351772165972
23.417573334250225
23.641142207185574
23.833593852369077
22.45442204818657
22.774646901100624
22.469591581749494
24.024525470032888
25.70109659106288
28.764434480419233
31.15401921308957
33.153884580017895
36.86163810582968
38.03545286812231
40.92190336459697
44.42184489854546
46.404862022369436
46.15121805601471
44.9447418067202
45.80930799101454
44.36690782164232
42.64892301499216
40.480112961634184
39.89362510757266
38.547927502175206
36.24382542242765
32.14790692350936
30.636397088802248
27.95745701777454
27.702630120331968
26.43368233047948
32.43215652820597
42.27012283238288
57.813917982907405
67.22765026901561
79.01603886653328
95.59948513277344
107.24180742810842
125.1579903238746
126.34473976974485
127.23981280138149
128.45809108042505
128.44551042309615
129.351245939133
128.48196069820835
128.33943933504096
130.0197204988508
129.65189454996244
131.07038917665815
133.7108847631896
134.34053378869683
135.35021021380123
137.39030202933688
138.99732717607313
139.1254204063326
143.12444750929404
145.7852537017706
152.06568335170752
155.55152571827676
160.22740171324452
165.80813699324148
171.00005294538585
178.27455447417935
184.03119457450876
188.60980099774116
188.70737610738038
189.41087158095718
187.79939666477054
186.74177705409105
184.44671757451638
182.53069726864388
180.98706715742466
181.8715294565246
180.47109359641865
180.41484547394643
180.37712883704955
178.4977099615157
179.41340079007227
178.41330032104878
180.45640964268526
183.77322776799335
187.0504205274453
189.17458428392877
193.0360191774665
196.77629760815407
200.72876204098063
205.1968068724379
208.68870103501538
211.33435020965052
212.6236899019104
211.60064342709964
210.2113792616604
206.57270339533298
202.50319990165144
197.49394038024988
193.58206369553537
189.643574121828
187.5838451882217
181.5477850167394
177.41976803226132
174.7841704496911
173.36161785671075
173.67641499491742
177.16897510432494
180.68472557499098
189.9755586236257
194.33941399434
199.2351622795583
206.66833421024887
213.59939453788198
221.35348998328385
221.25742357717363
220.7604202668008
220.17170606266106
219.5203765942611
221.18663830097472
220.01517950514764
220.6074910559442
220.8645939416035
221.23815116723952
220.80115195894152
220.91792477937435
220.94844584082955
221.56237057641513
222.92538380848717
223.23033119253702
223.2941285262959
224.48266512155303
226.84998974724496
232.66508411562862
238.25481504033212
244.27562311718248
251.96032392359112
256.3335497484222
264.64309273296163
268.2082974336036
269.65276306242254
269.85514532962947
270.48087963905994
271.65862627071607
272.1812650536665
273.5747939022296
274.93278154575876
275.63438071968295
276.59174659886753
278.9350108681631
280.3634331275286
281.32152489112445
283.2940324524558
283.6561961923807
284.6481772123169
287.31102620345416
291.5957019706841
295.0120131287693
298.590144527569
302.12484096767463
306.4130173963445
311.5417304886703
318.39746751499604
323.4155398845043
326.3489642630974
328.2663144979353
327.6385409623557
326.5250300869243
324.6862879642632
322.1428731758677
320.970379089525
317.7545765710811
316.7692897312001
316.1791322497677
314.9611751251757
314.56062494233515
313.23309531948
313.6250545843832
314.0226878282418
312.85637427612573
313.901854865125
314.67262333677377
314.2058263681142
314.39685402018665
314.9723249082724
315.0067709948213
316.1543251615869
316.1873984071355
316.42152971721987
316.8481535535479
317.44491096739455
314.82750790971073
312.8067564862478
309.4094707956487
305.73485631328117
302.1209745202619
300.7194821447414
299.1563250141322
298.93527259428436
297.567466428954
294.9872998092927
293.61456615397117
291.15437747781885
285.42804188638956
278.96930417908146
267.6679849320688
259.131709830133
248.06634716319607
233.52970939167238
220.7009700879311
205.09525215384193
200.9023257503773
199.21317497007425
197.5387922338227
196.9537572310298
196.20181702686705
194.33705321896167
194.6672763804492
194.42521802589775
193.35803093085357
189.81652017499624
187.57372178855633
182.90618823284376
179.312286817931
176.62671849933176
176.10733415068012
175.71741193661416
176.7885004217624
179.59163323813203
182.59774566111855
185.67624398457252
188.10225030997844
189.69191839891033
189.81153186279198
192.78847902354366
196.00729834062068
196.86691571518708
198.03887227050038
197.88157237877823
196.04414412453437
192.86300103857963
187.66986955206346
185.65082611641762
181.11374399718943
178.0638902170222
174.69624225931804
170.79156871307478
169.23162688458757
166.89203752600054
166.58573741443658
166.778512940086
165.3821967626482
164.6426273485635
164.60765069405247
163.43309541175208
162.87480082668205
163.21711720089604
162.09058676216728
161.75329185151435
161.91339421279932
160.65522176675964
159.63959164127044
158.56772525041836
155.06242792893957
151.9409467747223
142.16460148243291
133.981446163975
124.06028596952547
