2
1
c
171.8033838426762
171.40959510667133
170.81966498609472
171.45042785348483
170.74767986231663
171.33591018483028
170.88636305994453
166.4251552341729
158.0887062550195
147.7675818182161
140.31145004169917
130.79323542212677
121.22253724921141
113.02532577013791
99.12970910516654
89.27804947873261
81.84157665250439
80.2001064456794
81.16513900201585
82.17668452272461
86.20260210065861
91.29207909944928
95.39695977251475
100.63433279196128
101.46744967711932
102.89764502197008
103.77717326297567
105.426179908469
105.38647689001127
106.46925172977028
105.93957127331561
107.24290480509593
106.64557868924008
106.5507903994109
108.74395176638721
108.74061102123977
109.14878018068866
109.32766956413035
110.79336185396366
111.08291710478302
111.9600876216796
111.79829063165394
111.30790154089061
112.77170764979346
111.91027502587362
111.0171547299794
110.05132074409687
111.06246088747014
110.79591816431608
110.89039447771034
110.90422192402761
109.36720726856893
110.69449007287268
111.15252372838796
111.53248715438508
111.27872182782846
111.21007143946193
111.5717298035731
111.22705167107215
111.28885197096218
111.03417210266022
111.06956762840302
109.82176770277948
108.80325596267454
108.90102463771332
108.81838713059797
108.18432701439707
110.98610036139924
113.2352637773125
117.97689888269181
120.6034031807564
125.32202639319341
131.0364987158823
134.56916197307783
140.0111566094994
141.08293610691672
140.61408818941737
140.67830086726872
141.65783668469857
140.5570177359846
141.27723920840123
140.84738965699097
140.88521634696662
141.4435541358371
141.30211505014498
141.3218460636635
140.80605674700888
141.5944480986811
142.6425260666834
142.34050224127643
142.50456747703217
144.131886429913
146.39631629300322
155.46718650480977
165.9403852344954
177.41916475514194
185.1219754332851
194.28428637596883
206.012797206134
214.71210287340125
220.53888778660476
222.61913417444825
222.6597378203025
220.49185744229644
218.6393874313769
216.66700609699274
213.29059143793532
211.09933406121218
211.50066185775435
210.97507297407697
212.26104352033445
212.866262910742
212.86162738575462
213.17597919865818
213.3012221922243
211.27615666821606
209.19839461891883
205.26433961244905
202.965759707832
199.83453305486577
197.41061968172815
194.30247306124352
190.61755635100909
187.33784815488536
185.09785509826423
183.88262936571948
184.92490688876097
184.76745055044898
186.19623144326323
186.56704042837092
188.65514336822164
188.4777365960989
189.3164460891898
188.11498339894783
187.07349505763267
186.26684792607463
185.3459127371248
186.1600541579266
185.30309038610702
187.39264322708794
190.85690728397432
196.71126696967755
200.95588419094716
205.22360379070076
209.63472457150996
214.4938431091904
221.32572513672878
225.50593891937652
229.82479502687522
230.56532198998895
230.423372350505
227.81201898892905
223.21620165462517
217.47843667616903
212.87704076956098
207.49736664867405
204.49067426555817
201.20239853726235
194.6379311615093
190.3824531987267
186.81743140926076
186.20335256391417
186.28704606972724
189.0429904857343
193.2750102476795
200.8902435103999
205.24169696634297
210.79789435938835
214.61927827284023
218.35634500956684
221.3679037159934
225.41782559571675
228.34985066185803
228.79649692870422
230.3790082426775
234.06368747513443
236.80178747501202
240.3172522107695
244.20332884348898
246.3601988854938
252.11742851128898
256.6272857363322
264.0857507072085
269.19648388009006
273.9935193424252
274.75105048230273
274.8925641451359
273.4323949148951
269.9057126921411
266.02990728301165
263.22334793394083
260.70172459472366
259.22066702007663
258.0649034245818
254.29742220021728
253.5724155910032
251.5386121954909
250.77577879194283
250.48650460823922
252.24582540050082
256.38109101955877
261.82347543054834
265.9326945258734
269.2432631556671
273.61869291224053
275.81789287641266
281.35023696615707
286.1864907945378
288.231412902313
287.77372410163946
288.73204434990527
287.0950196264553
285.92867314269057
284.4052365442644
281.33481680003814
281.03353593165156
280.2933238562808
279.61660542307345
279.14354793561495
279.0627714180487
278.9731007847015
278.85216860317195
278.1992191141759
276.6681732509352
275.75457832578525
270.7077479734038
266.4069801055542
260.38530145998186
255.5910009767889
250.88146698758266
244.6635904488122
242.08498306939475
241.9233512316666
241.09032767077474
240.2749457137112
239.61627262862572
239.87523922988208
239.34255318900864
239.03070140624774
238.57850343212863
237.36612825028644
236.62785254185263
233.77554304269032
233.46297849363575
232.65383499997003
232.39372689281495
231.67452011951136
230.8000200069367
230.35876444511769
228.7234756246866
227.87540163354564
227.14399810428802
225.92788434317944
224.85157447567522
222.29930573344294
222.28271262617537
219.61649022608196
219.1267616692408
220.27192236576616
220.13105798639876
220.53886014835646
221.67904857434178
221.08727293730146
221.09856693220297
221.60780229339488
222.96558134051975
223.20150017277487
224.65223579556107
225.31386014739562
225.07130081173418
225.52779733510292
222.27523356457058
218.73231949595046
214.02733093013708
210.25531971383532
204.57054641112205
200.52008600191652
197.4672167589263
192.69643995965836
188.22632775110387
186.7514538332158
185.07282926484734
184.42828439243593
183.20973011803807
181.7340271462635
180.30929727696036
178.6339395281018
177.63230793256372
