19
9
c
217.5766356751906
218.49285005828096
218.07784469198802
217.62706700881589
217.82228143056628
218.50945256596228
218.46638530508858
210.2097843718515
200.2771599571102
184.8055520865805
174.4278022365533
160.91267349451635
146.9084697163104
135.58663571377284
117.73228719831735
102.90284291141673
93.15996918515093
89.71593628944872
89.76068505079948
93.68165713370855
98.40276451781187
104.69870033107826
108.55554580876995
113.2477814376062
113.34217487669433
114.27327718055095
115.22446026344802
115.64227474762019
115.83419512890933
116.68687322867586
117.70059615928066
118.31503976144593
119.17340578116854
121.08812474598716
121.94186353456557
124.77168807096974
126.49562048229826
127.66355307378183
130.34348472254518
131.8996104631635
133.54581146575308
134.37601275586195
134.55165964757794
134.21263206287685
131.43360720561975
131.0158600407021
128.8309822341912
128.66974638772854
127.0869975449248
125.43880846052592
125.75763934447093
124.33350951849926
123.20846374723814
123.4360625074313
123.38088058951793
122.60003142302405
122.99913828960413
121.92023881854857
120.84610223131814
120.36220325987392
119.81033843409614
116.66725090353529
114.7143963784581
111.1536081061828
109.16194244183005
108.42964674789572
108.29547533507707
113.24318214638768
122.71007381903667
134.15661715119595
143.2407692559229
153.55473287661587
160.92248377466177
167.46966468727248
174.71310483791726
181.10580923605525
187.6621305248791
192.32118095920637
195.8307425839358
205.11454622038883
212.82078303581747
222.62903629061518
230.45489939029295
240.22067862305698
254.4632964984758
266.02364011994996
283.8697737031727
298.4952854987947
309.57308927321174
311.24678837512175
310.4645036621373
307.50952653892966
304.2679867241386
298.4689789347113
294.02642340472465
288.31881001003194
288.3405637902822
288.3583056538667
288.7920866410664
287.8462016815089
288.14639107785746
286.92632933444753
286.431262965549
285.25998390415896
281.9429421969309
269.7506001185393
258.6642809333103
244.43627627639438
233.76067127753257
224.49236870819956
210.0011136608955
198.39516830319025
191.66449637588966
188.38309262705053
188.25552772115682
191.8575837522524
197.05428911789352
201.27419478504277
206.49816846191592
212.30030912181633
213.5838191207398
214.53361828437454
218.04318587761858
219.70542928438175
219.60339358261595
219.70932955555224
220.63874726152926
220.13961504372384
222.54415897678356
221.47815620905814
222.05233632154972
221.78875881008491
222.50075205344032
223.72697285136917
223.12207256206858
222.99107044975457
224.04287770837993
224.87312568999909
226.3250558863484
227.25346927662318
229.42492707086222
235.92146594478118
240.4709062755222
248.7047311288457
254.00680081321454
258.78811865698714
266.39402892438505
272.1693889442038
276.0273712208382
277.70721378524877
278.860376885528
277.4810270555415
276.5011978778645
273.31616725011776
271.5099844540396
270.5015372496339
269.3305105766324
268.5676066249012
267.10060001519867
265.355223343307
264.5214634870411
263.7158411512257
263.71390077984125
268.59334465060005
275.3672010683053
286.86384585315056
293.11454032691614
303.1849023553713
310.5215461374633
319.6591322044103
331.6644565849415
339.7880497113468
347.1062480137162
348.195189119209
348.2932562376633
346.5246329498959
343.73031705791067
339.18491917419226
336.56188579853165
331.55650174687065
332.02775391508226
331.27452082845747
330.29020824885794
329.63384058371514
328.76367536647507
328.91127627370076
328.43271313436446
327.0753406402969
325.1282980050553
324.2070562564455
322.6557495950496
321.52767264553336
320.65103901842446
318.48997545643095
318.56509002141604
316.6653705804028
315.1114329248873
313.5723137064305
313.0978409433762
311.4771784115335
306.6164477701565
302.84903757789834
299.176712213427
295.9059633754215
290.7472532445696
285.42735904851736
277.6304398766351
270.3004337949912
265.81168475219556
264.0840128976128
264.0651393592928
270.6073689302182
279.1996860725872
291.1193947130938
300.0708799898903
309.07554681045525
319.36544158520115
326.0561389102134
339.6256193464661
350.29400497236463
357.5392326472269
358.8053673902068
358.8630494021246
354.3895906683297
346.9260282352395
337.84195496118787
329.97812821982853
321.4056772000341
316.0907981537861
310.68986052471877
305.59109278705574
301.011299126262
296.78511156132186
295.39155469476975
293.9844798455362
291.37114548193784
288.7549409925942
286.1918582585169
283.83371422649714
281.1016529187737
275.9743714466211
271.4434110593952
266.5312167287142
262.0586399748434
259.68538009046017
258.6431861121934
258.58622480066634
257.30246826219144
255.83011303427804
254.92552367886196
253.39608571738506
252.02787308266545
249.5407311145157
245.21821875734625
241.44249523262116
235.918566040624
233.45579025641638
232.22437721065006
233.37063433910825
236.53945876819003
241.77558518700428
249.43921731185293
256.0865435529612
263.33394571251375
268.98352595643814
275.3760029266106
285.36720847470644
290.2591194540193
297.74104979178463
298.04169751164966
297.5183162209764
291.713398932574
285.115612891293
272.63698167802875
265.6448043772497
255.33902337746338
244.10843011007745
235.37711253847758
223.74110151431037
222.51222230871525
221.73287317911215
221.38980071359344
220.7841849614037
220.36190108401846
220.15642162156075
219.6219452389999
219.67660186377816
219.1272752066848
