16
2
b
72.33102079442624
73.015045755497
72.80723503215762
73.41810858202818
72.973268755253
72.89765223282076
72.43902745509409
68.36367207244558
64.28939946000006
56.41334582175347
50.81230563641431
44.5575256099196
37.5767300565243
31.037331906601874
22.677185258430608
15.994392388354884
10.79964268547959
9.992287622864561
9.701607148135786
10.066533414318013
11.695524563949828
13.944531151048997
17.01566032674819
18.895231642136746
18.49087867746521
18.726298405780717
17.737708221407505
17.168468931915047
17.112195629494504
17.40097155501928
17.615455570065365
17.925524157506263
19.402342826418256
22.25521222904136
24.10278351231368
25.67837123639965
27.205775785943
30.128634746328864
31.357544447249857
34.202794853524374
35.72028431301547
34.11275425056633
35.21029330242807
35.30190215345227
33.58864040374856
32.24945705952669
30.926759025223838
29.253393281880108
29.460954860818976
27.141419022830373
25.158971691401433
22.664400708144445
22.337341995615017
20.805729241482464
21.54811710765383
25.30402010432725
32.0789877297504
44.24611345503212
51.4356590737207
60.24228215507008
73.56903471251341
84.01105363397353
96.06874224569755
96.73329639948861
98.30634756417933
98.40242083376674
99.27806088422301
98.52713515467649
98.59227062802172
98.58544270513646
99.77718675894967
99.33759988125348
101.72385638141986
101.7319293234918
103.31651527622773
103.9348657450919
104.99966949295052
105.86126173102528
106.68324176918158
109.65900269920706
111.50978214130011
115.84679215337931
119.31470194784741
122.14039253792821
127.79281634605977
132.0476711316958
137.7948925941997
142.13135878254818
144.07433056203402
145.83989607818035
145.296461421079
144.84460896610346
143.79356006832313
142.1699859341638
140.98397245148143
139.63064720804252
139.92722744091955
139.2763703181513
138.47768884789033
138.5916068667413
137.12322153260266
136.9720969005686
137.41178576319618
138.5734108965657
140.89282421531686
143.87288475456828
146.50267365033665
149.4660921030777
150.42829845994103
153.73260226510425
156.44738985129834
159.74950662919434
163.61683342847846
163.99538215701142
163.28935953541696
161.05847496038996
158.84381808741568
154.7985431132312
151.67345656652452
148.67757074228388
146.1984535462976
143.56037980211764
139.56271386317172
137.63078065832008
133.389668030687
133.14483099889515
133.07615174859745
136.26323387957942
140.1731648080758
144.66756635459183
148.98815128079664
152.3587719240014
159.00300026585606
164.6432276299178
169.11014170733256
169.87057063125536
170.34568459065872
168.47823282394398
169.57298712140684
170.642824676074
169.2150878373184
169.64364606343025
168.90536691652824
169.81877154017175
170.11593680797546
169.83524733086767
169.95999566964363
170.01317288724437
170.60537882300878
170.8074098727596
172.29432951808832
172.52281423031764
174.2359309039317
178.1812440906455
183.00161833227364
187.99606763606045
193.03129470992027
197.86054928691615
203.0179387866869
205.7914261546674
207.66155651860737
207.93239261252236
208.55065132412162
208.07559704844078
209.78859860094533
209.90073668402235
211.45550085033113
212.27803942883014
212.36449556080714
214.75588395259652
213.8552892316027
216.4102845738085
217.334461003868
218.74424694230302
219.27792599234627
221.67704211316894
223.81441806124724
226.97707895497703
229.3542266342254
233.1973527186814
236.08225542967094
239.30685453004955
244.83314741708452
248.48108183837817
251.01468819604338
251.5494058992443
251.67349596923546
251.64169362869896
249.04748103870728
247.16037723999187
246.3430154572204
244.04760634150725
243.89344869492882
242.74565775191556
242.08157181536922
241.60031098587223
241.9655416859735
240.56202834859266
241.55978734495184
241.50027270822798
241.13062984925497
240.97886997951855
241.58885921512945
241.98995495679517
242.40940269101173
242.10826562463072
243.1144944263258
243.15013923040783
243.27876922705082
243.9503308641532
244.40729092898604
241.89094780359503
239.86250993724005
237.64059786931415
235.34000883468497
231.90702613325968
231.5319557519998
229.2181630217537
228.48631578615743
228.32165565395815
227.25466471058726
225.0884318814671
222.69088370716096
219.30393147378086
214.41129695743527
205.915392044774
198.10215094207112
191.46651134921657
179.202362430429
170.1039787585222
158.198545301534
155.2636337203058
153.09740295540487
151.04091978387905
151.33556313900687
148.82091081402933
150.00342887138868
149.85409000447174
149.7275489055407
148.96869738635502
147.8299965306807
143.82768729120707
140.13003995286098
137.7117368668195
136.11227334283018
135.48813426560437
135.4025684505072
137.1578591754661
137.62841707046812
140.49432056730078
142.2731206375715
145.0917833681177
145.77930990613913
147.27453476186443
148.82449153393304
150.6507109342766
152.2167099373064
151.6845970754508
152.30280805888611
150.8164866365858
148.65735050721642
145.52601331708075
143.09123911625454
138.31183068080915
136.11085547992275
134.03358600380528
131.0597806355532
129.6281963766474
129.0695511639123
128.09667728721976
128.58694546783022
128.55596330992464
127.2260937801166
126.38507503466407
126.39458627466301
125.83460791600605
124.77131888403648
124.4401631723181
123.872328212971
123.99359312997012
123.5485600131928
122.66798395594583
121.23230158017675
119.58109532302029
116.36960605991277
109.77189031572779
102.80341354912336
95.36028009900402
