22
8
d
55.195234118059425
55.208700024846124
54.73851670209525
53.96661828465877
55.05088071624069
55.50828331595189
55.24864184689393
52.533888408334064
47.80870185633703
42.26782710522169
38.159452501167564
34.08671453019385
27.2042972091676
22.819989607640263
17.02514398140417
10.606233787591465
8.335803184571672
7.565076908837184
7.428988891154777
7.675457715332275
9.284330871021401
10.394299581207381
11.824652540761738
14.152766324257524
14.423112736528767
13.32929080833179
13.876924427432597
13.285067198449374
14.085374533396891
12.816988474966134
13.302541073062034
14.232416203144536
15.599005052659905
16.062976063246392
18.898010353986606
19.09493690504604
21.270724538841677
21.92711547110713
23.497721228901742
24.69676108344263
26.844397537176572
26.911823074844865
26.820487296290416
27.252970015556055
25.869086722789095
24.76205781052212
23.32376662037708
23.37479238781637
23.076836548737553
20.368575136265225
19.905250806415488
17.919112709570932
15.236646504439662
15.827265791924228
15.393532402410875
19.042157079637217
25.19871394121073
32.41369313041021
39.161444505805434
46.058288738358385
54.78806861765381
61.86644515909254
71.85790483446112
73.15159002727022
73.24749623458642
74.01418192740209
74.42862143227676
74.13769093535686
74.75564244394307
74.06472466426193
75.41012101311324
74.93864370668229
76.48413105445955
76.4331666803386
77.34383544511175
78.58389275786176
80.16005041879053
79.47364062995509
80.28196970074544
82.35224521261367
84.45515522849419
87.07611302801531
89.68898121222638
93.26667484906822
96.22486452045231
98.36953977362042
103.79319377706645
106.96121868708823
109.15121718340245
109.27967322485088
109.41517822188092
109.17975555742422
107.04258148747829
107.40474361718904
106.43858189133493
104.41166447386817
104.20990467534921
104.4332546490561
104.45270058830867
105.25439454896636
104.33624582539188
103.27828552066792
104.26240698812468
105.27384881954893
106.19114798571586
109.27711166789715
110.20670424279633
111.0273408777447
113.2822173009575
115.22465801981458
118.01123114503937
120.75127305994955
121.76464740683885
122.37924039953498
122.8480462587279
122.20315361700125
119.54686057495606
116.4920199806958
114.34987467861554
111.7211841460149
109.4606354965721
109.2246559665258
104.96919373781836
103.38503486149358
101.09313293040854
100.24185979504149
100.63474081642477
101.95051979736736
105.74340000110567
109.69546883941996
111.65360607178312
115.7213241815676
119.99088183013177
123.33409422808666
127.72724487509163
127.67115148587226
129.37117145277068
127.4550587177843
126.50922133643392
127.4481877031642
128.31967366052925
127.52794560964394
127.84631276730522
127.40552013541843
128.2709064111655
127.86895396045877
127.71317668943432
128.1442545752149
128.21194576968782
129.96431913347433
129.30307276671533
130.3773056459799
130.75812325540932
134.79277830868608
136.8833357342417
141.84570849696198
145.78259145955025
148.3511722006018
151.68662845376596
155.6867294312298
156.1147653363389
155.0951575225309
157.134822376767
156.92643493444274
157.07917411790146
157.90139118064585
158.48277547467012
158.7543620185834
160.8933570534274
160.91875690293105
161.79021821708406
162.21580367703223
163.49006204748386
165.27765109597593
165.29007671907172
165.61511056673257
168.00083625474278
171.402779662473
173.09199005005365
174.04780593690143
177.78896454713004
179.85675069283687
183.97339124958822
188.02608417024743
189.66743569438935
189.55811151563472
190.1935489923562
188.28419649530443
187.33254610794532
186.41459705631746
185.79782647768545
183.4102085730994
183.3332550588524
182.3603056809197
181.92188752963347
182.3889589158468
181.8316684366083
181.1554821809398
181.44833361770813
181.2924893997297
181.49519471250716
182.09519324181238
182.51353163014443
181.92272708443136
181.5707527781454
182.76277561253178
183.08023070796466
183.50518950887616
183.74198619430206
183.68558149666143
183.33435337490576
182.09028046052617
180.57121119231132
178.26473891352754
176.3484440084477
175.27676930516537
174.04420168586597
173.2260160753908
172.661151829989
171.60112589527128
170.4048147772657
169.19226508092362
168.27661608021418
166.00873198044135
161.48390252235438
155.34509160592594
150.74851374278222
143.89889458546105
134.9211607229154
128.29263783033662
119.13916532122546
117.15523220330344
114.39194625821929
114.69607393550575
113.6847305148946
113.6259047935833
113.34929219680126
112.59759107228057
112.54510798796586
112.17533117493655
110.57445299015768
107.96824255566617
105.05223510415658
104.04973871914368
101.9446995674071
101.73068935533458
101.96797528785234
102.19236890108841
103.79737668890697
105.53687502547778
106.63880463434647
109.03936542819574
109.29554920066577
109.57035975589005
111.4358920338997
112.54262886701788
113.93299419016728
114.8151335041212
114.78933943710491
112.90862771415662
111.49727348995404
110.34938340595056
106.88087602853923
104.88296049482216
103.2012507668879
100.76560939367748
97.66908978588667
97.78468620686701
97.63605957404717
97.61361573163227
96.97237400702497
95.5186107768111
95.92541862676276
95.60462274672089
94.88295660887553
94.39018638163476
95.2043329144688
93.77708421674883
93.72211881648752
93.26125512037856
93.02313678509054
92.78232839970178
91.67144957253707
90.76925436284914
87.09929678768162
82.93615687071396
76.98693217882601
71.73026340531143
