12
2
a
148.03849314332038
148.0678455385755
148.214362551921
148.53544160428225
148.16391575874712
147.98013205151702
146.78604856283695
143.28138939651473
136.54057561559478
127.63354923114774
121.0902400843422
115.08866679479279
104.19307597033254
96.31396110445856
85.95398193257616
77.56831421584451
70.30792475056099
69.41811706638265
69.70310098010161
71.84455163985477
74.6881702793317
78.74492099508367
82.63133519885292
85.66263649330887
87.05090038515267
88.2515775516614
90.31002023468405
92.35331921178394
91.61086628367921
92.87703744485393
92.13677905647498
93.40240539338727
92.95510409182207
92.52400434003519
92.91991224502773
93.17181729036584
94.0445368290937
95.30632614088623
93.94158179821004
96.31656535232928
96.6802094556615
96.78547016877691
96.83679773366751
96.72632141768851
96.62549935944094
96.29442876295562
96.62503059299742
95.91053180968977
96.16865001563929
96.29185687104443
96.27975227099179
96.17244089176795
97.03051045028174
95.76720922557291
96.21264514336059
96.63891858538672
95.76319776050607
95.15768092401046
96.03363042054501
96.08445041783041
96.11685355321328
95.85445752301301
95.15225902983451
94.44587752441016
93.95689187451553
93.38195543847472
93.83640875953039
95.71150729603197
98.21761414745133
101.19113755194749
105.41205429655581
108.59710511346157
112.07489829576441
117.24282018567638
120.6774911949912
121.39154086148453
121.86179969259575
121.85473797775303
122.18970333286964
122.49992061287107
121.905041900936
122.13126041542266
122.14567839112244
122.90340424310344
122.37222584750967
122.20162532609103
122.06868023864776
122.70280392337848
122.6862100308223
122.3543658618812
123.72637375827009
124.93990671975898
126.46227391132584
135.36685204324579
143.21012782098447
153.55854334109716
160.05469157406756
167.77036427728947
178.84705963956887
186.18657300288606
191.86349881717118
192.46795572045954
192.45543656191484
191.70880649777345
189.36389117223098
187.09012999836142
184.47273935200406
182.05618763040195
182.7698280085617
181.9151326012735
183.86471513271027
182.9850087204529
183.74451222531457
184.1911365518678
183.71645828934672
183.231940594096
182.196101855676
177.13209063241624
175.6955045188068
173.41498839918415
169.90643356827434
167.27788273422644
164.36486038044922
162.13716965364603
160.19015176749207
159.3587904007224
159.95186275027933
159.71765955881523
159.9966369409782
161.37783109553416
162.85345887617083
162.93009542350225
163.4724029710764
162.08988373868814
160.98390985325366
161.5345342832399
159.82779882042448
160.10093823920508
160.67341418801976
162.0699417779653
165.4986288632513
170.03876413561508
174.47114598811174
177.87904009568922
180.96193245001305
185.30691573920518
190.3175260025683
195.05526368559543
199.74080743288022
199.16640614677502
199.34005477429437
196.8099799955054
193.51548527613468
187.9200624442781
183.5490070920995
180.2803788348159
176.2996882352267
173.57701107022092
167.96266216111644
164.85599842422093
162.25495265473293
160.84607109735873
160.43627684419087
163.80451481115256
167.53882519373332
172.97078193970697
176.7410693793643
182.2788779651089
185.67345017498872
188.9993536788406
191.4645196710878
193.5590179118696
196.93989631861476
198.79578855213742
199.82799922330898
202.86510567880032
204.92106191158902
208.32232415223967
210.53616783824097
213.446205042448
217.4295554045749
222.2639177044966
227.95096886253677
232.16726726624128
236.47087515625313
237.5816471577857
236.80560625109968
236.194112904432
233.08827504356051
229.6807882968629
228.44216646607475
226.02730464670591
223.85368381064504
222.20987022160497
220.78769284876248
218.84131084192094
217.3715552221149
216.55205419805014
217.78254715428676
217.97136028813924
222.2068522829548
225.90947090709233
229.40692454494118
232.95791599634762
236.73634620643116
239.0427909928924
243.8203430304157
245.80010405481622
249.024911667229
248.68439547728215
249.33738095106665
248.56891923244459
246.6769316264004
245.22630858714746
244.1577811570819
242.95825248693043
241.62776705793158
241.48194408346882
241.57298461068757
241.66384506641793
241.17891296361813
240.7749604608211
240.36739050967006
238.75726942519532
238.38132626265102
233.07949244263546
230.04697246258652
224.88247159272845
220.8006326343464
216.40438395714912
211.3075785510024
209.31544149532138
208.39130128470148
208.2265712805746
207.90960426028144
206.7952844266884
207.72550963820558
207.7616662059248
206.77591841640734
207.07658669830585
205.5622069321447
203.70715398222458
203.38776433660374
203.2598109513137
201.02139569788935
201.25011923695698
200.10639275504738
199.51938051532085
199.84502361774716
198.9143811915001
196.88158389192137
196.56165282851248
195.11500700926345
194.46263379683134
193.83190203063194
191.91981946103598
190.53192020345986
190.31161401384267
190.6842625284279
190.7645891465215
191.32807553330125
190.86968877845376
191.21036717461004
191.39502804027296
191.3907771279628
191.9986229039174
192.5854762228071
193.4152087976227
194.77286330403246
194.90335645220424
195.06469084712353
192.27764402187134
188.92419117743862
184.81042063958284
180.5641468874502
177.30005767198782
173.8999514314403
170.363576434989
166.89522034040604
163.92555834904505
161.2225678085599
160.56999203491515
159.08961345370267
158.44002819555968
156.21580786938776
157.31501837874788
154.50329883336425
152.9727786791536
