4
12
b
93.66062309933137
92.6018885639064
93.72313214832141
93.59781438707854
92.96958821332946
94.70466168126897
93.22642638129058
89.6821974544727
84.44918862987775
76.43262389443962
71.98222689543647
66.39408616051882
54.23073714658307
46.92394452838765
37.582467225739705
37.366410245847774
37.711513029473636
36.6749360778844
37.48450373457215
37.73220153492555
35.699310732778706
36.871995448789335
36.682253824931834
36.471537798249514
36.46326516962553
35.56724782015845
33.80671687376007
32.08346276641539
30.461130157507093
30.913286410215875
31.296001494846674
31.419970712340934
32.8021156029174
31.850813121084176
32.25659738139345
32.96223237896804
33.76003336684558
33.4933319740473
33.86012644888377
34.54180631059924
33.78358139433064
34.6057816373302
34.94646060045496
33.288597474796056
31.11283430682826
27.74425997244711
26.102716851984837
22.13349441160913
19.610728760719052
17.564217064448002
12.949081931362286
9.033633748234132
6.677012679274748
5.857655579079277
5.943907217097652
8.791573333705784
11.986375095889969
17.45429205730334
20.290423771565525
23.66327247204543
27.596538203767235
30.593446363150054
35.747451512431475
39.362802946479576
40.50308108195977
41.427487357493
41.613494415755206
41.07787345569742
40.593768797746215
37.78529524246534
36.66371249659969
34.40131718453949
34.63608663094249
33.75189757776571
33.3375254945012
32.5317010001807
31.117681984515546
31.14366321012636
31.233031889436976
31.606878277530082
32.78740620654519
34.12128087879658
35.94624366030821
36.670312405605415
37.78717719851741
38.44467478100319
39.11812414060089
38.06788264918141
39.840579988480165
40.79555061033259
42.066355235469594
42.443968244751915
44.67620703901199
47.198867010480335
49.128559462156595
50.86588342973798
53.8992930181658
57.4929041950656
59.86125165322722
63.0276719529976
66.12946817312431
66.0067564810455
65.56838567314323
64.20681294594604
62.885761929796345
61.068616786618435
58.45421939331236
56.3661947960625
56.66697530411367
54.713809266742835
54.07289269057988
53.0844700078581
51.924207811728415
51.3281124026696
52.161402182319655
51.80974997238214
52.90650796036283
54.38499556670987
55.33895176080539
54.609796524914856
55.34630066851369
56.626337147013906
56.014884459115144
54.57922512447466
56.06640826895335
56.31819412523758
57.39825089836274
58.557227184676954
59.386789179947016
64.7976187047486
68.53214622604392
73.39214607719654
78.53712243617265
83.00926229581364
87.40767333525679
90.95015080355833
92.65506817188424
93.9896358214936
94.4285427978885
94.93703320035266
95.62768492708102
96.26470088866111
97.13132258415772
99.20808376295324
99.2704067535387
99.87439009138829
100.13998726576536
100.72422123555057
103.74296006500015
104.36384097083035
105.98977242860265
109.23377005535859
113.99268272206585
126.19243107950828
133.92332108601974
144.8726231273095
155.00512188073358
165.3335211180996
180.52259943601294
192.31807788508974
200.61132950752565
203.0095977982272
202.70722069104315
197.27074909867983
190.5124572387208
178.40444642563912
168.6226271891674
159.32879982505585
146.3680142944447
137.3593990464225
129.8435313223474
130.81915957173462
131.8953057701069
132.11350855151346
132.8285651317434
133.13601044285355
132.8759257737506
132.81442725190897
133.36560647866253
133.08501630205683
132.03665450408113
131.65695383947315
130.12268365503792
127.99321010821296
126.64827821506732
126.40525498219739
126.92129978933193
130.25792550966213
134.6067144220195
141.18727845630684
145.8548634461199
152.22235417890465
157.2913300432778
160.20627258480872
164.58664443616456
169.53944115532218
174.7913102386296
175.15205811461556
176.71128490317858
179.03340277430226
181.3770207926941
184.51691253191493
187.8186386627598
190.6842734321225
194.60525731631995
200.89543365258177
208.76280759779934
216.08124128859947
220.07734886644482
222.8794481537718
221.96251957322426
216.62668385417984
207.1678367424098
194.79981518115915
184.6383098922204
174.24081511964206
164.82429747449103
157.8650858747472
147.30474334591793
140.5725943378368
134.69852787517857
132.13898930985957
131.98274809997918
128.05321093532697
125.37081610761273
122.12549719868385
119.33004104972024
116.71626777316378
110.50232069975311
105.11443400232619
97.32171309394403
91.72281945365678
86.80845103829334
86.47178179307734
84.56941949669599
86.94892357731219
89.61444703548936
91.44474360110557
93.82857772452033
96.34203641833255
96.8578931153653
97.46925829729591
99.04294768065654
100.39843075826074
100.6565399612845
101.64839574413361
100.22181074172069
98.91520367832227
96.68210038275053
93.38080747856047
91.31960114816862
88.3984557458602
84.76879170779878
83.5978550612644
79.97664649832163
78.0876504445305
75.59785952204669
76.33077029693486
75.74446217774378
74.40738042742117
73.70653213976286
73.95879982686857
73.66544411077605
72.20446048746201
71.16432600539622
68.65615308432069
65.35740223207048
63.895825489489326
61.61874789513231
61.27020360354813
62.089774772429685
62.52529496701257
65.64100852106763
69.32761170408652
72.42527703046505
76.14504584157064
81.16909927290557
83.46583669257623
86.79349817146714
87.50434019137919
87.0905117291908
88.33788615984649
88.0659915652646
87.84531453455317
88.55782643181342
87.57963183106011
87.71521639035763
87.73539202622588
