18
5
a
9.256862864030115
9.47818784850853
9.821094613441996
9.626679935465624
9.815369597591948
9.805042277151161
9.587306463153674
9.49683000848157
9.00068653148982
7.0142890661081
6.781989817541621
5.298076721039528
3.0074458989722865
2.6814605839856474
0.03697597759852794
0.0
0.41968292122781825
0.0
0.0
0.0
1.3329140843167797
7.192460573574083
10.504825840772726
14.181577776683515
17.67597969257553
21.64133351973823
26.719763014771946
30.513968272930413
34.402364928910416
33.936234367386746
34.486569325087075
31.992307410140683
27.63131509119837
22.194706128106763
18.96181204487804
12.752969780598512
9.119206249588881
6.452325365643559
1.734606401347049
0.4210334070284848
0.0
0.0
0.0
0.33353532942715525
0.0
0.0
0.0
2.47296222439625
2.8345099469314188
3.7943033042333973
2.985775679309496
3.423919956831447
2.941121632319528
2.855802008863651
2.794712796661064
5.451638971810377
6.799250934986652
10.002450677452936
13.99580679009081
18.248940202787477
20.679123112306808
21.52712578403853
24.296026468156015
24.929851558627718
26.918232332475167
29.20894323406293
30.199845032570707
36.872154184659166
43.55603453509661
54.36876399488235
62.74255037367076
72.90378580794835
83.03057910131123
94.62537544895278
111.35029689636046
123.88919964154772
134.30378046336966
136.241568291237
137.14846297764248
128.40224708742406
115.75577925458174
98.403801534096
84.81753066285117
70.7065591232165
59.680699827800005
48.97614336252055
33.206922424991724
21.695813960081416
11.248222411294838
9.816701558835236
10.16288630123245
12.984835904774622
18.842021185500315
26.852005633614514
32.22022500585348
38.68539734371333
41.83261610659427
44.85459077091239
47.430735997341024
52.05352664241094
53.23861220475227
53.13289191856238
54.65373073093247
53.86775542784891
52.74970580909702
51.981216105906334
50.79953750986782
50.078971190205664
49.34299746201588
46.40342814743402
43.83395881332945
41.22918847054994
38.314475335232025
36.23482705767002
36.20265979428517
46.859889484275925
61.71342923243579
84.48201250094671
99.21853536871001
118.87179393374656
141.5526107773108
158.81402716249022
182.29629785288586
191.81457698820387
197.55838965468527
200.0844001971387
201.00383197344993
204.24057459746504
205.38395558826147
207.3452741811894
209.387231588946
211.76387424114537
218.34949497244426
224.89990715466544
237.21692968681003
244.79399842381642
250.3328360668219
253.4896030467469
254.0911083767578
246.59755598862904
235.38707573709763
219.84060003399335
208.59890588233532
195.3751182120467
183.77203044623465
173.84331716294892
161.4503511414354
153.45686072200616
148.48445801944382
148.0146905598601
144.99714169305253
143.25626885998147
140.2573228237272
138.7816618417555
137.15461151907786
134.19150424472298
128.75904566766982
124.05264605064559
119.13642244258229
114.3676299883031
111.07343983632775
109.01718401330658
108.91462749045556
107.40402506944285
105.43927304673251
102.54133066430823
101.89825073592137
99.88429462659681
95.90161727731706
92.97180317298346
85.9392321272267
80.84268515058898
75.49608992905438
74.61273920568976
75.58410402234837
80.6414080279096
89.56439258485719
101.73533065753938
110.0805030083092
120.47021616343213
130.00683064168973
139.79782041530063
153.69726941136796
166.15877157558353
175.7635021103449
177.245547354649
177.55126469155863
167.50645894047213
153.2971208215879
132.99632640860344
117.37487982626908
100.10846229974428
87.20368020487477
73.19680239820086
51.632561578487206
35.2998020851305
23.74560914015214
21.261465009172255
21.14881088678531
26.679700713511572
36.38766519768621
49.24120316478705
60.606296554617415
69.77397891625661
77.01779438685439
84.32275960008434
94.75438057557088
101.37529812718863
107.0543710649008
108.23129550431739
107.69679579618831
104.38538958004143
98.71167193656005
89.7525619702796
82.54471142526734
76.2486033295727
68.80270734703618
62.012967853688615
52.425657377573096
43.627245634097406
36.013963564364005
34.21375804342981
32.845672754616075
45.07507198191021
61.17925498045091
85.65162232357578
103.39850613442087
122.25413129839684
139.29333643007243
156.86896772249514
182.8531693054838
201.29165430508522
216.67883232541126
219.41129458572308
218.95511226992917
213.0199922462817
203.7916048996698
190.62144324133158
180.30429791449046
167.73686590711878
164.67050587366262
160.785959551022
158.94298036997176
155.976428675809
151.256807749008
148.68072612248048
145.95146712450446
136.60386005788092
126.41220481069993
110.65303354238253
98.92797890892473
84.22484982845003
68.55316587130282
54.4325983345496
31.1891239696401
15.817233957567598
3.1693355491745705
1.865065494423478
1.3937693402107731
4.210564171028183
8.101762302604183
13.755023031885637
18.392066156254412
23.05347320308784
22.113550281378743
22.518564129442456
22.40561149879419
23.182880383235418
21.645597296036577
22.36605419969712
22.25532221928733
23.47981192399119
23.46786180269805
24.1995526973673
24.426454332365356
25.18171558099439
26.026463016744415
26.187718765008846
27.401183321447714
29.32420824514156
29.730350390288237
29.7115706621255
30.057221018115435
28.837867964282616
26.867542153023642
23.41114858442639
20.68890306691037
18.786165841920592
