13
6
a
65.29913244830331
65.51671303277335
64.28067169209577
64.8237838662005
65.13429554217846
65.68488132662684
65.43782083765377
61.95739264537562
57.662012359559846
50.610915963967294
46.35420687510957
39.88702453256019
34.087394724628396
28.13447480561234
20.074798830894384
14.026778923337421
9.236798134225278
9.213102367088352
8.06994769052032
9.868863882349498
11.492896567259693
13.945689303436827
14.548015275524927
17.414504266866626
15.717673178466576
16.894235938537836
16.76536309099239
16.04406238142175
15.29305059343332
15.228614497563633
15.212004662015072
16.227345173207407
16.853192401469578
19.847274743329923
20.617802490955746
22.553842699827197
24.15695514942716
26.114163529676294
28.25097227628346
29.920865591238737
31.062335022909576
31.620168203660526
31.43669560311162
30.954774032350663
29.78102337370385
28.969005536385964
27.515354914280962
26.693020335198288
25.126354805873504
23.98076452259633
21.619779186994915
20.52886314384869
19.047902005764538
18.091277299982135
18.87315526091466
24.02165157830448
29.366549365878353
38.92882747825444
45.8075955894956
54.016376608879234
64.38006640831946
73.89193616044668
85.98332695260524
85.78312052873234
87.81122078446725
88.0469246953579
87.39559793777829
88.42399349805753
88.71102640914866
88.43105549850944
88.2934502296686
89.51921091125219
89.91992161008343
91.58737477487462
92.1836054490519
92.06531243311169
94.10386242001465
93.73124199051946
94.98843253685212
97.61748512335107
99.7662269385975
104.02301991281978
107.36848089681415
110.0732228602291
113.67341242878119
117.32159216366277
123.25981548766373
126.7215122407426
128.94052259647808
129.71247144962857
129.9146292156975
129.4594274828521
128.04785836194947
126.54909367775932
125.90268974531074
124.65749934145155
123.63907252313462
123.66993799001771
124.06680893161173
122.8300397202659
123.34876375998208
122.86187491249174
123.6172923034637
124.25426825024452
125.9627567015778
128.06617891083957
131.3707466433613
132.1287658608637
135.42127227496368
136.89447113970826
140.11287843577165
142.26644859436124
145.7319022181111
145.3722082595613
146.05435019396313
143.36952221058147
141.3742541506087
138.17340198294488
135.4385876081988
131.9638725622602
130.26525710843012
127.91205930921384
124.37893136541261
122.46058139358331
119.08515484198142
118.14378683341661
119.26222736782476
121.86223643723973
124.74446094134288
129.5625430718778
132.0371767648738
136.8952521532677
142.1402138174899
146.37296643508915
150.75282698485591
151.38568782905273
151.02193388378575
151.26170787616434
151.2974526052372
151.2441309514775
151.99373239558327
151.51448443931162
151.2684444826233
150.9769012096655
150.99197455255404
151.924665312451
151.79445007014613
151.71239154149765
152.72144277486987
152.20252737425778
152.21281881467266
154.39710290870423
155.15323035708093
159.55863822590558
164.13202973821362
168.80139388494626
172.08842651673783
176.1653922528008
181.26144377616288
184.1305869749276
185.82024110810207
185.18911196415553
185.58842931052504
186.44892348515637
187.0984783415846
188.36008206107115
188.07629376583117
188.9634612382935
189.8321154436713
190.60586640847907
191.3879244738139
193.28433841622837
194.90983957889617
194.09283943719396
196.36657777310657
198.01435918860133
199.7096958376114
202.18697154369622
204.67454960416651
206.9416236098312
210.59035294744683
212.91204803420035
218.15186312887803
221.08110577102187
223.72610301644593
225.24342011000982
224.10455830091576
224.4656740877395
221.96562883786473
221.73376404445435
219.20171580657853
216.60351993187606
217.3631912628955
216.63388956929285
216.4012074927414
215.7313318362025
215.16002415623788
215.29421998839737
215.29773667722637
214.8048872510845
214.95023105129627
215.3065719464782
215.51083529111617
215.15594818474403
215.2383210088978
216.50803078711925
216.30434933183446
216.587956074937
217.04006496622128
217.08825658129967
217.63838996368543
215.92647885667253
214.3555744913712
210.96999616035586
210.71928602559743
207.81164137390698
205.9094007520678
205.60039064732763
204.10627560612448
204.3226976444496
201.72286324986268
201.29466823512436
199.1613528331543
196.2304166703295
191.64655129878614
184.50538719907632
177.59150984402294
169.58724595072968
159.88339906165461
151.6861802279107
140.4938773118847
138.2355465914487
136.51594630264668
135.81036392249072
135.06890688730226
133.65413394273492
134.2785444453706
133.76345569776606
133.5050356147605
132.80634172790883
130.66593200702513
127.85002702335562
125.70444723601463
123.98720532702676
121.11925422685879
120.49887035133311
119.90556036756392
121.8105956159615
123.77760535186967
125.3253512844235
127.13131608515253
128.8867693319011
129.58416092132157
130.92850079332146
133.11125176178962
134.2793616068808
136.127557363333
136.49434453755788
136.6862473103918
134.54784650559063
132.59208890079836
128.90558155165732
126.53996275566526
124.88043494752978
121.85589233588848
120.0508105435798
117.37432273800675
115.65092055589105
114.57539407128867
114.02428906635215
113.95946280422635
114.08127155400175
113.12146316282843
113.23130790778316
113.03253160797162
112.5175864757423
111.54771874239826
111.30352289347124
111.14836838787926
111.14922770355888
111.17064652649427
109.01172590659914
108.60886643032383
106.95057468302366
104.02348159022512
97.8085515435774
92.35139064767841
84.94052562179903
