16
10
d
173.06525024545658
174.44881437484105
174.09496768086217
174.45674187221044
173.48022398771934
173.8964561215413
172.89988387022112
170.14603612083968
166.1844379219458
159.96993297444783
156.13912323000278
150.42184512078498
143.46009011275888
139.8783340548585
133.80148102958768
129.79150725249954
127.25236935051909
125.87681083637374
125.65365131292802
124.72386893288149
123.76972164371786
123.05906689082305
122.31066112118343
121.66669143259303
119.3509428253771
117.40936111025985
114.93900378596393
113.48143999863967
111.86011065890008
110.41390115025467
110.3233689534363
109.73054926076483
107.0214394550697
105.99391693886301
105.15418795786847
104.18849871060856
100.90740604920379
98.90901212567735
96.10990591075748
92.99593782089727
91.02328986783922
90.16804172644714
89.86388747882062
91.58445066606875
93.0951161436195
94.02566188120754
94.973516057944
96.47478240454863
98.23836829938907
96.29052164188236
98.04413458566071
97.60383992598696
98.833704380403
99.06675828911072
99.21121975750718
98.51780845020774
100.89080464746216
101.88983976153575
102.25334448583843
103.557873808886
103.7564803410356
105.13222057791354
106.16518184591301
105.44243906990599
107.56088323197216
107.82361414544962
108.20094895181681
109.65015131764177
111.99815205891245
113.39066028469128
114.95178691494078
116.91364924073511
118.54062368745576
119.62695743550276
121.31278173135385
123.83783110865652
125.10242393366175
124.95673236535498
127.08053402022239
129.8461936961252
132.23747420646808
136.38912860169674
139.06392673175299
141.8280781491074
145.2502944711527
147.77089693143876
151.8848642995722
154.3076430193022
157.72703129497867
158.6396394847998
161.1007468482105
163.05734072956503
166.79162617418007
169.6162731248473
171.7658722554024
175.61122432577073
180.69960053459974
184.08468174325333
187.87883608705798
192.2611549900489
195.76493175033104
196.8508388708688
197.9012605575418
199.62673575464436
201.50921374195698
203.6720380217302
205.55875672682745
206.53421536545366
212.04820784690068
215.36976139305244
220.3445288407533
221.63466351414127
222.60913809899935
222.79225164947422
221.81941414451853
223.57576676999577
224.3955936933621
224.9492625401662
224.8060851541313
225.28334364335961
226.43160158333006
227.06055681082475
228.98937085137368
230.75581347975825
231.9362563051568
231.8370384156493
231.69552990334128
231.26877308141158
230.09684089855608
229.28721761396
229.00128689281752
227.35600720925416
226.47203355460957
225.1657745938495
225.59132614615208
224.09556204937866
222.22297443965314
222.91385043505252
223.1163199188167
223.9200510853098
225.25741216411453
228.052082662353
230.04530172184582
232.22931005520934
233.52247068211503
235.88876928225747
237.56473567599676
238.93805930152465
240.65112160398294
242.01974491305262
240.54483605766043
240.75771725624085
239.59238270193535
239.54658888289737
239.7358646172828
238.45509367902505
238.3993929749618
238.2474327510764
238.8546930474164
239.103043521686
239.13418895503546
238.17992751749586
239.69721078781907
238.1388280392752
238.41686267273928
236.59112014913217
236.84447826409712
236.76231951599107
235.8305156340161
235.30930616384543
235.44406977844898
234.32642927746042
235.07646719385374
235.0166595134888
234.60284735403525
233.77184142243541
232.49644169931398
230.7318623543814
230.54416504002268
229.88917915986104
228.07697599733294
226.52248469458152
225.8911584533285
224.52501312423374
224.69475285526147
224.18028546827404
223.39907256505398
224.28394023870135
223.74674994095875
223.97331200936674
222.91124703818
222.43126921411755
221.98232171532558
222.1379574792949
221.86529236175738
220.82762953906965
220.5046344883266
219.96628627309323
220.04487396214103
220.4592531941325
219.46010728029188
219.35446118199857
218.4272672168492
217.74526887111847
218.3001682953067
217.34097630426783
216.90293386074018
215.66382606207674
214.50501628316619
214.23789563112402
214.50608133924595
215.0494583521898
215.91335924199757
217.02443447608394
217.26114644788944
218.06340620066445
219.79611860698498
219.58092982372355
219.1630081848838
221.49708752863918
220.98017321289586
221.65741743381272
221.0490721497251
221.05950834448535
221.40790152695692
220.84070041353965
220.25592344486864
219.9118212098396
219.40988588480988
219.93269702028562
219.68145158881248
219.2517638753766
219.46659932224418
218.57778746028322
218.7200879349395
219.54748265662772
222.20240306332707
225.20640420397834
225.92692269118032
228.64474155483285
232.67552920832014
235.46157841104124
239.04705838941362
240.56572779321587
240.17124887954867
240.40207718609798
240.3433226155453
239.45328113260646
240.11568248378606
239.9033495502845
240.10524086118605
240.53920236401808
241.04787902459583
242.20794156708453
243.48551536081382
243.28358359134475
244.38793884574906
244.24759187798188
244.65810087872507
243.478055264013
242.5764113747175
241.1363683419469
239.43134825024472
238.94673767754196
237.23618175980596
238.21887718081305
236.65406748355457
237.67437331207498
234.90482281529376
234.1696732675337
234.62295840601402
232.32480918182384
229.4690108010867
225.89421110977082
224.16114501869393
220.5965260299043
217.80438950649204
214.47869593644063
212.1440283313173
209.71967769347205
207.3455936918907
205.4555800028439
203.55534522252873
201.46401879480814
198.43234068721833
195.42538091604652
192.6583243166652
189.3394133765002
