11
0
d
75.20503138188485
74.12535513194489
74.72750173022975
76.05447515876281
76.31715281170472
75.14806537048567
75.64482822690051
72.14105818360521
67.65941064612619
60.78994088826478
56.47862190615087
51.68432612546153
41.35018400895188
36.34056685694364
27.21479283774418
26.68933185902692
26.373217921218316
25.90415208526961
24.95342842577082
25.83632640924277
25.419114167738275
24.9142388770611
23.944718837077254
24.40639752683487
23.279320453803702
21.06666713845616
19.651201609134745
18.938397826935443
17.061323829371187
17.18698928174019
17.306394846298254
18.06255166128288
18.926320347091547
20.32768486511316
20.408743307943176
21.583447525812687
22.141302872581555
22.41558063400905
23.44679349233983
22.791320231846495
24.29598343609098
24.036165892226176
23.739596713493164
24.741200234596725
25.832177135516602
28.672593825106237
29.413200073995498
31.610000481357265
32.80255987542501
34.137490750449324
34.19147493897303
35.222434437371874
37.51462374410197
37.973637235618746
38.0832539722637
41.511663645783706
45.017437441950335
49.71666183537598
52.312738910102745
58.677754760200564
64.29657653794769
69.08228293532059
76.43650133624817
79.71722255299598
80.85404107799089
80.8539049896527
82.17584626963048
82.41748356549714
83.36125985988387
83.37358099645247
84.38433252096524
85.0365545982312
86.7759995820567
86.9715742449921
88.10800549627879
88.62734533837403
90.27829874908446
91.35553951933846
92.0963692872556
94.82582715607849
98.55171828093275
102.44611021048378
106.43787536355649
111.89199134822482
120.31160348084407
127.69360854933187
134.7198133041255
133.82549052988543
134.39297079759396
134.39641193573257
133.90662405363292
132.78077601131866
133.51825904730032
134.0984883964706
133.70647623373495
133.65389486443615
134.23824101369325
133.95504249461254
134.52954878474657
134.568048304878
135.15493030911531
135.4298610408196
134.8794660012399
137.4846015128689
137.88474673002642
140.69323419157533
142.06746404361206
144.57352272251484
148.0575161357135
149.58320058119216
153.760315969208
157.15745817333465
158.64040453691516
159.07547502678406
159.63619904416802
157.95944163001684
157.15924525524576
155.26366211220318
154.16331671234377
153.00489521602069
153.25341867076628
151.71286427207232
152.00889050788678
151.60151435881323
150.73179835080114
149.830371825844
149.57424506780907
149.97975792865594
148.85851517533536
147.72321820340136
145.51277939797123
144.95994570960306
144.24735218371723
142.71213057352574
139.92690530436582
137.65000066817578
136.87484527445557
136.806525329068
136.60837000715134
138.7186037936091
141.64728828474142
146.1415674226954
149.54800337828655
152.08849638227554
154.72316911654326
157.12389998487802
159.40470971540856
161.2325437900499
162.51691385337463
164.5714614166628
166.16804941411695
169.62038506483083
172.83733845435768
178.60668103295438
182.27358437738147
186.5127094129149
191.9990738301698
197.8198345178688
205.87784509157586
210.7930767716641
216.30258678870112
216.20262174727563
216.226970525281
215.57850767592615
213.0171738302704
210.94611576301816
208.8179560470851
206.0584484260321
206.54236969533656
203.96001980353492
203.21347012872968
202.64617785702964
201.59605267158526
202.41045282672326
203.18746990692594
203.62380527382314
203.98802227567657
205.23439816198092
205.5112062940832
206.74441692458703
206.2279836134012
207.78617731787077
208.5840840976551
208.41401258068672
209.06291137437535
209.9453648992176
209.54600581145337
208.56486736645505
209.29338132508275
207.20391267038448
206.80621180048382
205.31398705218513
205.1230164760017
204.2711350355041
201.36558976295592
201.1374838584708
199.2554365983125
198.86861599156657
198.2273209079741
201.4005042153547
206.53981424045082
212.86730655625283
217.3228797333881
222.92821751773678
227.93282967735522
234.99496876925704
243.38361973082002
251.31814814938832
256.3576396893928
258.50474996940034
257.6005486350262
250.6358907550331
239.4588104746445
222.39621016744957
212.01244628008675
198.23204978086233
175.66763996347845
159.2415601039067
145.77729009746164
147.4452394079645
149.38631499169196
150.0419694869376
151.40016687402496
151.5800058362445
150.79048871825984
151.5033438256852
151.85154498087087
151.78217586887652
151.94404854127356
152.5635017173577
151.0745469191592
152.04952754498066
150.94178344721323
151.2366492332815
149.26358560812278
149.3413233906296
148.63038691033518
145.60520633298168
144.37628179476565
140.50026128194182
137.49766626248885
134.18465701657195
130.58972352153762
129.49565020486165
129.3358365226034
129.65149976158915
129.20963445404695
128.47745283992344
128.41143871933954
128.8514879718187
128.4225217734889
127.91997614058111
128.05081414183368
127.9691098214357
128.24376998178067
127.18380957072732
127.44472766679027
126.53175375522655
127.02983099322665
125.43156189233781
124.73083222398343
121.2726864603868
118.84653606128586
116.0547059834588
113.44054099367723
111.82355410454323
108.41887001970993
107.4654062373668
106.05353937331022
104.85300699030549
105.31772184821392
102.85236552537398
101.51253600321813
99.95793698687211
99.46255688319556
97.00396551813158
93.70931208654297
92.3484184559405
90.15375031617891
87.22292704443569
86.0869049566818
85.20389082328168
85.80395970835511
84.88868013193
83.51119709467253
82.2313330562933
81.12404675900832
80.20766190497879
