9
12
a
136.88343309033147
138.3294792518132
137.8993013190709
137.8739337929032
136.58079692306944
137.79992708264967
136.82349847390762
132.1527219202168
126.27487736146578
116.05106217076019
110.37298539639566
101.72274228299194
92.3951568638513
85.1169517470536
73.41964597291481
64.33966706296205
58.900397334462475
56.771618100322286
57.205814520314064
59.51957374300603
61.614200906927074
65.4716173889476
68.96750701964613
70.32996533073268
72.5169821139435
73.0266367542461
72.52250623516922
72.39982213212137
72.9745356732437
73.14258766676707
73.57092351749405
73.64238376393833
75.13659311561807
75.73638799605939
76.43436084999408
77.91698447481976
79.70342840001118
80.16285941876843
82.35170529252866
82.79997422866612
85.11800897099918
84.99343610801692
85.32693421910376
83.63590649014174
83.43726148337652
82.85278800592131
81.2387762882155
80.4822901130377
79.69474870488784
79.63839354684706
79.03729118922148
78.27270335437414
78.5058176716583
77.9146949879603
77.97631944655024
78.25664241801789
76.91634212483663
77.01907075087654
76.72036360647138
75.47360519024056
75.0314336757148
74.65753306225157
71.62504601499667
70.74699306714508
69.14993550331587
67.78653354629682
68.0091687187233
71.49534575607201
77.2270553682262
84.51708604067932
90.84442396396068
95.59304421909438
101.373105063192
104.71989936939056
110.03112505800756
113.66869834842811
118.29864623458491
120.87399790998506
123.63005704228651
128.6297298284807
133.49391428451008
140.3950449022055
145.08500868270988
151.73153138739926
159.62679119303013
167.26630713932678
179.5395356938024
187.7040933343385
195.19118219048542
196.3993099558848
196.4701036274237
194.03816763854167
191.53540954517396
187.7465494188825
183.2508341068909
181.32625620688776
180.99653771688995
180.06971450021277
181.01649966942273
181.50292773965032
180.89271332279276
180.61316996896554
179.88601721220024
179.6466748836906
176.1006853590078
171.462116956867
162.77878338539978
154.36624180468397
147.87201425953347
140.3925992856541
132.46799944067183
125.64056057991114
120.44845402175147
118.44638481000048
119.50938857919918
120.68099896408606
123.77886192242211
126.9666859901969
130.38110279267926
133.80993565823485
135.07939853107712
136.10133776002013
137.55085254905575
138.2310060970242
138.7107988086776
138.56139149595154
139.19384800597442
139.28457483044744
139.62723916769602
139.9117682688245
139.57136133642672
139.17643059807247
140.91011018535025
141.5083745687798
140.95118543822892
140.4886444995713
141.04302771136904
140.92404340158572
141.68042920638644
143.12789941156677
144.20550627998148
149.3406980959251
151.85255639986653
156.2686996628606
159.34205965876473
162.7660376514042
168.9035936858302
172.64273451156953
174.3609964589562
174.5545120787725
175.28326845509255
174.84919304465294
173.46818809910567
172.72619085914965
171.08588084300735
169.90625807043895
170.30994766819248
169.68824661663604
168.29029675837378
167.07813466210965
166.89286519911855
166.40339218086143
166.81163633776202
168.4712979590505
174.61896041915435
180.53896384634606
185.72840442534314
190.63267616520045
196.78031155353165
200.72532998856596
209.2467074588353
213.8047448367216
217.93453804067946
219.4675697929428
219.4457631661073
216.70905688284859
216.20858733666046
213.74282411322662
211.43658986901616
208.54422131873045
208.9450933940466
208.0634020405048
208.67658633734638
206.82044113692564
206.96274117050098
207.419677936329
206.68498246927095
206.36972238291798
205.84173111744278
204.37843996169528
204.13459559237785
201.90358835253525
201.10978042597867
200.42199975492773
200.20157132655572
199.3723257599537
199.01094283251206
197.72203488664115
196.90387891265885
195.6831579384174
193.97712630874008
190.8395209829269
188.74239727694584
186.89102164530055
182.70745131095308
180.41020941931495
174.69306787840662
171.00384792568065
167.65625981225125
166.28207208332356
166.6060870965853
170.86236892883366
174.86655246707238
184.131506423727
189.06703899116405
195.3420766126149
201.17561049313886
206.59548965311006
214.14652448615033
220.27290149544294
225.28892921659565
226.13220409753208
226.37260444538575
223.85153769009807
218.70449083982774
212.4016262488823
208.22638168698649
202.79559260465845
199.32537884976531
196.2751718957289
192.6256750465324
190.30593656857363
186.7052978092233
186.8255689230092
185.9355993507485
183.64583875182325
183.0343698644139
179.61517144859084
178.78577423626305
176.8674964525694
174.49826200453612
171.54176126442934
167.61107884601574
165.4796722345891
164.09481659857389
163.49668949246094
161.59373281574955
162.35811713438397
160.2830314500206
160.3926933723286
160.35782697643188
160.2087282906827
156.84735909798047
154.24544207813332
152.09400579782053
149.43363885504647
147.30898198118896
146.11091243610917
147.5495734617729
149.86392707691368
151.9836723777893
157.44510178063513
160.72378233349488
165.59398253292747
167.87887671124614
173.9578521277586
178.85105874405065
183.02934844948675
186.85631571154113
188.46777302008658
187.65393086052094
183.632559605115
180.7538054302226
171.96133585416206
167.6947186443074
161.08398961173992
154.34742450495662
148.97447482544945
142.2742850331983
140.51948549809936
139.79711869690138
140.27045228619087
139.09868572121457
138.8585821063623
138.484898586541
138.2296587090417
137.93238379689055
137.10869832921193
