8
19
d
92.15453692708778
92.65259884588856
92.7122701022132
93.1751386649902
92.25920367007377
92.66487787185385
92.45289395299372
88.88717240794928
85.65611786132256
79.31603699190866
74.92164966402699
70.34751190817205
65.82215265770269
60.24643447808678
53.60398368302985
47.88370110485233
44.99291873629508
43.939157011428364
44.69572061293948
44.841577944254475
46.34184128978614
48.659593940748216
52.24654981828473
53.2202837030732
54.97035216186142
54.32611387033696
56.8384159020981
57.31291441496723
57.14096159180478
56.778701973891245
58.017264922990115
57.963389911755876
57.72309754101226
58.984981821040705
57.76153409486428
57.98123358988659
59.01384186725489
59.04789329232681
59.1943497975188
60.9961223847749
60.57881018475096
60.00166806244964
60.25183827942769
61.69802935904344
60.27788109425769
60.596550087681294
59.583708746315246
60.46935840709191
59.15188612152766
59.54710515304922
60.127228530115
59.57384625657941
60.651965291535305
59.76420036263174
59.7775174905385
60.4987563856422
59.787587901879874
60.281344404605036
60.04118077196233
59.491611085302054
59.831774976442965
59.9770220503384
59.152379658061925
59.16505077439257
58.97776807795355
58.95193439329212
58.996588444011174
60.00465596590801
61.10915292739026
62.98289096234792
65.21424453602339
67.1645430347893
70.20434455170071
72.30139715996378
76.33280990970488
75.91701262981312
76.60399671537665
76.86149620369139
76.4642289958161
75.42443826936879
76.4473957203271
76.23332913437379
76.54797087835725
76.59612525643522
75.90433822992257
76.40927726363357
75.84377066302211
75.97381491875173
77.00730553656865
76.27189520395417
77.25824093234351
77.1873315151958
79.63403929255534
84.97971018198247
88.84613050597244
95.53903933976831
100.74751929777875
103.7257971438909
111.45632256611222
116.46613346176652
119.52627534590671
120.35277039692332
120.00466544133182
119.08937678205912
118.23887606566304
117.04783869395442
116.37318848665215
113.69387747677732
113.30494519743198
113.67463664007411
114.78857353149277
114.79508203223547
115.29438178406284
115.18848961939167
114.18952568795758
114.70857989885059
113.50608936705414
111.33776807057913
109.57392372393882
108.62449672513004
106.17486743171904
104.6964887158327
102.89003981300316
101.3903097476005
99.05639346058179
99.28457620994904
100.11681770646638
99.47844145263579
101.36691057701321
101.16123524701541
101.50896161015646
101.93526453838338
103.59477892276331
102.50329025557681
101.79279387091563
100.9996542432214
100.61477718890991
99.68564704596393
100.59138027238835
100.64425708421516
103.65279151496875
106.1024554599219
108.36626017765896
111.30823476527512
113.86604272946292
115.60638039302331
119.30921182822682
121.25719348066286
124.16171567854471
125.16541922456618
124.59460482634042
123.81113865493133
120.26395254730394
117.44905804981039
116.32450903741727
112.17134359114654
111.09628318248554
107.98582396380147
106.39480475251531
103.26099916300555
99.88415092460912
100.69316220614128
100.5859138213296
101.84102240482491
104.42804214318959
107.05716172299506
109.8480130318941
113.8678107525086
116.0991283168638
118.98781798838183
119.49749107359546
120.85718599288768
123.56026786980699
123.84432200568027
124.4938076471237
126.69846071934198
127.84150454244958
129.64643514243082
131.09158446421057
133.69765231709485
136.73702846765977
138.8472456750862
142.37691932731494
145.49075928883474
147.59579635346142
147.8947908461662
148.6476109360067
148.5712155739038
145.8722330575657
144.33593855607478
143.2218059870786
140.58399364906197
140.7416431103633
139.48165965028863
137.26297514532888
136.12312497958678
135.77065536530665
135.51966246253005
135.04461615672844
137.21543389508324
138.45961151939642
141.1377880903437
143.02492889713628
145.2824506946305
146.90610865309716
150.2075204158564
151.74683966467987
154.4810040154643
156.0951416835862
156.21989938800368
156.30937666814566
155.70115414755256
154.41696256972298
153.41565319288173
152.64804020763174
150.43777840352027
152.3074141957006
151.5730637408983
150.2950218833142
150.68713760671255
150.96139672670137
150.58061353725418
150.61595388781382
149.05554856204515
148.84852207321228
145.18752940617347
144.52726119417127
140.74141576765692
137.34284622519797
136.03118687168038
131.79711360869211
131.10642618000006
130.13985507210265
130.22302645597327
131.06210592944177
129.99050426606163
129.49003113570393
129.08024774980328
129.73813628792223
129.36296524867248
128.1876314953504
127.90721126049603
126.78447748965095
127.19295302484662
125.27002485078174
125.94601168966636
125.01777440894479
124.52354185116275
124.10207808449067
123.88738167138652
122.72138009010571
123.27082367093631
122.0782767130211
121.91875211250887
120.22679846813708
119.28167654940584
118.8725315349438
118.67774732847248
119.33444725873035
119.82757997441553
118.96748932445487
120.0776462353573
120.46088347455272
120.34375526042756
120.78965894842887
121.13690877382928
120.41558898906233
121.06903153599764
121.89391019025267
122.7342688264547
122.16847849168848
120.92707742083412
118.16898935855708
115.36321670625752
113.33074922391722
111.32521305319838
107.97786714611652
107.03806994984348
103.22194790341237
102.250985722917
100.7046020108625
100.62208670812498
99.2022624725742
98.8215099260118
98.09684278592246
97.77279599068788
96.71567594716468
96.3217855082141
