25
5
a
113.33927257575513
114.20229751735567
115.46310918201083
117.9517882438502
119.5769622462145
122.212740671552
122.37447868939292
123.9472406036001
117.77296985686748
110.94473042884478
100.4795909843565
93.16060247559263
83.7597761547203
70.68939291772719
59.675232922751
48.29110788857496
48.50117971748178
47.26230097995523
47.56532549085581
47.698410664589964
47.15208300951507
47.90355827997331
47.41806263860033
47.021638814913274
46.76567789970403
45.3017964315789
44.06380460745291
42.261467198751674
41.396038147749394
40.52574036044217
40.53333650394948
40.63907609510962
41.56253067623783
41.13525836997294
41.39772692550979
42.10292405191721
42.35802040876653
42.3650475244731
42.58585909220499
42.74492376708959
43.23538418798501
44.675221420003595
44.26027625402569
44.264013543498315
42.29195070696554
39.89179534757287
35.08355573230275
32.42625457398421
28.721309246634963
24.96935824055716
20.159503657938288
16.817794171942257
11.921778468325883
8.784631153700149
7.306857062081567
7.939877405796607
11.335798369592597
16.122292345626782
21.847213856636568
25.275513005614247
32.301219390851706
36.34732136896445
39.50250589504662
45.02373784902222
49.5594060502836
52.46202792778836
53.1686214295253
54.02603329349721
53.231465068907745
50.43894574731233
48.22748414255782
46.262116597575066
44.25996525275614
43.047599419960214
42.307750854825514
41.99951171845883
40.941695862769116
39.96881986811198
39.70366164612309
40.30102791000449
40.68203073521552
42.230428128332534
44.13393876791267
46.18482080017814
47.885113624664356
48.74810100189631
48.493460280183456
50.006234460944825
50.08075939961921
50.425053190491354
52.21924316448203
52.946670478449846
53.55844484386312
56.840145603227874
59.66437356213417
62.71649783957287
65.68851457446546
69.05054234253878
72.85694634591205
77.05215971059701
81.59707511079604
83.35287626357888
83.79231224823675
84.16783457772915
82.18837946261813
81.66162680433143
78.00199555415571
75.45784209515517
74.92442213260786
72.61397483604974
70.4512696274765
69.91803719223509
68.4579745889284
65.94622294482947
65.55522093764759
65.70687599241076
66.47485013795237
66.99742673036003
69.46247374461839
69.11497111107474
70.54780598651791
70.89598961648814
71.3578209877896
71.83406480884099
71.11686350876646
71.15267130299682
72.6431956472854
72.82361186506576
75.29349241262324
75.8410016254515
82.05595570244867
87.46923829293719
94.03849283823574
100.95254595062012
105.67842319160277
112.08400373080595
117.28018718212823
119.13249806510139
118.62678793698038
120.4076320087114
122.3051088031922
123.23955852324156
123.78536586942062
124.27546104677731
126.99119302287977
127.50538949905814
128.16108424994093
129.07028089550653
129.26258016949285
131.2363464638897
133.6574073440616
134.78346276846227
140.24240105267478
145.90535588916032
161.29938826457885
172.230740542935
186.82345612977537
199.08612311644436
211.57004318309242
231.51296399025324
246.88805333010637
257.254803402257
260.7396287468553
260.84567800405466
252.9248472997074
242.61786717468019
228.88526270694817
217.89289021631345
204.21171498096757
187.83716599237823
176.54623875235765
166.25624508557888
168.11523245395472
169.4641939578949
170.2907982760748
169.84821578899482
170.12903479076067
170.75112984576495
170.44201186479987
171.05352190918114
170.8624554632897
170.2855990318718
168.11202553176938
165.70174310936918
163.51154103917952
162.65521123091423
161.50103293758352
161.78929373311988
165.67600738938407
172.24788341807204
180.9430481824554
187.41426154844473
195.3980749663036
201.27595169390446
206.19168429160598
212.5378143233104
217.05871802143142
222.6331574448396
224.77686951236194
226.01328360737045
230.3146725095622
232.6114493030486
237.31036698721292
240.1629977556647
244.81582016497336
250.4182977478052
257.65564419690776
268.9042300196124
276.8350216329328
282.44523290972427
284.5626085279879
285.2158962578128
277.65941262560494
264.8768019227589
249.60896436841344
237.3453021732163
222.92384998649328
211.40147631557218
201.33820103847395
188.49620596927107
178.3250464008845
172.7756184102573
170.37568226388848
168.50606466987682
163.49391116658123
161.1488680068944
157.02513058956077
154.4754929221543
149.31705138746216
142.66442833721015
136.18831883068046
125.30594068850294
116.50907203760211
110.27752220252223
110.42391805950803
109.46760744659521
111.91705645737832
113.96442541180208
117.79659344900435
120.69152113236532
124.61100939576347
124.4125075052787
125.42512567703848
127.08039932386156
127.55049284861262
128.86003960645476
129.15955519254055
130.24647087361038
127.66083215321343
123.33478338380839
119.94911953033426
116.9762586628743
113.50667583318932
109.0114714526114
106.15496555584804
102.18961850075534
100.29050394172201
97.74753933889578
97.85608196423775
97.00821769721045
96.21630607526899
94.4941400954267
94.52920884336585
92.48365604740061
91.43538472690202
90.05627261608961
86.67230334347092
84.31130789062873
81.73649395260435
78.41704064461884
79.22411683870759
77.98095138566214
80.0435274344186
84.53644364653158
89.3036724678648
93.68989809937372
96.60913017951117
102.18592953779338
107.28197473122238
111.64211274214016
111.9473077792239
112.27427097038546
112.5973519068931
112.10277800636625
111.63665766483385
112.72927180455164
113.73064770514775
113.40532178360783
