22
3
b
174.86129949598748
172.87958856378643
171.5432345006087
170.29360006706418
168.5771227879835
167.10361563042508
164.78583069335863
164.1886417153697
159.20911800927053
153.79002045931162
143.7256176240649
137.54107930275356
127.91715042252926
120.0145472239021
111.29911426082234
97.493727503762
87.84882466792122
80.65944884189797
78.52529857685794
78.42798045363374
81.75455175365255
85.14258703664608
90.34368963247898
94.53159217409274
98.31788678021518
99.90987055357887
100.6895993545125
102.20588566579399
103.93325815919093
105.14570224114065
104.17638478941078
104.33054462670972
105.4734858514659
105.73246386023546
104.99213740931957
105.24450443413886
107.43845619532347
106.67902290029652
106.74140343874481
109.66841828991438
108.03140337508717
109.32398632967508
110.81822778359408
110.83216777194465
109.18867047690976
109.08332879865458
109.75741372596795
110.07952332428016
109.27683497694198
108.95104317601151
109.19697818736296
108.95138247923987
108.88391683560121
108.47749593702947
108.68811738845781
108.59909990627938
109.74882723941674
110.12562949040229
108.77928759652738
109.2415730942152
109.48849311971662
109.37262307891783
108.14528052615451
108.28696848991157
107.41776364457237
106.18319587151699
106.40968632029106
106.78916228929846
108.43930797580215
111.60704735425531
116.16941776384898
119.49390081950855
122.56810708318936
128.51792011887915
132.37222967060126
137.78367974022424
138.1155046140682
137.46509429944442
138.7529770196533
138.42576633847546
139.0934780906278
138.67560540046023
138.90442564178784
138.91402223414792
139.32025679473043
139.1778695798038
138.877522764482
138.81760258740317
138.35289119245476
139.42865177090076
139.48824506208635
140.56029159130054
142.0220307663196
143.79701028451618
152.4534172470217
162.12171875121848
173.9608374944057
182.7291592465879
190.79873283424024
203.29884583122058
210.95566293389192
217.0484734044526
216.92470615340898
219.24652981668845
217.72983742132124
215.8158996987217
212.45373301897047
209.87934594424084
207.59690315887198
207.47509918975015
207.3971211728476
208.67560283607364
209.2433533148154
209.5184358788229
208.77775697269567
209.8011015348386
207.8359355577403
206.41010622933106
201.49255857798744
199.5590232719922
196.624885512045
193.33562932135587
190.8688887992352
186.20404683894716
185.19468800099662
182.53474803329487
181.4068033001683
181.34446842196778
181.89049722365226
182.6368151945441
183.76223734463028
184.4549334819034
184.8640250700109
184.74929101434606
183.47831116732183
183.44419215774118
183.806797271659
182.58242533449663
181.7971552669841
181.30692116303248
184.93805281938407
188.57436660643376
193.65810011772385
197.3195754332376
202.24645525179878
206.24368343028618
210.87991380676957
216.5596444502397
222.15773895648482
225.35468970140374
226.2016319646863
226.0360314708609
223.1301393410043
219.5733414610587
214.22312941518854
208.892592101585
204.15455023431707
201.17343802978718
197.13786867081674
191.78882885146848
187.04130123264304
184.09001696313686
182.66329781012385
182.68200857257997
185.19933841685176
190.2142002717673
196.76791802591794
201.1952978607153
207.56719528941784
210.4734816164943
212.9019265234743
218.27230937576866
220.5910062789521
222.8178643022889
225.85417650503518
226.7281209452194
230.37792573520377
233.38312186721433
236.60351254324917
238.841489873922
242.57272522227717
247.90345571796354
252.37129112561774
258.9103764725494
264.7120663953571
268.70003266868997
270.12898146888756
269.37158525752426
268.2274060564365
265.39925834614803
261.62313350725657
259.46383801006795
256.46008330986126
254.50072058664207
252.63651670149494
250.35559111644412
248.04771809107515
246.75170478739926
246.20680449132246
246.89193695554425
248.0495705816541
251.3323309642564
256.762185864612
259.74611253553377
263.3270839799543
268.22626202984327
271.181819191999
275.2226988716723
280.180984194715
282.50123576774087
282.4382832335617
282.93014828802615
282.8462044987398
282.1841997274571
279.1935624457629
277.16723169026574
274.96913138852904
275.04332001753045
274.2427630001394
274.83539646519534
274.15050280219396
273.95212455573585
273.34137972694975
273.0632247681385
271.67821969408163
269.9172193390827
265.24078381031086
260.4135859254853
255.92287027346597
251.02823003889407
246.5179997473011
240.34488539663502
238.78813251618925
236.65436747215804
236.2003126866321
236.28538532452404
235.3662060289523
235.27307364725257
234.624674210559
234.8933559250132
233.82008269336416
233.23355051746353
231.73540935747047
230.58236454230857
229.23549821201286
229.10186737200115
227.22791052191016
227.33496196112
228.00104972961293
226.90735255526258
225.4956560800679
224.16619331702654
224.18859192290654
221.70210935562125
220.16112351460185
219.83366836568075
217.58802409955558
216.59270027100055
216.5975923246555
216.90473974652497
216.34699216345612
217.28973736600352
217.85181570574863
216.82242259877214
218.61481656646797
219.11653272771477
219.51039568919353
220.24251634452793
220.49091099511935
219.75200269640914
221.7405118764086
221.56094654580332
219.0794162914101
214.8002460890096
208.8375954901832
205.22874155027455
201.4166892236042
197.70320855718776
193.66425788234113
189.43102450623667
184.72197242600177
183.4583458675794
182.7318398888063
181.55754386528506
179.67818198191702
178.8831705951125
177.6961415759407
176.7375422000059
