4
19
c
60.18370816014036
59.26215103714423
61.02861242703786
59.022141662606245
60.30210042264883
60.52446468319666
60.80772474336416
57.41143040152826
54.45400583947197
48.42423696287665
44.291212195163965
40.28827760758558
33.17650874811574
28.271714996880466
21.624671399622688
21.825083406884193
21.317801516924813
19.46218059106991
19.181470651181815
19.655427947055284
19.59410761453614
20.352879883329486
20.268002427415112
19.403694096290145
18.645589957859585
17.140788094793983
14.974890236229449
15.215295614787964
13.922721983823262
14.174943349684073
14.143416691669351
14.167632577546446
13.916069159703001
15.812889361252513
16.57200177294669
17.704182822606224
16.80319566366796
18.432202241210316
18.721501659448695
18.472292575248417
18.466865341043974
19.121545745941024
19.814096314094947
20.178739097547517
20.579613825987284
22.826585157943157
23.6746196896829
24.94806616687321
26.689941809503793
26.615511566844628
26.93994560614647
28.823105396142005
28.689965728469954
28.903676115810043
30.520621799381775
32.47316674291749
35.49372606773402
40.196336576346106
42.17781719863805
46.79947708542057
51.673313119731375
55.11309334065806
60.184665747837535
62.778011423510556
63.47275547112457
63.64362618793594
64.1329174041261
65.73380054644164
65.57172080435238
66.46421639052252
66.60181618064067
67.9760360272179
68.6186055093118
68.39326065054513
70.51638747685072
70.76218571878746
71.80737172996555
71.88013277482955
73.00357895206919
75.27117752957699
78.6570622050297
82.53942386122405
84.657977310696
89.36811570553753
95.73127922544548
100.9682250009179
107.18449500230155
106.34013800287974
106.33896353336254
106.29806630876217
106.62118168244679
105.5203538313729
106.47751141308856
105.7235023127216
105.97144066068168
106.46055835101492
106.30416049590221
105.61613566856576
106.07530112124445
107.57062937630943
106.98790042965756
107.15528072419993
107.57868512945484
107.67436449443122
109.58694154605692
112.10790757787201
114.26922963879628
116.74845252492798
118.15976234541355
119.55938144033445
122.19516254993617
125.00243096539008
126.35318973367386
125.50396161109087
125.1754502126501
125.39481240799819
125.3194915308199
122.71347315399622
122.9498855565361
121.59652254175462
120.07934443589428
119.98010002613
120.40310629463924
119.64046717143924
120.69801441689286
118.203909246632
119.60275582698777
117.89044813154078
117.72693242377566
116.8469543488847
117.0031338974054
115.9406462778556
114.41133668738611
112.7098372446685
112.920871322104
110.56316649552386
109.29406441005965
107.49236200973873
108.60323876914998
110.82784597370883
112.00813662774543
116.26654595043657
118.07640605240285
121.67738326463243
122.16652402178602
125.00165399870009
126.99675111985562
127.92456918356991
129.83545880577628
130.88508148694552
131.2652482396111
134.83967858792988
138.31596169956794
142.10427692758964
144.20160799496853
147.47511940180976
152.96257318934036
156.70367272279034
163.3084846763406
167.58581857653695
171.838591067978
171.96616578211666
172.00578063153236
170.96197379846748
169.4077509134538
167.39471095648503
165.13043776667664
163.35578837126843
163.74684436375532
162.79462407941267
162.39750431841853
161.5388197872969
160.5504083605634
161.21408951145992
160.43140657238635
160.74066393307035
162.85945374141946
162.75082882188875
162.76148200593312
163.5774643647077
163.6753015196899
164.58865569338207
165.77881927580333
165.8767086037279
167.10823439725385
166.35802329288782
166.66320174230094
166.75005077220985
165.89392934982664
164.95633243853362
164.50209722588187
163.60494825524813
163.01137895033148
161.74666723900492
160.01204337844433
159.7607011805964
157.8375791078484
158.44231577924793
158.0503737067786
160.0228196523075
163.0877669805003
169.88999526787828
173.18095971903406
176.45978997248912
181.16675501958116
185.41992320493807
193.16186527360153
198.82378300944498
203.37999796363056
204.71672289318033
204.54351977513724
199.29619106309488
190.31518783488903
176.9236558465573
168.59902787222887
158.06496056271982
140.45412134889787
124.75280734014203
115.02841750846741
116.87471629257338
118.9332405745169
120.55682660989338
120.84680750106425
120.928283225187
120.2512105158644
119.32744958650298
120.85283884225451
120.41495905801894
121.36792206351089
121.05827066033032
120.29210515807154
120.02774857306696
120.24295247202788
119.16438245169256
119.45697327485732
117.86806909299767
117.81392016170044
115.6941542111341
114.01739772455184
111.84808304288825
109.28191519131663
107.33167216484871
103.05769182046728
102.43246002382065
102.71545083197601
102.07216792019021
102.39459522767844
102.37000687822587
102.88262282370161
102.37137204585598
101.3712832048096
102.52680225098148
101.99537795426673
101.97018453094626
100.93780440770294
102.1481992681153
100.6585520104253
100.70115206952002
100.05675084420454
99.25234325462
98.40584572831094
95.88855079410216
95.90984864207032
92.73979523304145
91.11533329497168
88.9204848545771
87.10286726257807
86.38307994802611
85.40221532555975
82.96628014308945
82.85436961296743
81.40231017044205
80.31945850741523
79.25678461658184
77.98855630532098
76.88134753582555
74.44601901153892
73.29044259035848
71.76520900966024
70.39310041284872
69.02401544346628
68.6760529484517
68.16034187350445
66.39779063772512
66.48019138366648
65.51426462037594
64.22078631457131
63.29646269036059
