12
24
b
98.74766180717506
97.80737501937412
99.67103557261247
98.10160385028792
98.5503427280957
98.3374224614326
98.03026268490368
94.62595692226603
90.97695944659662
84.91595497863042
80.28420920143643
75.87588023474778
70.239470772175
65.24981829642465
57.784745178605796
51.91502354467571
47.137180473886545
46.770468021857845
46.71792151407767
47.27754039450786
50.70914749591835
52.18810099311555
54.618936073485656
57.56508168759347
59.29281733543226
59.7357405485603
60.02068442642558
61.98186664521565
61.565407344068625
61.414360032496035
60.81932237411042
62.25112317868212
61.99780990053159
62.42257981215117
62.66532071565458
63.14871890663805
62.47409685836164
62.545300032587065
63.94028838509863
63.97628521424175
65.21365039538595
64.8823041282745
64.66570408548785
64.01498524744038
64.54049529256196
64.37255469828264
63.66402426356793
63.96640197705184
63.544226334348075
64.3672969410062
63.829923462377636
63.78508724452212
63.913435490249185
64.39205531102833
63.64728533175989
64.38987469084333
64.70453282914221
64.19928106478207
63.70963808428821
63.9445243271854
64.08138342944858
62.67295403331252
62.991810839851084
63.19054474621736
62.03162786254314
62.957539948565994
62.0654583988849
63.53497194800508
65.87066049880727
68.13213273321472
69.94805144221898
71.53739758368594
74.64046890153722
77.41856886049113
80.0801632661417
79.88183232616467
80.16851216478996
81.78372951059401
80.77979199710606
80.67248881524638
82.18512362281454
81.99704997254479
81.68832993571199
81.19960378297185
81.50910150709849
81.7794619085199
81.54290164349341
81.89623706517376
81.79136120454838
82.82380222961798
82.20102563160705
82.89951485381434
84.10670413629101
89.54379676737673
95.06309385864104
102.12806574673299
107.29458464196593
111.70281143172953
119.18102317742819
123.90515353739403
127.75825531558169
128.21288122945163
129.61294866607042
127.13472564737737
125.43671774609896
124.98739358300175
123.07445453999227
121.9531864305104
122.05294531544614
121.91442444649806
121.38800302229676
122.32668288087444
122.1581419056463
123.40917025614205
122.31092029622351
121.8094281092437
121.11050576111222
117.81642265711693
117.31458181102292
115.35051806070301
113.00343037458626
111.7958979579981
110.5331726758534
108.38253155800894
107.188836754567
106.4805180107131
106.84433699777537
107.07497108924063
107.03697532648306
107.73534642823847
108.05822574632549
108.81710338043624
107.82373389543754
107.55868092473882
107.75585560033022
107.02148827009312
106.98473598712602
106.89056268391349
107.07701730542779
108.31968372192851
109.78892723914217
113.46269244625758
116.9187630958481
119.59100969029105
120.60972034716973
123.01278090580644
126.85133708307157
130.14161236875162
131.7307397283508
132.56966000621634
133.59730484719913
131.86027631878758
129.6441513905635
124.78557661374862
123.30286048286615
118.44584539686494
118.07895216660839
115.5529636241197
112.15962312735334
108.87136052798864
107.62740776295644
107.06496787197517
107.51114686085695
109.34275994928777
111.6560221345553
115.88377773458075
118.20002771380467
121.79092811428491
124.20313570750106
125.01300208804446
126.65959123450855
129.0912966344766
131.69555668808238
131.9845951412978
133.39232545765643
134.88985769292754
136.71393090148928
138.65015201655126
140.03548405266778
141.99096364029728
144.4988680857985
147.55423559746725
152.694434738381
155.60781648685364
158.90673539360745
157.94601255080067
158.3845150681077
158.14970380404662
156.5042496156906
153.4268581810518
152.1352103284184
150.5331761797399
148.79807954793193
147.2448842208083
146.92855242981673
145.83935889600178
145.63747156296773
145.33297152374368
144.24250678953345
145.04023555655135
147.87720606963637
150.9973801899604
152.19199363112278
155.762112887839
157.40783826717166
158.8429091236789
162.58636056394758
164.78576212303156
165.77000378487833
166.69921450566795
166.14359433614226
166.14154099938926
164.36900239807758
163.99418423361897
162.56876626060097
161.8453978655431
161.39556686151266
161.38414730732205
161.3641028499804
160.64240663642235
161.4613443728556
160.59337040277583
160.2476652806128
158.52135597948276
158.22695053037998
156.28635545908142
153.1281863615915
149.08361043343467
146.79151896439603
144.4723414449558
140.59463483559537
140.111791188063
138.8365761889087
138.24204410084658
138.90595296564086
138.3300803288814
137.8799970061164
137.98767555383853
138.2549765991752
137.73675473720093
136.2322556604867
136.89302299969188
136.00074218440525
134.57863356495616
134.6591031465843
133.6731464796137
133.12333215348386
133.7820540762965
133.39384649021804
132.4408222456867
131.52882130747648
131.77291847531208
130.24209230750594
130.00354186462485
127.95563236466005
127.36340544340415
127.34767067066461
126.87420336829581
126.65130923429832
127.3351098819784
126.9782302221556
127.6406373468015
127.98778725187742
128.66012543505644
127.61139286153015
128.3710428322076
128.73062880676363
128.7911543133168
129.80859093369176
131.67495554073153
129.43805461866023
127.64169254349521
126.52074347988783
122.27386142920454
120.24552261154173
118.49360522298565
114.98439516580319
113.70703106643509
111.20553763388426
108.64060829727691
107.34138337415786
106.0131168084437
106.55964866735616
106.08815709549278
104.76456146916287
104.2459192155822
102.60098851903184
103.48526691161499
