25
3
a
15.83546139456179
16.168231324570165
15.25531090953133
15.618520189794133
15.863677510551137
15.739431121678914
15.584125732786108
14.168006196895856
13.419497942286716
13.00477630629113
11.127919219643935
7.4438783959886985
5.135840171139819
3.5728327142136487
0.871036134875645
0.0
0.0
0.0
0.0
0.3006374084934252
4.243527651312708
11.007217156062095
16.330075174092254
22.97608677583289
29.281316687906198
34.30282867305258
43.26658229487942
49.64144389428128
54.17033838835122
55.50667966448787
56.57563189168907
53.3794679053021
45.51432047514664
37.64555243946572
31.545117366618037
21.15246743187409
16.079094008803406
10.973958959928055
3.37904797364616
0.4431632535119265
0.3624413954537996
0.7430248667990891
0.0
0.0
0.0
0.13472931558791607
0.5205583809947502
1.6868339913521648
4.099105029851602
4.086569902022182
5.047049648895919
4.449016009604132
4.4288128483182625
5.597423575062839
6.578526397196561
8.783961866237174
11.32672527345229
17.829845711682935
22.73868482085151
29.798685339122027
32.5430212749046
36.22773660725475
37.78305617594171
41.46121850570297
44.95590193889662
49.157108385423356
51.65611644553351
60.72548050845195
71.07979658501533
89.27726964515297
102.49403890594398
119.02405756215632
136.43095624111575
154.3458965252239
183.16908324290716
203.969322175008
219.63493467086175
224.26391378916873
223.18844525411194
210.46062462857233
189.58036538818845
161.72353349282474
140.95175251920855
116.25315428745249
97.64737867405792
80.92470578883511
54.240070441207884
34.53523669008936
18.825746820756713
17.209102732436353
17.390433815279046
21.43966928805717
30.56363701563315
43.77467225556283
52.05944730718068
63.45977117461414
67.91926956529926
71.64448345098651
78.81591792470442
83.5506976269806
87.77972372472524
89.21551716669295
88.93977939852932
87.28717915044825
85.29630201710565
85.20047938648472
83.41692439197189
83.4253353553082
80.99395880002555
76.52654319682708
71.69801202428422
66.46465841451476
62.400223018600435
61.03595478124204
60.24290467920014
77.2563753111494
101.84980052795557
138.27888207322633
162.55852976647665
193.76249899282558
230.67634835347076
259.30323497700493
297.7783091427703
315.628812810162
324.41292233424207
326.12162813521616
329.77591367013406
333.9370584065883
336.84208155940723
339.6032974459864
342.96403456609266
347.04729785947296
357.6229761421301
368.75848429961053
386.9021243107023
400.9065951586093
411.3751238993912
415.47181244171014
415.27734952223335
403.70690630196935
385.44524797403284
359.3987694906471
341.33324462660005
319.3815315037611
300.1982926936264
284.95085319398567
264.2616743069366
249.5369636701086
242.8427098799765
239.8466142537405
237.11059293351957
233.6778667539733
230.40829998218726
227.19085043609996
224.66499890913903
220.48681380629054
210.79049275690454
203.06344011214702
194.4875971970987
186.80506066576098
182.1685724926168
180.7959800472612
178.91876053384865
175.51059525901934
173.31945735511482
170.52722866177368
167.11902991136094
163.81072621534685
157.83100146500996
150.35621400874587
139.72956571135938
131.2612103142774
125.3317620908124
123.12693848057447
122.48445967993828
131.2255380781917
145.10018880682858
165.59399165602912
180.3736666234039
197.5353065515737
212.66399164315038
228.7318447646592
252.20615243343923
271.19799814784824
287.3509183611273
290.4740435961685
291.0381826580401
274.98448781621454
251.58089943447834
218.15278491449334
193.1101797470752
163.23067808576252
142.31172552279693
118.64957113034947
85.0793561381597
58.485990529172334
39.782525331518094
34.76635682210782
34.87130563216458
45.08310058759084
59.98034524515348
80.44406785824387
97.51570722375838
115.63637819056308
126.25616337700461
136.56173086287697
152.7996133280923
165.8780542714636
175.4896080754889
177.9343452858497
178.0822978436298
170.07386266371623
160.59798292206696
146.05913866755347
135.61265919830717
122.66548527718864
112.9161249706298
102.36050268543279
84.82319183749094
71.02230531169243
58.85933048883574
55.859049736917214
55.8782480580096
72.84896867084272
99.7971094925325
138.7612464889727
167.53720656613228
201.71972979822877
228.8038841849746
256.41971630294415
299.7235326055199
330.36184038977785
355.05565457449904
359.1992711431514
360.0288993451014
350.196436493188
332.6282473338676
311.22614193473146
293.27241028215764
275.3501636272224
269.31137650265765
264.1582354632017
259.22188166905045
255.67674393279273
248.04655596412573
243.21359183701455
238.07511684908408
224.7496392352172
207.9441422798092
181.09644688987106
162.31169424968508
137.8431972030147
112.58758319340711
89.54712864639093
52.06620286306933
25.787813407483362
5.649022048896627
3.1321852782721122
1.26952550228365
5.977196820823509
11.88420851144535
22.26291618534157
29.596705634505593
37.179461100974265
37.29197880202276
36.59622717718814
36.85356938178122
37.42476159191765
36.325284270364456
35.8849107120601
37.27079722662971
37.22724988171926
37.2880758987008
38.983805134341445
39.7206694438146
41.24113171764692
41.19900183778047
42.91245942154818
45.36006122761651
46.218836052443734
48.38461424629536
49.286361149681994
48.46705649407405
47.032679577294765
42.53151673590541
38.37603956760364
34.25796465653166
29.663958746504985
