24
0
e
62.26111476135186
62.96956137433895
62.16799759353834
62.68881131621675
63.03808147675773
62.55998897428837
62.82858641391175
62.70583944907982
61.78594808099162
60.3370865015444
60.04324460861688
58.03164237919545
57.56969979739407
57.684901671972185
55.781022921613875
54.6399174866125
53.846206538556956
53.660625578773306
53.70875797241738
54.759050647618736
55.89560824031669
57.11493162405859
57.49858371727858
58.75798088159093
60.84325338141371
61.78349938592585
64.55454139318459
64.63128986167881
66.84119373816344
67.19675977356627
67.18191819469673
64.3135137197163
60.46984157624698
53.899479000268535
48.65117435603107
45.28471725100461
39.635497182331726
35.505583767456024
30.76152005399708
25.34801987707306
21.606432092645278
20.20246773341241
20.36567735747313
21.80683901018254
24.548127488890476
28.380992249591166
31.657964121283268
34.73390951531898
35.81101923551466
35.510068425716284
35.54620531298822
36.03882847533165
37.544123901495034
39.89591169223253
39.967321798254524
44.414713243568904
48.95437245275919
60.43053593124223
70.35853678999207
82.37287889750667
94.04989501152282
104.08267686018016
118.0905919932669
129.54346853704664
137.7265290990719
139.95723541279537
139.54650589328637
137.62595503927545
135.4176063814825
132.3317562474454
128.14026108735618
125.23178990579962
124.56572920055501
123.48460984629072
122.56184521861708
122.63975942170694
120.50054678960595
120.23761725591592
119.36496314440933
123.85147417625363
129.25116699646009
140.07850632557424
145.88818588272554
153.23913196536316
159.81587290961593
165.76990817680513
172.4458493652297
176.9080983572324
182.62760658397383
184.88620669907158
187.27648725779147
190.30683882141847
193.18093116530653
197.7249837396979
200.9962471661491
204.29286255274425
210.95102831012318
218.48937674129732
228.82663878195035
237.14001125972413
242.53044397550744
244.03087740318935
244.26931910842046
239.74692566658487
228.88226583742474
216.004853619299
206.04385729178193
193.9912842695437
185.80585206663008
175.40542260174487
162.39846500340664
151.16159692470538
143.5403148536527
141.59451089466793
141.48316054256688
147.44657875240907
156.2829529567735
170.26315492313145
179.39550881302256
190.7495164735776
198.50205197055823
206.6022050274305
217.7899336854043
225.3808515290222
231.84173605013257
233.24779095098845
233.3418552579155
231.82853815298935
231.16589025642156
227.52877236635845
224.93498753290115
222.4344053602161
222.44035913689282
223.27773879218262
223.24832036259033
223.58062305911963
224.0728451776094
224.10439041165898
222.78910450091652
222.23388141217023
221.3472944632624
219.09287669968282
217.57201439617728
215.592887618133
212.95343648215967
210.10730108469843
205.6979582132992
202.28491471918903
198.58485294403127
197.5165141890157
197.60027745515634
204.15455087273838
213.73227557868782
227.9594158972072
238.4165894439217
250.48116749907294
260.43153631078917
271.7707780188621
290.00642350818623
303.14448155453647
313.316171504715
316.61556873296803
315.2054319272071
306.5182955331364
294.0367548490952
275.7222963050874
262.34966688237154
246.43720905677804
235.7981283562239
224.51148601626517
207.94452439389497
195.62515718652298
185.444590411914
183.27810599339134
183.6515456917749
186.57778204055603
191.81357020132353
199.6431124245063
206.3593131591273
212.1089057047318
214.87728393766145
218.01052162090508
221.28764331446445
224.62224591786097
227.13606861740465
228.15758569807267
227.6350741789373
225.2154003281358
223.05191560299096
219.3333413446272
215.18337917058932
212.2213614497814
208.8337287907221
203.97148618835686
197.13917940790645
189.94589012140898
185.1928298074733
182.6406985375064
182.86906478967032
194.00730666978498
210.88760996464322
238.80742321386143
256.76116665489326
278.09367569912126
298.2063198381865
318.73674955752267
349.813042246103
373.86400329278223
391.9203631669964
397.4949847348936
396.7605025439934
382.45346747541083
358.9803325844593
326.21118278063193
302.88179702104196
275.13845607173755
253.2002112050727
232.82264144993013
199.96621534243022
174.82484337102386
156.57354633818636
152.8368413807423
151.35777514951712
166.13661277317536
187.13079652211584
218.65221888908854
242.41801261385027
267.5127034007387
286.61354206499277
305.7453868386372
334.64613958634743
356.29031338293896
373.7889137308059
377.4728855450585
377.6916086815977
366.2349640288526
348.6342723636891
322.4973878836909
303.8717503380928
280.90173833776225
264.99502826686734
253.07436244142835
237.5955372217151
225.41690257282966
214.9171972249725
211.7517245899541
208.26406142190984
202.1673251987975
197.96264413619815
192.47332535445165
186.6961014424486
181.22898187277656
170.3938921203787
159.23832174199245
143.66636524485585
130.46834279758457
121.2435399635584
119.77431977111918
119.08453179344586
125.51990810110556
134.01126257897303
144.55331461415994
153.0176191395459
163.80099867736422
169.25420945120237
176.18166814838298
186.0595102951838
193.49043879308266
199.54926838512634
199.4120385313287
200.1494367971412
195.90265521701784
191.07141736603072
181.65719861699935
174.54256217264836
167.09170097820558
162.17506381499078
158.95696598047084
156.83523955736
152.59284909823322
148.52389014801935
147.00427252890418
144.20995698449744
136.47223200232517
131.5188662620885
121.34114212360643
113.59487764174105
104.95279527470416
