22
9
c
229.85777975989706
229.41752644548106
230.07864620106025
229.8452207457265
229.36460833918002
228.9634237967932
229.3978854611417
224.7771870084772
220.83908648032366
211.57858804013347
206.59612573551314
199.48358740803113
190.92873035575477
185.2720188703759
175.81426597445315
170.6113010602522
167.69242303154317
167.81548567611262
166.5650322623656
165.09035075866635
164.54991456215865
162.90632292696358
162.06478243873698
161.34787531654263
158.27273747529586
155.24719406610194
152.49562077952757
150.81376959225142
148.47946039209523
146.20740227358579
145.44281588829529
144.89697804458038
142.93511435556184
140.08556132691632
139.15217198958558
136.7400091717772
133.95705965291293
130.84030620768758
127.44939812232757
123.12127615893415
121.23509067476253
120.07185900360155
120.12628916095942
121.29526622065654
121.82191576905691
125.44583816667858
125.37888693946886
128.2331264471731
128.70361026463698
128.46940973166096
129.87465420818208
130.69119256122337
130.49496222465092
130.2454680001535
131.48992736614724
132.78332750667735
133.36285935961905
134.53468183931471
135.91801006696411
136.95222735184254
138.24183144495893
139.23107691897803
140.55055084980333
141.18222590319436
142.38461720927467
142.60714757908082
143.31766507764235
145.59237614507003
147.4834428415103
149.66491050035273
152.33865026051723
154.2685407522448
158.33945091013436
158.48003890043915
161.42757853475226
163.59404255916866
165.65226204187368
165.77772038622322
168.83295302233012
171.0137908491525
174.8679936082703
180.12350968375125
182.41876263430717
187.17030351897122
192.0700105762803
195.6598347584698
199.67539343364885
204.64953483447263
208.34358064180907
210.46965987825186
211.80420967866405
216.35616106214363
220.32953797005678
224.25234486235385
227.82779340287593
231.92133022085187
237.25366509955455
243.82714791872968
248.49733732987974
253.89697750957384
258.0325539238033
259.76013428311353
261.55896449129074
264.1184955242254
266.1544476456295
268.50641096178026
270.80551721845984
273.8037990366946
279.4185741094304
285.0487261098956
290.46784565272765
293.4625633618846
294.6807450423222
294.8423811290373
294.8140156300498
296.5007316942267
296.74701029825786
296.0649258646189
296.7128710084183
296.92266023337595
298.9300376812311
300.53580647869205
302.90830684785703
304.0087128113955
305.4612681752125
306.1600752109041
306.96553117290625
305.44353818659795
304.72432983828827
302.14411636665983
301.455981824861
301.55103996465675
299.7400576584129
298.60863625826266
297.23013597103096
296.3825807938662
295.1421969678968
294.2416524634703
294.53233717309746
295.64956828294925
298.03339414635195
301.33102752690064
303.86559213360346
306.2476217729369
308.5363883739521
310.7591919346123
313.5374386802874
316.43322147702605
318.042213556977
317.9826340566288
319.1805040170744
318.1780527257301
316.81257259821973
316.10948385888923
315.5009182498251
316.0171600720177
315.6458769448306
317.1445224509023
314.6400380978862
316.1465987492552
315.89500834735793
316.18314094092904
316.72760596611874
315.35533665769447
314.8875907748052
313.90019106603836
312.42658407460357
313.01385147375663
312.7111320538226
310.8700906927997
310.9715432739666
311.2187681226178
309.0703220043592
309.5933050867444
309.4330294424959
307.89941057587225
306.5817627109939
305.6433401730046
305.906701454674
303.09922583010456
301.84564038732435
300.08367583852345
299.37410293305044
296.2854904410238
295.4677862420761
296.4995809245517
295.7151885684555
296.24853745781553
294.9507278424146
295.6261426618961
295.38351933613944
295.1741383425875
293.61141154494015
292.80906970026643
291.82312912551896
291.4173967133834
292.2647165574597
291.1556388636877
290.7172713965163
291.0446213197883
289.2439422583963
289.6920879437215
287.33037017219385
289.1024871666315
287.38565038681776
287.57192240919557
285.89974910685294
285.4547219285734
284.0718957980568
283.6427448440727
284.88844920809095
284.7657185386576
285.408411436775
286.9294202166962
287.44947873009613
288.7919756012838
289.2101847611269
289.75298171480335
290.6422502101277
292.04286388112223
292.34884403444676
292.62019093330207
292.0147036132817
292.05155974311106
292.11973084351877
292.02613245836267
291.1889959938195
291.84335361311406
291.0829199695937
291.3904143871178
290.962976192056
289.46352808044827
289.760844607032
289.25004141896306
289.3433433384009
289.73480248970725
294.9451988264178
297.6700191937755
300.594540595806
304.42517551186046
307.80361740630025
310.8279320969619
316.160555693205
316.48179580843737
317.84308975447624
317.67147798546205
318.3998574244551
318.2026871670674
317.71420231775994
318.0927107378528
317.98956997411744
317.67086661709
318.51067531802516
320.4039813887503
321.6239724275628
321.843759860756
322.52534638581136
324.1451687007381
323.39580885567716
321.9023348550734
321.5858178956508
319.01725282174976
316.7640383115684
315.87687080283706
313.9977801878633
313.12728261156514
312.2057036822963
312.4446288542549
310.40550263923063
309.6137715295182
309.70570645822517
307.529548887089
305.0469591397274
299.5140088051272
296.11710442259493
291.9758213600866
287.3876492734644
284.1870571529511
280.3344849101404
277.5127417931224
272.84979120430575
272.48701787146916
270.5361189840275
267.0158350175196
263.7567849528514
258.9781106285015
254.6782645883927
249.89968606945047
