19
7
e
110.78647480739772
110.45949071103733
110.03657158185463
110.73580000130045
109.80410815297894
110.73462288145504
110.14222833006892
105.67969151883108
99.8430338877095
91.09644806480621
85.15237891781608
78.45427532301386
63.96546404449809
55.729842012834
45.2739145117961
45.080167531816464
44.300839282448926
43.86643161103259
44.47219036951354
43.24247354092365
43.01991759497017
43.120532736122605
42.27471397059851
43.6639959982249
42.93042230225271
42.263193110851
39.19286817749483
37.65242336931054
36.58784100349475
36.94388808697305
37.4383095476728
37.62004893387821
37.77138898684434
38.41286437279663
38.93684254677231
39.47821603068398
38.87290845425957
38.86626292661566
39.061232005775096
40.30652330495681
40.80585370500707
40.694222514844064
42.0543478741086
39.70786602735199
36.940318250729376
33.31018408861053
30.153847831773184
26.539345443627603
23.185693677615546
19.600374192532218
15.023108145241666
11.499902892715147
9.410178723478996
6.861120401318381
7.3527095483034905
9.76155362177998
14.11787546649511
18.815006502587625
24.532031495460867
29.332718572486776
31.889397519887954
36.953468210321624
41.94633201746418
45.55635087216
48.393863070632534
49.108857123698925
48.75991745375869
49.00006040518718
46.30755834072992
44.731600611613885
43.55391497720575
40.69120029309618
40.28604721086255
39.76029760029029
37.44441075775446
37.8142651212359
37.5895666483862
36.80973312378067
36.97800081743895
37.83331449518818
39.12024390453748
41.19737503318807
42.42748160001669
43.112864675705964
45.32520373745518
44.53586928401971
45.34605814382711
46.003253028227995
46.99433313668988
48.013356875806494
48.83887639728455
49.01008030119773
52.71230177024034
54.70857050055265
57.53544796756805
60.59072417133546
63.514743464398286
67.34829347664946
70.62095595338415
74.22162652882784
77.16381259976521
77.60124299313337
77.66248334418167
77.12264742579222
75.0666504954186
72.42530531760926
70.17978086478682
67.31198211950732
67.18253028455487
65.50896822368931
63.2681022744146
62.32042119708696
61.08133252825307
61.15720202581837
60.91106182231882
61.168451216258354
62.28002393275694
63.68689000936488
64.34561174429248
66.31616029684801
65.90853521724868
66.49609214974748
64.9764755419888
65.15339247288144
65.32642373841806
66.83021501341675
67.13434858486686
67.9678989188961
70.21482011258352
75.44262439314888
81.26184678338073
87.35615979906586
93.33481341713825
98.09413650938137
103.9308313691067
106.69202405943925
109.89016465134733
110.75688437108803
111.82040741298373
112.64989434851618
113.22232305746135
114.6908118564817
115.13744616217342
116.4017518399299
117.99701228509484
118.16010371210562
117.97064402762625
119.72574824029844
120.91421778070308
122.96073065895025
124.972903891903
128.771349051648
134.5721452131826
146.9221848746019
159.06923366212385
172.6335407450817
183.85874639891634
195.77615763152338
214.03179625940294
227.5851844452375
237.44367321503864
239.9511569652185
240.19435067119662
233.69094507160324
224.44985017108993
211.5408988383624
199.478984460299
188.9783621852109
174.8148848110264
162.71880128982184
153.91573682737746
155.7199367587339
157.1956234445231
156.8453519878463
157.80665279894163
157.3898164963012
157.79825267854025
156.76938557752842
157.72117731735497
157.41299625691684
156.18486727838575
154.82622714509324
153.15614304280615
150.5896670981385
149.92540276487114
149.58903410314662
149.07118442054164
153.13258152473279
157.9445849211114
166.83138227347177
172.93388449345352
180.11095128964342
185.28150459663888
190.0322269048151
196.14434453071493
199.8637767840516
205.93757316795052
207.61720947985407
209.41312416821208
212.50635140736668
214.86388077506777
218.44823656540626
222.2544126903808
225.50864731585528
231.21935482705194
238.48385660008046
247.00416382914108
255.72628092458618
262.22985365207154
264.37330557856
263.2574164755036
255.94502283211608
245.37718388264977
230.5725417988306
219.09703936537315
206.12580885310317
194.472283304781
186.30863906313508
174.53369146400726
164.73567386140024
159.58944805057314
157.54108376657427
154.594793907587
150.94728440677557
149.50747191574868
145.48557760763606
141.3960778625795
138.050533590665
131.33671566151006
125.41750374467587
114.15021286693161
107.82213133629973
102.49846963654241
101.74888896128121
101.93528152410575
103.06752434733775
105.876723843938
107.57104548099183
111.41383896981101
113.90650487727545
114.85151449873655
115.9306032380819
118.05759050502135
118.50899448983473
118.32482435427913
118.94263306552826
119.46830567667783
117.50705043208647
114.43980059333917
110.10370657160784
106.45914445324999
104.58869880260289
101.38321808039228
98.08102196061137
94.14182890517375
91.79266135999102
89.93197044379636
89.62651760066252
89.28321382273352
88.21848695309815
87.90037353203157
86.41502141263757
85.81394636502986
84.12820454918207
82.5009980545709
81.13090631644133
77.94125508908812
74.60011908902007
73.8830852184408
72.6846230832007
72.81014667084465
74.93134583763482
77.49973914504984
82.55597678886775
86.20497219680442
89.23117112718498
94.69720495473148
98.36123441721897
103.78148989467395
103.84194290444889
103.80367328106108
103.71189234469625
104.1661201339442
103.47359988406495
103.67671020799895
103.06437155508226
104.0938244989743
103.81614955965749
