10
5
b
104.68218166440099
104.78554824782428
105.47464556010938
104.72985142661699
104.67410728805558
104.37946705300135
105.17671743732797
100.85290368771452
96.77964602215117
90.84794587369662
85.77231274102441
80.01879184334831
74.54375501098014
69.39236344235009
61.788892794460416
55.27838442560616
50.67645541220832
49.866039109552524
49.21946266561003
50.233690123274535
53.26324213415562
56.111327331063634
58.6487805597098
61.434430514616416
61.947983798859255
63.38920342389734
63.07471399844935
64.7177445528196
65.4464326956748
64.90478165398757
65.17524297608385
65.32959821615297
64.98827302428207
66.24709785748932
66.47135409173404
66.35505772316378
67.21959770549391
67.3128432234778
67.11693893082646
67.68596261950681
68.40100251187141
68.28722373420584
69.4019714825782
68.22889829864049
67.66868198423126
67.70871650994195
68.53385425236193
68.54408651213662
67.88448437992648
67.69526774177295
68.72322824330104
67.95601117212553
67.78866365255496
68.17081025639031
67.24939374019235
67.53656395700044
67.65188097768466
68.82143561084641
68.56297110845625
68.11427561258895
67.83961582485408
67.98644793389977
68.07547473048575
66.53564813109568
67.73478828302332
66.53515438767616
65.82578907670177
68.62455802505761
69.85077703425651
71.91330391598486
74.3091281049819
76.05598349082123
80.01630006306551
82.9139527036038
85.97438430114062
85.19609637621076
86.34492165006868
86.0489844826038
87.01938351458294
85.87339744918926
87.9101981726052
86.57243895771416
87.20511220421861
86.47435739181974
86.84036925041026
86.61469266817846
86.72230248463603
87.18955474539447
87.03661499527912
87.50863936660646
87.44372379472433
88.96114020092517
89.2050862356782
96.53026329687144
101.18135573717565
108.09085944764941
113.77457535172644
118.10070239238942
126.15939340528195
131.08852650111783
135.80132751792826
135.99219017424358
135.7003419177151
135.69669842303253
133.2500750591974
132.70762443663173
131.05136987415764
129.3047640372409
129.11428087872744
129.1211601813954
130.16541125727608
129.93651420021504
131.9898736691952
130.65730571902296
130.87304089650652
129.54984619502733
127.7868257158564
125.71439055306121
124.81713646122141
122.26529753041238
120.10492139995476
119.72549935393256
117.47465775142382
114.82598907379997
113.18367115022481
113.01014419867008
112.84155752072455
114.02403837570729
113.8781910555915
114.72419373204993
115.02583885971963
115.82518738761144
115.4490324691056
114.96276536792466
114.38679007922947
114.58944110392082
114.78154142913566
112.8877082183486
113.50620536091989
115.54323221655841
117.99588431491932
120.61118601152275
123.14741410065314
125.74616048873561
128.32574557311852
131.19712089977375
135.29142472060082
138.80605128527506
140.59286756570265
141.70557106065755
141.07992000484845
140.1814964735374
137.2220389371524
133.84143226403728
130.33200332838462
127.35447566610104
125.37486601621158
123.0889561958975
119.89058744436404
116.87593447766419
114.17924112277947
114.33185542126162
114.29131815587552
116.36684503642363
118.64192041502974
123.36626585769773
125.58292425823421
129.04804877496858
131.3535855738113
133.6239574356335
136.2009064384883
137.94102176345675
139.7542053932359
141.1664072944712
142.05917105493955
143.28996696848597
145.47545798540514
147.22201190769997
149.2361913636987
150.83096909760414
154.4774312106519
157.88761041637082
160.79950493353985
164.32608034987007
167.57855138191456
168.2364158812221
167.95116566262607
167.60904277475277
165.48907150724736
162.5073684440552
161.76241100878954
159.55413346526095
159.92518997058644
157.73457903391454
156.96653176682076
155.31043289628101
154.2503549630614
153.1870906949941
153.324527489778
154.78884790674365
157.7997184054564
160.15326072707492
162.0287903333922
165.1622883342555
167.81466710533442
169.12352147245105
172.09478821323378
173.70662560790637
176.32938904734254
176.367132203542
177.8527789449716
175.9184360433949
175.0985644655097
173.61996491767266
172.53267065651488
171.0925245757816
171.47988675258236
170.1884369182212
171.15121474048803
171.94151953401075
170.75231966809494
171.68879701512725
169.9866578524559
169.31425773933023
168.97220965658028
165.8817819289873
162.77154870655178
159.62870647514347
156.55728181530088
153.17012608786195
150.98442522509916
147.8590958398669
146.40211763348026
147.34953126873913
147.37190283365314
146.588027433491
147.55669927671545
147.41338527504928
147.41643494061313
146.8662170500845
144.3151966452156
144.62783584601934
143.74667758421168
142.3760457126433
141.65931827902028
142.9717440327831
141.98236169227837
141.7049647813137
141.0103382361958
141.13585810970972
140.3874090289495
138.79146911049733
138.45994419943833
138.0744074423464
137.2956915416797
135.65266219002982
134.90410883977626
134.94580110411331
133.990551030503
135.57324728591658
134.91485107768932
135.88085862120877
136.08484490229515
135.74161708034956
134.9169712525931
136.41819402879455
137.3292414813824
138.22388465563972
138.43976755841913
138.84653424409714
137.59180980366392
136.51895977903504
134.30411537074016
130.96951602615633
128.56543690791048
126.79082112561548
122.79459830839316
120.57275014073363
118.18575766191526
115.7334283626195
114.3442618434994
113.733241604474
113.47841970442387
111.90048186340276
111.72341966718784
110.29234532630993
109.519605998128
107.72136925247723
