26
14
e
186.25522670008445
186.97412361026716
186.8259550932116
186.67171049225243
186.70142537436976
186.67759371633667
186.55834272338691
179.73373104615712
171.76230434379315
158.50992051445536
148.8466474187431
138.23584247898881
127.33669140361891
116.25702542871653
99.1218134864289
88.3159466422762
80.20388337878855
76.98233456002376
77.61055803437424
80.09468591949859
83.06364478672616
88.84532738047717
92.98869974426744
97.34409972673868
97.88985807856145
97.90636310587408
98.00808100752755
98.87436068092654
98.81143561758675
99.38035678448483
100.82069233865599
101.68462101833381
102.39434485298014
103.51744069473372
105.00618470354647
106.78459098359991
107.94510847056183
109.69694359202934
112.22412178099918
114.0728572568998
114.61941066429013
114.5251864496797
115.7318372676646
114.92635763780402
113.25892860996962
111.57311718287882
110.63738904613389
110.30469726788472
108.37748188779538
106.94939850157014
107.41697588006174
106.86148335625829
105.96483341810132
105.7165344551414
105.56769958575894
104.49850152022269
105.10234036626663
103.48115347774029
103.63485657129385
102.75197805256005
102.35423543592616
101.14167557762431
98.18731846688851
94.83693226265785
92.59999385863986
92.33797157515016
93.10849515879319
96.98497425585332
104.58418715004122
115.8767207165404
122.80733880893249
132.2344306293535
137.8108124274957
143.5623925591169
150.4633710970173
155.48109030514024
160.41811196549918
164.24143205379204
167.2727592729662
175.23377613324675
181.23886781362145
190.121922359809
197.65690248460845
205.146289710207
216.88823743315774
227.32602849676215
243.84128755732465
254.86316036114027
264.2672663621572
265.2024751425918
266.30891997012935
263.8245490929074
260.0211757726166
254.68657361821948
251.08683594904434
247.26425296148673
246.27828439001118
247.03693676763734
246.70813564930359
246.6624121582993
246.54857326187965
245.0358204528525
245.0899461054706
243.6625096484687
240.8633623933503
232.0185420924089
221.34237294684954
209.89519776205773
201.1791298625229
192.19816073056793
179.7953546204709
170.38324659313966
163.77712067927513
161.37251174682584
161.42556763053568
163.40208637464949
167.9766339478886
172.60344703302223
177.62714753652077
181.8948255343893
183.18792441056465
184.8782865045824
185.8526367484926
187.88221428323646
188.10099870812894
188.08858926548038
188.54484115480707
188.70761591975383
189.55829710031108
189.96349234028554
190.17782857849122
190.7333817472482
191.27075390318208
191.17108392779974
191.99116476358273
191.23107563946945
191.97080677852767
192.2099124811487
193.13132518803187
195.5739694957224
196.9250105683731
203.27868296350724
207.1647504160733
212.78518025276585
216.87563862535535
221.70299600471643
228.5991609539777
233.30997818021893
237.35310192157556
237.72252575373216
237.7185304553937
236.57410452555354
236.6093683905845
234.34556690299593
232.39189049344324
230.4792502410989
230.5100732076416
229.6524617681826
227.98193389857224
227.9050662127692
226.258073548315
225.22039966333728
225.61807007739293
230.00584435715194
235.46312201104087
246.13441220625612
252.07768376724988
259.30853100633715
266.37802484728115
272.6658468846403
283.2545201693551
290.89615367956725
298.0290600546543
297.691862216709
298.1772472458292
296.83711109021016
293.64251118769664
289.76578971076225
287.4019287717616
284.9441877703663
284.5825291959782
283.02638872749856
282.81745023479874
282.0903151541851
281.81555767652867
281.6947154888231
280.91126150135545
280.0035445018191
278.8992979272244
277.6024868655062
276.64013219975584
275.29117502991056
274.8284776451755
272.5791875884679
271.86720499202266
270.925791918374
269.4605966678455
269.278748256757
267.7964787922765
266.8768017988131
263.0575094891993
259.3822162096859
256.6515101809837
253.1547166775047
249.15589230224916
245.23513937731076
237.79331437583315
232.3890700727704
227.92449970899378
226.7046974224706
226.53016700478494
230.48311511545737
238.631063729554
249.44354653979605
256.1916054907806
265.99669421239196
273.4050524891058
280.1601503989594
291.7911772077805
299.55038614198634
305.7451776436933
307.6253870217714
306.8771617035967
303.3531722757683
296.7924176562538
289.40127086376896
281.53018596394844
275.2437101749577
270.4913012102845
266.06153211646006
260.8351667009674
258.1119614307749
254.04491310072177
252.937675209405
251.86347681311884
250.22927202141622
247.424932865841
244.8292968162161
242.56695133551835
240.1362879501751
236.09576463688998
232.3604265960856
228.72992218494747
224.8281729969618
222.32718318328614
221.4754196915007
221.35932553219757
220.2280174728259
219.6587776925194
218.0002184218753
217.1914218235808
216.2348879052753
212.9543211130507
209.54597622777723
205.8390373251023
202.51803195784072
200.40607884864315
199.22156535286095
199.66221522307015
201.61181315839244
206.65229982019892
213.87319676175824
217.88906647482722
224.92985657044002
230.39460534032662
234.92562080085216
243.84206355592613
248.71944112409048
254.79595191858812
255.36310746527164
255.5261785225786
250.94849439975368
243.7138827719536
233.7555222536259
226.93867609276438
218.170992416564
208.77433371987237
202.96733462627247
191.40465223539388
190.47347726281538
189.8452562844738
189.77324450109927
188.9280806721831
189.39708992576303
187.48279524893917
187.73855745339492
187.5721238494039
187.5372746239323
