6
1
b
50.96352075799646
50.45922398785109
50.738662749132835
51.20978385516467
52.813941808665064
51.0961928122904
51.185763699595626
49.02980107079466
46.621227871416224
40.996513843526216
39.987587357456654
35.71342794004281
28.577518394570035
23.53932721597092
18.48672844931212
18.314169067982622
16.789347954620492
17.08407990677765
17.23503049166841
16.802333496517438
17.262438695625438
16.23446138070044
15.95658599327257
16.46437496671225
14.980350787643568
15.197995088561157
12.711582263581597
12.94976389754509
10.163536029369528
11.178405098149991
10.452165042531245
12.547936230427618
12.390207357927915
13.367776643112029
13.875764297823583
15.648037806758373
15.04714340894153
15.638303480490455
15.34434321944083
15.470355223530921
15.650505598903756
15.29454075302407
16.483556641865324
17.0917433556943
17.46535548234116
19.255123104220075
20.177489924638774
21.95552835416505
22.32223566089445
23.3783261233653
23.64877084243713
24.848103803046904
25.380809054156277
25.93414560663108
26.629410366717433
27.316165944836378
30.162338507136422
32.75541679131625
36.74017580174533
39.771521333340736
43.12257222797837
47.58955983039101
51.33683610707377
53.63373305570962
55.42829127677949
55.2572513895204
55.730142619141134
56.44028559934904
56.22422031331731
57.02932135860239
56.64721355774978
57.76098987159356
58.732712068135775
58.62312490697633
59.96931079152358
60.96976491635273
61.919702981872305
61.97501473158564
62.64236925880554
64.51878720220559
66.5963568279199
68.79810198455738
71.94924548380646
76.09071899125703
81.49465705206906
86.46034804515837
90.43312287418678
91.6565027375871
91.26290686631506
91.03859785768282
90.98690297538735
90.98810188123304
90.4770880899611
90.85674247403404
90.42631409391825
90.85346790050198
91.82337530922703
90.41530052079113
91.34441782133008
91.0738534734543
91.13173467510704
91.85119561420959
91.68081240631132
93.34763468639616
94.37704885346542
96.81559009057185
96.98081025125154
98.8252705701418
100.6319438259727
101.55117168134271
104.65023650972407
107.13919223818039
108.08600674794249
107.49111220902472
108.03315071317134
107.98080620587724
108.2176445528664
105.67245074317583
105.59269726724474
103.90180398968826
103.5353534462032
102.7880690852709
103.38284886680204
103.00415474894577
102.35328172667398
102.1980130991506
102.19509904093375
101.86497353051175
100.5543622971617
100.21898036942879
100.2041464835839
100.0261458615509
98.8725921954192
96.97627531425098
95.65371711894399
94.35088252957769
93.81694453254863
93.37744186344246
92.96394309441315
93.86162555367899
95.76143805742394
99.02585696375394
101.51918518389996
104.01468521061796
105.19312153172902
107.15246677630894
108.41299035181021
111.19764124417608
111.677707614868
111.87030381058975
113.02520190252527
115.63633788708317
118.23879008964036
122.06624933947819
123.33142539945392
126.86792051699402
130.17509821144242
134.1453734294913
138.34252645785108
144.51978541261332
146.86712725536924
147.5519269935634
147.26359435192714
147.2745533332525
144.9031995249489
143.3040511981499
141.89467435475626
140.33771503262344
140.01181250203487
139.4529454236964
138.7653273183693
138.74891028818897
138.64980050917984
136.9673820607221
138.15862658116018
138.54598131798102
138.6409737828658
139.14114855404048
139.97228119783648
140.49724464806596
141.01985258763662
139.8487966846325
141.41232604677293
142.49915800396
143.43822713769654
143.6915249707363
141.94387089477058
142.40024174714188
142.9616724740342
140.54619000796464
140.2828277215002
139.37219065494463
139.02341570980747
138.97876474572007
138.25127656258957
136.0390633362951
135.89942759106555
134.91710044758898
135.61229140730384
137.45201752019202
140.38186974049265
144.37357951935272
147.99564511199773
152.41867432079894
155.63722634482284
159.7602748211404
165.020652497589
169.63253507849706
174.75928267603754
176.16841099790162
175.0567966113525
170.41011988808984
163.10697074288666
152.37368750752364
144.41808671770343
134.76827599575233
120.30004123893283
107.53727353648524
98.81932541670845
100.85280213905371
101.85907476755463
101.98225278258462
102.70499085982195
103.5453982302284
103.35464458938972
103.07754877513466
102.91818718902739
103.81056674285306
103.62075839988994
103.89979270489506
103.39937524649453
102.73166892440676
102.86770050741386
102.72756349339765
102.88193864322432
101.91358887896006
101.18832767439343
98.54164697736728
97.27729666836373
95.49855428706937
93.24333346017004
91.29459595113899
89.22196656836
88.75430622410984
87.62504599066038
87.58250496473885
87.91292000400345
88.45325785514645
87.88760758023474
88.83072539447554
87.57387926793032
87.9542804236299
86.73260525836513
86.98806715226023
86.55542574428223
87.3415619427466
87.1155326223147
87.50363056488936
85.60468895159747
84.50753888127691
85.22431171365692
82.76476199238927
81.46122905458103
79.1720624078627
77.79320603255452
76.86970394585285
75.48300010311155
74.06754692282101
72.52003588551254
71.41829929923506
70.58026338932883
70.34010499146825
69.40346507705969
68.26085516266453
68.57348062449134
66.04911826415594
64.49395393591108
62.82081267694881
61.01225371220511
59.58872451319125
59.13823361273147
58.276347323221984
58.330543767268054
57.187703008935856
56.12062446491202
56.48862064028116
55.965942586410605
54.19878660564424
