# format: from_node, to_node, traffic_class, traffic - demand values in each iteration
24
18
b
153.29338522082023
151.48965435498047
152.66971439269213
152.79779516119234
152.27457312432665
150.8631927169486
150.64314229480496
148.7541417125373
146.16810063791542
142.9689286928669
133.04989787859805
123.98978749698523
112.17824826771775
102.6530534906085
93.48099603628123
81.51151154568193
72.09526962604926
65.00003977668062
63.19125103349278
64.08839819509214
64.29974662487732
68.44016253314493
72.11252564387829
74.95371746259596
78.9238723397611
79.7374758871336
80.3289751693484
80.84176076449693
79.9952030785741
80.78963406632545
81.86247018276532
81.83945199268774
82.73894028804173
83.40009698253556
83.91503121893398
85.93344454395006
86.69691978147999
87.24307725622447
89.83335787401526
91.0787622552555
93.2359462660452
94.10804499966743
93.7233427719647
95.08916355012944
93.81339911372572
92.88309867514198
92.92243942058853
90.13372647667467
88.92419250088582
87.42082117957384
87.38394983523256
87.25740815149811
86.6071683355366
86.8102883138939
86.43489725634102
85.74538598478499
86.15118643469604
85.73871352595533
85.1180273471665
84.52064626950317
83.68503838774514
83.13739007872137
82.46481856371395
80.32373184316084
77.37722784859255
76.63033162746108
76.03316180551612
76.01224219553829
79.26659770802945
85.10765865432731
95.30468270305133
100.19610771998579
106.90988701295751
112.29260177989288
116.34795239764802
122.2370263122982
127.28437889856905
132.2507415256519
134.3091956396051
136.22430994244039
142.06803034284897
147.7863993898563
155.4217116114954
160.80917382439074
168.50375020443414
177.94642017784494
185.27698625845778
199.64690547949442
207.78433237615778
215.92771660607156
216.85104307203326
216.82084746956735
215.38216543880574
212.13766395437273
208.98545336364697
204.38488914614038
200.95005037902723
201.3979793663706
200.6736735211074
200.723596340406
201.67347435492974
200.71696897167251
201.44119835001044
199.1351177719152
198.05219668664895
197.19426364681325
188.65935772199555
181.79988614870192
171.73520568353274
164.32332916250533
156.75023730952537
146.04224175442172
139.06450745389577
132.7644646198692
132.46165102625173
132.27658418896686
133.93618413835486
137.052716387026
140.85531192779172
145.1076313855268
148.25861402617966
149.74099914810697
150.76509685974617
152.16442542922917
153.45182986173947
154.77319488586477
153.73082892356848
154.03076758082665
155.44979936895265
154.93321040359018
153.30369215638328
155.1166448659982
155.59132275784938
155.4723625249232
155.68958620477915
155.11480344012813
155.62408011337715
157.28960655085186
156.4481958452301
157.16294113123178
158.7580810041208
160.11316545594596
165.262642441733
168.0637539735001
173.63604251791583
176.76364924341655
181.0288849387628
185.89372388244425
190.0750710805478
193.83909893537816
193.96014407643128
194.29103461690795
193.89120788772772
191.79643604082864
190.7869920546094
189.7861853928276
188.0990768685398
189.19408568186904
188.60258450529028
187.0188714690866
184.83792478644042
184.96548416777753
184.7613577443159
183.88931279721106
187.68734418445044
192.8587618250135
199.91135833690683
205.17987197640733
210.41738681845246
217.5242731083768
223.16875243695117
230.76151433102783
237.43010987875869
241.817389579901
242.46400404899416
242.8889671524411
241.8025761428452
240.251132414809
237.28566646288
234.77748072992893
232.4588486560956
231.7038702066489
231.55846846753394
230.78313395292477
230.95436892990114
230.23612492485518
229.74046342146008
228.95417456561526
227.4581225889228
227.1626186456995
225.93871274257506
225.001645049904
224.5325217951215
223.9492836940896
222.97125738435687
222.62295297212563
220.18455281064405
219.91335462294933
219.7074612974017
219.39682635662805
217.47419144156544
215.1917273737324
213.00359676073435
209.9072147565255
205.44774564418762
202.8623172171475
200.27543083530503
193.87195849264634
189.50098811245294
185.25349642337395
184.81690468761252
184.88694865769222
188.05203727947233
194.91928431763154
203.88991974522034
209.6308981776851
217.6107762934215
221.68148263968922
228.02461609762688
236.8532742804499
244.8361809176129
249.91966720191496
251.25279748797254
249.93979144889582
247.9424364283339
243.89765199986405
235.87533925932675
230.28315628409283
223.78771100502172
220.93090046368064
217.8854628010804
214.34875242173936
210.7954775054437
207.84520400442312
205.62745448804517
205.65496283688458
204.15886823551062
203.1255537566528
199.47511499795044
198.2239222007128
195.3439917387311
192.90430601919581
189.98733418961447
186.72991655035295
183.4915398698616
182.20961326751396
180.48895214053312
180.12418709627502
179.98405343413165
178.07294006671913
178.52055725402568
178.03094572299372
176.14243168727035
173.72209816428696
171.22328186392033
167.85720522055277
165.0924784909955
162.46226990869866
162.20296622012833
162.5804473219512
164.5820818570333
169.35097273135304
174.73759450864412
177.5111217215949
183.04010181165964
187.60996381404198
191.78404192316444
198.28191514078225
203.0207627939428
206.73440879864995
208.58170667809145
208.62447005613814
204.70864355588273
200.013474504504
191.39877043028923
186.26299911741933
177.8404345626751
170.96631842927258
165.18277188337586
157.7325081864258
156.95069809299105
154.65007516948188
154.4835515631495
154.21098428808975
154.102451639285
153.02274674091112
153.17445766531162
152.7635264368638
