# format: from_node, to_node, traffic_class, traffic - demand values in each iteration
22
20
c
210.8754974205729
211.03465508426243
210.9591726678216
210.53095516369876
210.02531161825428
208.80169446813193
206.5520153781559
206.39511246426355
202.67508730188155
198.25924921805736
183.51927139318687
170.68106427120978
154.83833843871886
143.03309424483047
130.64700423389263
113.00518509133298
99.49977738405784
89.5339339470622
87.53345702222249
88.31282699144187
90.21837807956199
94.60691389337975
99.58329006312165
104.8261085969409
109.1167601906238
110.03093706780284
110.2577687460401
110.92752080613886
111.50728675397245
111.8779188870529
112.84445632328882
113.18185995350574
114.62523714261773
115.429175725473
117.05667245836729
119.2167621314802
118.70341886942393
122.95227565202792
123.86386053938679
125.94926349323742
128.89647697650517
129.84956583147144
130.86011354018848
129.95090033271944
129.96077045325976
127.98268064178167
126.21547874514417
124.69733385190048
124.50602039267272
122.67889007884159
121.23731602514704
120.28342657187993
121.1281859650394
119.84833498243322
119.32524199424694
118.76651494843219
117.36218768621919
118.4368490989802
118.52264982631229
117.1039682893918
115.9831125432349
115.50294782850759
112.97944765144871
110.698138815316
108.53062060765767
105.38933829716356
104.35158776850668
104.42947275604885
109.09601947537206
117.40975999514829
129.06196279355794
138.07567260496515
147.27425923245332
156.70262850203451
161.58651852136708
169.20372480966438
175.38400095650502
181.58922166481815
185.50031604415233
188.71875469363454
197.5199907787697
205.10140851069374
216.5225098685077
222.50569569228566
232.46379696525352
245.05170840828902
255.8381535363656
275.23502010014425
287.86403346381394
298.00505188118575
300.49015748980855
300.18458497596174
298.3345742626962
293.5052436450993
287.898780201374
283.9636914726509
278.15002848718206
278.28407483495977
277.99206014334464
277.85087329256993
277.8996584907905
277.06691725975475
276.9232693418522
276.4827873205659
274.22581686301095
272.46708674313
261.069745821253
250.3306343714872
236.31577156507657
226.6409509081142
216.47684078609015
203.65976330317187
191.75940681466415
183.90860221415159
181.89815605763968
182.11348431505496
184.20646672497148
188.97968839920352
195.19418538776716
199.12541625560638
205.05208735655816
206.415521729441
208.31995521235055
210.3629929752865
212.68301146362094
213.20412100859076
213.11284108301345
212.53156914087947
213.5328003184534
214.12116546549112
214.2789171585355
214.32316379493494
215.21792605962293
215.90556330821508
214.89105332933164
215.52467109394493
215.84098214078497
216.71917003118892
216.15860822132507
217.917287040193
219.94029423886545
221.8874468706835
227.96395564776043
233.22685076387384
240.26198035862728
244.900822958801
250.7455112760644
257.3400194268186
263.71538535948605
267.5532240225062
268.68080005155736
268.12028040611847
266.5239343795427
265.572580457419
264.31374998868307
262.18641545792144
260.0888625616166
259.52823734101815
259.091308101937
257.52407720580425
256.46009047895785
255.80457973969408
255.19307368208646
254.01483523041156
258.9097889894146
266.6918712038426
276.3365413286284
283.93482677880894
292.8262173526584
299.8565181833548
307.21644159773047
320.276099082605
327.64538035513823
334.2967949115654
335.7318461709318
335.3739882800397
334.48670562123556
330.7931130173872
327.3326167222656
324.40470059299594
320.41025162100436
319.9012275161831
318.9065563933831
319.1265452311652
319.20210527559084
318.2828793043771
317.1619213437845
316.27640688059785
315.76870239817816
315.56676471195163
313.24058668145693
312.3232500571845
310.0272065184401
308.44158311508863
308.57264853593216
307.19125391204426
305.7446177708603
305.97763965146646
304.45813769435136
302.4725729346019
299.935442551687
297.9630871362588
292.47399522008936
290.35558975778423
285.3193547699808
281.33912164217975
274.85011147108327
268.0341582008569
262.03175582864947
257.3320367590715
255.99119388553603
255.53666262003966
261.17676273825776
269.4865518551741
281.28339073235037
289.5640099435718
299.65720784884917
307.88918337034454
315.4716289576051
328.1218393824198
338.91028162458946
345.0159202469586
347.8064475214829
346.73741063587113
342.7880281375833
335.0998079841186
326.08865787856405
318.5250345530717
310.58995104453913
303.84580742826336
300.3896249593779
294.6822248926813
291.9916941707326
286.8735390488677
285.8238929515388
284.4016063855308
281.1691268712158
278.80620131748896
276.2827432004591
275.10234737916096
271.0704434812199
266.8785686863807
263.6457354778778
258.3626757549448
254.42766047469598
250.88431940031884
250.64020259915677
250.59367239993585
248.76732219272034
247.2729889319305
246.10940164885324
244.90494788144974
243.05731193088337
240.4783310454082
236.86023043393647
231.8355597017623
227.76144057609494
226.0680471784384
224.71132284480677
224.9080020041111
228.5459814164661
233.68149919357504
241.33508513093645
247.11457961845574
253.928351824096
259.1514703315845
265.92041152897764
273.82731217396116
281.114219356262
286.2393622501637
288.4981107437409
287.5005667215745
283.562271982668
275.0457430798924
263.66124417595705
255.90728299142657
246.6463615926221
235.5069878191035
227.2816138200108
216.45258050671944
215.14208874655242
214.16314903785818
213.8710106268869
212.75679620848408
213.00886473602046
211.87486228349704
212.925439698651
212.02554507921658
