# format: from_node, to_node, traffic_class, traffic - demand values in each iteration
22
17
c
130.77381492326722
131.12738866935297
131.25241056154206
132.05465439825815
131.47400117802516
130.29369596092084
129.3513156224253
128.7381530059789
126.3550329145619
123.93671570537153
114.66426802179501
106.38295315072925
97.19795200183579
88.37097032875627
82.33910080797934
70.57788153201592
61.94672495644958
55.50396962358139
54.550153702734484
54.88604295089605
57.32755686762538
58.658910275190486
62.07113442686916
65.15508643977398
67.94933785941227
68.17823898474079
69.04523214794918
69.02042202239448
69.2544913783932
69.74007076603226
71.8504625651279
70.26044618483266
71.26994754998596
72.50664350128103
72.71796857328476
73.21313036638803
74.46368761498982
76.47930935740726
76.14693724538662
78.16903338517797
79.73029280627291
80.15776394686048
79.86809387167209
81.57248034289401
80.05529526908467
79.85939512131236
79.58113131913201
77.80842931653896
76.37569903083255
76.30977649638554
75.43195816513196
75.70546598346705
75.4791470110185
75.40407718343691
75.43661158031979
74.59368827660089
74.1003425776926
74.760294807861
73.4177414901989
73.57418607604443
72.44168898694278
71.83873388505329
69.9730570710122
68.02475757431574
67.64296330924363
66.07462588681636
66.3670738616542
64.83204102426954
69.29183806822323
73.51337151877935
81.07488979742352
85.49484904282598
93.18185586959429
97.39222007778488
100.72056263048967
106.05724369214393
108.76544503854099
113.23171451951778
115.6646734126771
117.8785023199347
122.24319277731699
127.32071647897882
133.93108087842415
139.54787833694277
144.66456367753136
153.49043355261222
160.0441451240795
171.67018213784382
180.09441097450974
185.27064794646853
186.87382008371765
187.30297844347976
184.93283183086226
183.17079458772105
179.70307737786263
176.62959307382937
173.33119363371028
173.9086066449746
173.5545070778871
173.8147918637683
172.9299141038723
173.5678184042549
172.3714782643268
173.4665986074131
171.8802316704304
170.74597859112382
163.02026304606767
155.86650955056498
147.36013687474966
140.85842539834502
135.35744838285055
126.38990024935215
119.60528027711754
115.07640526815726
113.32769418998213
113.44122626940363
115.36822475445194
118.0026937975322
121.68536462231738
124.9246855681715
127.91008886942186
128.64499486585365
129.2773016980888
131.12318817022424
132.67097025154905
132.5558080191258
132.37602527896468
132.81643970339817
133.4880231617229
132.93607630912106
134.6969332018203
133.69732200468977
134.01079853594635
134.20412589595793
134.0272149168777
135.42049225598458
135.3576224186748
135.18347767037304
135.8401445382052
136.03867355276145
137.4261377273146
138.01294065253882
142.22515829601073
146.58747067974605
149.72670178289172
153.25092130839587
156.4259903763576
160.79848903440433
164.4277762590545
166.76586994932103
167.0939222499746
166.7013746798666
166.7842628576743
167.28347137321964
164.4431285352527
164.28358547032627
162.9816699486362
162.40497148245979
160.7771107388036
161.59585647545376
160.04855839733125
159.25976782639486
159.517757036458
158.85312092823293
161.20234771784934
166.12678803883188
172.57581227644485
176.54894130116205
183.1955860659547
187.80896220873922
191.63623761519403
199.36734776344542
204.38759173252683
208.75333851707177
209.6808575810288
210.35669934432772
209.53784713992056
207.04822364621745
203.81780180837333
202.46864437687213
200.95357260605462
199.5291495329474
199.322713496341
199.60608857255042
198.37435575610738
197.34729200135055
198.5457415101244
197.58402328813298
198.32500679736663
195.29143404538974
195.19673784209257
193.89286258469457
193.52479682741256
193.5411870609186
192.54133637420827
191.27932552216032
190.77812171754042
190.12739645017095
189.97432705592033
187.63335730912274
187.79061532706382
185.59258137751152
183.2324226661026
180.54694283132605
178.14290201157195
175.56952401657568
172.7413799270591
167.50350690640576
163.48033299319025
160.19265333818578
159.35378462984738
159.5420751630912
162.6494941016805
167.40368266022483
175.717201150226
180.7333283036369
187.68863670846673
191.70533099412654
197.13354421759686
204.48003070004154
209.8003118677151
214.93793224043543
216.1818410190272
216.30724224355973
213.51249538803987
209.68069332885568
202.66428177887943
199.4954856803782
194.05678813612988
189.4281736735327
186.90573075469
184.62294313005052
180.9653328124607
179.11923872434392
176.78249644860296
177.46512498590013
176.14636831575254
174.75201251508105
172.85341692465383
171.09267899233208
169.91326033401137
166.84285872426307
163.47099591860896
160.65981349488248
159.2062558730542
157.40314207989297
156.4456156189081
156.3769009170284
154.62173502416042
154.48481850224312
153.29154764011838
153.83752787901616
151.77026191997254
149.99545071268184
147.21008198675506
145.10821748997623
142.89709515894097
140.98166869660466
139.91980099780653
140.28168486607814
142.7929406799711
146.05133446142972
150.57677134439552
154.3851951725418
158.65230243764955
161.75068179319743
165.96391723655128
170.89447843607596
175.51774461719577
179.27149714074358
179.58869971267646
179.61184430445903
177.8672863035228
172.30235464582725
165.56257420641074
159.48803060804087
154.36321294037936
147.38062034781012
142.70291734178247
134.89571622315242
134.90942480761572
134.08013623072438
133.09438206196856
133.2363458707239
132.64514537862883
132.00649577459205
132.92794599749763
132.06081224988446
