# format: from_node, to_node, traffic_class, traffic - demand values in each iteration
6
19
c
112.41460367666849
112.05225828186349
111.71100430668052
111.63757892898116
111.58485477265978
111.01793697609291
110.8456688763679
109.7490392559447
107.11102101191871
105.54160284985234
97.92932669306285
91.8038952627684
83.23614293668771
76.24749749162542
69.42427262898883
59.633278183639725
52.66530120748875
47.33840722183122
46.78980057061816
46.22987772971953
47.60885524045331
50.37867966810743
52.25791135953193
55.690864510443994
58.52449223368805
58.024207869997994
59.671098670420676
58.34703980809957
59.777763449933076
59.26148999799454
58.80776087099081
60.7001915586067
60.27972401294723
61.83125675525835
63.04722326746074
63.8933589316109
63.20932130658753
64.1776252013935
65.796879198658
67.34765082382847
68.47519476784753
68.8798059473685
69.31534725382735
68.8785999561342
67.67466795765044
67.96887966857689
67.63489496859349
66.41207463260935
65.01542120618683
65.1527198685548
64.02128400312041
64.3008102833481
63.49002939097607
63.41410538984418
63.38600202682899
63.39544590100304
62.746240826306746
63.499411682858735
61.762162577241405
62.57392307369698
60.54367462956018
61.16522274324201
60.48093355004086
59.035746912671364
57.18637065422666
55.62767148853928
56.12368114437349
54.93683860197891
58.37108241461425
62.3044832070646
69.05278005160709
74.03511492468652
78.59139736055268
83.26661937889422
85.88908272324102
89.8916082595013
93.11230236191864
95.46167860563973
99.70074186376642
102.11038477076993
104.759369649835
109.8088673265296
113.6687980721847
118.89932025738611
124.25717620139258
130.08121376785553
135.87337296534946
145.67064810016308
153.5349777346802
159.60058086866604
159.1327565939733
159.74161056501976
158.0278923994536
155.61714006137277
152.35257178479424
150.82589422885252
149.3640447418497
147.2845974395156
147.49839025141358
147.87189405663412
147.81570570427175
148.22914125191386
146.56639621950552
147.45256898254797
146.10345773961166
145.589083618949
139.00126362877458
133.62348390208496
125.77637973851742
120.57862384428961
115.30484844212835
106.94570711439322
101.73253272778398
97.43948480598527
96.40166068705054
96.84142140235001
97.99706906671304
100.74103633477621
104.09885356975741
105.35245758008456
107.97205623409467
110.86813518057657
111.12815115786007
111.90039873072134
113.01411181751031
113.58278987491789
112.24320453988638
112.94424267957626
112.45705379196596
113.8198970466652
113.8880539938198
114.41593858412514
114.6597890933464
114.16479956522261
113.99523843697925
113.94827730085308
114.17484121951713
115.41140885887216
115.87752477609041
115.45347419147562
116.42920181761677
118.58732105246091
121.08801596375727
124.25317899838966
128.3272430364982
130.7330452184336
132.96964934899015
136.4361415732988
141.06104512284864
142.41740296820353
142.52737566059184
142.05048342490798
142.37786220358683
141.84024374973575
140.80499262751493
139.8527856268763
138.93968949722262
138.41483942691056
137.96138233458254
137.3601816643952
136.3449713613063
136.0997684789879
135.21445772783437
135.14962599587952
138.17198363845506
142.54833916327604
147.3784819575323
150.93438728328286
156.55504512020175
160.09131935181338
164.0341712987299
169.63523676472354
174.74385696223914
178.19674784574613
177.84741464470272
179.69353160446803
177.1108754170717
175.98445168227494
175.01114262601055
172.3898833163423
170.47036551004345
170.06720236777483
170.619308151033
170.17720633548953
169.81120043615306
168.19059571005084
168.51579482874834
168.9884048636009
167.79916607556677
166.9831805930978
166.54027804732928
165.6451225251717
165.27237935559486
164.52879960374852
164.0783190447599
163.08929548581844
163.03398185991654
162.09022050131378
161.78557543711415
160.89967592248973
159.47588496855653
157.55939647114658
156.05786875660596
154.25401490917758
152.0830816079912
148.26331058520117
146.0791537853786
142.32858957939234
139.8668913259172
137.56024536554676
135.91005209976967
136.4436315412333
139.18124599769098
143.09877752966653
148.80617176838118
154.61063884794223
158.93005100364087
163.65510397734135
168.29250136361554
174.40387153241875
179.3910452181218
183.8726096363185
184.48114172419676
184.12250449652828
182.87864436647865
179.34379106259487
173.4089344037369
169.12391923422848
164.9409917950401
162.51891369334297
159.56561753495419
156.5438240824269
154.65929937989284
152.9134700488406
151.71513517113848
150.84010904039803
149.8332975414721
147.36636004692383
146.778281710651
145.36338891521694
145.43964835725546
141.92259993293627
140.07727640516964
136.7304628127587
134.99548761049525
133.38694424578154
132.49357340055892
132.39041533939556
132.27678286093976
131.15728579558308
130.51010392686752
130.30073978491416
128.98960585590646
127.57221821573165
125.80312318355708
122.70701303077735
121.51142399459492
119.49634603083867
118.11215837667991
119.84050650578504
121.0474210621579
124.78701097035446
128.32309142374098
132.39280109184395
134.98175351744072
138.05531658280879
141.32464782262022
145.79378085978718
149.70512049767916
152.58484721025664
153.22258065613835
154.2468226287198
150.69433722181464
146.2053035141645
140.66430526389115
135.4342478564571
130.78074061791372
125.06141287522092
122.39199756282773
115.45897860263372
114.22803067418658
114.02019873207699
114.01333984269641
113.16043659774509
113.12649464984767
111.90488685398252
113.03084286483336
112.42740783522152
