# format: from_node, to_node, traffic_class, traffic - demand values in each iteration
16
0
b
144.24813087410578
143.8950625373117
143.49096626798618
142.95003075903517
142.6122536569386
141.77557825326554
142.25061923705758
140.65383559634276
138.17531815648354
134.81082707907873
125.23871897919777
116.21256237097975
105.2365211242155
96.0588602441429
88.79287014280725
76.6818648335212
68.23919204453851
61.26130920175426
59.785650804054214
59.10789291279536
60.73813681793477
63.86034604688541
67.62527216874881
71.80346560804571
74.19607736999107
75.18447551918176
74.93970870477814
75.41605893468815
77.46313535558642
76.48296381603441
77.95022890040161
77.04904476083047
77.42898359672517
79.43570303013931
79.7137695163185
80.88965263125696
81.48279945547225
82.90077722345684
84.34802805389644
86.3704272178786
86.967345486117
88.3938718986052
89.32704749777189
88.16193886502619
88.08244449392741
86.25604283642367
85.5901364975406
84.71084249197334
83.57643169107995
82.75415634816375
83.19776024553335
82.06818739902424
81.13059112379587
81.75656520695874
81.58474558936011
81.11004838487956
80.3082054935395
79.96921503200049
79.31481237324175
79.88290999926457
78.65684385250357
78.85379421619959
76.17257892681117
75.83198434978286
73.37411217098709
72.59238692364366
70.94314193118947
72.09525898203415
74.91706571849487
80.2327420720102
89.562382274366
93.02553994105972
101.2024879459659
106.41053834120662
110.83724419081595
115.15807982907829
119.46296146699191
123.75574253243002
126.48590897027523
128.38301173952541
134.60245840328966
139.74117504390853
147.17195196788487
151.24695903169754
158.35623758916375
167.1476360418638
175.591343127351
187.8589753479021
195.14274839959072
202.38112150841403
204.15202959426244
204.68855255146576
202.62144567669844
200.7667672509472
196.37816875085107
193.94124722214303
190.28940853414113
189.54860400643474
190.08253587805163
189.67015968112923
189.3615169925108
189.15768744418276
188.51824731546125
189.10718497235442
187.43711520563102
185.54954066509302
177.03059300955596
170.51882876637995
161.7907361879155
154.05462049460442
147.96662566089896
137.86523874722005
130.14409654273143
126.2173441832839
124.34244071111671
124.77275743141202
125.344709795822
129.16871891028222
132.85782100046993
135.8188276643619
139.43577923056804
141.32064057962842
141.01233954347745
143.17227471349761
143.68124395279327
145.08836327896904
145.17912415929197
144.7139123977343
145.87361511535244
146.2891964551463
145.98003606837764
145.61362011587244
146.40321616434773
146.79690318777207
147.21092290413208
146.84453969642644
146.3931068683813
147.56632682170084
148.08500963460128
147.9778431268862
148.88486129989724
150.89737493402325
156.00695510593172
158.60677396238228
162.98185325729042
167.2261011214357
170.12414092919389
175.5332945001738
179.7711991533134
182.24884126002559
182.78866342000575
182.86699942709072
180.81984934359915
182.1101478901529
179.12237942334335
178.97856811901573
177.69359758207807
177.71646853563425
176.45671201652516
175.27647773527565
174.31469512265446
174.18427503331398
173.37172664511786
172.6637230628549
176.8303059919104
180.58019555150375
189.01361967054953
192.93809749613936
198.98091852665075
204.5791967769003
210.5675605500934
217.55446262755714
224.2430595178193
227.73807639167373
229.2801655061229
229.18461313815789
228.81162437161075
225.2485521467979
222.6936990518385
221.40660170245954
218.6638196433611
217.34436809963128
217.01695017089438
217.00385387509212
217.26513446217385
216.58599396131953
215.99082954189117
215.7086150666313
214.88877765936664
214.23220043360277
213.65387279233366
211.98489791774742
211.24942077236716
209.23331409190573
209.2501746935208
208.05297233197913
208.55486708259753
207.8079840663134
206.82901410070266
207.40897109842481
204.16808073891693
202.55209218000522
199.15255997039355
198.07078664779158
193.64306307024106
190.40536082987407
187.94017450033098
182.65911489091462
177.86258404497553
174.4770575825997
173.23316440410244
173.58362628858356
177.87537538217757
182.56476687253883
191.58133018124636
197.55379395261264
203.80311259682242
209.52522050055524
214.88691055738622
223.30371608349927
229.9936275607162
235.37652004167455
236.02768786423226
236.42310733065997
232.97686709777417
228.4327219276388
222.63709764896117
216.9801184578753
212.1456599986872
207.195209399452
205.05884351786042
200.04200451658315
198.81663742620194
194.87953163169232
194.16752247392378
192.87317731961707
192.0251985598074
190.09755122177788
189.23469401046475
186.76350005793807
185.22248225749138
181.13545669558798
179.43619453233194
174.91963295065221
172.97108452828007
171.50560433096416
171.3205473814713
169.85767022457415
168.03568872822447
167.92841140128795
167.57788146591687
165.73850301139234
166.59849207277048
162.7120921694704
161.45958852204234
158.79327138652488
155.9701916946149
153.55550597311145
153.2284682309349
152.51909347433397
155.62260248290775
159.52631948709626
164.86229741940517
168.28251829361312
172.32827748827324
177.09003620780877
180.15705927836518
186.3174093194404
191.2448176719975
195.6880072681726
196.51916235497484
195.60943534148157
192.66049859973995
187.43515584112356
179.2337346930259
174.54368408333536
168.3726680432034
159.4964421521412
155.47994711164142
149.02349120962162
146.43275870072642
146.1270806372453
146.53480089962653
145.31194408223362
144.20742173327508
144.15275255141367
144.63289464393156
143.79624105460476
