# format: from_node, to_node, traffic_class, traffic - demand values in each iteration
16
0
a
216.33990719192528
215.69866305105043
215.08706280164026
215.0716375881668
214.38185096545917
213.12814653346734
212.50473381407858
210.1448967714599
206.87447782296482
202.4480006184743
187.15824951361932
175.1005398750927
158.2425726809956
145.2491401085833
134.0761327683025
115.12292767831134
102.27257918171796
91.64615508475012
89.24740472760959
89.79619417567271
91.72748960573814
96.43780881010865
101.79289363640127
106.5577574698141
111.46243399195012
112.66939176322659
112.79127574361928
114.42911064405489
113.18502326817668
114.8432365723743
114.72775942798675
115.23730529955493
116.1486763803766
117.12020202075297
120.43033629006405
120.32071548005769
122.66210358106646
124.62025046680826
125.86396305792401
128.23745416494452
129.40744392330703
132.12863241552378
133.12181684140793
132.9260620416783
132.21923198670834
130.8486309373553
128.25994505251907
127.98856981350747
125.9485255673762
124.42655812427118
124.63134642653046
123.61386801359666
122.022856181791
122.86768262617476
123.28146705639914
121.67422884177364
121.07864892175711
121.20566764353264
120.03312910279486
119.51085450139395
118.19439238661238
117.6696284736431
115.9486308978119
111.62141732709915
109.77740172003801
108.19139982869909
105.60327891153096
106.6152650379926
112.14235604986872
120.278603313894
132.10310269693412
140.8491255211657
151.86264368633275
158.6362758180846
165.49454710784528
172.66924459287065
178.59220156986584
186.37351968385778
189.74284474061656
192.55651017681214
201.7120370808539
209.74037921336588
220.05099865298766
228.32765191407256
237.00029257049346
249.55555728130497
261.139274012303
280.93824080468266
295.26342011988083
304.37812053012556
305.97204516613976
305.9901602463869
303.72055430537716
299.2898652664835
294.6361756705088
289.6843977029367
284.8558283873248
284.2942660538434
283.80331189058916
284.8756911532459
285.04838528978615
283.6664474652658
284.0557738457566
282.1227001646835
280.5564024076515
277.1922086419717
266.3659453637364
256.7375954685771
240.60612513271897
231.66604615427542
220.98962630758732
207.6200346446059
196.01043145281028
187.69982666232252
187.37418270637104
186.48618869824094
188.7095244159585
193.5971303549715
199.64690990280363
204.15696987840278
208.0395312932182
210.64196655376108
212.75022158776355
214.29069668565515
216.07766284357504
217.18417261145967
218.09492083594805
217.188823473928
217.83492338098299
218.3325949669584
218.96533905745935
218.13208925664247
218.9906810332161
219.4214782136232
221.68406004096823
220.45710764955953
220.6493369170692
221.0398429709836
222.30390449090456
221.95105816413738
223.8468032325302
226.13635671497903
233.48152171638858
237.97378994984462
244.35605387870987
249.56796571607907
255.761255142073
262.6114269744662
269.2578977925206
272.0922065874755
273.4027005724149
273.3416540555088
273.4173757509203
271.54982693225475
269.63984285733153
267.86457799702595
265.9386908224623
266.1479023978191
264.5603699299257
262.83900802459806
262.9593663854392
260.7970517753332
260.3624796690635
260.5472183990335
263.8565841065194
271.83961908488305
283.23644123524764
289.7647256784357
299.1866642972841
307.22610862443145
315.8250006937293
325.9962321036307
336.39943076193913
341.0160698822172
342.2420123751056
344.20559209245647
342.0541467864231
337.54142564617786
334.7553066349627
331.7200824962628
327.6026908498473
326.52204544952934
325.67963113274647
324.87758964863656
325.7085703953756
324.8750158818174
324.71766304724116
323.74569962474897
322.9193940823529
321.5833817913743
319.39053238197806
317.63798254766107
316.40563874103964
315.14422251040565
315.2819794107737
312.9667373077829
312.96673818561516
311.3598186268694
309.854637230522
309.0168588284561
306.6163467822213
303.615133722874
299.63228914129934
296.39346251986325
291.53523838855983
286.59566703256945
281.03215444517673
273.24067967294144
267.58010234514495
261.6775913377328
260.8581364786729
260.76012694304484
266.84077367786745
273.9276154341188
286.66649192092075
295.9500708998421
305.87610254565897
314.48603812233017
322.70270190742104
335.2228882841497
344.77855295107156
351.9403480730048
354.7366536598292
355.15023369095843
350.2490292866142
342.1317574508098
332.5106759795834
325.62583281961787
316.3318507392556
311.0799801582151
306.72672808367537
301.9876453008783
297.6059318845558
293.83922233775263
290.53954640050256
290.28439855488887
288.01686827106886
285.0158344848513
281.9692006367361
280.16383713616995
277.015002206018
272.4108805812673
267.91315652480216
263.9338173537996
258.9242459934691
255.96909208355655
255.27197637526876
254.5098683003366
254.11301609243043
252.74842626980168
252.33367123252586
249.72077756738588
248.54777150028235
245.47735822339303
242.1742296456201
237.5123884522057
233.66329564693072
230.21108186044046
228.9418896551268
230.224891252803
233.47365654392303
239.46021452925604
246.50685450085203
252.43428641760656
259.47143430895534
264.7628593037418
271.1226579010423
280.42233782084634
287.0284307838679
292.51794883059625
294.566523461198
294.5582105767397
288.7547902741394
280.25483179162995
269.15977311170695
261.34092886193764
252.64544754180534
241.12203234412993
232.74346821946747
221.93243155612788
220.45717070947865
218.21722882971622
218.34837644461618
218.5450444066831
217.91270312749577
217.04587262111082
217.2331356833627
216.74502829279587
