# format: from_node, to_node, traffic_class, traffic - demand values in each iteration
2
19
a
145.9484715269424
146.1611075113272
144.29590443139435
144.4463518143019
145.0270110274351
144.02383522072998
143.42348619891897
142.14111909570664
138.81020159260893
136.37804796413116
127.20495962556164
118.85751648501166
107.40923760902605
98.03501861856996
90.19088150909835
78.04310558066454
68.01261601876465
61.38831445084474
60.82221957603988
59.7335088723771
62.5015700621502
64.45725109269169
68.20538424601442
71.70457633972391
75.16645533538048
76.41441066569772
75.42484950255165
77.02079745546855
76.7620969773703
77.37310770952762
77.2847864175439
77.74861713772837
78.28609078196423
78.73641105897914
80.41419755719537
81.35863442955522
82.56218785258876
84.13401070829873
85.2667658700339
87.01951196359904
88.04932917593615
88.99013845691675
89.21600174250038
89.14366289285041
88.43750173952986
87.11651188056545
87.00114480996328
86.80495478079463
84.37126292050645
83.49430586243558
83.72275372778297
83.58784045668658
82.2460619751686
81.16084208582872
82.21485280210197
82.62510292699098
81.28122359242191
80.77174217151165
81.31974109846266
79.81222476277613
79.34663089311837
79.58129176855094
78.63806535056455
75.21480791568544
72.99277102518518
71.57399339655471
72.12688247415872
72.14441608483789
75.86866852689583
80.93836932813404
89.37507906273865
94.85126907193408
101.83873572215687
106.59964276222716
111.20441822715364
115.32782167349401
119.40849881313214
125.65218226002514
127.3158681263612
130.09654302097644
136.1593784339648
140.75138269709944
147.59280131426064
152.98319355571306
159.65533950797575
169.23344416516682
176.63947811558387
187.77147756635864
198.60203665054146
206.01817803953347
207.89227567567247
206.16120500007372
204.74309224576368
201.45844961454293
198.39056493901725
195.1369886459969
191.6174575270671
191.72975864807577
191.7430931825982
191.2379035728892
190.51475272971598
191.64491530537546
191.12250802086444
190.6206795615014
187.87470434094882
187.4715757882821
178.89799244057272
172.56336382908574
163.17714710749763
156.7061316969747
149.07623839244584
138.39484366053355
132.19512284173345
127.25730688011261
125.77518530749929
125.59548468753646
126.16194759956798
130.62676093331544
133.69607385949791
137.4914265008431
140.57871196570713
142.1109300395683
143.73828658766266
145.52332538616633
145.76816390632692
145.00259848913296
145.9339253746424
146.13062356930914
146.45077723249275
147.34551018779723
146.78885844053866
146.71907412424392
147.57491277129137
148.88339710660318
147.49346300927414
149.19371554319085
148.53417900935182
149.23603976029537
148.6932482984266
149.8626305105775
150.88761286937822
151.574638901265
156.5094407686976
160.44327854030445
165.08425373070784
168.9800408993288
171.7181029921917
176.84930654992473
181.98374721012948
183.60578497659455
184.65949146106718
184.61279371348428
183.9540912985339
184.52981152106287
180.84374642002567
180.92471208031372
179.31711610045636
179.5442394217391
178.14283804000686
177.14007152503854
177.2923087380844
175.92839887266217
174.70862086607147
175.2188126392848
178.58077024353207
183.47925866666225
190.40799904336237
195.6841114259059
201.7251131346258
205.94934376788072
211.32970353850135
220.50830593691825
226.28199363238727
230.65858747682208
231.20511142655363
231.21461599146946
230.7687881531256
227.98752742980196
225.54183062516054
223.40393625592876
221.26234167113887
220.4561850006127
219.37474249550922
218.07414482511868
218.77144692116852
218.48506218703588
218.96232409128828
218.12158578726758
217.6696301507213
216.42229556965876
216.22858556882855
213.7176585788572
213.4826530902859
211.77020175497933
211.35206986662297
210.67400716983008
211.369879704153
209.4016802761696
209.08534346759438
207.8264858220847
207.01749285244216
205.1570860449431
202.41472610318237
199.8823168259756
196.37028117049712
193.7828319835848
189.7624003771389
183.8271215436838
179.5874253625216
176.63158449782244
175.04782348366172
175.67478827562311
179.1994797927523
184.8223173476318
192.77140964940887
198.7595066887598
205.95430071711922
212.42821025564268
216.7473837766659
225.40607704826385
231.98619589281927
237.50373294880131
238.81430017277316
238.5889062640024
235.35466129140403
230.2312770557426
224.0669276067267
218.77735707274277
214.22777805801715
209.33668072693334
206.9187130192002
202.45040059783474
199.97507967497245
196.74638748377245
195.29386891144418
196.00760310196944
193.16885760409326
191.93818984981843
190.07994391372404
189.53090726872503
186.45084346276113
182.95619836473213
180.36756923120095
177.02242699382745
174.7385558396732
173.66609154062257
172.2207298052855
171.73549414222845
171.65855021196583
170.89155632049864
169.0518183308292
168.77908138530069
167.3117067121844
165.13611707480797
164.02630500515244
159.28433851646102
156.98427001038385
155.65680181529177
155.03392695278035
154.4316599476036
157.36956564057365
161.11013476670777
165.0891028361722
170.06035269644366
175.69267403652773
177.95721679043302
182.41620320372863
188.30043193348916
193.6637877891618
197.27635608780534
197.9238286444945
198.74180515361496
194.15694258484953
190.0212630108943
182.56147994185963
176.498408513865
168.71615373557574
162.20028458304802
157.1869254377536
149.2793739665438
148.2201099499245
147.20609411570229
147.10174898724898
147.28131858077685
145.33430556968733
145.66172779649676
144.87372933641757
145.79686391949488
