# format: from_node, to_node, traffic_class, traffic - demand values in each iteration
22
19
a
128.64385555301726
127.62187044902012
128.440080074173
127.90005094851972
128.05373358260542
128.1328941746068
126.03902258821476
126.12030790851846
122.7534003181945
120.56234476434611
110.15312969495372
104.72250259078818
94.55239869342797
86.52600264733671
80.2160354733327
68.80584610788371
60.37478180542714
55.50356710006372
53.37749747022757
53.06148883032696
54.77328049128971
57.47028189262406
60.2565793802083
63.47214262304512
66.4883216503476
68.03477212570746
67.20742379952853
67.80101240998648
68.5698849494867
67.62340236060308
69.41253510276151
67.55822344460888
70.22647366980928
70.81342745503494
71.04743562686697
71.66647351903029
72.84549228022412
74.2942937923803
75.09875574027173
76.81289853657728
78.6399988332824
79.5063269620556
79.52128154386321
79.49893851699932
79.86641215698714
77.38420039282394
77.20736038030331
76.04126019463048
75.1274492761943
74.5194681919229
74.28754208403639
74.50023410079909
73.89557060574936
72.77728874182608
72.72626921105164
72.4006046307722
72.51399968775492
72.48609115466135
71.57617869533651
71.51267880062706
71.55057555120361
70.00186322178259
69.82101685661748
67.36817181648611
65.6758888324778
64.15810498947991
63.53713354573246
64.85865175418972
66.71219056638975
72.26956825353753
79.21207605278717
84.49491340310949
90.87694764288061
94.5401256801168
97.8772744445399
103.14911998208673
106.86244172250457
110.98587532143799
113.16520674945677
114.23214315321479
121.20446801480824
125.7750985253632
131.84596976010613
136.5822462519572
142.11073838304998
149.6656115788079
156.4311346598419
167.70785828897883
175.79700510173157
181.73717069479216
182.62098795381075
183.65059746740047
181.14285734779278
177.93567842592967
175.93936633510523
171.79776734379286
169.83960448360236
169.13762892168805
169.5355593143523
170.0359318646964
168.93479492170047
169.61535298189136
170.09209650975004
168.52352372395615
167.76016794633338
167.1080570282549
159.79222440348502
152.96453835335666
143.18814554875019
138.1589810764563
131.81580388435324
124.06788326266691
117.05405056903338
112.08744383674598
111.29182125039658
112.36654364184884
113.36474242405903
115.80359832558304
118.39027959072989
121.60675831450475
123.40729476618596
125.70889409052619
126.9215505595776
129.0503621185827
129.34070857097322
129.6080130841102
129.39839300480986
130.08521864537929
130.6153453930046
129.71857784901226
130.15077988387915
130.28157541593788
131.05004774140698
131.25355203899804
131.77688034773
131.85828600862712
131.91612963569563
132.5402274364118
132.23685575857698
133.01296460355263
134.88216305557106
135.37856368644643
138.99182917114905
142.82074255128975
145.90145345621318
149.15633943533314
152.5212607260238
156.59507351383252
161.41888263310145
162.28220684899784
163.88365983560294
163.95785492489014
163.6716953294856
162.04540426735193
160.96442635313247
159.2268882861832
159.89304195944013
158.49495858715295
158.676836386124
157.08323611910117
156.75159274770795
156.27592332138
155.30245036679983
155.2195061741293
158.88599212853413
162.74053188395007
168.42297713702882
173.5077184956813
178.20505057778402
182.7488556166834
186.61381629198945
195.58338097602154
200.50890542414905
204.69482101382246
205.47669840506362
204.58666768283038
204.30543489762584
202.43313104674746
200.12440634268924
198.5248723064058
195.93447104020822
196.13282290396745
194.44867759602022
194.5048596472422
193.9198144399554
194.73384654260005
193.94648100590888
193.2971157361226
191.9698383559259
192.49204466550157
190.75942713671384
190.08441578337695
189.76299613267193
188.1012970453644
188.32895777852656
186.88794099817798
186.1638133639835
185.83278477353474
186.08931939388762
185.4093751141713
184.08587283673376
181.32968175816498
179.14798911652534
176.81484562292945
173.83881892206495
171.4490744465705
167.9132752278846
163.8330716191325
159.82926701262446
157.2604526531996
155.53472179874592
155.41251942667088
158.37907148572822
164.26358762388847
171.7050893898489
176.48987421623463
182.25668849743533
188.21002481983845
193.0995853266745
200.67303239885038
205.77373728041664
209.86443763509112
211.00059769063438
212.0349511805478
209.28189344438348
204.4103492145898
197.18946839172696
194.6397838281913
190.1510122943773
185.8172908688885
183.78670966753
179.7687566269991
176.75269903658548
174.006992095917
174.52814309501707
173.1731556737295
172.18764800089275
171.67073115705847
168.6515571300519
168.18388376930875
165.2499599664628
162.78265715164704
160.1473490565065
157.30212985881542
155.0510379748378
152.03189570486276
152.7237536753231
152.3886953238055
151.46200024913963
151.13472443072766
150.53727562449197
149.7988822340903
147.71524709790086
145.8271654124463
144.33047309282446
141.74185849398074
139.91283825821856
137.9562212802393
137.73835570090387
137.27051941588226
139.1068669883135
142.49148047300633
147.70738366834502
151.31913324566926
154.91532027092666
158.34714513063662
162.15273386888197
167.16036828689775
171.64686697454042
174.65125393948136
176.62929674528542
175.5108216220841
171.91780715897266
167.60747278106703
160.9786412068282
155.9584618511157
150.57185696004052
143.9665823049373
139.99420074775634
132.8465921261251
131.40265749428434
130.96062349320806
130.33127667163308
129.7165395415175
129.71049478851518
129.27208871077528
129.36994443759139
129.48919288335844
