# format: from_node, to_node, traffic_class, traffic - demand values in each iteration
17
5
d
89.31076085782776
88.26470992515713
88.5325022801974
88.1195138839036
87.74362611923108
86.95138376553486
86.96286206761702
86.04766790028324
85.5961041056247
82.78661496753092
77.17907764639045
72.37668835296374
64.57992727670434
60.597279601692975
55.08132136640763
47.59411078502091
41.41008229169213
37.18535267585988
36.25149451352321
36.769869656886286
37.95805157225003
40.07451884154554
41.821644212317864
42.85805227314964
45.234614523791784
45.8954795199661
46.31947955294641
47.538302503404395
46.84425172345646
47.15885811480987
47.31877356414576
47.32880227381763
47.33175989067682
48.619264834073356
49.143057001138516
49.2493458245377
49.98987532132163
50.587033119552544
51.77376024414914
52.800679961851735
53.454216927664724
54.118579727418336
54.4632650088148
55.21267636617775
53.88079001477606
53.60260040459719
52.50967869608376
52.79549175317561
52.49748743562459
51.68212671142517
50.73433246177947
50.51082582721339
51.391564570970594
50.09440478164411
49.69551887695537
49.8234674591116
49.18919211841379
48.78969179940717
50.07506462471219
49.55180344924906
48.05574572827623
48.43851869484795
46.64554284603533
46.25258484647767
44.656526264661835
44.25618784075685
44.0473696396924
43.93139153483909
45.8972534060945
49.09456435155169
53.38821944604689
58.10903111970595
62.0908886416783
65.51930253187277
67.32407378656482
71.29520985186011
73.53581538578626
77.16795334155596
77.96078796611836
79.70943162433856
82.56188585926049
85.29301647036974
89.73983890846048
93.19284330453236
96.81680536643249
102.97294386953257
107.79067915439433
115.19166846897545
121.35848381799525
124.40952804278906
124.01964213816908
125.3676960806167
124.24885537228141
122.95097882309584
120.81063264244294
117.934935349102
116.69944685314391
116.66865700675163
116.36220042980295
116.9465354025656
115.49564783935158
116.99911217767593
116.24190184372095
115.07288393320628
114.53948847893147
113.69287384765525
109.1032228068087
104.91094083104709
99.3241105984598
95.31878819026808
90.85313529945586
84.46277327863396
80.02053149863741
77.11355333407022
75.42062477606227
75.82603882809349
77.41814928453857
78.66436444070331
81.41092123970039
82.92547445458501
86.16709691962234
87.64010908855663
86.60905122217757
87.36468055081826
88.86619242888615
88.48405311318456
89.62190820571236
89.71401450785311
89.6852879647634
90.44962505733265
89.58453665276501
90.09480028114692
90.2933296186817
89.53889957611372
89.62904462508362
90.59532840833329
90.4592283478596
90.91191373487733
90.7255676696449
90.9136907916377
92.43690738389482
93.45897417918222
95.09376043576243
97.47196999804353
99.77989087624215
102.64151011712752
105.05240147231574
106.40238082482048
110.21347568049885
112.88463790067942
112.77066108812498
112.24103827631862
112.43403401565418
111.45024731665869
111.07775617749296
110.91581061089008
109.0715170524904
109.27686666068894
108.5530831916041
107.93892377562689
107.93794481815955
107.23340921233795
106.45619043946675
106.14038321165174
108.23888836760692
110.74006161486005
115.65896268933992
119.49524136052347
122.29683845266817
125.770565806144
128.3111524104953
132.590490321578
137.12649329192686
140.3291649077954
140.66311058680424
140.49351744733906
141.0346800892091
137.76615272564229
136.0884793036366
136.22225559057358
135.0089555234312
133.5183775641954
132.76665553494743
133.99341445082672
132.47501117687995
133.21578368849003
132.77468680405306
132.36198975900768
131.5621375111038
132.67578592027698
130.75691038030513
130.22641035907412
129.56633420235067
129.43357869640926
128.6643137092974
128.24605571378325
128.02920448999544
127.60575566273326
127.44523541562307
126.8021449483151
125.2077142253142
124.62107310485219
122.59773173448836
120.82544517800434
119.51849361051083
117.80512019353647
115.10283901020911
112.71150829775712
109.64288194253407
108.22853122600175
105.89763936692512
106.06018656840416
108.79008874604175
112.4868413060956
117.16611389798453
121.65005085337495
124.32982191777599
129.02230835259445
133.31511088417554
136.54921158568555
140.73629049745867
143.3573723672392
145.71872643262995
145.18257117809057
143.4166362220686
140.04485558499954
136.22209392585978
133.1083919278742
129.80131863503294
127.91204924913521
125.95051373075633
123.17977735201944
122.48236039561645
120.30322495996973
120.38125859549085
119.08936253068917
118.43880587652853
116.55502056703547
114.5606743811219
114.27906535896781
113.64350845354595
111.86546039359416
110.28362379074828
108.35219509883069
105.64275719549146
105.59358926898081
104.78989054825014
104.31519615641967
103.99141497028562
103.6647842764055
102.11071544315284
102.5482671545658
102.69211114322503
100.60997660156202
98.67147060938406
97.526304780128
95.06276794915648
94.90705940590833
94.02282712164362
94.29961102398525
95.473965402969
97.78113975136165
101.01181049840784
102.76522946953547
106.04396563593481
109.13214816141999
110.41303138717555
115.48386735122364
117.29425220577384
120.46070559547387
119.79407071809449
120.52230700644601
117.65617313887108
114.73034799498535
110.95919167483125
106.65802665548217
103.0168425388937
98.6806763396947
95.52383007212084
90.03003745987924
90.9412872147861
89.10092829470156
89.20467818203535
89.019943627912
88.2046726340798
89.36833042003953
88.9408565982422
88.84206598329922
