# format: from_node, to_node, traffic_class, traffic - demand values in each iteration
6
16
b
111.7385903801645
110.35493783142577
110.7647787853432
110.60277658488116
110.67998154211331
110.6297955723187
108.0468379534257
107.77326855483145
105.33530694591792
103.9182097532586
96.85308655407711
90.48227536681532
81.60210908950882
74.44729454563766
68.36987020016983
58.29409570305174
53.11902185984822
47.315463827756325
46.184616291365856
47.434773301735355
48.233191864478854
48.94398959887284
53.51254675726606
55.0006836433302
57.47154767309183
57.129397225379364
57.31336926103054
57.129071505521416
58.227137558331385
59.15566260057264
58.8274118351269
58.998217441095434
60.01071819176455
60.50761489024429
60.69479762837524
62.02637844227676
62.74885281186236
63.73970604961933
63.835724836017526
65.00366208299708
67.4751431389519
67.23620805589475
68.73096653299235
68.28479041615208
67.57065505849364
66.18372910561358
66.13517683522998
65.73416611970677
63.73300770475861
64.32528316304168
64.37669198826501
63.14509635736201
63.505297264351256
62.1497894691586
62.42345578208581
62.02466367661669
61.72627613612786
61.89455974005492
61.772253788979846
61.172865871814636
60.99757754447101
59.40051707862067
59.93727407267363
58.117271108397105
55.906039650080864
55.24691899737769
55.49601807025528
54.0927249760138
57.85884923546534
61.2554062233986
68.74651046723281
72.1584419401226
77.66997676832814
81.17244106269949
85.44005643775716
89.37671314427779
91.67620593585261
95.91351380078399
97.27586630525438
99.1654194550985
103.80837973916516
108.49859742087138
112.84293659026194
116.70549094705822
120.819702196514
127.81580342777394
135.26552240953072
144.22669073073612
151.013551737036
156.4889424278863
156.84531792743667
157.79871089094007
155.6292402605674
154.22984440134033
151.35744680826704
148.17198677978428
146.22039792391288
146.20746544549982
146.1862803913734
146.51366447534647
146.61396167719033
145.5840133640951
146.1666231807747
144.64785186826404
144.74640775937021
142.60828451729938
136.72352546621934
131.05780737092655
123.49894835743358
117.97501292700645
113.75892258854722
107.03912975054696
101.40885519144379
97.11826499961802
96.21432721610857
95.608437894549
97.61771350755183
99.98465740909538
102.07954166455539
104.84147602480729
107.00642386023648
108.07706963136721
108.83687561408985
109.10122581301546
110.77817856805805
111.19777504270654
111.82934392833916
111.63587969472188
112.62114163410654
112.32192421970214
112.01849876822787
112.11347812220968
112.83308553869745
113.4430822198325
113.01461019855958
113.21438795150569
112.6265742785327
113.72124151492507
113.87167472360626
113.76008884017708
114.93014343115188
115.9245013668984
119.96347108362538
122.88468271674371
126.32953086935707
128.02497768349528
131.23808066387835
135.0104710926659
136.9853395646746
140.7549352547453
140.88577616940756
140.79685943785103
140.36275775539778
139.36003413149268
139.8355859882625
137.8795710669644
136.656023382853
136.72104009926804
136.12067079035342
134.7353007899928
134.07677299038258
133.34615774941457
133.99056064448746
133.76211125898803
136.52679304228081
139.52822484179495
144.65238683018245
148.40520317764964
153.98915099410507
157.54300526466866
160.61272134420608
168.46184242195977
172.55546873050102
175.9944852536291
177.14653939817399
176.38359861487868
175.37935856002264
174.4478703092457
171.80499196229374
170.16537885504383
168.4141905900992
167.93280240209495
168.40579632157232
167.97846728968256
167.6185942670775
166.03464086696908
166.4678019986908
167.26637092025484
165.26763520528692
164.83132356683848
163.50304870494864
162.7369680516688
162.43231594123404
162.2161909052512
161.35890746073076
160.29804533478685
160.49260867009855
159.9884749163101
160.46007054777854
159.52597212157016
158.02827113104925
156.22088070495155
153.48831204418775
152.0962842082654
150.28321514564604
147.46188336542406
145.25853289981313
140.72803019265353
137.68436270032194
134.8638947150255
134.23718134043838
134.348097816648
137.70334329727848
140.37811168652047
147.55426213703268
151.92376514767494
157.4573891031392
161.371322556553
166.43642072539612
171.88027612803708
176.96194674863312
182.53280614256556
182.57899233418118
181.71316141444444
180.12408634564113
175.47968272286207
170.71324488661963
167.83513821858054
162.60985759068478
159.95063037623993
157.64019286242666
155.0031410923332
153.36210815458327
149.87403469209409
149.34550544141024
148.2868138921033
148.87195755480235
147.60925576243426
145.4994166725382
143.49474542645592
141.96120140277463
139.3161114383762
138.62202137672375
136.33318866559551
133.28710616124
131.47296574633197
131.27453555528245
129.77217685190982
129.53798573776194
130.21287715781477
129.37862484802352
127.60146821419522
127.17481621540084
126.03121965056548
125.66337688204966
122.71348884327978
119.46480632328871
118.68078944628868
117.5137996716989
118.12607350458612
119.51191742918391
123.1505926680398
126.71316659590173
129.47212065709599
133.12757789353253
137.04026665489815
138.7058579434066
143.66003058569476
147.6036156597119
150.6883059869264
150.7172474898634
151.21808226290935
148.47641566917935
143.80185927761931
138.51920824070248
134.146686569917
129.7505933157777
123.33749601937409
118.37560268804376
114.04676220009603
112.22246795091945
112.14311292314297
111.36321360496274
111.70666135214334
111.96935024096703
111.85039714739037
110.52105684340408
110.58488660826804
