# format: from_node, to_node, traffic_class, traffic - demand values in each iteration
21
0
c
117.82290705605183
119.03925673297002
118.94550035061253
117.90063579177641
117.62247679435166
116.29230982449864
116.53237962799699
115.34273117138852
113.97313666236276
110.913869473742
101.44501030639239
95.76337005871787
86.77612061139988
80.20566968405544
73.69386040582455
62.13490882799798
55.38780774109329
50.15058786645312
48.72591380613409
48.600799173828094
50.434135742560606
53.119165308461454
55.537260771164156
59.435184568174726
60.91667074401169
60.61471816584018
61.477955566761786
62.24650045364202
62.68134531922159
62.78563010543672
62.45754562308949
63.006948421424795
64.07947768493756
64.73092525873415
66.03232757527503
66.20122146004047
67.36410473395662
68.42781881946807
68.8485062117825
70.71798529482373
71.21431375436023
73.68810062019581
72.34096554504401
72.83195171206987
72.38139546187118
71.33867306273449
70.09464980297747
69.65190102656989
69.60160326298542
68.4465664396246
68.10463027550634
67.4007874540313
67.3396590578964
67.27129542488899
66.91159705301163
66.707673430086
66.02006858981532
65.64035506633958
66.28994713769437
65.78125433702064
64.99920189548662
64.42532439595364
62.43407344507227
62.03767249335598
60.26025567450259
58.89323648495855
58.16992761123941
58.22503066635183
61.456720145529964
67.65327583161546
72.22269104847686
77.2524581343489
82.11806590049318
87.76674026068434
91.04647042319412
94.19605398620843
98.09644076328784
100.91542443500913
103.55180523377054
105.86890443091119
109.83166068351704
114.01800059308617
119.71719923313707
124.5839781867929
130.7431214900413
137.63377595519677
143.61642337445303
154.61369487982736
161.28892045202488
167.5367035844382
167.2938367686452
167.22227925479558
166.56934855453298
164.05878162889448
160.88499406488427
158.4462232222506
156.5217607478404
154.94273174223235
155.71981129330692
156.2949965327158
156.33207967240742
154.8552019993374
155.68702167522517
154.6756461059927
153.43440959582745
152.26802368062818
145.905090542351
138.99603633689387
132.46062918567821
127.17825927637506
121.40722634036825
113.58211103021954
107.98478555001552
102.91518844084096
102.37660605571519
103.08714555175568
103.1882447028513
105.9770553112137
108.80523541905679
111.74768427540457
114.66310005035287
115.56980526564901
117.18458768769432
117.24462645695426
117.8266526700521
119.14263528658373
120.24759853948663
119.59196425655324
119.56043234932359
119.5282908736042
119.32464157875594
119.96624146282092
121.61535716428239
120.73813308398462
120.74305139573285
120.48517126557492
120.77827745066608
120.17342051622339
121.42310313480645
121.6837591890255
123.03188864849203
124.69794636293496
127.38369050495199
130.7963646531549
133.96950132708565
137.29136733526528
140.96443876568418
144.70781677440513
146.16596321757234
149.49905970730538
150.30367480898246
150.82865460253794
150.5601538951776
148.9913982998502
147.43966281480402
147.8058381528077
145.74888176188935
146.08529749557758
145.02914072571886
144.34802309445794
143.01047056548805
143.89336515728303
142.54813720863177
142.51167943395666
145.21739691834046
148.63857275967143
154.24569876662082
158.5304907372245
164.56824059294527
168.55442042755686
173.18074777324577
178.99329370447853
184.3717455843378
187.75247275805404
188.0797847550822
188.602447375726
187.85105418575728
185.87508805635704
182.93256938326488
181.77268603835626
179.12526742984093
178.4357772911611
179.05506998106455
178.68945985447138
179.00180770491707
178.22066259267234
178.35969498646415
177.825191577974
176.97503507396146
177.51583001323976
175.18964897727764
174.48108356806472
173.15017294259357
172.6027805429941
171.90667685719734
172.34855683503528
171.89184354190422
171.16133761875435
170.61989753316377
169.9336834394848
169.4958760343171
165.98080472261086
163.45119725604007
162.20660379584834
160.84341031281835
158.13518186322398
154.41402137991037
148.88050326535682
147.1230651542372
144.342600082246
143.6521327800709
143.56575430403512
145.87455511714236
150.51554549352528
158.12572059193852
163.3592116105876
167.54050361042488
173.3750702981209
176.88054444416449
183.99725815565537
189.1706636007654
194.23129860707422
193.20786819582398
194.29143802346312
191.4257418342159
187.1599422002206
182.3620062205919
178.69900198563792
173.4732717764355
170.38622186511154
168.93950280495707
164.85525261859596
163.5727928887177
160.4574795016335
160.2257544834263
159.04030650005606
158.2129859501443
156.06076445109724
155.05582200689452
153.10486372072106
151.13886198057605
149.27570484070407
146.63945992985458
144.91161856473937
142.67551400155838
140.98472659129234
140.15861132807737
139.4074361558467
139.2020182572789
137.77278190787385
136.90373625243308
137.99645645156872
135.87292895017026
133.63026228837634
134.18875470309484
130.23789444931626
127.79540369841901
125.3047939464251
125.52993446404211
126.94571711400313
128.46663765730932
130.66120484130457
135.5881077977521
138.35670383393958
142.4151515849402
145.48024326045058
148.257378780097
153.38454948333884
157.2964233977969
159.26408652503108
161.53777367417575
161.29174348229236
157.79275039085337
153.93977959461566
148.4065389278727
144.0799007215987
138.9986988278696
133.01955090854858
128.45069265669315
121.13611243705711
120.97491664324585
119.91230217993221
120.67934699775167
119.30516965901161
118.87920573468085
119.42114744500782
118.83303898348801
118.56927234727246
