# format: from_node, to_node, traffic_class, traffic - demand values in each iteration
25
16
e
214.7258917220343
214.4283102693563
213.88690715299927
214.51603529732688
213.6487388916131
211.9856313531755
210.43583721074512
209.18071865241618
205.5607183363337
200.85878996953812
186.2960030009729
172.8262174257843
157.23886999576214
144.75799361913846
132.35501357811737
114.95718886795923
101.285114434815
90.99352384688318
89.27340111444113
89.32174239336612
91.95125669561392
95.78069133372946
101.9682686375867
106.4144573558662
111.36316026192344
111.48394088962053
111.50609593592735
112.06371841016649
114.21397091221937
113.14229278674378
114.38837291236884
114.37454269245312
115.52079701577263
117.7930163063205
118.9494471767964
118.53024886624378
121.27916273346565
122.86510061613636
124.98284480780337
128.3960667910939
130.05668893833257
131.71507542629374
131.84247860527995
132.58715634547778
131.33070076876962
131.39855473573107
127.52477208976718
126.07066383624341
124.9560166581436
123.85552530770376
123.88090293307305
123.27763095120012
122.02761884599934
122.21678132302776
121.26109884696761
120.27573692119797
120.3730712061
119.46606825427087
118.82429923095395
119.20590893051576
118.70822711757349
116.06075314700354
113.58310554913106
112.53982792559808
108.54022410695305
107.20907783723752
106.11824016319262
105.99905765798265
111.67424228058167
120.67590891362553
131.23261034783073
139.88372041840415
150.06962197698195
158.3414470055444
163.63295629735245
171.25094380556848
177.2424889483392
184.82627210928436
188.32217377965338
191.22029439369473
200.6218852444795
208.68320075077963
217.86865562892314
225.6871020560259
236.5103909281064
248.49268948087914
260.57741359064823
278.9891789763192
292.3858981138039
302.93207523264215
305.1399351035279
303.7651796688228
301.45908859864306
298.0667457837021
292.66964117496275
287.4753167194641
282.9855074507085
281.5550084407636
282.2969850047118
283.51037712151174
281.5553250370477
281.0559598428321
280.83195138729747
279.97299568881823
278.44188299751914
276.47521428872875
264.4519789837451
254.8207088903258
237.93018677827584
229.7243313598635
218.96471295347345
205.03593102822833
195.4127985911864
186.62073332756796
185.52885429097017
185.8905444134072
187.85384770927206
191.42615280519684
198.4055710941494
202.35535413479204
208.2604249805319
209.08619038072732
211.5944808736589
213.20745450088106
214.57555707088065
216.13090122610126
216.80407721518137
216.58609527948838
216.67224013960728
215.4352988670642
216.8151401285446
217.70238255479558
217.30542586778836
218.18246076552552
217.95720802433303
218.32147046233766
218.80213688735802
219.58548858103035
220.79708616010194
220.59417016089495
223.22043145411956
224.19261102335707
231.55126249960446
235.96487376684917
244.26981390770007
248.64694947971907
254.03371921762752
262.4106755786475
266.293638299289
271.1708093826037
271.51811238502614
272.7233564747384
270.637188778387
269.70398875904317
267.80525457463665
266.2696428781351
264.52429311867843
263.9522037019189
263.32658577531157
261.5542957069312
261.11638234977
259.40667478764163
257.640665643904
258.2585703524577
264.04665480540757
269.2243745529358
280.41456711677245
288.02358715961594
296.2071309763343
305.09197055744517
312.3202318817318
324.0380000875707
333.10942428325944
340.0007814832585
341.5697859045403
340.92680437614155
339.4257424281029
336.4547532616746
331.8891809360672
329.01426244163144
325.7697173843688
323.8442596107856
325.0880324673224
324.47243131419856
322.8922468458143
322.30777427380804
322.0169741854104
322.2005874421363
319.1429385019435
319.0098776011815
317.63749924300333
316.3238548558182
314.1210896110474
314.07198366257427
312.9475314119322
311.28832332185243
311.07377107931524
308.7112893770898
308.8929169680452
307.33591220844085
304.8151267042436
302.45279317261435
296.4618306911115
293.4189476363696
289.9389542667177
285.11698517894257
280.50758919754435
271.2383823275011
265.09267985208373
260.30480387688857
259.7631735204602
258.80325784588695
264.43622564205936
273.9991329121219
284.7101880850015
293.40566569458906
304.5799518253747
312.5523208968433
321.49457097421225
333.0996326548822
342.63569722580024
349.4698438504979
352.20797855921836
352.1400351716265
346.8985328331124
340.61970010310665
329.9518374845551
323.07974341653966
314.95957862674504
308.7844656010492
304.9268213254073
300.24021403511443
294.81672474687645
290.54359642216406
288.53946549990934
288.65167696573013
285.76305777227236
284.10480392729164
281.51952957211887
278.52570381437374
275.6901191262752
270.3867386467622
266.2168621635304
261.68177005184384
257.850867156191
253.9693056858993
254.13361617941135
253.08684232054685
251.5127122129955
250.77006635906534
249.13311420827662
249.57059572885484
246.3301181761857
244.063548524689
241.4115042467824
235.30358031668857
232.1221113805517
229.0772534109873
228.4406739424622
227.51772305423216
231.27172388895784
236.98715944628893
245.02023960785303
250.02673243777562
256.7535709591822
262.9260829101467
268.8795473546805
277.5822231667553
285.54431277342167
290.4034536474814
292.3494347215489
292.6897456586274
286.66306544683
278.7201989765821
267.7212005312348
260.4917303507982
250.67483822502214
239.90656041850028
230.82530464014576
219.74477257918412
217.1743190700288
216.3707994625685
216.76205062182171
216.1872220693466
215.68339609265385
215.7308841746028
215.12192431502663
214.6669280171856
