# format: from_node, to_node, traffic_class, traffic - demand values in each iteration
5
24
a
101.9202685390223
101.25482169201277
101.65776042474316
102.09788626500088
100.94987329513874
100.73069496519116
99.99762946395076
99.68825768912382
97.16244177339001
95.40987400316368
89.42427115039472
82.39205674779389
74.53942132656063
68.85744707094476
63.62466142780642
55.118250740075275
48.310037557313585
43.63916988627705
41.94389690487465
43.500438605196685
43.4595275411656
45.34232392916998
48.28918566649032
50.66931699661716
51.848364956891146
52.664296858411184
53.13957749073604
54.55622512901194
53.62517895656255
54.31729547011451
54.6400108965196
54.19616883795566
54.74490210543629
55.79126988935805
56.601131711110455
57.01401322694369
57.278317901635305
59.26706310398774
59.75965348322348
60.6691481378986
62.038412473456845
62.174556020936556
63.834137564541706
62.987643787521534
62.09687441751843
61.59686549886604
61.350930733045224
61.319616276378035
59.60718216872886
59.19215082238259
58.0953077923419
58.469531357936916
58.016906024915905
57.92548592450579
56.95896485442991
58.11512072507631
56.77933002898641
57.38630098529604
56.87636806962598
56.51528543992399
55.50085276438095
55.295607616110274
54.02749092654616
53.922525405734085
51.93403694966769
51.132574697840134
50.44812200295378
49.64987731001015
53.28133067854662
57.239525302092
62.46503538695511
66.90988053619071
71.8390061056889
75.5815428093315
78.23646259880542
82.54306777515332
84.67988853111397
87.4979184074829
89.0547491197472
91.05706151556167
95.11704435488119
99.11865868799441
102.9305078839375
107.46022240064458
112.87852773611195
118.92583555070512
125.48916961617599
133.90838882141114
139.38529287204648
143.46148558912148
143.29958336112023
143.91740425489942
142.7852968933592
141.2849634893302
139.12306113139562
136.5018299592619
133.65458883659872
135.42384517128434
133.7823057196997
134.8851691917084
134.28569815675215
133.85280389245455
133.70551031276568
133.98504874490666
131.94848481648447
131.3411796733858
125.53959710431384
120.12693004381451
114.69188423686961
109.60619951935531
104.6567994680006
98.20759411000763
92.91794672283079
88.49464188293425
88.41810409517731
87.92905564007195
89.06463703000804
91.64776691638588
93.56493544974026
95.93752978310019
98.29301152657956
99.84024637885753
99.32748174008172
102.2506232811156
102.36962476662904
102.53720341700406
102.44407849898015
102.97808901696328
103.54428530579712
103.3658743316575
103.07685713712647
103.1810404845014
103.45143077454786
104.27976975506708
103.07130244838078
104.01058964506385
103.9840074277914
104.97951873525604
104.23338896213507
104.48331899531426
105.56767844890452
107.24464914310651
110.16363876175497
113.01630628631814
116.32850442992209
117.90860643881406
120.0160926436515
124.02723784579602
127.26541179741487
128.60224615061497
129.7749693945698
129.1625674229469
128.54404730129266
127.7406867188096
127.62137167730151
126.99789995361235
126.19287050501592
126.3303503851213
126.00701036627532
123.85889116269108
123.45738205349113
123.77950118148438
123.18591976752816
122.77408476290076
126.38968653217604
128.0634689927975
133.4323574856251
135.59505848755535
141.2783645735195
144.55613217734373
148.78052254620204
153.76880377750032
158.5936551220736
161.10603819907178
161.69770619365806
162.04122415928794
161.1118191467094
159.51540891249178
157.9542650886938
156.58343349701198
154.8613646443189
154.79606715551014
154.1832033492568
153.42799357635312
154.08633823101724
152.60390787313224
152.32016427947747
153.14545363689223
151.88777072360182
151.2634490223016
151.70717230393802
150.8032254642929
149.52765303839357
149.11832178854857
148.21247757742498
148.1242945781299
148.03257096512434
146.66306516046953
147.0480728566161
145.94022413638098
145.293477236186
143.72635105293088
141.01888461284872
139.56769223287267
137.36998213071317
135.80772944931093
133.16784683322396
129.9370199519536
126.46532916333314
124.30218027929459
122.7776865449956
123.2719642391014
126.63932677892568
129.77411102157424
135.89419148700122
139.80210554104198
144.32077525181055
148.5787622429886
152.4140808624085
159.3456228097062
163.38135639118985
166.69238293021607
166.67317590654673
166.75181112589186
164.77755788364502
161.92704637234147
156.79921194761403
153.8507461329988
149.41910029292268
146.43101817098534
144.4829294216858
141.69952654307207
139.55999302025023
138.7004862445322
137.44414839485466
137.12328558063498
135.8015854412289
134.42303670860545
133.9495427515362
132.13747808306766
130.46034543013758
129.1044673071686
127.36737336758252
124.09947972937927
121.33810671867714
120.94470229529779
120.22814457460596
120.16299927174323
119.31133041398077
119.5757720426675
119.2808097761832
118.59626733352188
117.09009548411204
116.27910678447499
114.14412914772821
112.10689552098775
110.73523946724525
107.99597499489366
108.33158683875612
108.56534607817022
110.19277810785408
112.24847188206985
116.23627120840207
118.17045460876135
123.27865133407536
125.48302535117578
127.6502019485221
132.37340774816482
135.48978997847215
137.62132797352174
137.81876965873914
138.78024702916386
136.361079961591
132.74578188198097
127.30985390620772
123.00522993923533
117.48968727796408
112.99200554287935
109.19219795627971
105.00725154362154
103.00851621746355
102.9691545071711
103.3276887292534
102.59734539200487
103.24016308808089
102.60607582513022
102.63916101712242
102.15063320578989
