21
11
c
98.89752193546482
99.76831062590121
99.26679520093062
100.26802821992787
99.5299587613122
99.89378745527425
98.87107245836286
95.16422103645981
89.50549279915319
79.94547206493733
74.44495694246567
67.54777012986413
54.998593147488734
46.81820815205966
37.15091596419019
35.01390372267327
34.16660904558207
33.22134061162904
33.58012497083945
33.28784760193825
32.78059273696976
33.3764873525214
32.44448264749353
32.20457953831238
30.781619253816253
28.605926707281622
27.447846989865656
24.055064986608112
23.10601144062703
22.758478948961926
22.70954091112373
23.636011907783693
23.790427974375575
26.21047581851326
27.705199520134947
28.433114421567232
30.230029246890023
29.627803592724725
30.218197658941683
30.31460771596321
31.905169617287946
31.99913387157439
31.926178810118937
33.60612764512691
34.59393374203462
37.20058802062504
39.5094046197616
41.42294158661249
42.87331660072878
44.888512153778976
46.328035611785765
47.54256495882395
48.13436802866603
48.9073390146912
50.53540129672328
54.97738139199108
58.57447701833664
65.09061075116753
70.65611785243087
76.82590592836601
84.94351811193792
92.06760797048787
101.07089780216627
104.47922461886797
107.2604843842591
107.49061482078422
107.92609034989911
108.20334806169816
109.6319155131533
110.90384557713197
110.47479251061243
112.02332365340594
113.14278160148658
114.78605940215454
115.7331272379687
118.07286434527586
119.61251961054705
119.07186949113954
122.33936875836726
125.65360404852605
129.21731546947478
135.762061018331
140.98332057493187
147.7174435751698
159.78552109865325
168.5657215103756
177.31995451839643
176.53514144842296
176.49626115600506
176.1243363529348
176.62271196357074
176.30845311180394
176.59033414176554
175.22114229658774
176.08604316816394
176.72628102646127
177.00842003807372
176.63130280151015
176.8823466643847
177.35766964868918
177.83910280983375
178.2396712998276
178.9975558570911
180.2634042494788
181.7364685162992
185.3609076183896
187.95571447735227
192.21448635596835
195.87217308820362
198.92975416153504
202.74113674729313
206.55548763130534
209.56208907331668
209.37060100575843
210.87251576593934
208.73189870105796
208.03763756128564
205.08701521398842
203.55702720992343
201.03297385673977
201.69510065207007
200.94721683892965
199.48323913156673
199.61101510089176
198.88233414196623
198.01013501822067
198.00051275292643
198.07164320980758
195.96159825621595
194.4811832896636
193.66127326700501
192.16157157730265
190.16431565214998
188.2322236751515
185.1055256394407
182.54076161664528
180.85003039697838
180.59036706131022
179.8419562072988
183.30897575173802
186.97862257278075
192.03790317543562
197.25807111684767
201.22553794048633
205.09479297435516
207.74962765314814
209.35289723657036
212.40467435480298
215.5014275209667
217.67706818830567
219.48787144761434
223.9382931610429
228.67073147910435
235.06692824999618
239.63074536702015
246.53575191547307
253.44555520930408
260.15396564862635
270.9685871420011
278.25184088140145
285.92499576737754
285.6575870058486
286.1185495320331
283.5558786637529
282.06512029329184
276.83888972575454
275.0632454365734
272.4523175851083
270.746193444327
270.6675218129939
268.53697068458354
267.7960425432572
267.41931338441964
267.0482093135107
266.871135296797
267.08315968626886
269.0232200371363
270.4400001056685
270.869810050414
272.20531643372664
273.3581080290344
273.1801785618419
275.0575032852493
275.5247315202999
276.70626123108656
277.6363457203429
276.87052399152935
277.1642049701471
275.3141039531183
274.28980232513953
273.678635415935
272.42571101119955
270.7720438654028
270.01051131441835
267.7502823410965
265.5425833366901
263.1136489855135
262.3607775182251
262.856681353963
266.47883771286695
271.1375109924431
281.6531387907449
286.38212912286156
293.4327476820256
300.93798760020945
309.84639150328684
321.07339864746245
331.00466414941707
337.22911673934794
339.56518171990683
339.6921075227071
331.02317103553327
316.917539439918
295.0524506259884
279.7883343274447
263.2953437024656
232.46497123695636
209.41105385375866
191.44403212375246
194.6014040381721
197.91953772023635
198.14248485573566
199.07666464407717
200.32235481050128
200.7836861914407
199.7859621885904
200.06040005987134
200.5842270300866
201.73409519104055
201.1259997646183
200.44075564809006
199.76934914081193
200.10176189496383
198.4126424821229
198.6236350049291
196.10277694164083
196.442979292876
192.6361350588313
188.40649057953175
185.40518046985173
180.34181780044156
176.42235021932274
171.49944065176754
171.6169750293096
170.09197047040283
171.5217807971153
170.29567240828283
170.71034187111238
169.54655249157017
170.55697226959236
170.7110680865998
170.15607415827353
169.13646899258583
168.92242448187082
168.20315983869804
169.0501102876491
168.75011451725217
167.11594056670288
166.40918723977734
164.936174226296
162.99531318696557
159.68639068425964
157.00244878147066
153.24541333609477
150.36540449004417
148.60198123501783
144.90813446145327
143.0861340901636
139.95562565548195
139.39459004790933
138.23695274736846
135.83302383937388
133.62457637288443
132.14527526487623
129.90608780281386
128.18395309111762
125.34070162545464
122.48264748347626
118.83503237749669
116.10722662135647
114.54788370416289
113.07966896939732
112.59354291296586
111.65312730476863
109.59960809603706
107.80737795739161
106.9979937106817
104.8027928686406
