11
25
d
14.96459327750892
14.547144070486992
13.87836568655323
13.965339057752736
15.316574492156313
14.102688261891183
14.555641058558198
13.906991100029428
12.156630980039708
10.69111015821318
9.985134699800891
7.5520494871872295
4.989192057959399
3.6397497409696453
1.1703094633255375
0.6027690404732879
1.169395620351419
0.8203435308901073
0.19028034256118562
0.038560582133212416
3.69588378432541
11.029896413543826
15.628565901590445
21.099480943366114
27.67829672366197
32.4027939700416
39.872548948684745
47.08754019567735
51.26401362824635
53.05506188198803
52.39956079873812
48.261159010956334
43.75944886076782
34.781043479317724
28.271855318244086
19.62790878272402
14.0849808333379
10.40267225760652
3.014141913340903
0.22259297903852496
0.0
0.0
0.033533187765970016
0.27840879003469005
0.5567887804332619
0.0
0.0
2.10917053739075
3.584369387722517
3.5592857573486985
4.285493552209763
4.377626738918945
4.3397857097913795
5.867792542982887
5.419104073805627
8.654404532594144
10.793371022522816
16.16064217574748
21.967100910187423
28.631478931137504
31.20945484831282
34.31063491506324
35.88604656037272
38.7034994461103
42.31443667330511
44.985984936610514
47.82447643926546
56.59748177695791
66.33864477280852
83.3736553303963
95.46818001924088
110.64168200143493
127.28752466732107
144.57199060207907
170.5017504981474
188.94927713534042
204.21426144598715
208.31469247340186
209.06216334996165
196.1586125028387
177.13578822914016
150.5827823941381
130.75614679179384
108.77989428393792
90.62361708884126
75.00378487921321
49.76488889622634
31.303782873182534
18.842365890835005
15.106164831648465
14.479179441061468
20.75601832610539
28.652503127109156
40.13681961330171
49.749097542248045
58.95544443746068
64.18054977566392
66.79247225995415
74.30175701673207
78.57883804642351
82.3059183440362
81.95716296161514
83.38917734496921
81.50907087389707
79.25374192354069
78.60719816683577
77.8511718525797
76.1203952387069
74.61112510599747
71.37202983461384
67.1448064539259
62.00087817160352
57.321710405492276
55.92564014149688
55.27532627622591
71.4895651006951
94.42586568456484
128.72595411975118
151.7393002812704
179.5683626897011
215.35892192166
242.07880414611935
277.5231894923974
293.96401987245446
302.1825629574463
304.92358019857176
307.7845215663588
311.4941106899916
314.1437594458503
317.3137171776761
318.4463491267573
323.6876565542035
334.44262138063397
344.07457435872806
360.92637206047266
374.0962191368083
384.38538859740993
387.67056224636434
387.45323121255706
376.96556526773657
360.58531649882246
335.9302056137455
318.3782714711287
298.72136479961233
279.8030749833897
265.47928664155995
246.10989775906836
233.17300505617803
227.37624897417984
224.42201921535934
221.59211797031892
218.60616379431949
215.3041171831443
211.9302530858011
209.11087827972642
203.93359166505002
196.88843161241388
189.41241816662745
181.5875810235911
174.41986557623397
168.66235998467602
168.44203567621233
167.13902374610572
162.85546730691718
161.29598609924
158.8459854407596
156.09350199575408
152.59091196391464
147.1195756382719
140.65523903412208
130.91716024693616
122.56516228449514
117.23284075850924
114.3768954410852
114.41258091728564
123.46707363475218
135.87869155278702
155.11391448429424
168.9552640116498
184.60817334746613
197.798690736028
212.95160511269384
236.95143718213777
253.3687654016574
267.5893521102302
270.61392757986664
270.8613115167858
256.20161976732237
235.62885648686725
202.82787753858753
179.72029460063496
153.24795434153762
131.1059419211139
111.00498481492275
79.47526523631291
54.40250359937024
35.93556108820242
32.548228126153205
32.21355043541428
41.879597018331225
55.52727285672318
75.70124762982607
91.28828810686834
107.6008491577957
118.03411262474623
127.32355904336964
143.3277697204765
154.53790724438912
163.53458866751328
166.31963807514515
164.78955135522708
159.00188039907096
149.54252399326742
136.7113552813321
125.76086117053164
114.56863184629391
104.56416762176276
94.47029475766533
79.38017091066416
64.99758521309364
55.26171417294963
51.493055182667355
51.21850619196316
69.36909749112478
92.78962092007367
130.47596571498835
156.54753598567487
187.51229305376597
214.35758024590552
240.42677071771035
279.7252143428867
309.24331930269983
331.04893195820716
335.161010756725
335.0035242751148
326.236664609079
311.2269815036341
289.61552302836776
274.460246631287
258.163063227713
251.6060181168451
247.1036747727847
241.9396227783627
238.51274709578834
231.9213467412123
226.97599611829216
221.83513630262493
208.33173043787434
193.32468314362194
169.21146219758984
151.37999463883642
129.161207255412
104.8159352465925
82.55800623199492
49.89318647136485
24.001011658003563
4.75063464610725
2.741191103572574
1.733925820834562
5.7695944030512925
11.573466827935972
20.0768405851198
27.118863018595725
33.99751150276156
35.1864684404327
34.87703687957073
33.980443391673695
33.62370244945811
34.02846121388549
34.43839821455513
34.003396774887854
34.54755090544815
34.97581803733334
36.70433381936782
37.24905793047691
37.724363042831214
39.196593130951065
40.312422281023295
41.87087376339358
43.7967844851943
44.802280018574926
45.76465464178239
46.07549547249041
42.66747971448621
40.28199941700804
35.51731363462873
31.995155459654555
27.10621210910601
