23
16
b
181.47675077395664
180.14068972374906
181.49517378340502
182.04708744305267
180.93592469769396
181.07030767175956
180.70189801435052
177.91803875115946
173.82151242704512
167.1406295314905
163.81908808558003
158.75887812770011
150.7209151259726
145.7520147368142
138.78099208370546
135.4409634935682
131.83863764014234
132.68291277714147
131.55407846205796
130.78952594788456
129.65496242677526
127.77986426495616
128.0979670640039
127.2471791179002
125.28439565376719
123.55597416966063
120.89725476078644
118.9511695106755
116.50136241219538
116.0508875613941
114.9797485472547
114.49042257535694
112.28508350094513
110.20614072645252
109.29129767505336
108.59905620300691
105.24892176258778
102.61553437976742
100.50044908374122
96.61261978029817
95.7128243752197
94.91633779022389
94.16722190089642
95.68663508250157
96.85083566777699
98.75811801074285
99.70392408595545
101.79866555115902
101.53456062756528
101.54270299264202
102.56838420961361
102.24364510387434
102.9213778370235
104.02317529262248
103.33846597321322
104.22198646059958
105.42253026261484
106.97730594872868
107.34223959682011
108.32965197002278
108.93271753555197
109.87347702454642
110.89892378893326
110.24931813943495
112.16401410032196
112.94546432942653
113.08615400340709
114.56440256427682
116.04446212643535
119.12687312292046
119.98956629072786
122.03875871610569
123.97234626386589
124.93028199333774
127.4317484077003
128.7724466669643
129.80694723452862
131.26741256763546
132.3276951346336
135.35120828486993
137.4628689055735
142.16703308023477
144.69554784125597
148.86781198050932
152.23529694461612
155.38831830015582
158.0341154209921
162.14235723177535
165.1734599230981
165.92484534868865
167.337782500371
171.1642445417908
172.96954290216593
177.6582604004432
180.22035490955503
183.5715702908688
188.1244866944809
192.5885415884608
197.31136611656146
201.04985874503203
204.4874923089832
205.09965926827908
206.47635608010077
209.01675462730387
210.8159674496224
210.97056095065025
214.38143507804887
215.6972792745695
221.15676215724855
224.58134264142492
228.74838988271676
231.7762807082743
233.10781472849752
233.10643127010349
232.60662515607257
233.43507287963996
234.45570121128517
233.26216235957972
235.43257377328678
236.05395719563293
235.80557055128722
237.19279699339356
240.10129409535543
239.7961778445984
242.00221375601825
241.85206253277354
241.67962861221315
240.66606081820566
240.58299583839263
238.26984727683316
237.74002431974284
237.8626296640776
236.2735077165544
236.01532709991002
235.60902762096978
233.54462041766828
232.32774438367596
232.5376992175051
233.27671461002757
233.30793711824296
235.33305025595993
238.02223195147891
239.6823409423744
242.51194582355237
244.1207177947003
245.15133834266393
247.76394620133107
250.34005208119655
250.67692885688353
252.0948469458961
250.69570357273375
251.9753725572862
251.29228710741356
250.24503409089888
249.46816826717472
249.6427096587651
248.98481187767035
248.34493779811726
250.29133550325355
249.36811483839463
250.48931546250384
249.22278408909924
249.39443370058265
250.59673904582093
247.97483074620587
247.82636562407293
248.0666899421578
246.95602967435016
244.87080034931924
246.52100443642797
245.84254994206484
245.18343731728814
244.32402201038775
245.2510142660149
243.68381914449594
242.84138030475708
242.30741872036262
241.31245122643426
240.14670105562038
240.24663436191298
237.43177044900827
237.59514457008095
235.62367850652072
234.94209929135906
234.8164863179796
233.75925872117094
233.9681844208543
232.85220575639804
233.7504687310475
234.04056392090226
233.3535591497012
232.90239949843195
232.48680665868596
232.18991799999887
230.36793920608258
231.01310086140396
230.31044263116172
230.06421521415342
229.70536025894353
229.13180347555226
228.33576471578561
228.4137411321407
228.4058308047488
227.7082963450134
226.93492689271483
225.92224981161706
225.49194788697514
224.77856268019374
224.4266863767733
224.03475390005036
224.30279099257098
224.79854792049167
225.2606177590253
226.68525517982965
226.80229126240846
228.12664661174267
228.0812075767044
228.5950109616658
229.7998247522973
230.40182869158645
230.69645804684856
230.95715436859797
231.6823777920109
230.5046565436913
230.4258485864606
230.91492012441
230.38264593729122
230.3340161315902
230.19899914101708
230.3449427776527
229.83950727341787
229.88401467001765
228.38793923126255
228.38547115710367
228.43990534647614
230.56765273356567
231.9287554576489
233.96235385723662
237.05962959437133
239.56447999112643
243.54253037248844
246.8208254848892
249.30267559947836
249.5436629398314
250.67639611407665
250.82692537238765
250.4233430593341
250.80455621679695
251.2296583781989
251.26022693616267
250.56987443690377
250.98531623691062
251.28197837250022
252.4507807972112
253.1773862886152
254.33023415592285
255.66277879005273
256.27659447974963
256.0237569883648
254.53056650870082
253.63571252127218
251.058413240867
251.35678947828308
248.91418814713265
247.9310566967228
247.9736116632727
247.7287671636788
246.99804167024104
244.39737574259604
245.64321592261888
244.47360754189697
241.9788351843281
240.56090960517554
237.06484960109154
234.1432980085892
229.58459432320967
227.0459297948071
224.3127888289497
222.0226894881066
219.1151208054533
216.70073768648504
215.50994676827062
213.89445232214874
210.55647512766578
207.08091930809917
204.49320037798765
200.96156289514798
197.1721986538001
