25
8
e
152.6564719003001
152.67453778490034
151.9220728830702
152.65958497257327
152.38671973330915
152.1097325559518
151.97640558963744
148.4346551856136
140.1977278946867
131.48305184638886
125.76348695646959
116.73583946087483
108.43835947800085
99.7805353473415
89.41288138730539
79.66869385531118
73.07815121088332
73.02888083550006
73.26766849839238
73.64421344595928
76.35054945516123
81.97991590471864
85.35719511805856
89.28412561117086
90.82935616687976
91.92407670215502
92.72215263190004
93.28641621492423
94.94169377297136
95.30161971411526
95.86611095499656
95.30297774229132
96.16466812005162
95.9444232792921
96.03205034673393
96.83554592215924
96.43340393877506
97.39996471684718
99.06138294932903
99.41385347728097
99.19703094275067
99.98927021450775
99.17424374881656
100.253357304047
98.80639236866755
99.66270110996822
99.69362825960552
98.59619272148089
99.63260048555188
99.05731641725505
98.71558633031037
97.55743173606102
99.39460290513595
99.38609302151676
99.70757570850407
98.90352826097381
99.68288494279146
99.4339123734401
99.16368961065044
98.73813415887786
98.46555686054073
98.19403187583137
98.89144269103541
97.17142712898017
97.02158894636761
96.68200401539015
96.28252018992615
99.21879160372185
100.62671708944927
104.70916837839825
108.5869429807003
112.15407290150056
116.66842773819197
120.91731851475438
125.17810264340962
125.10493152833672
126.1140014335316
126.81236798618245
125.30592975964345
126.38723636448921
125.94788225954376
126.58831015394837
125.82194522464573
126.18987872985925
126.26475121060896
126.82093104706775
125.97731233807369
125.7363377679157
127.10875593424021
127.20761256389811
127.39940006124213
128.92411827915635
130.28370768697957
139.2689201816542
147.5129909045724
159.29708683753793
165.98740042012145
172.5994710231007
184.05193846029292
191.54384629152838
198.34802756618606
198.38020925771593
198.28744028367217
197.70582561349624
195.27021814697727
192.61614075985239
189.65929897288927
188.33991167561973
188.12292533843012
188.49386193813746
188.4521389112418
190.34608310445375
188.1415681430846
190.5685918019465
189.81681911376208
189.09804686913074
185.977735402276
182.79004309708114
181.1771876376761
177.27604567269032
176.757563874202
173.04556042680173
169.67130048054983
167.28778742868064
164.1762449504818
164.6128095510637
165.18593096373888
165.6381714385276
165.99967815470666
167.2521715487544
168.676754372429
167.66672158507438
169.4345766620354
167.77966642888177
167.27476347408023
166.3684293032404
165.15262567023098
164.9709401816241
165.93459472236862
167.6413869933927
170.9451678537584
175.42819875794333
179.28433321567869
183.29631829713298
186.85102055984956
191.5337041557331
196.35950890933435
201.52514413279218
204.57966178117903
205.89822522219225
204.89322884356895
202.970489732205
199.97648677050248
194.46917944158224
191.24524925443637
185.42142745061733
182.1416478347774
179.33204602998086
173.1679029308373
170.7120564085068
166.7198037101858
166.70609560134199
166.45291538306694
168.19399322912096
173.07084285328665
178.26274558826424
183.32587957300396
187.69078481605843
191.91907929119438
195.36055214005174
197.14609924913555
200.00463490989623
203.2831994482152
205.1765639134834
205.94145101113048
207.95604971288952
211.0588886378593
214.48283825463045
216.0789368453069
219.392979471155
224.97830766476227
229.60148240346382
235.47201696869803
239.77253390049202
242.90106867514865
244.42562628934743
245.32598149380138
242.9572008826994
241.28882681499692
238.45770493386814
235.44620223543953
232.6086285676542
230.73280477257987
229.712732332618
226.7365932563822
225.83896843462784
222.62335032258764
223.11301854697342
223.9408124587773
224.76987389250448
228.24247616771942
232.63638776382388
236.4710148172476
239.38549538911067
242.7423083758275
245.79131365064762
250.8545653387105
253.35264655943354
257.05061070446885
257.4690368448216
257.3012951711373
256.81959338715114
254.2955797506602
252.89116342095267
251.7074563920294
249.61399485658782
248.65292356895796
249.66930145435072
249.70351158154574
249.8953425420133
249.15460316036413
248.0361482589136
247.64748704564903
245.921668405702
245.09323475105725
241.11289776853937
236.30972294998156
232.2107943465385
227.5879551241975
224.28128968146072
218.27312600679593
216.08879940102617
215.15891658392604
214.75260448947375
214.72615285615046
213.61579012491418
214.2440872772495
214.21628119242658
212.97035301529522
212.62697843306105
211.99923552247085
211.65720751484417
210.02971362145456
208.10818477146043
207.44168433758517
207.28756938081247
206.49348124515052
205.82196356151158
205.91813582599178
203.71960473033803
204.20301286985116
203.2154848480966
201.70179617877673
200.17223202065995
199.12467004137082
197.2364138877706
196.76499504177139
196.43730902476005
195.6697008470714
195.9746314716325
197.7124062783158
198.0264015228205
198.33727802441987
199.10075009513045
198.67382197117757
198.7275078760261
199.2765338520965
199.3707142360109
201.31750250244298
201.01937631855662
201.19863294230188
199.72501663920195
195.56197340328401
191.5602923331831
186.89813511989817
183.79126131808616
179.54090986982686
175.9116666435573
172.03034247180514
169.14116625853043
166.52150290760179
164.71530250483627
164.90959841756302
163.22399177485556
162.07103233210788
160.99256057863778
159.81634630695797
158.2587021501616
