2
5
c
266.31182646005476
265.4287692898548
265.81625707937576
266.51328800881464
266.22356191540837
266.02049802392713
266.12348145768345
261.12460369121123
254.37459117782575
245.82066264012474
240.03563242379306
231.51169102382985
221.64472174133292
213.85628015936987
204.61785654744426
198.82614583942006
194.63657786673485
194.71967421956487
193.03671699222187
191.69918091848007
189.56319289970557
189.40120210906926
187.57048731608268
185.52793904303556
182.63417593129637
181.63074176517387
176.55816741954183
175.56003272833402
171.3528330507478
170.06794068967977
168.99613683752858
166.82064820060785
166.1436636811355
163.02092961023328
160.59051565336839
159.0443821349555
155.93395209739967
151.34572305634748
147.09208159613033
142.89845413099812
139.74643137614325
139.39044148784689
138.95227174430562
141.07806954925874
142.49389562843325
145.12191377643344
146.6998294796047
148.28901555679403
148.52629850255312
149.14176392070024
150.7595438280326
150.3042053665096
150.73019007357755
152.30774278604005
151.59182569341698
153.17891763972852
154.97426768939133
156.45136075531047
157.7990207838999
158.53769440321636
159.1771013858475
161.83185772419776
162.41905973959945
163.23267219753865
163.78254456028913
165.58759236650278
166.11179073193227
167.9530224049357
170.82020694081496
173.9034916464602
176.18681601991173
179.65459784619247
182.85263281592123
184.75082758359622
186.59785520122963
188.98798969945233
192.21221976167956
193.4155049278215
194.25947483119964
199.62618715092444
202.87442563530334
207.235401266517
212.54558658341992
217.60088112500762
222.67051629460207
227.69692152648187
232.70793777051475
237.1440438283419
242.42696881628405
244.2004443666914
247.31203671622728
250.89390625959342
254.80047810166997
259.2190109112722
263.73318647201245
268.70326241003784
277.1689040132027
282.0687071794211
289.13226202531064
294.93071941708996
300.35140389032284
301.3097235969315
303.42693443737295
305.5123955353404
308.12202111639704
311.65557506972686
314.7429792736583
316.4662108139532
324.8673050148718
329.99515468568643
336.908119834451
340.8480691852062
341.72629149952445
341.97195511687113
342.2758996179537
343.475228193445
344.4933080007949
344.5288929270574
344.2838258779949
345.09259342805274
347.58807703309594
348.40883317669875
351.63489773117146
352.9944420110578
355.7331287234995
354.8607972112393
355.1441805183513
354.0397746653562
353.1583701974461
351.05107506201006
350.2127853812035
347.3903736341658
346.32762863821006
345.70778385109236
343.98814526634146
343.0721013258998
342.46138777854736
341.3465456148417
341.2827973122534
343.0975097321832
345.8114445557702
350.42364069012365
352.09290720703797
355.254428927857
358.31762180557723
361.0967261740437
364.59625733341977
366.83078323818506
369.1421991229488
369.7786894709853
369.40745261169957
368.77998444577634
368.5621268496619
367.2447483889447
366.28516726409265
365.405408499575
366.33735577108143
366.4489636623056
365.2187224100633
365.205424559865
366.6432690660267
366.38110186371404
366.07051488081305
366.2259557268281
365.81706796037287
363.73879421036435
363.7814123042811
362.10593328109263
360.96729202710674
361.4397488183319
360.58424552104754
359.3224072092139
359.1667830147355
358.99022574235283
358.0616342228016
357.0649018478151
355.64084465746913
354.1656023711251
352.9494640339903
351.8532865510802
350.06613683461853
347.91959572636694
345.6812285742593
344.96021361610195
343.2846348685887
342.7624566752682
342.6102286148946
342.4916369802804
342.99591776006804
343.3385790010627
342.4502388515694
341.50373821159684
339.99226346665154
340.00396359749556
339.2724534285787
338.3772247139796
338.5783761391023
338.2741914265021
337.9139976985677
337.0714205210532
336.65283026178
335.778961914225
335.29694895212606
334.670804938471
333.423931779461
332.9782297650481
331.56163638892144
329.8077471751123
329.57522905531266
329.07529592717646
329.3143899010174
330.22540123173206
330.4640993619266
331.7937684996547
332.8575936679059
334.22653725566505
335.3237325696959
336.1029166304491
337.9046716557505
338.2916355064671
339.06097455897543
338.92155388117743
339.04983645216817
338.4800768817718
339.6764591231231
339.35165040904184
337.9233040534777
338.5653448496321
337.5429865598657
337.62595067902
337.321690683558
335.717746245769
334.83531039667827
335.3392860485825
335.36889500676614
336.5310103359129
340.11814809442313
345.0895836428928
348.4919510189953
352.01330467978175
356.38097643565027
361.1685553281603
367.0026552016202
366.6312028523629
368.0100648372929
368.2955699873321
368.83079159632126
369.314275283413
367.81882896055606
367.69245136172157
369.0569096373886
369.0717203585175
369.13887542241554
370.59972479793976
371.10766202148335
374.14937683914724
374.9850397129532
375.94571694818995
375.95288131847377
374.6929860290444
371.7475701235945
369.41724345963803
368.5185910627824
366.5155500143457
364.07504206768465
364.2809407725533
363.3360347948923
362.70041055118594
360.4581614184212
360.2524825728969
359.0924961097729
356.3475830779797
352.50162646272275
347.9340439343934
344.23227059462664
338.38042070806165
333.3332110146861
330.10567835236594
326.0410819329375
321.56364299449325
317.5825445087035
315.84323871834073
312.9236849953714
309.6594028722052
304.61147543776974
299.4707604945913
295.3932708295793
290.0702358631301
