7
1
b
51.87223400947175
51.77206574066804
52.154825852087534
51.39815264658299
52.530625691703804
51.132429366499615
51.47605468759727
48.22278859330885
44.62690304139653
40.9256088168124
36.58431262070536
31.651059423840202
26.678232565137026
22.121061030826013
15.853970429906198
10.735524243018975
7.323884045991798
6.632986454736088
6.18128580376214
6.573682451772523
9.53874952421669
10.056489097110834
12.28294679042969
12.821943560493708
13.214985743598215
13.777250909870856
13.05056879904594
11.953356047082504
11.396233714451412
12.061490230530122
12.179390635688511
12.969029681662224
13.292675733573464
16.432396253901953
17.503432312408364
17.643945091516567
19.680966841247162
20.310935424135128
22.805391221131536
24.074011622074913
24.83316348631116
23.887291157087564
26.160811159300927
23.60506708208088
23.345481305471026
23.089766177447284
22.56289007002402
20.748109535389435
20.64837328070395
20.17560897909297
17.054654243359927
17.776660815694893
14.260652974455711
15.19163517089211
15.351842580634878
18.041766431852558
23.292867510009767
31.064591274719845
37.11776634229662
42.40337773766849
51.22400917194041
58.78888621243008
67.81252000560717
69.42620204196838
69.14993831746258
69.59851067618985
70.35224745450657
70.73159053210665
70.29149275196329
70.55909455492781
70.46711246801596
70.02392049324304
71.85535401217989
72.5301825028551
72.9740413002725
74.01591631985802
73.90294041998871
75.01799818153393
75.54636078022189
77.42439829742776
80.01928068145166
82.32026608750161
83.95261799390832
87.58311564436806
90.38692880177989
93.00981214713975
96.99784822629576
101.03527763489322
103.595691344608
103.14566701554116
102.91575720920433
103.73559498273377
101.71442296832508
100.36204596629187
100.14096497220288
98.71229656310172
99.12797156559213
98.54777367754086
98.13186596013456
98.27207959413018
98.48010971740888
97.60534744285272
97.559773576107
98.37053553665702
100.001012586787
101.42223221070516
103.87608568790469
105.81162278569664
106.52495580580472
108.96694757453893
110.63912992196349
113.53893974314944
114.2518088811511
116.68193895863097
116.34369007260447
114.85639380363921
112.03848262681365
109.51426297540088
108.39957316718235
105.49236531072846
103.4471498451936
102.56985937980218
99.81576669911868
97.20921667609039
95.71117838730125
95.39297744406407
95.54321358427521
96.21459783622959
99.01042311797161
103.50872418745962
106.22871425231855
109.21944728495842
112.63996823479678
115.98924534021543
120.03111478135021
120.40871818511206
120.79379792227606
120.66177671515612
120.14567367631064
120.45638021706944
120.61709225146078
120.53593558242648
119.85890739987968
120.29226324465132
120.02607159268288
120.36831870824525
121.03610950928007
120.33923062368935
121.9104071507842
121.32952790580218
122.8269523395853
122.61905430246641
124.06571141134843
127.55941175966477
130.69183535213293
133.26756118536224
136.67886188978676
139.8638453585051
143.19517612576507
146.14320405775487
147.2221609227573
147.19956259017948
147.4735415239424
147.23911425422816
148.45421277436589
150.03647813892266
149.575345529091
150.32142881447956
150.70011614149306
151.8627767227736
153.05091609532818
152.98875662845998
153.86080788977716
154.27960707627807
155.35690786951156
157.2586483843103
159.7339208644954
160.72535212894346
162.40445940863054
165.192517124599
168.57889037092494
169.9675535946549
173.7753351287415
176.6117849600029
178.83465256469137
178.08425424386985
178.83596420161768
178.13042506080032
176.23888713506665
176.95439067899778
174.35722366088268
174.388625622458
172.55519026012448
171.82484188373178
172.03034480445325
171.053784624123
170.8560739846149
170.93960092673768
171.78237788515796
171.36792142008585
171.66579742759677
172.18157280465348
171.18186021123
171.5544910201194
170.88624591608487
172.13149290293777
172.2965018842498
172.2802444563923
172.4475263220806
173.83538017807155
172.7959970795905
171.94870858139245
170.38274484723053
168.90517781941818
166.54097676823213
165.1008605655223
163.2690721637681
162.9977184388979
162.21788931337963
162.8813311376112
160.54466101446283
161.08082231124746
158.7735064187927
155.83179141047617
152.80513646966688
146.34714943167916
140.5840024101242
135.23517292359534
126.72339006660303
121.19342196913385
111.89834904328812
109.50174549085739
107.95496897343287
108.36134413244463
107.12523865519836
106.81065019771361
106.81152037398502
107.12855513058247
106.34225980520942
105.848231371578
103.68028380663362
102.3147371947948
99.15072847128178
98.07252007648938
97.22525698212381
96.16850314463088
95.76788773105034
97.19457065801178
98.09339608973593
100.53413270449363
101.30636960035463
102.1305157698596
102.94288822413426
103.40871187623591
106.81178087400727
106.63517860379937
107.7387513641978
107.99074244653781
108.85925916278076
105.80788067906963
105.6669616850724
102.65180452355217
101.39117293019383
98.87089713656455
96.75413971955113
95.0643493347968
93.75506988461443
91.32941866955429
92.17008389336507
90.94913056835406
91.38983439200703
90.4939621285327
89.7581944986679
89.67634523489748
90.35216052245285
89.30303634166208
88.31366029448172
87.66588657810235
88.45793150341694
87.62948222348743
88.05506511538111
86.90955833076431
85.70657586902475
85.18242067952112
82.89649327052575
77.35890623456986
73.44505746463271
66.62851631605177
