7
0
a
9.974449478046022
9.663094469849394
9.158946360903494
8.573298961051742
9.647224697214707
10.581210773616755
9.515284058123529
8.84318025257008
8.328081951448349
7.5885948316247
6.636757921783893
5.214905330765603
3.7717287268520163
2.678088346222201
0.2664705927225461
0.0
0.49510037292444875
0.4951267107607392
0.0
0.41670925091971767
2.5838241264910096
6.68921902592311
9.671020304708927
13.78979893167541
18.518272413819783
21.76022021132331
26.328641349155426
30.4841447544953
33.545794914932564
34.90240625582579
34.608422730942856
31.665823141511478
28.674652014446544
22.779131030846532
19.18429129648731
13.090018345899251
9.183504130117068
6.448250201122701
2.0693439490916368
0.3756346809411081
0.0
0.0
0.2717701226263871
0.18482185404215284
1.1433109863859063
0.0
0.2569648597397297
0.8963412989381973
3.9187282562754775
3.3351059511061987
3.712868444056805
2.3311348558730325
3.031797932238751
3.31896552086074
3.8063304731135155
4.6298758079182605
7.496850908096786
10.942569547860943
14.669666428267597
17.981981239046753
21.06020293399143
22.35691405729441
23.828007040737635
25.96601654513043
27.56160194071389
30.976471106651662
31.50250308217285
36.821198187134414
43.97833378384668
55.33236014179814
62.904234830465114
73.52998381757183
84.3901002304797
96.41413829039469
112.8137295093803
125.58677178546358
135.2196905879084
138.19721204471222
137.6863203760081
130.19962997208472
117.38781468339606
99.07088258952543
87.02066458779532
71.38362686390002
60.20271508688981
49.39566842692305
32.72389862506091
21.30432845445294
12.117262204525986
9.683195765062914
9.392670274874316
12.712196374814905
19.601140420362967
26.682604899179424
31.88459149042419
37.68612509487655
42.56709085169933
44.2128841072223
48.88250549831491
52.299022148630726
53.44312805794381
55.11002795507653
54.90866355630933
52.92343536229831
53.38190654400519
51.76243859895026
51.59536321314831
50.48359988047318
49.87447328202208
47.218772993056646
44.69308825287419
40.644517223932475
39.69738569513221
36.876341289310716
37.4707327836883
47.18697726569134
62.84698690333991
84.43620094031984
100.6841670147162
119.30709752687308
142.6840984609394
160.6525735194403
184.3666878202751
193.94464172318345
199.52988077281782
200.9862416579004
204.19483814575105
205.6370534570136
208.66218145407788
210.1312807099682
211.3499407112009
213.09360865553523
220.06261452174118
228.95778221578274
239.50175309497848
247.86240678084002
253.83303040055338
256.5858999967471
256.8022838248358
249.70729921451232
239.05825293641746
222.6911834562314
211.2921604521191
198.1965040127521
184.82495531112505
175.8737219818387
163.11070379226703
154.39923046932972
149.67542111953713
147.61920152244863
146.340826760549
144.0657389238579
141.9601114417269
140.32930128957634
138.9944884697851
136.0070908721654
130.26612837232074
125.4343693798737
119.75439614424485
115.82227681225336
112.38742885895708
111.33904322743456
110.56907810303102
108.0487180863606
107.10518604929301
104.45774647875331
103.35445337547048
100.94216330287719
96.68255867693445
92.67980019821371
87.04095646262998
80.97779918567443
77.50299883711611
75.59097493447538
76.23047836297003
81.82919114571882
90.13081036971197
102.8650046598974
111.71389296040182
121.6011682440595
130.8460174608349
141.5728944961427
155.8907644140793
167.8842687305829
176.64440016940517
179.372181312285
178.99082795511723
170.07424411081809
155.90636489040602
134.0080180965844
119.27788191921577
102.19284296620118
87.62889282342597
73.99415413187714
52.19816824994278
36.73623568423126
24.092224926782226
21.692305276771265
21.60475488795113
27.47890429853643
37.45895569948915
49.75521265271128
60.03004338870934
70.85576113953555
77.45917259646716
83.87781301542881
95.13642543464194
102.90116971398125
108.01512218245581
109.83389152098057
109.60612843621152
105.74000380632613
98.71267535026422
90.22767283105715
83.92704130858313
75.9601281490195
70.0962476245901
61.809493374600265
52.91631737854645
43.45739482604732
37.08671090014333
34.693807610193005
34.22343223547127
45.80877843928659
62.63940346451993
86.91025227555042
103.8592560638033
124.14931130690577
141.8988930641661
158.90013220513967
184.96892128769719
203.52310611285853
218.16129217277168
222.9426648673227
222.3514448586941
216.13812383403825
206.27868790775366
192.57355819031326
181.3122424952323
171.5495048860109
166.16361026829358
163.1367492727393
160.24353747268535
157.61241580619583
152.91772209012157
151.15329589463826
147.34133424784986
138.1153132011247
128.77716543649737
112.69240875595678
99.81017756574151
85.14784562536323
69.82749013416812
54.51537671226297
32.5910612854487
16.32264041250007
4.089790775696713
1.0767149358730073
0.853233783556961
3.833114956842907
8.250738319178645
13.80384913646878
18.651914646269894
22.062067183428343
22.925797894483402
23.747822745045486
23.09943958383834
23.290445355717985
23.229164751733478
22.160225501128917
23.3667363895932
22.61947475928206
23.551567504214926
23.448675851734695
24.54438839420938
25.07320239794328
24.9536741473179
26.483224322534316
28.03934931595618
29.05402137233923
30.07037452359318
30.627544798880603
31.136783225377407
28.713009295342847
26.017473111679337
23.30166303929084
20.87138027871594
19.401562454602498
