18
21
d
94.71830415655373
95.12672123431925
96.22906631674238
95.83036281144048
96.79592761996796
94.9316000638157
95.37915586646402
93.07850828642499
87.69864005905104
81.02979126626485
76.24338747837174
70.83257156669023
65.0877114582043
59.991639446596416
51.65223974709345
44.60227821495032
40.68752857432931
39.288052065011314
39.126829472980965
40.21843644562915
42.842322843759945
45.27728804430499
47.215060879749814
50.15518312621892
49.509389064933416
51.11490631745915
50.244369678998254
50.460189179472486
50.56972928772313
50.95632914612009
51.63354677419747
52.274404740981616
52.23410841121456
52.56672901244168
53.503340554699605
54.91913145336356
55.137871344262464
55.923246933760346
57.569112105121825
58.193216368708875
59.84632840080038
58.52408577513558
58.956226882104126
58.67034764424798
58.52537697209172
56.34442471075524
56.48307228919884
56.64024413631206
55.38835060436772
55.86901346421338
54.53817107929299
54.432546125524254
55.186050492027256
53.42309029932051
53.986451259095006
53.49731988125867
53.517689762934495
53.031168903090304
53.31651730336562
52.95487929881467
52.62555338762376
51.59708616610634
50.41951089655936
49.207619635417586
47.394649121586944
47.359520927244624
47.51822729411517
50.13498527184252
54.051434162897934
58.98657576843034
61.79026677176166
67.34466366484551
70.2918338583704
73.97830849225504
76.55396083956228
78.80067804072048
82.48481029431076
84.37733791072125
85.35385134284098
89.40769587868539
92.62434041166567
97.80096894530949
100.32826432164934
105.58108805594556
111.73984242266101
115.88048036093753
124.50196748003036
130.68251561627778
135.88271104377657
136.14144163673203
135.9073762687452
135.16401947724822
134.6269590921121
130.8589654518555
128.5524540896899
127.08276694778341
125.74134755562082
125.95069650530095
126.46310261770815
126.57652634548559
126.09245323906455
125.92644397073109
125.72903009564709
124.2578563278047
124.06853374525214
118.51443048116798
114.85601210239186
106.58403453497012
102.55729778162694
99.03875850030104
92.77357661104745
87.06036378432525
82.57406195237103
82.9889801590398
81.92577779338002
84.41929939960886
85.18248664362444
88.3976026877071
90.97016098041928
92.32317532896384
93.9985726074997
95.25613229410715
95.40505833675127
96.52674535886129
96.586655311381
95.45751521999381
97.10324654945016
96.84134768167226
97.09386823386475
97.15215056908693
96.71264227548735
98.03366514059906
98.45951295997007
97.45289529842223
97.60975516099464
98.28224913601532
97.68836070496562
99.96554038230313
99.01884914197774
99.78183492553545
101.93403838094
103.32524876256544
104.59543349079311
108.23076351264261
110.98069826903522
113.6469579518917
117.532100115862
119.5732895895269
121.97914238239485
122.37727070754882
122.39214643210065
121.84564652482848
120.53526904244002
120.92608563778585
119.04727504627706
117.68837550178148
117.9621737707214
116.98237048258791
116.59085678692992
116.04038369700108
116.23240019854744
116.4722504371206
114.825565046404
117.06737192545857
120.7361627630194
125.39388210490822
129.53323580507976
132.6492295531042
136.1326476574615
139.93038666423163
144.8504886006752
148.60122590519498
151.87558231450288
152.4139931637318
151.57611774940088
151.6845397262393
149.58718833741898
149.67809652462918
147.7568872643919
145.07508444418696
145.08175350308227
145.17348667432705
143.7454734147738
144.51778244022776
144.21174688044152
144.0080021707494
144.4708022045354
142.9649390947188
143.24559182709342
141.780088030473
142.9618381070694
140.84079951816832
139.440530917176
139.59059700815652
138.4925415000309
138.14310237306276
137.68303138727222
137.8755918810652
137.39070162422985
136.71975886157895
135.48498068655203
133.20496752550946
132.0920749144217
128.68266372369422
128.02480461779828
125.16016214147442
121.49324096765547
119.08617886835532
116.19849745979589
115.61176829912014
115.01916431665018
118.93955122684844
122.85491467812548
127.12242782280661
132.45980991817646
136.3984749286905
139.42318046593533
144.05225317105268
149.3520818771059
153.09149782479983
156.13222767438134
156.7049707717625
157.63226893769033
155.2309223991959
152.9217872497424
147.859676700272
144.3761941135735
140.66235300406123
138.45773345156604
136.93477870518132
134.172808806103
133.27729539807183
129.0374409455673
129.8445559731901
129.59724201457897
128.31223004002948
127.26342249646729
125.8113909258392
124.93652483787217
123.55355754939869
121.19007185365476
119.29159197611615
116.55667301869393
114.42443169932601
114.10274027871733
113.40714146962469
112.4273111953754
111.20988825848934
113.13483257809963
111.57252798448526
110.73640050477354
110.68991121759963
108.91537797208915
108.28577734915906
105.19741006667516
104.68969495087678
102.37799012063019
102.23299757624164
102.61854834316317
103.29949830218074
105.13336696986586
109.41567068629332
112.35496786811379
115.68585604316496
117.2802475003955
121.35551597053953
124.79001120888202
128.2391650953841
129.42468918571004
130.87768734610856
130.5067011491238
128.4155901685785
124.40711882630774
119.9405601704922
116.74868919632009
112.51606903792785
108.40523110732605
102.97302927970061
98.33291943403692
98.01911850807586
96.98746383462537
97.25114381923042
97.22438575805094
95.76873614721006
96.19785768017195
96.51958131359086
95.34672444696669
95.86223978791107
