# format: from_node, to_node, traffic_class, traffic - demand values in each iteration
0
22
d
304.83469704140214
298.0989986007827
292.83787277571605
286.234390387063
281.1120003412404
275.0743874297179
272.6184871221751
269.1855383786058
263.75730243474527
260.1261843766411
254.18385654655194
248.9499788659568
242.794360948757
232.9441786940056
225.28771335421544
213.50431987627604
208.1418334705602
204.42768330682162
204.61701138758022
202.66698455881797
201.03873697633682
200.08383338366897
198.00375907133596
197.36813646455158
195.47921104221584
192.2835994188471
188.7766114477201
185.71279323647448
182.791297268749
180.8027823935683
179.9277381704254
179.02853533446117
176.8198093537269
173.22039920282344
170.97396899675772
169.69332439055535
167.0164950512866
163.14731143358426
160.05685373998847
154.1577947225104
149.17390948232506
147.1589017240822
146.8481805102112
145.88867110339518
147.50245334698548
149.5089380233956
151.90227578373714
153.70400920993023
155.5952216620339
156.93671623013347
157.05984408246914
157.20685036115307
159.05609285718444
159.2358850970316
159.51808853442017
160.04583261569397
161.1413740995304
162.42072503419703
164.54485276669112
165.50268183434864
167.11274126114316
167.87994331867958
169.22045079240078
170.13134447983288
171.60306713741116
173.525868375727
174.44053858353539
173.60606054257167
176.16215303047179
179.5179899742248
183.73572996110437
185.27896587507536
187.470673748863
190.48911896940749
193.38815553162308
195.43089569160398
199.2590326503469
201.46459874485242
203.5570649513563
204.51819624697296
209.17169099157454
212.86274395516745
218.06846023614403
223.25150142259912
228.32405615414797
233.91088455961034
238.69033019320256
245.1109738257392
249.5901166069227
253.92011608703945
256.2614654288762
258.7120671276147
263.5678895260571
266.85384649809725
273.13329465240884
278.1923196246618
283.26915542891163
290.42860544897695
295.8794138254867
304.3908413553324
309.8470297698346
315.3664928751676
316.2255324673829
319.0563827820836
321.6809995704055
324.3870043176689
327.12321588029795
330.4146238527371
333.991929250362
340.6279019606612
345.9721428721617
354.3106456175659
357.1968930186118
357.9143899470711
359.23100720917114
359.3424929004362
360.19350605919186
361.1358796010541
361.2233550895454
360.3137540477783
362.5610424144122
363.90722732415134
366.6294555058958
369.71112793814166
371.35450278889914
372.52903236013395
373.1177994781265
373.89704175110796
371.7630914987088
370.7913924237315
369.2622799463217
368.02752371290796
366.31402918198387
364.6585320865791
363.40654396099586
361.66759373086876
360.15415280625365
359.0213193137414
359.18871867922377
359.275947279202
361.5894987276401
363.58975707502077
367.26792834493745
369.5669263729626
373.5049102558814
375.4765800909331
379.1529740152681
383.4974233062319
386.4651200965171
387.45396128473845
388.0800527088936
388.2131227141573
387.1027859180535
386.91684416377643
386.5383906628842
385.8223789754086
384.3637566803968
383.9949591624352
384.65788840191027
384.89988755610113
384.0825618408589
385.210756819764
384.945156751712
385.6002048432307
384.5492570189934
383.986839048554
383.1251260466475
382.08662254214033
380.2968486658325
379.94696494635275
379.4910056357029
378.28004589414735
378.57685895817457
378.15387198560694
377.59308246087346
375.95035323613206
375.1008703185602
374.61771147319683
372.91629976606663
370.4743009143608
369.233742556335
366.6034939794359
365.2856063280757
363.3387932073974
361.39697938689824
361.36906229213366
360.9840570631119
359.9823059438181
360.8085032128289
360.8939822335655
360.03156630644594
359.22435906104204
358.85432942703386
359.06359529547046
357.3902846774105
357.07982669654297
355.4673054943669
355.56264817111565
354.81511250619525
354.10583078270423
353.7101628467028
353.9147727936637
353.19338295753465
351.49088003482876
351.3367308219344
349.78252367481707
350.19493252722407
348.0868317085411
347.34897260315404
346.1634991861084
345.41167184089926
346.4652552359628
345.9380592435001
346.98075055037117
349.17275704300465
350.49990204279953
351.4515971362697
353.39871666965684
352.1192136823652
354.41918086498634
355.6006129063964
356.4591493124868
357.09612157186376
355.78664998625123
355.92526132802976
357.21030092954743
355.42390994418616
356.0127318468658
355.4680926930773
355.6266553264568
354.75809206416926
353.7039904865463
352.49105054816647
351.4388933711193
352.8971477234765
351.44902098300867
354.7906413185468
356.2271623798299
362.40606800192705
366.05060571337975
369.6322059369128
375.1938307341643
380.2196210194093
384.3607265346924
386.21351832690374
387.24574670779316
386.99340099622185
386.81766645112526
387.17132283079366
386.2486466423029
387.70879675430496
387.85816467721133
387.57088664697017
388.5274329763944
389.04963635783685
391.048645406365
392.04380633117677
394.3892661258728
394.06792730024006
393.7608509229369
392.8446781567972
390.6479728118554
388.34907496833335
386.7699986151433
384.84553553254165
382.3506171866232
382.45082336749243
381.60292928961974
381.48983497779784
378.97233566680217
377.957386704465
377.2896895523885
374.00791346941116
370.86739294423865
364.51127776261325
360.9209462992771
355.16910654263074
349.3389313814509
346.4734239042956
342.43372422058917
338.59144883513284
334.4248166012116
332.15491385116354
329.1789616985162
325.2188770614313
321.112181935986
313.389006237477
310.3797520752641
