# format: from_node, to_node, traffic_class, traffic - demand values in each iteration
15
7
d
104.86174738836596
102.40917506651009
101.1709845876329
98.58413883526728
97.53554458468709
95.55645445562668
94.59540924099244
92.4791310147318
91.26253048882559
90.60028967369843
86.58980325209126
85.29726083892633
83.58404462527785
81.31724741795202
76.29025946954413
73.72917521663999
71.47033101531702
70.86481910906429
70.11052915505321
70.3665380401853
68.83376116417786
69.48802792074494
68.82531572249248
67.38991863092106
67.18980201615375
66.38888351955322
65.4862774925092
64.01004220175675
62.83616064027684
62.52791855457818
60.99135406728834
61.225956250354116
60.567693145279726
59.46463217131868
59.08489364723295
58.839767856183435
57.553286447235635
55.995347472717086
55.785426454025284
53.11211360570286
51.839424335333185
50.463274759385385
50.091480056387134
50.291793249281376
50.34910279315723
50.50206061617394
52.551118326531174
53.18378201507781
53.753181235085535
53.32574954234316
54.110445998436134
55.09213300745647
55.194159537775406
53.75434235073741
55.17726387804256
55.22155343629778
53.93595559722712
55.79819264965919
56.698068312607454
57.140864020551696
57.228588728799
57.12292595945598
58.48183723354626
59.738088733228565
59.229889540556066
58.885190081266096
58.77572338763988
60.394768037404276
61.092126404168255
62.46453852920179
62.66362509688104
64.21454880104417
65.04621918274974
65.0101389138965
66.95380719698666
67.77142381920451
68.28819164856199
69.5631127432694
69.9223024913896
71.16467272934499
71.62940278363958
73.5911299153326
75.93809046654557
76.87513411491705
78.88418185816738
81.20583348677152
82.71470856171165
84.70383730313797
86.14235355869728
87.20606934870085
89.11984729163811
89.47481843276681
90.97136009477299
92.66656621071611
94.09496448081349
96.01239716400646
97.01677497652318
99.689237335153
102.24643601256845
105.30959886462125
107.45433550383268
108.1014730434778
108.9278187619749
109.79867146698021
111.52307098505129
111.26055477149147
113.34204712615556
114.5495209522387
115.83013686397759
117.81883738435637
118.62522222588001
123.25152091661869
123.40087891707138
124.37873773974174
125.27315026897875
124.23472432605658
124.45536818476806
125.400910745287
124.33895921153817
124.58247636407384
125.40683063196987
125.93188867115344
126.86126134646652
127.24615003688659
127.94896061296534
128.5667352233529
128.15367053165303
128.47950361897048
128.83638429882808
128.45992509279895
127.47135428476412
127.40534083715443
126.52199332660722
125.8705761314397
125.18181106976326
125.10239841221097
124.547180386405
124.33515204833891
123.5724129159434
122.85989794936958
124.68591612799189
126.00087032323002
127.90610147539925
127.56714906702314
128.3640226452766
129.07956987635112
130.92063946819422
132.03839830164418
132.48190856131777
133.85936032457113
134.01945760839436
133.47021035037017
133.59651040033924
132.94610386992915
133.61625947277514
132.55742099488617
132.79396423859922
133.05827645506278
132.67634477304944
132.5325710929871
132.64416042828225
132.85285600773452
133.0913573626904
132.73265924621634
132.34434262900564
132.1396986403871
132.67250972984436
131.31773179576564
131.4289653256743
131.0152414707852
130.49497312650124
131.28198911957477
130.526963293007
130.19183287876638
130.02016796963008
129.91885698079363
129.50257913012976
129.0820606593195
128.73664589465236
128.02384807882964
126.41874985914188
125.8862504096401
126.07150434400359
125.34196330348837
125.1679308953622
124.87917833504626
124.7275798208367
124.13536265535107
124.43311539831112
124.93430466142662
124.37670596565759
124.02959296930624
123.20986424680355
123.51800878243228
122.64094370708284
122.15918741209953
122.83752783119024
122.63828326395246
121.88509581547352
122.03425751952102
121.29669452820669
121.79858591447912
121.10904520570881
121.57740865255018
121.8571892655547
120.590956436759
120.01825302372706
120.0190037925011
119.71746252236156
119.19772400395635
119.10395934957101
119.17811290797759
119.20892950284954
120.05895035897886
120.45018429529897
120.78892241324236
122.09550217010323
121.24598348961005
122.13092842950844
122.3741000629992
122.89715817037889
122.94141488511747
122.81083161423214
122.8299144818406
122.13556512723385
123.64750388238059
122.8140902040106
122.77569918925812
122.82119244654277
121.85238204767727
121.85737073355084
123.30958565062889
120.96416903822691
121.74603668011778
120.73641190737918
120.84261632789011
123.211801625916
123.21654791737139
124.45848596199174
126.07912302976273
127.28194395478704
129.355899407598
131.12608299868586
133.0247077245699
133.6013952300542
133.35107221195216
133.5234182911838
133.096100047535
134.9244170249485
133.71047984106283
133.6214612712582
133.52348514330592
134.17571981398683
134.68311200925737
134.8509251367202
134.7265363359676
135.41301378494987
135.7041813891635
135.57803941785656
136.5433848046133
134.91970889407685
134.64411440677196
134.0249525832587
133.2720963473151
131.9414291192998
131.7475577721951
131.67535850502057
132.03330351772968
130.67587624834368
130.74396988968041
129.74915702672584
129.98536721931166
129.14376135423055
127.84774146547245
127.09893454718272
124.68654327520935
121.83903948833162
120.37267640833777
119.56157528480128
118.78892888533002
117.62243877207092
115.28148696629476
114.54607665477421
113.23879545542502
111.86281863021577
110.86686305536111
109.42540467052112
106.25683820364874
