# format: from_node, to_node, traffic_class, traffic - demand values in each iteration
20
10
a
104.80959418929008
102.61268435489319
100.72246316483204
98.77466678218055
97.03988415285146
94.3692340171433
94.18638399284471
93.33690215263331
90.63339234078386
89.92534056450486
87.17058158415698
86.5863053468438
83.18137458953643
80.09177302861197
78.3538788087795
74.26355018778135
70.99152407470906
72.0421239357066
70.45476829818836
70.32090262933362
68.98615108244562
69.48384938515925
68.10150163547833
68.10421566872971
67.46305911188865
65.87869011093684
65.88436333273711
63.74319746989339
62.90434710990551
61.8058151425506
61.26514119939078
61.63307359066066
60.5411023816672
59.632331291602235
59.21172875160695
58.39833021501202
57.6761074547177
56.03229188744843
55.04497414129949
53.62632193802624
51.76856539513477
50.69072975143131
50.2530515790352
50.69030010575229
50.39985048050928
51.92664330037041
52.76380768602477
52.83229874171969
54.117078693811415
53.874723270611156
53.87098368533501
55.02401549550749
55.13554569423891
54.6418786679326
54.407673853429266
55.4603658391177
55.55378704111057
55.75476102847851
56.34323609743204
56.315876130635395
58.11557308229686
58.459980137739734
59.31852906896046
57.33315616981451
58.213314284486984
59.36369026956674
59.88654528935031
59.81589292867608
60.74408961011846
61.411321859275894
62.99767766741312
63.34056489137089
64.4760188452496
65.71427874523799
66.74937285538581
67.82858149217981
68.86358996631456
69.85250576090282
70.12495316038279
70.37289436035566
72.22332548851008
74.18310866213898
75.49963019820893
77.13879952655877
79.25718561671908
81.80479853724972
82.56230513403506
84.085032559014
85.42984145994924
87.00654681383728
88.7155678754116
88.60286134377861
90.68213519961594
92.2358802151324
93.77025252285685
94.81398525408638
97.7076764133208
100.943044793671
101.70218888666007
105.51915108563605
107.06936288949635
108.94711794190634
108.67798895945938
109.76253028245154
110.97452132316333
112.66687278143543
114.03466266596625
113.29771591966433
114.62819928880512
117.04799032761589
119.46033897578391
121.91900895215625
122.6495599472425
123.43981600499316
123.38186592833344
123.91701678489791
124.3678825358726
124.69661816131493
124.40615662701464
124.4645083068292
125.29136138963635
126.45639165345108
126.45520040232749
127.7020936266675
127.73032653566978
127.91644429432917
129.13444190980343
128.75010403807235
128.57860329256388
127.71592610360427
127.55090092230748
128.13925453466183
126.07868935757679
125.84448774334076
126.10108289851739
125.27949191782807
123.97960323356988
123.12361216844567
122.91459884673944
123.65257458717237
124.24005586229475
125.00288079262832
126.50036379980772
127.88436437296782
128.69534318173973
130.2976885245118
130.47148158370962
132.08027420949074
133.52602115223095
133.25365630799524
133.7665398996194
134.04249474466135
133.97391229278279
133.64249079590857
133.63914326887465
132.73862163973268
132.4962585443138
132.2859849697519
132.7868544556349
131.84658569016491
133.24377370309054
132.77996629430694
132.71633996582153
132.0678753730117
132.0692389278286
131.84039306005963
132.961304353116
132.084486113582
132.26042915838997
131.1402169260894
131.00811643242724
130.78773931542148
130.11458120764368
130.03879564793897
129.48194928769232
129.04856628000528
129.64055823340252
129.03888463482164
128.42165210064016
128.188528176379
126.919309431857
126.31576122180611
126.14365900242184
125.6499329204539
124.80313531210321
125.19029188697614
124.66340612541906
125.33032234775027
124.32591221367592
124.75260696033116
123.93798184858917
123.80756438721285
123.68015755648547
123.91692272491136
123.37807727147832
122.28165732955466
122.85928520179156
122.5355346894566
122.55609029703547
122.72991619213637
121.60888310966922
122.07574021612466
122.32111963272384
121.54294279307061
121.94220741296674
119.8291268414039
120.87281931373374
119.52585033623971
119.69290143131703
119.1749891870574
118.65710139073576
118.66789790398695
118.88566807861015
119.89511814776577
120.41541330079777
121.54674319255919
121.84888663314497
121.38772791161799
122.05540946285278
121.88573713130941
123.48061563965392
122.80848797594919
122.4128861924497
122.77668783078607
123.1687354837759
123.55112877019715
123.02940965432724
122.96761754164794
122.304291646723
122.79285630984623
121.77473938713491
122.00884552990814
121.3128350537496
122.01523042353716
122.01287069198911
120.48506805738612
123.03438194560965
123.36319479381586
125.1668505818808
125.80089366423621
127.50614592444963
129.14320800717977
130.80189683768555
132.91296806583117
133.32053769066866
132.44473367669485
133.51996193645695
133.63530249648676
133.46528291462846
133.18609405121657
133.8986908118799
134.11507010433647
133.70423921145465
134.14074070172492
133.70029440850192
134.72361728850274
136.17967585162774
135.3933523128424
136.90721774596076
135.82880363301228
135.04903901756705
134.5729435001373
133.92096342503316
133.7330309965672
131.66720727085453
131.61484202480213
130.7212235076473
131.05177813293415
131.55020156654564
131.70952987649375
130.05523183742346
130.07820622654728
129.26065450330162
128.35874951914406
125.25460415191326
124.30823936183144
122.89264546278606
120.32393056831866
119.12697146837439
117.8771375669781
117.50638296896761
114.62147314122218
114.77309497049012
113.84305675603447
111.88170328354195
110.45695710194435
108.47951158674995
106.4043850044784
