# format: from_node, to_node, traffic_class, traffic - demand values in each iteration
14
20
d
312.4823108554774
305.4500464662666
300.537905385239
294.13729634567784
287.93288001043743
282.378622263805
279.2887922283587
277.3161412664834
271.6733761504615
266.5212437148023
260.61988677022936
255.37180250860416
249.60451754513105
238.705800591503
231.03925150879647
220.0304885846611
213.9490822681159
210.07738313263238
210.2865800268387
209.40779110947426
206.7636376553777
206.02118721897185
204.25381175262535
203.20944873812428
200.76044231860266
197.36366174346418
195.06942345705224
190.9992899738425
188.1800765721841
186.3594407871273
183.54432341354226
182.71101187798467
181.01340236201432
179.03611353153988
176.22680097444362
174.57650257676386
171.31057232643033
167.37067798269453
163.87730630896172
158.29386829231944
153.58628962519552
150.60659767599398
151.92828194351327
149.92993514064864
152.50360286345744
153.62930995419575
155.86449725109304
159.01522820214024
159.89607634855383
161.6559152848229
160.55630624444012
162.41781986895006
162.0324889030881
163.16763152422374
163.60323143265637
163.95485066278147
165.27145855468814
167.11299129637297
169.10104508181107
170.26372674216472
172.02299045755854
171.6478898030396
173.66815127509884
174.51265844631115
175.9310149572436
177.45229736860946
178.251004491679
180.32750382593753
181.86462296746618
184.7082995841795
187.8050339873124
191.15741351251495
193.6160083178737
196.99612161393773
199.52142387956576
202.31818033936028
204.31474170806314
206.73872440841657
209.13003328831323
210.54819850429115
213.71865492707911
219.06420026376162
224.95397418445006
228.90564533010217
234.93947976550035
241.58056895820482
245.78826130279018
251.8648376533428
255.54651583987481
260.8027376865599
264.68704397087976
266.28955078164836
270.4034413741355
275.5826298382876
280.903587443769
284.85054882115975
290.15187720711305
298.15641449901887
304.3814722153994
312.4238496162117
318.276263391592
323.97588376539903
325.2163037963393
326.9721611078654
329.6636592584927
333.14788501503574
336.66591219478914
339.02016116572486
342.7875097105116
349.92782101649476
356.8192930792402
364.67852026752905
367.0728212505929
368.26990302156753
369.15206540449105
369.68193485253187
370.7639929529263
371.1520012901633
371.13177353657727
371.9056969530798
372.33416095064695
374.39305231536645
376.5412101680183
379.6838707309038
381.4519717466594
382.948226171477
383.26477919482517
383.9043429898844
382.7740440767288
380.22363175797466
379.8180640565968
378.4836212944782
376.3970120722015
374.68293007336626
373.19578783177195
372.091650804272
370.0001302736028
369.75383970581845
369.2556391911929
368.92032161339307
370.2160154830328
372.8962425122286
378.66749731006587
381.1959399180392
384.0034373523786
386.2578392155379
388.62565503009927
392.4187292441174
396.18829415244477
397.915772095376
398.80097361048803
398.8140709437779
398.0711184985263
397.9048431302837
395.6616359127273
395.11951478476306
394.9421099684868
395.05149382760663
395.2331428012906
394.7307932933105
394.9504230598911
395.1373396743429
395.57113147021005
395.5927798833925
395.27432121524964
393.7624213235038
393.5557521735101
392.2257307931955
391.79873616233186
389.9635190279787
389.8154197907358
389.19128113983334
388.7283795713397
387.0555096445112
386.9243562875298
387.25397684417163
386.1754459603024
384.194770943478
382.2206454287981
382.45561072182267
379.1220770843354
377.9379871836795
375.3599418954746
373.2268410229614
371.51637871775114
371.29183151239334
370.87202868112547
370.7034291984661
370.2771837411894
369.8322904949056
369.86850722724216
368.644224534232
368.33476849038317
368.1974201963988
367.2945407493604
366.37506649628585
365.88229888912997
365.26414471313444
364.3602637641091
364.3425131778526
364.36166159215287
363.53549218112727
362.43220395528346
362.44304915736296
361.81738642902417
360.4145898091092
359.24404964206406
358.2352339328024
356.2987292877159
355.6358761062743
355.98648798101203
355.22894036853086
356.2783244932803
356.9561258839487
358.7705093686687
360.0886563383488
361.6394377883623
361.70433267105227
363.43720848793805
365.26788081903265
365.2893419003358
366.5537626998154
365.4636156537266
366.503956946995
366.25492407592094
365.4742233527829
367.113386522133
365.4198617553808
364.352622837921
364.1018745587838
364.55101517571495
363.60161471632
363.24855521652603
361.9825767664974
362.682454888543
361.8696042525798
364.21868416236583
367.2267984914015
372.6587706027268
374.8207232077051
380.60512791461554
386.12837610574644
390.533102830237
395.59635939024565
397.48336377327405
396.8873712836276
397.6793305353971
397.7857566321764
397.88495036155444
398.6636741506311
398.6533086348473
398.73990835300515
399.61689607598305
400.578718319486
400.33949919059006
402.5749709394226
402.9814696264831
405.59246867908763
404.7622443794085
404.5749716029833
403.7203732781886
401.2531676170396
399.42041119379684
397.1303960732736
394.8640728885953
393.99161452396913
392.09168471974
391.35642379723276
390.499663182621
388.99731251997196
388.31407221909933
387.3524765531845
384.51784950863095
381.54418488761956
374.9722992928397
370.6404572396123
364.9038115394573
359.38833042370476
356.43141734608474
352.27474631734384
347.59963520737836
343.4759358637547
339.5019739015702
338.48372322192216
333.1681929035355
329.25528722261527
322.7934008056805
318.7977957781844
