# format: from_node, to_node, traffic_class, traffic - demand values in each iteration
18
9
b
156.00886376259626
152.70838149356902
149.66764641251385
146.62044549481175
143.5560730289062
140.54354889613515
139.70455617309526
136.96170450786266
135.41892226257724
132.223535308728
130.42813125890848
127.08969781484048
123.16900734168098
118.32756420491837
114.16216076087657
109.25859917124205
106.16160531633379
105.64868105734767
104.76171777448627
103.81124087994905
102.19192863824178
102.38335322072417
101.1623400456004
100.88860457533661
100.37793596458107
98.46787948927698
97.4183224449201
95.36398467340548
93.48363644878211
91.42740277552215
92.55609613538866
90.539389478488
90.14393379271236
89.30489374330664
86.85428389738807
86.08907545910336
84.94096511671975
82.6504008492748
81.77935691500986
79.44606450878128
76.5627857285339
74.5622019414505
74.59216283511114
74.29456474247007
75.61330084223668
76.66732661137058
77.5706632579443
78.55850584723571
78.90497392889375
78.83535154825944
79.60831122288785
80.57853042343098
81.1250230930892
81.74882282312598
81.47349480287221
80.6145857999069
81.99023664684934
82.46094747059166
83.74117120947142
83.42344201097927
85.7008256492017
85.94477358171957
85.58566732492946
87.35953001990337
86.82663217236403
87.70312678513201
88.96055976686895
88.96412974584705
91.00543874870833
90.8774286171287
93.46596546095346
94.82678663891183
96.29694085652746
96.58631726175732
98.91570472027117
99.79499710455451
101.48301808542683
102.57736450525564
102.36367342881088
104.7124939494989
107.14901564103013
108.10747529290191
112.23869412622098
113.98008282578984
117.0570710001277
120.26209570404484
121.9956058701368
125.26274151761906
127.4883852155
129.64800351695058
131.0794494844031
132.3219477176743
134.8231397540231
136.48671765981595
138.44284036625638
141.65053534100852
144.20326332288346
148.72891428832045
151.57724646332687
154.49016479106018
158.39370573616844
161.30416396206633
161.88608558849026
162.86938462747167
165.42253623626462
165.44064640251398
167.0165402943112
167.95969124226997
170.78038744126889
173.29969942360196
176.80354893342593
180.50748160192265
182.8044993209625
182.61307331443606
183.03473512734493
183.58742855524605
184.40447596661946
184.09404927451519
184.28092588374403
184.51954448645714
184.5750248202444
185.2157678276945
185.89239129866974
187.599288959331
189.5323773494806
190.73949011953337
191.2365524900354
190.01434803943243
191.00875031325256
189.1709807438058
188.23367430068728
186.97074418930467
186.6348482899738
185.52611782431765
186.49344105903418
184.8105435382285
183.342183121183
182.7412117975947
183.38426806198675
183.60788198739985
183.22069066412104
185.7405976833868
187.37936069023075
188.81254238640335
190.8232302820778
192.16627611042642
192.7847118536028
195.2587876851321
197.1084007563158
197.94459422595475
198.4940795058777
197.95499870036974
197.9366176561818
197.68993849878774
197.15937442187817
196.51600645843843
195.8277970073127
196.6152024159909
196.45222270942924
195.51088874544627
196.91341911855466
196.5053340651636
196.03009651492843
196.58845341825148
195.91923802813295
195.54076037829236
195.3513155933767
195.3478650542565
193.02976381588954
193.97063034068532
192.993903284135
192.93232462846117
193.5302004261563
192.61406818845532
192.62438333473656
191.69495917032884
191.133322439123
191.98162611207422
189.40935742489827
189.36844677362535
188.33567986385594
187.59563594486903
186.5337548246868
186.0397436784342
184.67589257410668
184.3715793970041
183.97431277049432
184.3345615436336
183.29460620790937
183.82837036050728
183.81731837207147
183.3873633147599
182.886973666282
183.2125288975861
182.45733570736417
181.20472601659176
181.86646732913954
181.12044264191994
181.1004052264284
181.25607551011362
179.9442464468044
179.7601329497642
179.52182228630625
179.9390944897581
180.01791620394982
179.33536023060856
177.85379794949142
177.2611519676272
177.42127920091113
176.5924220974832
176.49498889496897
177.358470839374
176.5374305030832
178.2743820088998
178.44115549699822
178.7438141230216
179.18378334778072
179.58576783434108
180.10121058486226
180.86166235886017
182.624245413523
182.21299806235413
183.19135176086397
181.48100168607965
182.51564603626463
181.8057076224212
181.50084314135458
180.8981240090793
181.31544661825382
181.5820085313907
180.96128767032596
180.5023532618707
180.09206030202256
180.2887817950693
179.04066684725257
179.03212036893703
181.3624386286614
182.0253540775193
184.74232075575262
186.41274684963543
188.76596213465578
191.14140754480442
193.57070905948692
196.7365211813919
196.7440121849459
197.9120891090754
197.2408236986972
197.16179168578694
197.3234455897575
197.4970290312097
197.56125363554733
198.01778388315188
198.41119902357445
199.04358738894535
199.70103199117463
199.7843805350812
200.02309580625948
201.0977402202688
200.48252376741644
200.67607826851804
201.2481236633377
199.3081070990496
198.94816925872885
196.92802209653908
196.0874398364717
195.93500893509304
195.67441198274273
194.3944812266477
192.61500584710876
193.8340055278833
192.85607865073453
192.5635435543827
190.21972727819565
189.17815325053374
186.64982509548815
184.3675292586074
181.16171774666662
178.6769154495871
176.35499826021064
173.65410148889657
171.87960456775292
169.80791239352138
169.3404027603788
167.99859167598905
166.2526730253246
163.67736880410743
159.9286536056649
158.36163354938958
