# format: from_node, to_node, traffic_class, traffic - demand values in each iteration
9
21
d
166.8091259862849
162.60238475984184
159.24092204489867
155.37874445016027
152.37527275147548
149.12213006762715
148.30819660773957
146.80755280005772
144.78736370776966
141.30840028472517
138.21202829908884
135.00307871853045
132.7341707116026
126.66424659743471
123.06316515412726
116.43965209078426
113.03624579903845
111.80915885604007
111.12512424885276
109.8785634421767
110.2643976997776
108.83855266173752
108.50441913332476
106.8327018038896
107.16825313548235
105.05127986256144
102.61954992745042
100.49948669808876
99.16051364616628
99.25472183824783
97.20384454882449
96.63113334272363
95.88563443667792
94.54654387415165
92.83395479243144
93.19035330375509
90.66247826823088
88.0483060212269
85.90802863583369
84.51466370128541
82.15547025364278
80.6461817772265
80.1323650900445
79.20597015617791
80.41161843168008
80.97713532542615
82.88076691993847
83.89836421879669
85.2262994497324
85.79873531154966
86.16609269280596
84.95926059052769
86.0420949813108
85.45308610603898
86.59977571086377
87.78455257065593
87.50956750457087
87.98747404654529
89.36554757241075
89.75847682900434
90.93631575968907
91.64669177272286
92.44432887358337
93.058523904757
93.35631180225045
94.11992064735574
94.25333815468224
95.5889846221226
95.9579743012168
98.33937982084252
100.30132075625767
100.80115965798393
102.39209358160345
103.94151098410829
106.09768834359055
106.92142977851123
108.1518160158066
109.80766083424895
110.4165167489727
112.29378904404496
113.56085310019805
116.15529650882065
119.78028431929597
121.36763852753745
124.26051503353189
126.56687832578625
130.22102326614151
133.84325488233762
136.43719618465667
137.44006501852613
139.42695986413307
140.94476933165308
143.00848029407018
146.39981359342605
148.09926887498543
151.1263091622372
154.068019159915
159.27630047445683
162.1722258399459
165.52499589456062
168.94823656814822
171.4189667176099
173.34702140829324
173.3618133124881
175.6309271736986
176.50070203618387
177.8885435480763
180.15991219760468
181.9466876111893
187.1793016653417
189.26820582284967
193.0013591479015
194.12944457383446
195.64441404559946
196.54258584977498
196.84099456778785
196.2514998858906
196.49324914365272
197.8522014412428
196.5558814771485
197.53744307568834
199.03414514537258
199.735742424552
200.3143062945519
201.92328983500317
203.59539069490359
203.258768862313
203.82462243158787
201.9016449462516
202.66994012119275
201.16389660137065
199.4494760533278
199.20540184987405
198.9501851941528
198.8897471463611
197.1108362181459
196.6622370059396
196.91456984488647
195.39365129730933
195.14385335858444
196.80167606177625
198.98773328534173
200.18386913844463
201.92678662521013
203.65753087759677
205.14971420806876
207.0989755875173
209.5317010918043
209.7540983537969
212.13100886184665
212.2705060637565
210.6555128936902
211.2992934105
211.13592430625283
210.7957595312116
210.11870833775203
209.49208427560893
209.50389916082764
207.50672067121096
210.4830754423664
208.93061193430927
209.41105357195994
209.58206579838742
210.3195928445166
209.9712244185685
207.44581392857216
208.48509124339947
207.77278942100946
206.82924704338285
207.6832039705143
206.74751038474054
206.08541919485765
206.41945671095218
205.71359567740538
205.6677034767958
205.73463702453134
204.28151785413948
204.15532998570387
202.92091817182236
201.7930876887517
201.09762098524754
200.22481969070373
199.71766904041874
197.70611904228264
196.65230598868425
197.67268794232598
196.1783490524958
196.1209967978449
196.60106616810717
196.87301996962915
196.58054229767123
195.35617317212524
195.6830150329484
194.61404802070794
194.201332811031
194.30659491330198
194.64816559226531
192.65848741789932
193.0767420835314
192.30943970071954
192.45511155473363
192.01500095688473
192.88920864284236
191.980003497386
191.63062372240506
190.85822221586724
191.14107679351142
189.77098736793786
188.42598444235406
188.73613541725365
188.96079894770966
188.91702439803126
188.90285575284867
189.23272506245132
188.76572888187093
191.1255449577354
190.83198825357127
191.74167987325416
192.53039799733693
193.29907726004782
194.18990987348786
193.79254589105162
194.25061337935864
194.85364812791704
194.2691309439877
193.63521633783253
193.65527873206574
194.0956191627131
194.02611066510576
193.99698752085664
192.93264162820262
193.0210038724849
193.07510008628088
193.06883826650278
192.10805876069514
192.32340343555157
193.39757913294926
195.76268493043273
197.29125773622903
198.67663169836246
201.0574171689382
205.17718297716596
205.9430030722032
210.7190152411816
211.00241358596978
210.63844666519122
211.21351312404224
211.33909582968647
210.5935310853341
211.48641538090857
211.6934588140942
211.6367063694254
211.43049977614706
211.5850319258393
212.03788471540332
213.26604731566488
214.60578616839712
214.63784731464082
214.84220035028773
214.87355844751235
214.4344415001346
213.60673237031634
211.82880038520295
210.99379858836772
209.41177368274643
208.14835218614687
208.33774256150394
208.12005246851766
207.72444950492516
206.403366883825
206.9262404123684
205.5928997171403
203.63100026151793
202.65453829255682
197.85829367888363
195.46545101038458
193.3508640176593
190.61534676335248
189.27325221141678
185.7891943471387
184.3751026852401
182.1807062141242
181.1773233743766
178.84503089481564
176.43928118340185
174.81639526206317
170.3912084661766
169.09853380560065
