# format: from_node, to_node, traffic_class, traffic - demand values in each iteration
19
13
b
235.29499133411525
230.17032024025997
225.95906179383238
220.9109174703822
216.78166032270335
211.64177265556103
211.02464443090804
207.95626043181196
204.66528695238196
200.47701250776922
196.58506930132327
192.24788940977078
187.5678009164233
179.9444242682576
173.60302467914912
165.96164958672514
161.02897979370442
158.88830439604104
157.5455188847346
157.01594490150953
156.3098508137217
154.31033883986368
153.8389434392796
152.6553215501947
151.19864347658395
149.41568936957898
146.5479778889462
143.68593332269748
141.580046338305
139.2183670545442
138.4229169274524
137.5956322103408
136.07896464111406
134.85442051760452
132.49069561331348
131.04011055230032
128.88338777869006
126.33996148580138
123.14558674350141
119.239694221884
116.00631966493846
113.26076044428439
112.56722142892853
113.27541813131026
114.10080130567145
114.68703079120979
117.44750347582936
118.98699768178314
119.24956064260704
120.0561234676413
121.60639656677432
121.93691182939628
122.37816052709712
123.45849242033326
123.89804482849166
123.66236199974331
124.39276950658223
125.11149327191714
126.46307780232186
127.271457143575
128.82615522586505
129.84406498228407
130.4806798760941
131.27119047302222
131.96515440690135
133.31049282640396
135.1203870911371
134.48153439386124
136.5041893002524
137.84094081986646
140.79945605272903
142.56798161678574
145.36463165756624
148.64450463902335
150.19168969773995
151.5622710572566
152.88664068739388
154.8056942628575
156.91981769607307
157.61535392287453
160.8340015921884
164.6423985390113
169.84367526850843
173.3875724963034
176.40790914376183
181.04881440457467
183.60475638523252
189.04091974600098
191.9967328231384
196.00632075244135
198.11721564465398
198.59268329008037
203.53170561173965
207.1895858222417
210.84313728636698
215.54416925354252
218.06711168936437
224.953946220605
227.6726290437929
233.9784879044419
239.4764410619531
243.5481214208993
244.28140039757437
246.23235057951942
248.18136069188714
250.9710366350716
252.98398542002613
255.22368183982374
257.6141271308209
262.69779987043563
268.46150776825976
273.6303007870363
275.9661041140255
277.2670594428773
277.76838299520443
278.65508498745476
279.1994235636435
278.9963159584394
279.7520000007073
279.48690093270653
279.9679558282243
281.1451051795114
283.3478265799131
284.4018649174353
286.2915140536305
287.2160688399616
287.9774811558211
288.9822107169677
287.80758981199443
287.4205317747072
284.9980916835341
284.3171811330964
282.9384517221404
282.0511211231065
280.9139311859405
279.2686484233579
278.50810953208895
277.6596865335718
276.9414786205338
277.4462481452495
278.25693203240235
281.1818298588871
283.4092496648114
285.531670039879
288.0429857383766
289.9381010975869
292.6038812406468
295.7542517856903
298.3281552382851
299.14339373436786
300.0360168320758
299.6819195382949
299.038211870044
298.69396371319226
298.2033470978814
297.44586606023915
296.6327099303674
297.4318958596637
297.3877756441523
297.1514166944302
296.8795217249114
296.3427139396895
297.7657569175012
297.2789226998068
296.1419931639637
295.62074341902917
295.2545094348021
295.2749123268901
294.33987692360273
294.4250865078507
293.40315064603686
292.14620612761547
292.82279895784325
291.71153004711766
291.5398057556478
291.1373306652593
289.39507952857474
288.73232317610183
287.649857875716
287.2941528572428
285.18396791298176
284.58105558832483
282.33589980241936
281.3033845676855
279.0405350434497
280.1046105229404
279.8216440173925
279.2134339956735
278.6279583027327
278.8854504006014
277.7618253043204
277.5571175729457
276.52414430925194
276.5830272654847
276.376185310029
276.215157456311
275.06154001563687
274.5634381230948
274.2588077221144
273.4756659981823
273.3743756485432
273.5891452751623
273.36398606939815
271.6602671159658
271.5753881551038
271.337474097023
269.7787661042294
269.7294161223786
268.0646997829214
267.5844757947373
266.96391241203463
268.06408721651917
267.35886987331304
269.2454764034225
269.1363600830079
270.24366566598184
271.6218593215501
272.3964761986537
272.8499382753354
274.3252203618288
274.59068168043456
275.4391677704024
275.6258644387643
274.9594041321773
275.8378564829433
275.10472485620505
274.7033469313125
273.89581000809477
274.52451785136884
274.2220231674789
273.9264269488913
274.4212523128646
273.23990523255895
272.2548783455883
273.0410965984008
272.35124900496277
273.8139803708554
277.1514834321848
279.91034292169707
282.7874868691882
286.2297601011033
290.37785502877205
292.34474150657263
297.42997864175294
297.91989980837536
298.3321508263321
297.77181076084213
298.42908444314855
300.0074181654131
299.03328447503225
299.376064867558
299.2857191732622
299.28681843327223
300.6049783163681
300.9963221255172
302.22224230289413
303.3483202594184
304.65152747443483
304.9863414028174
303.6433553783952
303.72976469768946
301.6077541932097
301.0205394727893
297.82288750974897
296.2155318757414
296.39067455134136
295.351165090783
294.8644767347965
294.006873927696
293.1426410382232
292.2130613900551
291.5463629423278
288.93166111391463
286.17775784797635
281.9269548095003
278.47237364813566
274.48108666534506
270.74498719079725
268.42093614983327
264.71277103102415
260.73274341421177
258.31709109848475
255.83999217937568
253.77177967032787
250.83318887021557
247.98440116718731
243.5856674041011
240.50238991769024
