# format: from_node, to_node, traffic_class, traffic - demand values in each iteration
15
22
c
258.9201900775364
253.40290272695972
247.7953817324189
241.98680720009193
237.48733800723247
233.35701184436707
231.0576593177811
228.73063561445102
224.23831880499756
219.65748646470368
215.2236880807412
210.830027231319
206.3092945787401
197.9433916634522
191.11335415174452
181.32867053416382
176.79807265935543
173.66129462554113
173.73154308995086
171.6313349222121
171.0553063496093
170.02373469512858
169.05932437980206
167.63613888224103
166.13931780534736
162.79930235727036
161.16560925344552
157.55894455381295
155.11680268193072
152.8371764497277
152.19655065172086
151.52005548297132
148.96235396317954
147.93806184113478
144.92806979590736
143.1459517937859
141.35853339276014
139.328503898243
134.30651192894368
131.18466758010112
126.71634019645776
125.02720237252696
124.69701709122658
124.44550926027408
125.15860793941495
126.70974710695987
128.63456378223643
130.62372847806296
132.71289279395427
133.0326841233742
133.61627285312898
133.17115599256934
134.65416939444486
135.33273882356164
135.63184396911294
136.19519971967944
135.29700962718408
137.25607156241637
138.32665917918544
140.4335084711237
140.9261685701124
142.98892066759558
143.08073923368283
145.214947227469
144.77414505316824
146.17399135998286
147.54437951482865
148.0601451066871
151.19481387175392
153.40176720875365
154.7262169258899
157.62047241179164
160.20748131202512
162.36399241051413
164.46448391131088
166.07850661726198
168.55077980713878
170.05822840604122
172.043519472524
173.917435535618
177.2190092841423
181.79067930404207
185.8995285248482
189.0668610703751
194.1525696200119
198.124584430343
202.81184131955163
206.93974714554352
211.65360839291438
215.6348770013676
218.38258297826505
219.9362958803133
223.38161218863135
226.02510868630202
231.41448172976865
234.75885463565788
240.1286411277817
245.834856000894
251.34939263822463
257.7377147174971
262.9864804491143
266.60847857756954
269.18095787028864
270.6451398380748
272.8400306514695
275.6686811160676
278.1465123118418
280.12837416095476
283.64979563201416
289.33648802196996
292.94512386378466
300.49320888018826
302.62612777402734
304.69635290679565
303.88982500492995
305.2567753042065
305.86771489716995
306.52261371054345
306.4411873137418
307.8177481780859
306.80113797407415
308.88564403514044
311.8471330903979
313.2947095937807
315.04130967201655
315.92747481008394
316.0222168252256
317.07963965570536
315.98267379030443
314.922319248374
313.54523665042524
312.3948281876555
310.6116087298014
309.47822030920446
309.00511250777583
307.51470638654285
305.9549533002517
304.7772472201188
303.15843105862444
303.59454889777885
306.11427410361813
308.1851567808326
311.29586537230625
314.4027395221879
316.78929486629795
320.09305942847226
320.96780967003417
324.2803218308549
326.13076678973493
329.158087205765
328.6779869334281
329.0398946942072
328.897699022987
328.52881850248616
327.9748231283807
326.55454186432473
325.4141263844602
326.5110624546502
326.59873269352283
326.7518835760392
326.5519846468362
327.03303022134634
326.2352246701832
327.6839529311599
326.0988816817297
325.669758525537
324.12282239647516
323.2545118207309
322.8267296146413
322.35038131650407
321.71634838304726
321.2225717769808
320.6850151085112
320.9328929563
319.70982013654185
319.5890715658758
319.26912681125106
317.401100408385
315.5877352794727
315.3296940651915
314.3631838316421
312.44470933447866
309.62985717271556
307.47495109622514
307.29039629395527
307.3849316936119
306.38014209052227
306.3884084251894
305.35835843291136
306.0700060126957
305.27390004083225
305.3566694414067
304.12038467008296
304.0688785778037
302.52836996914544
303.0948968139062
301.72076388229436
301.2652335363713
301.2091000847539
300.2013221890842
300.01499134396886
299.362742511679
299.6075798517968
299.0415617140354
298.30628280393597
297.3291584614933
296.85849426892185
295.3261545968027
293.9511093110085
293.4537179749959
292.89029364632313
294.1048003619145
293.5984979593391
295.1179915850181
295.9281652099501
296.6723079930157
298.2347182729137
299.3089356772476
300.0044152817446
301.30832386542266
301.8050618125531
301.6718280594779
302.2786152490412
302.3932349647464
301.91077187929505
301.46915753293194
302.36557287811354
302.2519739190242
301.2184382667876
301.59689315226046
300.85050470601533
299.76481394255893
299.7565748950479
298.97726792283964
298.7280554493274
298.2036968460734
301.59636015686704
304.01779265120956
307.15648425429004
310.19509910149384
314.0295988641066
318.08838017310944
321.7003601998486
326.41714065459996
327.09554389996504
327.7098056510876
327.7449147888813
328.191102134665
328.87274044893513
329.1888423051672
328.0888895363798
328.3203580148217
328.358294988024
329.5122831783422
330.38200808499795
332.1947677940292
333.10326031491496
333.28856220328555
334.4882135148755
334.7778253146403
333.48781924088235
331.76735267219567
329.6514342837183
328.2019960861112
326.2912656879792
325.273610307697
323.65876014788904
323.24006671910524
322.8234994581065
322.7305488458443
320.2480659764107
319.0643390036732
318.2209645669089
314.2799164288803
310.76053228862185
306.36951788108365
300.34041488892433
297.9646991198624
294.137485632208
290.6586949456414
287.3134495329404
282.7748797109924
280.80448637905164
279.21362994009445
274.11245552572154
271.7999099205808
266.68251004193394
263.03858909926896
