6
13
c
124.83745248765503
124.86604291094295
124.155927076115
122.91708761319664
123.6380186336495
124.75672547851318
123.59989461944288
118.55489688947226
111.97326234854333
102.72676337581893
96.71097239759227
87.8120687630626
73.35423033456917
62.08374348999568
50.21504815054528
50.23484979644744
49.67730611404963
50.380743376956005
48.99731244647918
48.914425801010545
49.779366737825825
49.51524642596997
49.864315466417516
48.51395589374619
47.40837828016301
45.3222862954893
44.1124001141938
42.493142210316755
41.85018777507469
42.43113045461003
41.160333394382306
42.406490836310816
42.02187727075481
42.166271028399336
42.952759408380835
42.99504327247446
43.9674098605751
44.23923467779718
43.84304025244485
46.12098005343418
46.47818240882086
45.8010299103258
45.70144905149349
43.40016984436665
41.843744300300656
36.10874685846611
33.88029351764679
29.619918436099105
26.594834162263858
22.52187085691167
17.03069926672325
11.76233835808839
8.732433106450424
7.7028974360466975
8.485331423157447
11.580629239012888
15.233050422945599
21.629113585659034
27.55638362003619
32.351110865717075
36.350843074394916
41.129045968311424
46.47785429077735
51.23812338792638
54.12011797278781
55.956074482099496
56.31534903496036
54.13781977159211
52.419215740077796
50.551922842407485
47.59311379630211
46.298155375005074
45.910757872077916
45.22147011759517
42.47475909481685
42.86481022022335
41.22108923724262
42.42862134977221
41.78328890340726
43.03009751131128
43.26172968007634
45.86400842660863
47.029396421242886
49.17943547718712
50.1366083660076
50.589342158028025
51.51817058733977
52.8038655418064
53.337038313717585
54.07247076276763
54.53551102104287
57.3891954799156
59.09304439075872
62.4734128221421
64.65078674594679
68.86991405656337
71.66453417142795
75.85062106508634
80.0578581745414
83.1893311908975
86.47744524920887
87.49910242606575
87.9538565506833
86.66283057834397
84.23094497356254
80.7341955904138
79.42116465676835
76.72230617550733
74.77647167678244
73.26166515427055
72.01038621713477
69.74459135726673
68.53154521028586
68.94763677967521
68.5124844999658
69.38844516977238
70.56608849332773
71.02260615506538
72.86463133055652
74.4103328394206
73.36529747739216
73.51722646668199
74.28380521187768
73.94205071116227
74.77665530440332
74.50642744021712
74.87114399319657
76.49129959233288
79.86839226365989
84.7108807525173
90.59119797801812
97.99650327330141
105.3349339229697
110.28595970972601
116.29507324195147
121.29384318153222
123.43671112722976
124.04276648557561
124.79163289052437
126.13793840231645
127.84610360497055
129.0120346216292
130.6172417651909
129.70207261086549
132.37803619006073
132.59833920087345
133.75130406377315
134.31641129632382
137.38325077613362
137.6091547705157
140.6950709282543
145.65148439898033
151.91293690446017
166.58633829988392
179.2497425753975
193.7777967363136
207.43429659123828
220.50452467600994
240.7766062909825
254.66892292514132
267.43896706163923
270.08593528519356
269.4726452218378
262.7098793693928
252.3893354347974
236.52058780167593
225.7421354271421
212.50997012811757
196.64687739458873
183.57536541239028
172.44143196844763
173.94784049454478
175.50772386986964
176.79834447283002
176.42011529200937
177.32960129413655
178.1187691788343
176.5708122316146
176.2266344233845
176.14737308914115
176.14690448604134
174.18899347232386
173.47862730558165
170.6732588172686
168.1273421483386
167.66339974729945
168.39867554241357
172.15339540496475
178.48099618427278
188.1459852133917
193.3442469329668
201.9401550731235
208.54839734465463
213.6082155257665
220.72666358322417
225.483722434999
230.31161779821502
234.3875902902213
235.84883276712523
237.85798258611558
242.82745245357313
246.46427154190434
249.07722131514151
253.3715499953811
258.8912313709428
266.71806903704646
278.05594858519714
286.6441743643964
293.6024594883517
295.4436689109355
296.41250978189424
288.21018617637964
276.47877436159933
258.2387810712201
245.30308052164395
231.1477142845851
218.42775265462282
209.14226883518202
196.49037157030614
186.21854421762995
179.35034061714427
176.38505567192553
175.18291685381305
170.60076795822098
166.55945961191895
163.09871477132154
160.08901864345046
154.97091568462966
147.13401268114296
140.87848241702537
130.02893580961072
121.04103346722229
116.2328816856441
114.03871018399039
114.6449519461267
115.53713684714312
118.23175913906033
122.782845288247
124.9992384592579
127.44559093438885
128.99007898103747
130.05235968090963
131.83381508818533
133.55412251907225
135.5742376975276
135.06313071759206
134.74070875269456
132.24338558295
128.94924192906825
123.9437150693003
121.36133999628848
116.74159270367615
113.56962062561428
110.32364171270864
105.59172512881183
103.62334529640974
101.63538623211645
100.92265672504175
99.8462318420683
98.32910779576399
98.65146960615552
97.50458759351739
96.9694087770362
95.2348912838436
93.70123600521906
90.16929770814936
87.36211545852015
84.67678312997938
83.28708209540603
81.43705438176639
82.1987395248345
83.53682963669424
87.2427967073838
93.1693394533441
96.67109685601322
101.1377442703941
106.26444996670423
110.09018669664063
116.03408805178401
116.10480051517575
116.51330446710742
115.45171008570452
116.99190510848021
116.95044626694543
117.03104404555577
117.3775888436762
116.86735020120028
117.61478964443144
