20
23
d
78.48388321640017
77.8669071316267
77.37232675332685
79.09864985783915
79.25753127175614
78.38127065176414
77.70363842362835
75.52050349221399
68.9893940360754
60.53431884397103
55.312905505128
47.751246380685934
40.851528281825864
34.30246070182019
24.32707379715795
16.629735529980593
11.60417682828906
10.324499122901734
10.635245022902641
11.389454784219517
13.357462719740047
15.32250069232807
17.17222816105749
19.684173807286445
20.37976642427203
18.70363256617646
19.41677025724779
18.811618860534935
19.278376346237746
18.673575984409972
18.011178590924874
21.772013676892126
20.074686781449266
22.757197497077456
25.400514456626524
26.4689446846303
29.466198511750655
31.381277074891738
34.3540127617447
36.43817153862642
38.06687932745346
38.85300566878469
37.4709483257315
38.005990962656234
35.901769138358176
34.14815144840117
33.189957445127185
33.562981327441605
31.487941679593
29.743245053477953
26.960962530238213
24.82500349310576
23.432024534775362
21.43149202110581
22.80755257665183
27.553494326958152
35.31238150093806
46.51830486871567
55.04358653290854
65.47279036325739
79.10679397740797
89.72088223118982
103.48453372339301
103.74555348184185
106.19814247039547
106.89503835221856
106.16873467690675
105.99478581045209
107.5619791512096
107.2396720086197
107.7003671883535
107.20966803408797
109.73359870911969
109.49090348216848
110.94480538974422
112.36039436830947
113.82690451105168
113.84449403570815
114.90521377924294
118.35392042714204
121.20815293262775
125.93066330346392
128.3932747972671
133.38019669339016
136.1949738828698
140.95929459373605
147.0993766537006
152.38764262332822
155.7239341612681
156.49531922396116
155.34195750116976
156.08650134674477
154.40778443392637
152.9518468536148
151.12411039777413
150.56707806217352
149.9937705044241
149.10667120576272
149.09333827306023
147.90890159055982
147.91750558870868
148.34682123123122
147.89070028591743
149.6575725261045
150.89552010227374
154.59264905416944
156.8211804132501
159.19130782584475
163.47694470767405
166.67917837300357
169.50284694080324
172.89207437559782
174.75069027783286
175.016811794874
174.6046813864769
174.43716438121209
171.26697505637415
167.08412006235375
162.8088221192704
160.09011543931283
157.09550774956008
154.58812425478297
149.3933046539367
147.0969845937048
144.90962995077044
143.12540486046822
143.6880995781414
145.92127369797237
150.08991120834926
157.05091051179454
159.31798501457106
165.35371511828106
172.14220744011274
176.11331850306723
181.67213112564863
182.74817351889456
182.91758359842038
182.7540854421146
182.01702735249546
182.4706954243337
181.2133648351106
182.82507674378516
182.56768313142126
182.37840738463103
183.27057508499792
182.76515053212435
181.8349279107766
183.49165795376183
183.17391490642856
183.83267198075308
183.87295620427693
185.49677633689328
187.24026918534574
192.17727143558014
197.07841188222943
202.58579341101103
209.29256071884694
211.9650239091638
216.73214702401992
220.50385761367517
221.8755122181701
223.61103783060562
224.3653279719609
224.35070192918468
225.6952642649964
225.5756592099651
226.70293581126694
227.23481681922203
229.57956639635327
229.4972408623085
231.14817597791208
231.66048174792212
233.85592925587116
234.9042144026836
235.8885971396051
236.85560707608394
240.3162760823029
243.90107021952508
246.39232485956902
251.0700011687794
254.29428625316345
257.1133756694529
263.13600482442877
267.97263516907293
269.3074496625242
270.62856467831375
270.6927916444956
270.3068491142097
268.0504462313905
266.80427266381776
264.29452300553766
262.06500981945885
261.65121081560625
260.99441799955474
260.0383531275914
259.31080730047114
260.1710517499587
258.789567129464
259.11256677151346
258.57009431231495
259.82273735110664
260.438765458095
259.60173972607964
260.25946274708576
259.73357336298534
260.8150745372733
260.49120776732036
261.7166270782864
261.67377570329035
261.9568163206307
262.24508142437
261.2817653960276
258.27582917053724
255.0732120978873
251.86131468035487
249.5912921260691
248.17706231966656
247.46257865785105
246.6931863756628
245.84271588433538
243.0179286568888
242.95630575622377
239.95143685092646
237.12501153958308
231.0239617485047
220.59047102096417
213.07143508334272
204.86055269174216
192.46124315564242
183.20232882909804
170.04931454360522
165.98047398418066
164.56916685215518
163.52852447267168
163.26381154791397
162.6551471035195
161.04720679535419
160.68899101776177
160.2299186633098
160.0118542483481
157.01667736627948
155.1987358274207
150.98722418736432
148.64747860006048
146.14120455343
145.0881844628962
145.3445332738602
146.4832631507888
148.44644774061928
150.09476989936616
153.37481530495455
154.7530793587567
156.38931688070105
157.5401597446035
161.01817043297785
162.33700115833997
163.09750040505017
163.2219138634221
164.0126263517445
161.78110859655408
159.67420444754973
155.44898697995302
152.53021437270718
149.27586811434972
146.06137024702187
144.26919509334675
141.84328177130726
139.30951081246852
139.08607239871753
137.39358459946905
137.43924613926444
136.4603014780185
135.66191273259116
136.30976466509765
135.42673584116275
135.63368451913698
134.55222760287728
134.65238382303923
133.67061935024944
133.60213671869664
133.1343543179507
132.07754646052305
131.05423743139963
128.07373162388416
125.23545969783513
117.30741861414411
110.65726041222989
102.2361446762755
