22
2
a
221.86842444490657
221.57214081074747
222.52118482712004
222.449491137287
221.9195408737915
222.25448064708718
221.91965386828954
215.02882455497138
204.69835153521416
191.69467365288105
181.25269954318117
169.2669931399443
157.77630691394202
145.32718225810595
129.19770073141416
115.99575068642397
106.10677349515505
104.31330932433414
103.86291935955485
106.51081780175993
113.04890777022777
118.47257428299791
122.58919869083293
130.2538456741957
131.57169578399743
133.6843285191053
135.8823724229094
137.42049697618418
137.64478552931163
137.74032480636885
138.6830933310945
139.35545752007792
138.7602696848601
140.1531783275399
140.78047733707822
140.63656069864751
141.0616948151272
142.3484122865096
143.14777157403503
144.38675085207285
145.30212230661581
145.09671785137843
145.09992535745917
145.30136560944186
145.16739127637774
144.15589984395703
143.42635868910057
144.61728250959422
143.8871815202159
143.33779914048026
143.42008957496768
143.3419674151625
143.3467879729661
144.83433787457994
143.83992521580257
143.46494632788742
144.72265428329894
143.4889071973821
144.24692963987147
143.7012764288661
142.67851458985058
143.77213444224284
142.4678235931296
140.88411850248042
140.6435544191615
139.8290102596146
139.93619861655887
142.59629531859753
147.3575755548045
153.1561129814627
157.48908096661873
162.3564733223913
170.10666105969773
174.81933804833722
181.38018988504442
181.97511011023192
183.14630901605307
183.3959972029977
183.83111730596784
183.33100946945305
183.44735149617472
183.51882044590104
182.87810545544596
183.58677365152644
182.9396655376584
184.00563347683922
184.07067666937527
182.53488290913583
183.25928246800748
184.1012868134186
184.8461944049647
188.2672507518772
189.74397537097812
202.3597059733654
214.26619701948195
231.02072061329434
240.99562829048398
251.0148627073451
267.2342112075977
278.2321702376177
286.39470498865467
288.7282953113578
288.6791824451237
286.97976480159144
283.5736166767594
281.11098201424517
276.52696497539245
273.3106251110976
273.8994323174353
273.66530561309696
274.7228538304539
276.08649286062365
275.73873104374366
277.217813229711
277.08127724792536
273.49399008433994
271.11141477536216
267.421743806122
262.6566325839735
259.30289963610875
256.10509237772004
252.0716024390308
247.35281402437104
243.51095462037668
240.60612694944936
239.6494870707474
240.15240943659197
240.54159811424077
240.96851119705994
242.87208923406948
242.52988894050884
245.77578078654585
244.53367875396833
244.27670137925296
243.44151211224505
241.300963913367
240.75846388235024
241.3124147857831
239.98690696353452
243.7174628928583
247.77972910048425
256.4183294699583
260.4432752227828
266.4922047607913
272.2565610074951
277.7244472193568
286.1403664106665
292.26189783646834
297.8656896442632
298.99595028088277
299.8612323799924
295.65675361355454
290.2449799757465
281.29797116977886
276.7301575857883
269.35853125400996
265.1001422177967
259.5367630383523
252.92126602326718
247.42116411614614
242.88937102342058
242.03727516198222
241.7743383902053
245.40414527221145
250.82050071037145
260.2028438201686
266.6222360442084
272.672976992573
279.0081638700805
281.891623863464
287.2339224505931
291.2990824629678
295.5551765295982
297.6783842031013
298.67598736727206
303.2680634194164
306.6018082179919
312.2269599240928
315.536258506845
320.1024389153506
327.2161312493653
332.68213901570294
343.06874109349246
348.7947303586972
354.5064123711697
355.85448801322696
355.5496958813334
354.08657433878835
350.3634799249658
346.10928382544785
343.0041443499774
338.2842530796488
335.9254325211637
333.9980755766157
330.8904236969877
327.82665554279447
325.4359971679926
325.1226883272896
324.49047574988396
329.0913089571047
332.6698457273131
338.8823857530722
344.1433580980383
349.0889496934408
353.84979579403023
358.089744388943
365.0246727282333
369.643630645403
373.87165484003265
373.3314290620949
374.12418501116747
373.00735544220066
370.4865677944049
368.71249299211024
365.6765962609287
364.3039245236
363.3472725312219
363.41140169015523
363.6130509875807
362.95357120372273
362.0710166698282
361.5508176954585
361.9420865896386
359.0061954341214
357.0314462571745
351.31884497160644
345.98376604465
338.5050891868026
331.09184817676066
325.4119742874852
317.120617177981
315.08146256111183
313.04545402387555
313.21427088620874
313.1811267299225
311.1168691275298
310.4635564596105
311.5378627195402
310.51163445725683
309.38267598258875
308.37388142331906
305.77348641059024
304.8105972517443
303.98409527704393
302.4581445087687
301.47294625602734
300.13273389827543
298.64340213222874
299.0427739029895
297.5573045927999
296.4126999893547
295.57330795852397
293.5356656562147
291.57759862515326
289.62229316944945
287.5114821104699
285.67672975006326
285.4551080123435
284.924851170948
285.02458583807396
286.2918199237659
286.34083824138065
287.8825795752254
288.29030494603774
287.51312169356095
289.08899398374
289.61678897668844
290.58297493471923
292.807648178662
292.67479919012794
292.77361693109316
288.9158153764966
284.4048506118648
277.5096066753575
271.97183803122425
266.0598373615298
260.858251987339
256.4500111725476
250.48782896804818
245.6800782063728
242.88718304426018
240.63757664558705
240.34783490807052
238.01221761013136
236.64645322964356
234.28782965955222
231.91776427966616
230.3176851851599
