9
18
b
11.406969499184063
11.65250671573215
11.78180831505947
11.287297228107391
11.772977947548437
11.026423798272203
11.947859069252136
11.53109443111049
9.22150766390523
9.116156542449204
8.101225789643426
6.550206596093123
5.013026823275792
3.5569581583159726
1.252839213714668
0.0
0.0
0.0
0.0
0.0
3.483081850222605
7.78226087779637
11.91481502163278
16.325500035520534
21.273864678324948
25.33495465869184
31.281975330756584
36.453837627224836
39.36765220747096
40.72582506613604
40.81056634275808
37.92501077724026
33.0613676168138
26.741721238189456
22.36085674832552
14.976343246916631
11.398254596946229
7.173906782068193
1.82433901584495
0.836163904835435
0.07276558787548755
0.0
0.31710583381977864
0.0
0.0
0.3254917461125359
0.0
2.090086657494075
4.020204209733756
3.1792516801988704
3.4904909741505294
3.1574736426454177
3.4996911554691943
3.9627817813769712
4.164232188072113
6.5536341742450785
8.49325031361879
12.023618773969707
16.605663966264043
21.19220664294335
25.18311146831584
25.866705812605183
29.027245501184552
29.75614339911191
33.24918060879665
34.885371563871416
37.938845316978316
43.104376760739484
51.25457775567526
65.30625178667968
74.18304548382719
86.99288911014276
99.00760176251718
112.11295260753683
132.28145546834884
147.5834320053685
159.3895828145545
162.5808069772505
162.53717073880577
153.63995356938392
137.7361089756419
116.64957085605947
102.56616418964356
84.11191821069899
70.33780780158666
57.28233966936745
39.17262838247938
24.809420288568166
14.8507764802787
11.282788346991236
11.533249636877164
15.275136040510866
22.419906774940422
31.014184969082528
38.6705685180854
45.56006550202103
49.28600897509402
52.44112723518364
57.61550220570184
61.420657750475065
63.46153814561604
64.40769705944848
64.50781537672422
64.11398102030921
61.788892891756376
61.26083736445283
59.102849764234506
59.70249747276481
58.418773562938334
55.10559755732972
52.34691814227673
49.03015197617612
44.99157085606492
43.818983760971804
43.48493299926941
55.80412927499702
73.11139822064511
99.63727810387397
118.1196774385289
140.53388440434148
166.12185415159982
187.5699806390366
216.12201546562113
228.98923814389477
234.63103204733824
236.34798576077912
239.25986915251477
242.44327441739327
244.50007472547458
246.0327065978457
248.22088788064298
250.48158955790626
258.5943391817736
268.1970493801722
280.68479667042953
290.8891315398877
299.1543065735192
301.42545106792255
301.00663632642454
292.4657626477285
280.06320561819683
261.03773706904406
248.33082496214342
231.43890620330504
217.55946727993106
206.39755391575645
191.66223048638668
182.01328654011783
176.23706770139222
174.56839098168842
172.59466038146857
169.62876648088493
167.23696096787347
165.27143249237506
162.36215762012554
159.21879967309397
153.120730366806
148.08496289970267
141.04952438426122
135.4022573088112
131.64442493891036
130.5378594452509
129.65751722965138
127.1870850105062
125.4924625179599
123.33517435565282
121.00972799902603
118.94926299151948
114.03265006893747
110.07130605177413
101.73813654237769
95.6882465684444
90.10477334204143
88.77225711072442
88.74842402259537
95.28823074898537
104.84658895895475
119.82622041975918
130.22939405978312
143.21437067560322
153.68049838168196
164.76978635450868
183.71758545243836
197.20088230253305
207.67484130626235
210.3557278534102
210.83197234370027
199.29570927652424
181.93057981568245
156.94823136608554
139.57607371870503
118.12628867720127
101.66372133911392
86.16116054792356
60.91264283526325
43.26571764430952
28.25886698234763
25.25641678179032
24.968798025614184
32.7914853966467
43.36586306867219
58.02220650150687
70.08623096189875
83.56325087341175
90.57348176393438
98.78958364901096
110.46313881536707
120.02517579639706
126.33201325360345
128.31350479554445
128.13019462422213
123.23100650492341
115.8360485374335
106.3516244430185
98.56860725157462
89.08711520739334
82.31897157494487
73.1501843276135
59.9869721327006
50.976188018345745
43.64089124230593
38.984098601775266
40.599070301667886
53.70937831037564
72.73473130716003
101.74758404683311
121.37301950501372
145.57930206501658
165.35915153698343
186.8477715672846
216.34196224583857
239.40886501391083
257.5038191793815
261.1704532217831
260.0970224610025
253.2787524920695
241.62135705184048
226.24987031202795
214.52934619412616
200.00718388073506
195.6166552455031
192.00961542132984
188.5901107572681
185.39885786230843
180.19065884688473
176.86928864686357
172.1669746313855
162.4604233477201
149.5844289751934
132.62418694719256
116.69524009423421
99.02040687752378
81.42252297563662
64.4428844598294
38.262217648255
20.20440744176602
4.68399204509972
0.9853826218663407
0.6814088824800295
4.186349696626621
9.679162259046628
15.889716258410957
21.83415094574701
26.243306670929964
26.49035214717486
26.797117274099328
26.255051932176254
26.927437206361716
27.170373721981
26.16660849214375
27.08502422054196
26.764418179317097
26.967476577736253
28.974385108142528
29.518958759831474
30.89703025832278
30.75642395313162
31.060716089276028
33.2241784761826
34.65116510074512
35.79492948171594
35.35914985184279
35.884059245679566
34.28851362846382
31.617040206290213
27.52262630784765
24.15695234548793
21.404603637021623
