14
25
b
101.84044182362983
101.9855586872635
102.0748581271033
102.21595757483247
101.71217773508636
102.40260532853252
101.19707914174462
95.9708235552762
89.84276779702635
78.6398836331887
71.85878137472766
62.566093162135026
53.24605857821871
43.71874857759105
32.23826304342412
21.0518638313176
14.541440175705759
14.239165563990149
13.114806432960991
13.83470556927481
18.299815038418398
19.94494749423297
23.299845069231427
25.733145166058456
26.404611052932932
25.77796341458177
25.316743878894464
24.922856065905446
24.15321350381266
24.02104860731958
24.00883015137544
25.819159204688
27.257787433382116
31.529242851351377
33.053127917503765
35.79389696845794
38.21171396894389
41.04633633884517
44.56161724026083
46.36072019098596
49.41999213840347
50.029527470431766
50.22871099871918
48.541957444189215
47.34783367904147
45.64917258677537
44.00870562234451
42.90137387018389
41.91695119985041
38.783693547411346
35.85269886738735
32.00064420227016
29.454639282591984
29.06087471393123
29.441468974152716
36.21282439539663
45.32164034431592
60.775511803419505
71.35141458207875
84.49859817698771
102.16132598065009
116.06848944982184
134.27105083967987
134.56860945893405
136.99221352407045
137.87734081754692
138.66872538546235
138.98069657939857
138.57474558100944
139.73571421022078
139.8636162439712
139.71168099956182
141.5298063997343
143.09799154559016
144.41386258538873
145.32868838412483
147.38806391489425
149.0805920294438
149.68020242937322
152.94937622950889
157.38080756106626
161.83287286419818
166.32970741710744
172.19606911008376
177.85820017486205
182.46994872388828
191.56372750679364
198.07200957326828
202.5074041573869
203.06331557342727
202.91532073568436
201.44717453146765
200.38226957361033
198.56827848226783
197.55998014864178
195.16339151344673
194.72120281455375
194.71284125718614
194.25251586523302
192.86327822194335
192.7041302382789
192.3352194576475
191.6087975830245
194.73903484678974
197.51058568926436
201.17971989556963
203.81287295816935
207.72513070736895
211.0233128226649
214.37087087194186
219.87238090595383
225.052459880027
227.42645835568896
227.83463255579244
228.3919289273579
226.76249668326756
222.13974826627808
214.90322266601453
212.28202838491538
207.7819867001528
203.9737598286166
201.04584679706616
195.75565985062693
191.71525853194396
188.14972527822746
186.22739433422342
186.9783298682623
190.10487859845094
194.790510469398
202.41246387615087
208.37246306430592
215.30118866561187
222.59893636463715
229.5614022178077
237.5738742654078
236.2152830692369
237.24770420824393
236.66447833912713
236.92064239480732
237.5113028877777
236.83447965269733
236.40070984032923
237.09963402245063
237.60210891676863
238.5720568368641
237.28679478688613
236.8863661467054
238.42879131461555
238.4009028860007
239.57554536857685
239.60839658486697
241.40316818037013
243.50204523394123
250.61881189677266
255.76382576658736
264.0078808386397
270.38210298553497
275.87269053297393
283.258432064987
288.3393160571252
290.0537202385146
290.70621091861585
290.68057539997557
292.41987771440006
292.44222240084616
293.84932104859405
294.98083607837845
296.1427447251241
298.0051858226143
299.8608666017471
301.06980323077397
301.5943658314627
305.1076057837088
305.5173564234169
306.31082132739897
309.4216633052119
313.09128024679467
317.6511016453115
320.93103839301887
325.05959419942496
330.51150588856103
336.3038197914936
341.52755781252404
348.00109460239713
350.7058733868858
352.05457830574437
352.31137632916415
349.7034287214016
348.93307973046666
344.8965166938701
344.0473470974898
341.81856329678396
341.10939650092644
339.8840444875003
338.25558094377493
337.3820950341468
336.92816967588465
337.14031951451386
336.39567477325727
337.7646358276662
337.9556294809922
337.7892488857624
338.1647789641839
339.33796534897584
337.9713077146989
338.7998495073525
338.50043801662366
340.0267822972973
339.9599957945406
340.7738395037764
340.70867569389515
337.27353141179094
336.5684262325981
331.7062269964922
328.52872679924843
324.66794123752817
323.5826856200516
320.8641183842356
320.9404465924302
318.6023599945714
316.3304237114537
314.98219334068204
312.77041281814496
307.1702314086424
301.03840513432067
288.0535195144271
278.84641372452603
265.3424103802125
250.36250108803284
237.7913703901753
220.72862011021206
215.633934803716
213.90614205430168
213.32093194164267
211.73467694751636
210.03566366210205
210.7026883833887
208.63241209010886
209.0092599322296
207.5701022105104
205.2438649246722
202.3972764942785
196.52088166029114
192.57029515417906
189.55233268644858
188.22101937419183
189.31518478511055
191.40754923023206
192.136107572511
196.30719701175684
198.48218640162483
201.18885750093136
203.0164724966944
205.44888972138833
207.5793379923123
210.6422092999341
211.97377191705203
212.92840520908422
213.37172562300546
210.38280181090755
207.258838349441
202.40252100248256
199.62462059377194
194.97579684708256
191.35944275082213
188.26281145549953
184.52773083835552
180.64948528097756
179.2954396995409
178.4628486486932
180.11848874303942
177.1804511453043
178.17139866140562
177.55998576129406
175.88085028541792
176.07628862709265
174.83205603761752
174.91252825841883
173.75252704646454
173.45308469409267
172.84244710021596
171.80289624105305
170.66230277562698
166.7508546061694
162.9875443366495
153.07725171836998
143.68586055653853
133.01229555954959
