# format: from_node, to_node, traffic_class, traffic - demand values in each iteration
0
17
d
192.20737932357468
190.11515118242417
189.752834416769
187.11923041980882
186.25388006406644
184.18210704009587
182.47910884198737
179.80707164887556
175.71331238336074
169.44557507768656
159.43450878884607
151.0561640643535
140.8057961722875
131.89596527136908
121.59240030241119
106.3286219878926
97.13792751235682
89.11241459229478
87.39605125594852
87.32037908115934
89.90430688524629
93.66557062179197
98.5423882255469
103.4778252762655
108.50771657886791
109.69514007497563
111.88135440930269
112.67055292262803
114.24796205326832
114.9565309835601
115.4581413496482
116.32071795221933
115.91897131205673
115.18607047848417
116.14251196096892
116.34727507783902
117.19797833441953
118.28195638413452
119.29048792336964
119.43311691174571
120.57876683169937
120.69173872166637
120.24702483473999
120.81345835794332
121.21566917951878
120.4990320309649
119.77827013480128
119.1152111165629
120.25872165724992
119.88846235166137
120.18588546850016
120.46751997929381
119.3084793224708
119.9996574757818
120.14008440274452
119.36573148275657
119.98815016812922
120.7661969342975
119.6874657632481
120.42108764949386
120.1984259619066
120.64980434364824
119.47002015460298
118.94083235806768
117.94629521041418
116.78754515335247
117.38809572433152
117.14180052228697
120.31124499048728
122.96609712281183
127.47654441609589
131.12948434261858
135.68140685263268
140.34549130074947
144.9692786142521
151.50002494415722
152.1879400223251
152.03377060359063
153.0435994848993
153.69970051956926
152.78540225329553
152.50791993054094
152.648177924686
152.13336953191617
152.27590070902642
152.19134237982684
152.35725922437024
153.2420868367426
153.03354395471408
153.66695770537598
154.36096292987483
154.62650363295307
155.57560847170416
158.1243317823712
169.6685380155111
179.34942668422116
191.54617373168293
200.80379741719918
208.47615680862646
222.26916761816125
231.7492696585975
238.7813919837195
240.58107268715398
240.61982894449224
238.83322410117572
236.51382338236522
233.31792537043313
230.8074930769754
227.89910301577055
227.26610524372424
228.1854066413924
228.84247545736986
229.60977135882783
229.60135696464354
230.26606732468755
229.61887477439078
228.41525511888526
226.15082674777327
221.60113665213524
219.5092959680336
216.76020362703306
212.98222395893103
209.63422751973994
205.330697623641
202.48070722459875
200.60071483749545
199.46023418484853
199.79591069711174
200.81628688558663
201.27054057725616
202.05868046182727
203.42591621741687
204.31335231877813
203.68299131009158
203.36675826945356
203.36244055950618
202.00815236870955
200.1783715071864
200.53757531368925
200.70613442342594
202.73618281422327
206.3173994671864
213.61390499791625
217.9322482371847
222.22517417685052
227.18527818404766
230.63628916855495
239.71127876069943
243.17817055825054
248.778978080713
248.30217960956927
249.01470024083093
246.782931691968
241.93847251626653
235.58319534908338
230.60336649085804
224.24258198343782
220.71845648800394
216.54489670332805
210.45517487665444
206.20830407787278
201.72448742116967
201.77453086081775
200.03478467213213
205.25766575861962
209.23146510133236
216.5658471541266
222.04502955874477
227.52126585813855
232.63332742824528
235.80934417876236
238.8378265155822
243.24266772877888
245.94552584318842
247.2348117340174
249.51559403078693
253.64748286252853
255.58502726225396
260.20104394353797
263.26668557085435
267.11850262031123
272.8873448426729
278.0789810875169
285.29920927487166
291.00467906784843
295.15100314201857
296.23894218361687
296.59843897557084
294.13067982350566
292.75468037580015
288.9586146825677
285.0145765593502
281.4810553413283
280.76029121032377
277.99325796818977
275.7062162981127
272.10407480617056
271.76396993889716
270.9033860889105
270.65711359631996
274.3991487763319
276.6721236773547
282.68476847289776
285.77692068571116
291.1530407033959
295.3216707381254
298.48255870980444
304.20448007528796
308.28768335462837
311.62130468421054
311.5696419105619
311.83087119374835
311.11237670473116
309.10662735704693
307.33893750615255
304.14871724394015
302.60613860442277
301.7008826843894
302.1747828837033
302.67343444157063
302.1113248180052
301.89572199435963
301.0016403237866
301.32271452917706
298.17612046129074
297.02941765152843
292.25501985075203
287.2596524586888
281.167791544132
275.6062716332335
271.0257880702594
264.47986970691653
262.10502010193477
260.42880325086986
261.2159708563067
259.9190646281669
260.0493789696089
259.01779944643783
258.6725762248439
259.5930606870357
257.48583397735064
256.685075063847
256.08637579363744
254.13346901221345
253.88408979964763
252.1279397211237
251.88145997418803
250.5455408249884
250.52449963758824
248.03919137165985
248.54594617184787
247.46700985567708
245.70703931911396
244.38746667443687
242.6216947205006
241.53783927293634
239.21255470411378
237.74756221258167
238.15886967648748
237.71281827524592
238.3153903436165
237.87637869914133
238.59819164883766
239.26575311664445
240.33310978711467
239.66491991865018
240.65203332750988
242.0091305185577
242.7785415733809
243.68954074064214
244.17876443080354
244.21227923562668
240.70795794153304
237.09666060158472
230.2737800951983
226.95227102736246
221.6530035698244
216.48432708047537
213.13756977752124
207.58958953286788
204.7733309108558
202.02744158686102
201.3766645333528
200.0513236252462
197.8304391385145
196.71234451069412
195.59555499738195
193.9606236906573
