# format: from_node, to_node, traffic_class, traffic - demand values in each iteration
20
19
a
211.18563116323372
209.63463573257755
207.8677748937768
206.53295082052747
204.43554177413208
202.573690031129
200.93733416137923
198.64684012922245
193.46747250956412
187.46619364742003
174.4927097909028
166.00842847339362
155.158486034656
143.57457176364645
133.3552766068948
118.00311966841308
106.36557023817547
97.573462210523
95.18420615737428
95.69286153681541
99.1895830128096
102.87879734441898
107.92334365546049
113.36645393215535
118.46730688438342
121.63255694287243
122.5640909074248
124.80264506588709
125.8430088194885
126.46835457248838
127.26819920324921
126.73039401150635
127.81855294242563
127.6362507691752
127.76212868677068
127.09796298776259
128.2170022182883
129.96631571376543
130.835777125985
131.19172397240388
131.63231087434633
133.553086256046
131.76784357874993
132.94331149048085
133.08283882498168
133.27767956863843
131.85506786857232
132.99590874672228
131.45076082586047
132.5727168074673
132.27885991868587
132.1533400302654
132.09650408242723
131.97817767151918
131.6221267298756
131.59483622715075
132.70506249991246
132.55058992676422
131.15155100670574
132.29102753426704
132.27068633807232
132.59080352228983
131.83605784404432
130.65827124439335
129.8117556823339
129.36918530153778
128.19648786205977
129.00585772730614
131.5256911672816
135.55511186466694
140.17168747055683
143.4916541141501
147.67773101793313
155.46516307751986
160.21453094480594
166.6340975327527
166.91943542507994
167.26624061881074
168.41823885621253
168.5925200229048
167.4135430313753
167.64011317332267
167.8787375975699
168.92610803545688
168.85961162306137
167.7892219895465
168.587594680977
168.4962116683268
168.40237528526265
168.63119449544686
169.38037291978122
169.74294976795176
172.3129203609263
173.98050255159103
185.39121369033037
197.66297350562508
211.65703684418193
221.80787765788946
230.44966070485762
245.04461123933214
254.95826874243093
263.7112051035919
264.2442067844391
265.0905260528055
263.7000565671932
260.024948374516
256.18454685198367
253.54297826555285
250.89217681908227
250.58798061940539
251.36800998380212
251.80639662020687
253.00704703466113
253.6384140584832
253.64477200905554
254.06006539522485
251.33714164497974
248.13699333581712
244.7493968026917
242.36346771526854
238.00317808660034
234.43424082697817
231.26751496190326
226.18156513335205
223.4613245183338
220.02716096264214
219.37857746035434
219.7862331712012
220.87391084801982
221.3935060257249
222.20896950333932
223.9525801366133
224.43070185077784
224.49649993434406
223.3629544899255
222.7310757751515
221.98050788576523
221.44849895832783
220.4947700143864
220.6652303329497
223.62278818278818
227.77545739019575
234.31444204185928
239.5169236884699
244.82129226031205
249.2247886146948
255.17370286015748
261.8537189558952
267.7861943158101
272.1346492946171
273.95507208931065
275.13167403327
270.9801308246445
264.84741965517713
258.13545336948016
253.23312773036088
247.69899744836783
241.99092061012865
238.54907379093956
231.29861243609173
227.1800154937979
223.12563474954695
221.19832882543074
221.71526838166844
224.94873157202287
229.43144114222667
238.15374581472318
244.6693878648714
249.50538932741168
255.264167970465
258.0379258449149
263.71241615550076
267.03223598917845
271.28659557794606
272.8433001931973
274.52244590526027
278.0963204504518
281.86262492638105
286.7173645106775
289.6103995216722
293.4873802502755
299.65385523404063
304.62381922295066
313.74525163048116
319.606967236229
325.31971655612074
325.5763560847003
325.4184802765563
324.71476577957014
321.01428196429646
317.36125401267776
313.927667856945
310.0952083785759
308.9915696692901
307.3456117418916
302.97106503277007
301.05597597847935
299.6656199735104
297.60927842606685
297.5253014507452
301.057391726962
305.1119101863711
310.77914914519255
314.4627941388597
318.55963100445314
323.99751856903146
328.2198288714678
334.18431664940016
338.64402776589094
342.56549896799015
342.6279949338222
343.4831895267117
342.48657897261495
339.82590344780766
338.20025379765394
335.1206277039121
333.91535765585445
333.4970490814068
332.7203404492292
333.6699535218877
331.28412300473025
331.86429325510704
331.36162469925
330.6234184427377
328.61576017622957
326.4791212849861
321.85873032391845
316.64626146677296
310.9141803636765
303.3728549070468
298.4592804717641
291.0591528365401
287.65116514617006
287.9447771988299
285.73239821677146
286.46228737566116
285.9001975708375
285.6242394841348
284.48371842703114
284.1014030694349
284.4246931008236
282.73897117677336
280.2651538164479
280.95022320915143
277.53081758774897
277.0306766233979
275.7884215616743
275.68890438702687
274.81342318471167
273.5649666524204
272.82492948185586
272.3249839229494
270.77889715924346
268.9107592488742
267.3563935609928
265.5290130893377
263.81020352010626
262.2208619655734
261.22097479672277
262.00993236223877
261.7673456709691
262.6181592925475
264.12143856843306
263.204636244485
263.7058453255623
264.7401732854308
265.35903317830997
265.7927927964084
266.49609808481677
268.30757537191266
267.0530047810725
268.2701575718486
265.09162781938426
260.61641196170956
253.56285933803107
249.71606732859965
243.83598886234833
238.73170456763395
234.83508363367517
229.31776343086244
225.0048224756575
222.60039645259414
221.19186126610145
218.776704655586
217.97552552433086
216.26577063548493
215.19483292522145
213.2229171280571
