# format: from_node, to_node, traffic_class, traffic - demand values in each iteration
4
2
c
107.27846134719411
106.3806564320383
104.50628234578532
104.66651581227725
104.11259252700451
103.0229663584903
101.30218790173802
100.31091810556754
98.18120844606618
95.0823976098208
89.61921851051223
83.5870630701264
79.95748852320914
74.07607615556248
68.12436700066684
60.53472636644776
53.584025028995676
49.377373826332104
48.82684587312308
48.270378661012586
49.97082588607551
52.05234018807084
55.763429612044014
57.648908855979116
60.33852541473768
61.67945038782715
61.9595138392556
63.58431942382401
64.20287192488838
64.87911021299111
64.70527178385524
63.91661371893155
64.49939369719958
64.95763818033485
64.6582612818021
64.95484908982935
65.15388046191458
65.99550216757508
66.05584981435658
66.72282137822019
67.53470980700915
67.84286191957074
67.39193276050328
67.48256419055477
67.81890755530867
67.72828132916732
67.69431624340837
67.67850641388918
67.12494854721447
66.97068589582453
68.21700609212921
67.51991228928041
67.17076144973939
67.28986752589064
66.86547218636838
66.94796153559159
66.97055416165297
66.45272005113898
67.64863021113398
67.53463015207845
67.45234300455617
67.05676270657571
65.76341401872371
66.029704136217
66.3001445275647
66.09630796214928
65.51506919870111
64.33851423786348
66.56128625458744
69.8697341126063
71.21779335589768
73.6547385176403
75.27497508016394
78.52094622021478
81.73854633239509
84.29695108103788
84.48470957672677
84.72765172641202
85.47058192987826
85.07797210470603
85.47434673814148
84.8730829707497
85.88907966161183
86.32219932165718
84.6777525898147
84.8262025704991
85.8333995176774
85.13267225043765
86.13968863421258
86.0395432627206
85.92463122308752
85.60314790485926
87.74314551420993
88.2070050168768
93.71296667084148
100.14160271486378
107.4017998615166
112.13260897676993
117.50759766970808
124.64206679224219
129.27770853886983
133.69029762999048
134.46068344492596
134.62839332959078
133.22480069496083
132.24588360502065
129.04854067657442
129.43133973173846
127.45770843791773
126.92310660958339
127.01775397027535
127.50294952474549
127.48597971829949
128.08319446531814
127.75138580600505
129.07295405695305
127.96528708860947
125.86517704416295
124.6062463607689
122.53923902611741
120.13643986719177
119.00427904006114
116.41865728467722
114.45142165443913
113.23465026493854
111.5981061221201
111.72233471897229
111.83510192139272
111.50577171411088
111.35179348298153
112.57504212204647
113.43356229113165
115.16810225364479
113.40257933354982
113.3942959450712
112.5554886698909
112.66081693561307
112.02663257481686
111.61254404893162
112.71405412111336
113.38550365545602
115.64575511674946
119.19656460844035
120.7176967402773
123.51403057803155
126.17298895091028
129.36348833236576
133.39548719517296
136.46191072514804
139.67662787732016
138.3630976452812
139.47581669083235
137.47819955870676
134.49002571718057
132.01582283774832
128.14669254683247
125.60932717442623
123.37911943507378
121.40853474394714
116.85937195523424
115.19647393563021
112.47454193647626
112.4228303110065
112.21173737552473
114.1920314106167
116.93638010952304
121.59939801023748
124.3999683719433
127.75602648503992
129.6885770503835
131.5017897670836
133.46573812454085
135.82783344744726
137.85335166669444
137.96390133150166
139.64603362607474
140.90460913773484
142.116361619599
145.25683141709314
146.79525549005092
149.03289467990763
151.7181646613845
155.68879093750243
158.50803976096697
162.0404168351764
165.46017206335205
165.48973446216164
167.65532095885843
164.8975006048252
164.22322326323365
161.44816342832073
159.51868289935206
157.54950518140376
156.12348281122703
155.368542304657
153.85745309637724
152.9053779635803
152.119574042473
151.4778375659003
150.79066324910286
153.2533698904833
154.98793342786925
157.82259373657956
160.1245474616998
161.8824860606024
164.1595804947846
166.80561086851822
170.11148437409724
172.82326240144033
172.79712947902388
174.20201676060452
173.74707886979218
173.5682997061483
172.54738262403487
171.8814070678792
170.05289865662064
169.4940601351553
169.27586365001912
168.60252793428347
169.35736612006394
168.4486033960519
167.62960989175218
168.54466477765507
167.97497346375144
166.94215976429948
166.09654060402588
162.78274133686548
160.6437993751827
157.78371616377967
154.8312887769069
151.607180169402
147.90761621542134
146.0213133206891
145.31616941014144
145.64289944261498
145.11276170600988
145.67118560287517
144.10504234718016
145.46116798117524
145.36543898897403
144.7806800591274
142.47195061646084
142.59465210228387
142.462821033456
141.3111291278324
139.87406331927957
139.92356872522276
139.86498812332084
138.1327714012699
138.62848342705365
137.8129949489149
137.65321586507804
137.00822502703585
136.15618347159958
136.08739163420464
134.98696670166703
133.45705181970789
133.16087079539972
133.0323639338485
133.00970275496198
133.01592527626326
132.6572386722286
133.62772613802005
133.6428481317354
133.4884651868134
135.20713398998308
134.1066443845333
135.65199275977886
135.87559799432168
134.7609305679876
135.45313848217555
136.31184658320382
133.66081495711268
132.7352899202435
129.3194580287372
126.84204121349245
123.76591203703022
121.19713522482223
119.13338656453891
115.8021445197888
114.39505794579222
112.29093786180694
112.08505806026227
111.74207813553868
111.14560989050885
108.75965613376869
109.12393763864048
107.58503907812505
