# format: from_node, to_node, traffic_class, traffic - demand values in each iteration
24
4
d
116.28309428413645
115.75914317905685
114.64313429065602
115.26269020735468
113.4345201386095
111.35568005324403
111.56881204128393
108.66209895737768
106.0120250617539
102.91145450271617
96.86972810601877
92.90519760848308
86.3072258990533
80.43490522761527
72.89337135326909
65.1270449629372
59.200273981576736
53.726227930173785
53.08677452984612
53.66175858728642
53.46808266650748
57.684554796698485
60.136978387175105
62.68874613075164
65.75991559546355
67.46935373855513
68.05404368499056
69.04639080275376
69.0775615582397
70.14070703223406
70.5028847149342
70.00430411139267
70.30686233100997
70.54088894698364
69.91011703153382
70.9928118681991
70.5207374723144
72.07511820746102
71.77495269992278
72.22651094187019
73.00612690698924
73.64220823855085
73.78613536910781
73.60364570971855
73.31254275997438
73.37973515187511
72.85761788953111
72.39666648774677
74.46137532848604
73.64579794531663
72.78687817399329
72.32703641850756
72.83145967344181
72.64024935624902
73.96163472053176
73.31772377795892
72.6606864993724
73.05928680635218
72.06519417097746
74.3490461053205
73.13909125690655
72.9632485357607
71.8324313945787
72.42117951657985
71.99164168720633
72.18222517393849
71.45871152338665
71.16020104947204
72.4741177103372
75.47166168938998
77.67127081942527
79.09491327619297
82.20650557489846
86.09212931999639
87.8463749743767
92.33644496559666
92.4123260236539
93.07475246709954
92.38710680527362
92.6054067707241
93.37802435809824
93.49946509408989
93.19547491182631
93.69264425513919
93.73836780616746
93.86979179790744
93.77568387983169
92.86122756480833
92.81398587543333
93.35815622209051
93.40007390832727
93.68997866126577
95.94846147152516
96.82598311681011
103.05222891441316
108.98289668035198
115.72902956070425
122.08657794813772
127.74285573135595
135.78123592497147
141.05942896104847
145.89956475358096
146.05331713656054
146.64055577550508
145.23009715832214
143.5501029314234
142.3639390998885
141.70140296194398
137.75719460352644
138.27594937550487
139.3129146222841
139.4446093232474
139.41734603145036
139.92313361874673
139.8624228809765
140.25481336034022
139.11939650906876
136.58100121608146
134.82721603537578
134.32877014611387
131.0189909961812
129.98132278483112
127.68187367573573
125.21376631060711
122.50897096589566
121.42347229967817
121.59503661977583
120.68426727608747
122.11830391700626
123.10207869621269
123.41277166463165
123.63436732406366
123.59290673103186
123.68682768700899
123.11048579794578
122.24716927522542
122.28187092574494
122.03000954469984
121.57304528171807
121.72273718035166
123.34552964212627
127.57063266887411
129.65784075875314
131.22684114896077
135.37276148921376
137.31318443496806
140.5998576790273
144.54037005723137
148.70491542109346
150.3642130149716
150.8092163966259
152.03729222802585
149.62973039582226
146.93112641352172
143.36481423141296
140.05413988982903
136.9458035832165
134.08499328995444
132.03725635388588
128.9592417362063
125.1740293466069
123.08759436281169
122.95140259809446
122.30528593036276
124.01346390393047
127.84229386620366
131.45041522493932
134.1005566621547
139.0469799207797
141.50138872950498
143.62146264371697
146.42371309822616
147.58736612447836
149.69415795418942
151.31296745839728
151.86151434336097
154.82386090140753
155.4171007548957
158.7696969234757
160.90760737722442
162.4615970457052
164.9421456066251
169.1935065803423
173.03662647294124
176.6693410118621
179.4757883617815
180.33986997541507
180.61977182884965
178.5179999692595
178.09597256443232
176.20838470016656
173.03548097377262
171.8282650553083
171.34661368502887
168.6945052758966
167.5092689248158
165.70695806515
165.11439496621853
164.07109610358157
165.38431956126396
166.06231722825217
167.8555809009621
172.65259100690633
174.73426033920245
176.01947882584813
179.8638481746006
182.0211055314724
184.66861729890476
187.4953573510047
188.82008831856214
190.37621985511393
189.56802204961238
188.87797441397825
188.72584739327004
186.52791030167253
185.02528833236136
184.38277340324544
184.44192478094433
183.94656059065383
184.18597488971838
184.11282374992413
184.33928280828232
182.98261518850663
182.44184327129207
181.97925878408734
181.05755154033596
176.8147773168184
174.66426365033962
171.39146162615398
167.61155456748912
164.87144550700583
161.6182484732763
159.5667309921783
159.14985643233211
158.81406804748337
158.1102396344158
157.95739276840226
157.90379717447803
157.54644682129114
157.12117179026734
156.9144367709442
155.88692825157534
156.27218440219866
154.54615672913525
153.56151050017814
153.18997373632752
152.60734792275076
152.1681976983156
151.54329157010673
152.1744403747446
151.1506532656691
151.03602081172136
149.18462544514387
149.2330026333521
147.64772419343177
146.5662207370065
145.87062371101248
143.9823418538368
144.34566335200486
144.97238456976632
144.35580754817641
145.7060669171
144.8453252196529
144.70999867267534
145.27984600429716
146.0361726811741
145.84400489645847
147.01965477075538
147.85746116321621
147.1515705891148
148.31450995925059
147.67278465857152
146.5346618066447
144.36012502442676
140.85671347727828
138.35705750533788
135.12227726731322
131.79116360064555
129.45056529235197
126.90887803485187
125.09774210064342
122.5125558838
121.59952836586257
121.83744402475696
120.04766810105083
120.01137167339942
119.24055321639791
117.36902757335058
