# format: from_node, to_node, traffic_class, traffic - demand values in each iteration
18
15
a
225.1748537442374
224.27842042089227
222.29166918365954
220.62766418562913
219.11252323689047
216.16017589210117
214.3700634828029
212.26342821510374
205.8539957142969
199.29328628980846
186.31438903694368
177.8859034842453
165.2330426666007
153.58510772118075
142.73184637466355
126.77742703781081
113.39984009042104
104.63534990369011
101.8080053192855
102.05007803123038
106.4397078871821
110.21070991446231
116.47304915682514
121.08624523603874
127.04008930525318
128.76693437535263
131.04927634446702
132.6516910795445
134.70174454378932
135.3300852335132
135.18385115039194
135.69959239633096
136.44055339444805
136.36145842097397
137.04488474331382
136.80144825627582
137.538472172473
139.3630907509535
139.05493678674557
140.39075442703964
141.0000369337329
141.65561707620398
142.17852188772866
142.01501405139834
142.3294271901063
142.0065627969857
142.59852738056554
141.34021621419873
141.0263652431044
140.68377100839
140.05950303384927
140.6692761365606
141.48164323253962
140.04458343000363
140.67240931018634
141.38141721218997
141.58535575072008
140.97025222464376
140.76743108391452
140.96427456216793
141.43985688217236
141.0031305544738
141.29563559255607
139.46400005371558
139.43876669376115
137.93204967222294
137.7244637455253
137.65984128733004
140.21186854029264
143.86361029038005
149.30436411197715
154.11318382767712
158.5053462949457
165.59886480251805
171.847051033658
178.4031729728581
179.088992999975
179.020677085183
179.95561574800766
179.40962509857442
179.5847602243974
179.93326750862624
179.15584783737086
179.7667763665521
180.19930047764893
179.40316989076007
180.71709464959855
179.50715413102645
180.28394310311515
180.44837989989432
179.7469272640474
181.9095552581609
182.92662308903508
185.70050302633436
198.08842442049271
209.9861654415656
226.00598907698603
236.2020384796558
245.5877351523335
262.29241062305647
273.3925063685368
279.9857989343888
282.6263976657361
282.6914075305152
281.37001329096046
278.2870444970396
273.57027010391437
270.8390903143727
267.48370272353355
267.75613363758475
268.92513613316345
268.8007889736964
270.2403759353459
270.5254531584197
270.6075987679237
270.21007486938356
267.88161944858575
265.7788914626803
261.7171979328857
257.0792375282456
253.49471892440374
250.95657216874852
247.16103653761778
241.78861615133226
238.0022904196642
234.70405939306764
234.7777755705621
234.48925553502508
236.030135896911
236.92127483566554
237.94473595872768
238.63701651010672
239.83376699986172
239.42991462035872
238.11151228498466
237.70315626086955
236.17533736157054
236.09103113045165
235.58322569563296
235.72699115992228
238.72406841268207
242.71330283802413
250.49219359995078
255.142782096046
261.0153743266006
266.02537490417296
272.87107177436286
279.92313186981113
286.06998354435154
291.685167093607
292.8559869372973
292.68578243242195
289.04760341354074
283.6364097893489
276.0202983351114
270.73437063355397
265.1045610441496
259.47147942649127
254.68973218114502
247.5271959139669
242.9421615826451
238.1961282204081
236.3991521181948
236.19854714398772
240.25736338903613
245.70433208702963
253.8638803983067
261.56785684947886
267.8215946198982
272.95103177443895
277.24110772934785
281.662202953305
285.1714622668396
289.11579947124847
291.1133289084419
293.05471803112147
296.5707777181447
300.4473396165027
304.56592437867465
308.0582092286902
313.72469663512345
320.3910463817881
325.9679614828724
335.0603176740229
342.8686969687742
347.49103057336123
349.5395473390958
348.2235851387807
346.44817510580884
342.9784415994801
338.2084480322575
334.7161338019302
331.620363249541
330.1364043200557
327.52022971904444
323.97646372180844
321.32309442615883
318.4320575792179
317.3982860745667
318.8045752672114
320.77540881544667
326.28919898724087
331.0609434756653
336.98680829234195
341.995169097537
347.0798573003978
350.55085604788064
356.6300928179703
362.28291682465937
365.57991865656396
366.4542391074145
366.8863685475443
365.2759549617087
362.2818876582342
360.088681548328
358.60557423005093
356.2923731498385
355.49637649031695
354.6062287133591
354.83758005364575
354.5700354438181
355.31969997312274
353.599623190509
353.78944479786554
351.0474661034445
348.36525218553714
343.4144073017395
338.00951870506134
332.2796118077433
324.14465138967336
318.8715668714239
311.4539319491952
307.1018461712036
306.4433589441633
305.77047363941364
306.2734820386569
304.93993128588613
304.2897812927199
304.25488108613723
304.2779082847305
303.0596378763276
301.39659499070007
300.6410666837083
298.80761759431846
296.91583876412614
295.8366093733476
294.6582033429307
294.2876172695459
293.57070552425233
292.0858944824789
290.64984606410394
289.3496028620319
289.94019755121116
286.37534277197966
285.3546653590006
283.8717814987174
281.16411621698296
280.08201532051123
279.3866960023193
279.80125560594786
279.9750533071355
280.61713148285395
281.30957609858655
280.8152729657426
281.52673110055025
282.11543871621814
283.13313885728223
284.47512131280905
284.7202446778987
285.4661374494766
286.1344619239439
286.3857677150757
282.56899968339224
278.11171535949
271.415282742964
267.46689608150825
260.1643721607391
254.41334192116398
250.4150640548256
244.03442257632517
239.87464642636118
236.14154360400536
235.5709106026617
235.5473984685032
232.36721386793985
230.46687105607563
228.17243150641588
228.30476898525967
