# format: from_node, to_node, traffic_class, traffic - demand values in each iteration
24
1
b
234.44853172856654
232.10603838326261
230.87567510965658
227.99753598282243
227.41915332653517
223.2457160763899
222.3407259833189
220.27952802345916
213.88109671314032
206.67612250821063
193.31910830433165
184.35375652773106
170.91126221289144
159.51692031775397
149.03881195641748
130.22677238162424
118.10055750788743
107.76539314833607
105.97927564130703
105.75285230247985
110.09324792892811
114.2867052587107
120.37067240012591
126.25597774678909
131.57048626765095
133.36553716655305
135.06197744537144
136.95719941551388
139.7867880937173
140.19444020836957
140.4067446325289
140.72818410795458
140.65249884314525
140.36173813211886
140.92865504886873
141.58381428528256
142.322900699887
143.37849876707628
144.39414483495858
145.22606641455403
146.66560350797917
147.3540902930891
147.43980698084263
147.26014260441954
147.26923887481402
147.82328618405646
146.24752046099317
146.83107192775464
146.0687378879778
146.27154021488894
145.4462496402722
145.7661725372251
145.82572322216447
145.82607573768917
146.17027462385497
145.77765055295922
145.95074116047286
146.37322910888497
146.59165457187004
146.78364726781123
146.4042698414096
145.20906912933077
145.81008524897652
144.64291052298185
143.94924795874945
141.97211103807243
142.0811943127855
142.81129632846176
144.45100768824247
149.44288690782403
153.83527030764049
159.21903788058646
163.5998906542416
171.46217008599774
177.08947107580633
183.3117528666541
184.64143809896873
185.15765530445802
185.71498946439186
186.34107095373625
185.7766047343036
186.20243688259856
185.71446820420167
185.94541725496413
185.71917578865722
186.56189745685384
186.27927963247498
186.18351384766086
185.19785505552954
187.03197032945582
186.93894648092302
186.91551342164132
190.1758664319165
192.30173719944332
204.92144916318387
217.3083671450946
233.92556784367645
244.67803770827317
254.82443152141826
271.127681109113
282.77610938325586
290.2805637244368
292.9933051897761
291.82330601719025
291.1489832152596
288.7858436365554
284.40828127418433
279.94509577063263
276.9053434247676
277.5304305397613
278.4119468356347
279.3141872060691
279.3103931851767
279.11433385606176
281.2493264293586
280.63751039150213
277.349114047535
274.8453977118171
269.231297626996
266.5335015298817
263.20302334039917
259.6579857426572
255.36151544355866
249.84791392949626
246.48930075330327
243.13663945988583
242.33631465395487
243.50894199179362
243.27735272205996
243.93368932276573
245.74482613987527
247.2977379231311
247.77978444138952
248.14640639802994
247.49794987538246
245.94621764093083
244.93176286618433
244.23738217203558
243.8359297419315
243.58726163184141
246.58211987594058
252.36627796966502
259.6627389235162
264.25593768730783
269.7974748964539
275.7355779441307
280.8323722452579
289.8895726665913
297.55601010848375
301.4461052202246
303.7769192244625
302.7840844376756
300.09133980993926
294.6958676631738
286.5377892124923
280.1157394270654
273.7189585360879
269.09852193736896
263.8523389009586
257.1585844532728
251.06930325072153
246.02105921632366
245.00482924340005
245.01579280029398
249.02092859685
254.89692175781468
263.74339193988544
269.59627217293917
277.4249503833355
282.727317716073
286.50847553401496
290.6403685064353
295.3410085104435
298.6612933800102
301.1473037210537
304.35607342158977
308.3469253768949
311.43291151598095
315.44216104870924
320.1058644372281
324.86952704235375
330.9036230218993
337.79522341816215
347.157863972671
354.96355121061254
360.44810652135766
361.42058128722687
361.5784506477834
358.989490485588
355.422186663497
350.65842861302684
347.12783136282394
343.17403680505146
340.16490752714816
338.3224984182334
335.1302977078073
332.4144785557267
330.23683439760157
329.7439525749858
330.66199173516037
332.75120958579197
337.119776488894
344.32279285722547
348.7253026077437
353.5414231746882
359.0427384887043
363.4207304895993
369.3787942591864
374.5655994311083
378.6037265251438
378.81124014479616
379.9834890808052
377.78024092189736
376.7890487770326
373.8546476725427
372.4827353267518
368.4793628645166
369.1976760226161
367.4688543106884
368.40778132991437
367.95432083666594
367.1007020549886
365.9002668403399
366.7179400397107
363.4891662541853
362.34786188653015
355.5036237746366
350.55355572370263
342.4513560093348
336.24208477256235
330.46066940958036
321.66546512517067
318.95617062446325
317.61310606675187
317.4478122977871
316.5245500356093
315.18260401289893
315.790627197882
314.84738797050363
313.8634420157959
313.57735100152917
311.66736317978376
310.27667318320454
309.0499582003584
308.03239665002326
305.8785215321611
304.86858166289034
305.2135221098303
304.3498194726023
302.89638998659836
300.79453434902547
301.5613248206811
299.0866050561938
297.0743054721424
295.6893722091431
294.34308676091433
290.77005185455215
290.1065395198545
289.4545382442893
288.90364865821937
290.4195970353031
289.85007212556434
290.726619595651
291.1395487185042
292.2672124800208
292.2546800217253
292.856298202001
294.0389169486038
294.83963332557727
296.0447087745043
296.0478373788306
296.1398346605577
292.54514517459785
287.3158645802115
280.42972675776616
276.18350136303866
269.4763307347982
264.23117139232653
259.36758284319404
253.81093366443017
248.67439801720207
244.99922029581828
244.90674414415483
243.5008823789709
240.85871381041255
239.22458757795167
237.38986851546278
235.4407093840077
