# format: from_node, to_node, traffic_class, traffic - demand values in each iteration
0
13
b
172.58683209551816
170.6486810943045
170.1045712637988
168.81533324326568
167.59377388144028
164.87771298781925
164.17321321749995
162.63823611715884
158.41892918264315
153.5843749156369
143.6201426290312
136.16196244473895
126.98765246963639
117.76237968513406
110.07990775866712
97.172709569028
86.33674430146588
79.2146468618724
79.52849418391943
78.68525686167035
80.26616238542266
84.38658647386254
88.98645954149688
93.03110512961634
97.95669666612848
99.00246118470983
99.34632759773326
102.1389285134732
102.89651720184874
103.09094579102009
103.37386769416025
103.11334090865995
103.85547072180613
104.14501712713692
105.20066565212345
105.4085016022191
105.06936374336554
106.48919601621884
106.40840589158324
107.69368620057475
108.3968319895877
108.7566540913208
109.41294108478483
108.88260922563332
109.21715397862043
109.45555272354882
108.54610567555612
109.19114035810279
107.95502186152306
107.72622903456268
108.527394556257
107.8727302292372
107.93926885079556
108.64791280859436
108.73330584388978
108.37692158616743
108.39397871275861
107.88814199217954
108.6352559767733
107.94269388500294
108.66729810810104
107.42440476256313
106.47927093924281
106.82848330129579
106.00348352728895
105.30799344080563
105.00421996749108
105.13069616922937
107.57337246192914
109.81949234595749
115.35751220753303
118.07492799941967
121.33635169310264
127.52670595308716
131.15354309546973
135.61233850719637
137.5425754612147
136.7313657265424
137.88358523426706
137.16093898371633
137.57899869753317
137.38881678369162
137.32935833291657
137.37382997956541
137.29666179611098
137.1257156415659
138.36513383851747
138.1703124741781
137.44427444514938
137.75829148997227
139.29821429875742
139.06733222032807
139.8711994593018
142.10696645040724
151.6974535930523
160.3632835868473
172.8857914576021
180.16207658724568
188.4047500757251
200.36537204977415
209.45760172300038
215.45404054200236
216.56638668496933
216.97946243028704
214.8166868931734
213.52543050649953
210.75123211183995
207.62398271886863
205.36115769913474
204.20388656056724
205.11187483756703
205.31041521375732
205.95692481793088
208.3903412697943
207.01259758790226
207.00064910524762
204.71258455872052
203.31532032933438
199.66400293161547
197.29347342347313
195.1198279980876
192.1380707459899
190.03111263692713
184.91359412190454
183.17487598829007
179.99154226929448
179.66868803979804
180.06569109982803
180.37381390747063
181.4278694663698
181.8822331888947
182.43405596533933
183.6606680419757
183.89298904733366
182.7015201449347
182.34241904359695
180.85543432569497
180.7397384685516
180.13509197718568
181.04411911407777
182.99444983352996
186.16258530632138
191.15067153194246
195.5190079102249
199.56439610513675
203.53028757743502
208.321509611675
214.88229923007876
220.52541481538196
223.90914372595756
224.38261494777115
225.00952000815255
222.1982807673367
217.15876707598258
211.92569604796205
208.03079159204984
202.89266601035104
199.5783399095223
194.32553454755126
189.94943206816566
185.26445156445192
182.25176181891038
179.85626096221262
181.04426165969937
184.28940118746127
188.98052388666454
194.60133511649727
200.1682749010178
205.81670885979216
208.51917771893264
211.91414338113682
215.52028989520733
219.44545085112364
221.61735890306758
223.27342069352812
224.9200821510855
227.2529237610609
230.83050906875877
233.3809514023175
236.44903073795558
241.19576020461562
244.7827948801785
249.48809358747184
256.545788031176
262.35061399990184
265.8290987971102
266.74944542533666
267.07243228661684
266.3117796198079
263.07635806073955
259.7625600451776
256.70177928584854
253.74912769499727
252.40752871098175
250.796830329041
248.6320987692119
245.20922100578719
243.79049256815514
244.7118192536724
243.73874083714463
245.69989567906836
249.41779725103635
254.3012329024885
257.62467931153526
262.5807548091888
265.45178306769543
269.2882746004483
273.5472307531092
277.0342637891623
279.72124123438266
281.0122456428306
280.5679575758356
280.3853825815927
279.01363365987305
277.24588011715986
273.9575199787369
272.32574165328833
272.6272006736829
272.2163002779206
272.34326715006733
271.82785547386817
271.38808765645996
271.13110133771886
270.927205635051
268.49409048747845
267.39195035352054
262.73992527154405
258.6839005626882
253.97190541532578
248.29236845585135
243.92017772697645
238.30148293230647
235.51644828471905
235.01194397073323
234.65965647260717
234.29014331686278
233.84420354253703
234.10682851328878
233.3322244289883
231.81116337503235
232.73268975486005
229.88347695216154
229.54019308862553
228.61896011801394
227.63445923717927
225.6149343761017
225.9745883456982
225.75923515292513
224.9515152617933
223.8184213447514
223.723510703638
222.5351672711878
220.95098475705754
219.70302117415727
219.04178293119944
217.60926670232
214.85000204309694
214.47899560605308
214.4070078101624
213.58406196593776
213.74558943118555
215.14847811794667
214.7466088608641
214.25021212936176
215.8713384461196
216.4995317433325
216.2399451967903
217.2196731084142
218.35037933746526
218.5314979035257
218.79997365245887
220.01853977138245
216.29273589577966
212.52721761442183
207.64889713191707
204.35867217503932
199.7520502709734
195.01305422662762
191.29279416782515
187.72653732851586
182.7885161350972
181.4606726904077
180.65279038999483
179.94928852473288
178.47494855103892
176.91553968027782
175.6498611509649
175.2279464654055
