# format: from_node, to_node, traffic_class, traffic - demand values in each iteration
12
18
d
105.94919256534736
103.96513500399955
104.19667557812744
102.84927902827926
103.081783435448
100.87842457324896
100.40594303593906
98.96076171192675
96.70501412414421
93.2538059111455
87.52981753070075
82.97386619698239
77.98130694671241
71.98620902631707
66.91431934647952
59.23652749479442
53.93336604126245
48.159025127365794
48.73017390304042
47.36409424464461
49.34783795449415
51.74124719076886
54.339852266725565
57.64549557443526
58.693068258141295
60.24009299452579
61.425925009011124
61.977788006649845
63.133959707574995
63.23201915895279
62.44555276646015
63.627596104498465
63.65289027443004
63.772906107743076
63.047837409940094
64.24605249791587
64.50531609859486
65.1014479275556
66.25797232634255
64.86726764028775
65.86168733415809
66.07324404737186
66.37479305799233
66.3812151126257
65.60314358074382
66.13555136322269
66.70601142725764
66.33015623880698
66.61625260075824
66.02781444935616
66.74376606674834
65.56388052777237
65.9752406094421
66.45415591471689
65.90650142960044
66.49360812039913
65.40942560146205
65.16185934502687
66.39336906370572
65.32130082951126
65.70417097746605
64.99776439613687
65.27923097121904
65.67738167813155
65.14269880529795
64.24941205357018
64.27457092100683
63.067134847819005
65.99387238379228
67.03754180600774
69.75341020384295
72.50254009983003
74.13818263785683
77.32101787166823
80.83620710221449
83.99077685576394
83.73531099805547
83.80917060695923
82.98312077114821
83.80216097463624
83.78260623810954
84.89820313421626
84.90397856516655
84.57886599234531
84.06523711288574
84.58020567910941
84.41975378352693
84.00055055946157
84.42003214286687
84.89247114985079
85.15561630168588
84.3048438829895
85.46818846216492
87.57246299862614
93.0823214465882
97.66064664340551
105.18309837864041
109.82021854154702
115.60283404749343
122.55353685074901
127.71666766244945
131.70507995025872
132.55133754538906
132.88794003044333
130.26847913946736
129.84288826451592
129.69063677412927
126.97716682370671
125.5169858767922
125.49690992150323
125.74569711860306
125.77127780945733
127.09469044923732
126.74316585791199
126.76969497652057
126.34603258301351
125.0233000034843
124.02458266050779
121.9824575234319
120.41540420621592
117.8883055005967
117.53375269976691
115.71046966800725
113.28068832688425
110.91530022425663
109.93518153422706
109.19136160020884
109.52954138690146
110.43953459423517
110.63274310373579
110.5733048197724
111.72543823328935
112.48695342117401
112.89975504501645
111.62874282908628
111.40448888453511
110.72406279909987
110.23141392374107
110.17359747972552
111.39454507280615
111.49322498738803
113.12143558721873
116.65933564802872
119.6965140684169
121.26362622087784
124.7444656918803
127.77592169594256
131.14379188184125
134.72532419973572
136.33545375463945
137.85018279763491
137.3372716023206
136.17151493716156
133.3152968253898
129.40847305086297
127.72137769989216
123.14246009713085
122.74053395232501
120.1579405728961
115.63061518038523
113.72784646258059
110.4839091806393
110.31366145898807
110.3860462153857
112.39427208488408
115.15179278747671
118.78148594565512
122.36277794093168
125.81871121742036
128.48468147074385
130.470481837168
131.73652151038917
133.89249756309292
135.13492918984042
135.7797123321396
137.211839158685
138.76118786949147
140.2078826889641
143.18883869883376
144.42268744788754
146.31676183944813
150.48337162884795
152.40714946202735
156.34076754658503
159.9065015025638
162.63728988797098
162.68567693410327
162.69718904561734
163.3390303914982
160.66172433997224
157.9855095191137
157.13546135465134
155.34641770298387
153.54105369758565
153.47752611216876
151.64626652965293
150.59078685543207
148.9668273303004
148.78255408799063
149.7913167074059
150.53494908307854
151.7230578989677
155.10927157704185
157.68595257344512
159.63503593079065
162.29556171876268
164.09051493202162
166.8078487810861
169.34429319905095
171.91710162533943
171.2472765740848
172.11345239375842
170.84616648465922
169.8142707366666
168.5134287159509
168.09924051793885
166.84708547898992
166.6683481219527
166.05356913471294
166.78789410154593
166.5142562057369
165.63034172731454
165.51383114378226
165.65487138753488
164.45803644789535
163.10816531001615
160.6347746260947
158.2497812186469
155.0844203843168
151.67790117559701
149.17857492480604
145.74794903773605
142.9406789145662
143.76335069483227
143.64863165071202
144.20066879434404
142.97013369488886
142.12559096272295
142.2852219328357
142.0372133514156
142.480462182056
141.04278197244528
140.82107735809956
139.9409041576565
138.78068625919315
138.5262747208591
137.2992344568314
138.3297846598682
137.53633676006433
136.28419916092054
136.0123230894133
134.90451882846654
134.43023273643175
135.71904183337415
132.60599428169672
131.76624714883866
130.74809803497507
130.38797821357548
131.39277175257476
130.70902722158394
131.09906325513987
131.60136745401405
130.57336752282498
131.26067247545222
132.25253567918122
132.13272613060244
132.77677252321894
133.16628474103177
133.9395239165058
133.9156785002277
133.90553922239067
133.81203144886194
133.50197191302544
130.45707416494452
126.1480103908903
125.33832133405384
122.64076472125534
119.70007986372852
116.89620489213546
114.73137560705834
112.05199197219895
110.6897921057509
110.63628817757574
109.01539205075467
109.62984687803166
107.94197567457873
107.22559357462673
106.67972656912319
