# format: from_node, to_node, traffic_class, traffic - demand values in each iteration
15
24
a
235.53106071570315
232.4363784221467
230.87046057846655
229.98915262680092
228.30905994900212
224.90242589374782
223.38574175103184
220.78636316162482
214.69584717223913
207.5385548152
194.5216608909553
184.68144447173356
171.58870687105838
160.4673298865618
149.09587782111896
131.24637700782944
119.1703610161545
108.58782169978043
105.86225873983807
106.96456654728533
108.810965413281
115.09327952500324
121.4292558176206
126.39575930570187
131.31344390704731
134.77022427235656
136.74465748088792
139.13911215401444
139.9763621934056
140.42023435042924
141.41479117411833
141.40980090992844
141.88471193220823
143.11074896773977
143.31138073302844
142.8951885534281
142.11635171917004
143.27166094478645
144.9532187060848
146.63535938909908
147.4094385025268
148.2863762029239
148.47519767321558
148.13353033102103
148.15158120389572
148.0813958821662
147.48767831123106
147.0583575755451
147.71927497888052
147.32925944701864
147.1203829432846
146.05806385318542
146.99278468883702
146.6031933543273
147.38478600775113
145.75383049533391
146.28169096204732
146.8207265736261
147.31805835948907
147.2945142308058
147.20572100561205
147.3078517544526
146.84165787422148
145.23911124548692
144.060032752697
144.34795320075372
143.19239078205973
142.97213108437765
145.96266473743208
150.4529682370881
155.72840155781336
160.07732428725524
166.89213339984158
173.31677998016067
178.97708368295915
185.36558148140332
186.1760018178908
186.26015019578387
186.6828321058581
186.92544180116954
187.4177073574996
187.9897206630308
186.77328078404992
187.3181476560217
187.55044069745128
186.9463592691946
187.09567396470695
187.35750379159697
186.3038458725881
187.0593514461867
189.16945518614176
189.07208771465673
192.38823287882545
193.79397559288518
206.21023359679486
218.18785287531165
235.3974725547137
246.7729685229695
257.05362052766844
272.12755150263433
284.2049406761715
292.4265030131678
294.9912391662333
295.55206462499035
293.28397166495796
289.9576958467919
285.972269582633
282.7726317638227
279.6659014775912
280.29020079840853
279.7830614332749
280.78424883116
281.4987958661014
282.8186620686829
282.4835514873383
282.24930771201537
281.12473936923664
277.0350201037776
271.9988472400834
269.035267755937
264.1130126235317
260.20988075833236
257.39668661674125
252.1600082493394
248.63114671224426
245.23882976306092
243.81799415414793
244.67938064655564
244.7104170691901
245.92225790736603
246.94994574683523
249.19575714727654
249.60743005169581
249.64570295298785
248.74896271595819
248.00502430270157
246.5927927772121
245.95940062949575
246.22652142030935
245.76862615453956
247.8977300493921
253.14277247437988
260.3452200725487
265.3036266472554
271.8777894771639
277.9442059488473
283.6224990197969
292.27569454761965
298.54236629814227
304.09605985511956
305.1361719467912
305.064916072321
302.5814722504518
296.39277229078493
287.3955418680256
282.7256878741519
276.5606110704723
270.79503754581935
265.5834912590331
258.6382578721962
252.49454299101384
247.69973218061176
246.79794200345813
246.8402550140726
250.68965125674356
256.98459273325454
264.4023393532356
271.26954277559497
279.3539390185743
284.2630496672758
288.4299882620081
293.2958619782768
297.4872474967037
301.95660899240585
305.0215389675066
305.9568808602411
309.7045649272683
313.6954187775538
318.4517317589429
322.1564468814985
326.061797321113
333.906348975434
339.9274415437314
348.7655477165192
356.82759813212795
362.46109075158313
363.21709877087005
362.69543847110225
361.20896341688905
357.8611576466034
352.80895352981224
349.3762350107303
345.35967044706024
343.99777167648153
340.44257376248186
337.8862153137389
334.48899833771253
332.50097949253797
332.219994059423
331.81564981176797
334.4088692583034
340.3072654238259
345.77402821792964
351.0055733120968
355.9710666082406
361.6913505302091
366.13358046081197
371.53461719355437
376.78319372160274
381.44346483794305
382.0787406311643
381.94333903757456
381.10454402830584
378.591965894595
376.37620932607433
373.05023856839557
371.2144961052496
370.36680571518133
371.36363023418335
370.97509494793917
369.78063242135477
370.0263469211904
368.6316910178224
367.9587952389572
367.1328149633751
363.366663177406
357.45477834976083
352.455229358504
346.0033042748627
337.24653969564764
331.0842332274632
324.62446577552925
321.4889998177478
319.5555774411779
319.5725016955458
318.3385741126986
318.2950403712256
317.1829204194143
317.1259824720543
316.5142611327793
316.39114654828734
314.83476620773695
314.0354160308089
311.11518670188707
309.13480519454686
308.46639233787766
307.4400097679944
306.92148260598566
306.9259443999782
304.12894332378517
303.55553394817537
302.8446399840003
301.9111134404495
300.58346620835715
297.8114344347675
295.4027647066459
292.1550391920984
291.5837573777328
292.12987474063004
291.4608010870272
291.0256086626056
292.5635329893426
293.10169582513606
293.0387708646221
293.40941621288493
293.7602173952867
294.68239639416913
295.67781059649366
296.3124157981734
297.68123388919463
298.41102454482746
298.7635688979764
294.9638695158148
289.8015174713785
283.01988101008794
278.0068352973921
271.4899810871177
266.54871790371516
261.42307806457046
255.259397423881
251.18260154222628
247.18338410671967
246.19522186434165
245.0477199027348
243.21628098623427
241.83078804637117
238.85885956798182
238.01872291207783
