23
6
a
176.74592884012895
177.04085270177274
176.69249280232282
176.07859861798116
176.9523729826538
176.93632267677143
176.3302448468533
169.0378294169531
163.02446611182958
149.08198466543996
140.90054296684806
130.93556856796678
120.23347799187069
109.66252153291084
93.96385730669488
83.70325234218281
75.54018652828509
74.00432736791112
74.69778516885738
75.61596655649511
78.43401799828483
83.73135904662813
87.75752724019272
91.07288411698109
92.63422719946574
92.46676160407932
92.09304347997062
92.35570420939254
94.5184467993579
93.73419748059032
94.48472523627993
95.71390839009442
96.84371698678105
97.42076621826317
98.50701545418347
100.0973183552449
102.13363227128457
103.045838217906
104.70698450954653
107.42792046460399
108.47681002654127
109.1414765124132
109.92775090271651
107.78688615388486
106.65568529569246
105.51746195484904
104.81645106629064
102.99510769539486
102.80493309326944
102.1964019779061
100.40617704735104
100.9982151414318
100.71131363227249
99.79990616804243
100.1310296977565
99.32136829706836
98.43770856873614
98.12159951229167
97.69637479143084
97.47981226176165
95.53006305355974
94.46297315310957
91.84406924439614
90.22818916293244
88.42652583026845
87.24446645398147
87.54274221220565
92.46326096475434
98.74102392219287
109.13244375958925
115.52054059017226
123.69332659884752
130.47227741033754
136.14127310109973
141.36455162883192
145.9898701716419
152.17165477487413
155.97733593150804
158.12365904964662
165.3124944774216
171.83271504134177
180.5348220620355
186.16451077577037
194.7498072346402
204.834373138853
214.80567607123717
230.4810037586578
241.5485160767463
249.9061032312552
250.58066916351527
251.36156487036413
248.75219528691824
245.53898954882033
241.40074242898328
236.90595514290285
231.93717840943557
234.17326585188377
232.9787731362116
232.7907157447352
233.93839824859836
231.7784906154869
231.83402888055787
231.999992100298
230.057145210339
227.33659547194563
219.51174399270937
208.70730594900422
198.17298090761815
190.63463997473863
181.5892792904775
169.39248923780264
160.68127330716723
154.20991033957796
153.33462146048964
152.79345098613396
154.98104153928364
158.99340801226214
162.60740794826668
167.2479202283316
171.47516395375027
173.1890924729366
174.88156213456944
176.7135572850276
177.53214452462137
177.29703553725057
178.17965385328017
178.46584772453326
178.32520519089874
179.40635666707126
179.23497051569348
179.62628483208314
180.57173138944333
181.0547956803983
179.9129578966189
180.34255818586678
180.4554193031104
181.0364267112832
181.45396008500913
181.84396819174742
183.885525155888
186.66095676282958
191.16213224650988
194.78472110166962
200.740084069489
205.32193840425637
208.5938317292359
215.87240097396352
220.0114151279992
223.97164205166317
224.50186142811174
225.40248016819314
223.5083438832026
222.17145086352926
221.36922515333853
218.74517618965714
219.35438047600118
217.0973770172629
217.9809372164008
215.46909171929846
214.8964466015151
213.78995837528532
212.8175140102526
213.09824294917166
216.8617170458644
222.58151135633594
231.2272543603082
237.27346969073514
245.39345456252656
251.1326102032229
258.9606950786111
267.8056473795603
275.78838855063134
279.60859987886073
280.5055488347312
280.477074849218
279.75440959084005
276.5765586405896
274.49686160161076
271.03075866475206
268.7278694445222
267.8668077376488
266.3709648856384
266.7377862495967
265.94765013301253
265.7953822438285
266.09750556182814
265.46251409750994
264.88975920460587
262.42819293974037
262.0215050131357
260.77667919845396
259.38279628525686
258.7032419337721
257.5834179633188
257.0613714219678
256.5769960038476
255.73450178078718
254.06368635986894
253.16715400367033
250.9031000671057
248.75621504498793
245.03941070803475
242.52762747099098
238.69165589875635
235.13192732619092
230.45879243569354
223.94119483815228
217.94894621659017
213.94539625839442
214.24722920659872
213.09962961521416
218.68638978399864
225.06262200972498
234.6308530048137
242.2392818726096
251.3309360223908
256.74483438992524
263.49403517894274
275.3220211240344
282.17025725510155
288.46170672223127
290.44745278378184
290.71544057650004
285.8812509901148
280.05953752606007
272.57782952534626
265.94292377991957
259.04506107125945
255.500294316561
252.06475050370196
247.26646725755668
243.0790516202148
239.68099830582142
238.74873428404607
237.36923528253251
235.6271328778242
233.85214232420694
231.42492641029293
229.22544323282492
226.5149588606295
223.6870211955338
220.33497432818874
214.95618713995503
211.5091607680453
210.31439318360964
210.46950198944344
208.89957863705158
208.02111390557357
206.094417356255
205.7972513108718
204.8617818088013
203.83884125827925
202.30949879173417
198.46937947203628
195.01632675441357
191.11725045876037
188.80359512786617
188.24266717815237
188.98235005710126
191.07835644438694
195.85227469341245
202.14512498903034
207.39522618303135
211.87787402991523
217.03241897467436
221.7868628332786
228.6470319004925
234.29769811232248
239.33359298429008
240.99817972438026
241.40342026440425
236.61314403041663
230.94628367028614
221.9079567132664
214.48206598777907
206.72995778248523
197.7032853322679
190.48638987898065
181.50985277468212
179.32716028318083
178.89180736780747
177.31784585517053
178.26691068461153
178.42448553410182
177.35876071713918
177.36924634687986
177.52062292478487
176.7075397600064
