16
2
b
45.271932715743766
45.05696476996977
43.793080214840224
44.76133048929466
44.74879224437248
45.06517499030608
44.19960246684372
41.53282640312036
38.63839805020526
33.654490592584736
31.117846895372537
26.540690603077113
22.631978702894884
18.872022467023843
13.574717041629688
9.709515734772165
6.040340645699189
6.777291659992689
5.986022676962061
6.078927994321522
7.203508663419638
8.833523724424237
9.732749035923394
10.665987209057555
11.655376891344623
11.289793286750058
10.644536238277906
11.135607553419064
10.58308764334952
10.134449388277401
10.80476319077454
11.55639499271898
12.58923138477322
13.012807730186022
14.446932111827604
15.823605156653446
16.274129078234026
17.69751615098007
19.088924977532088
20.70232240738095
22.016584487500126
21.514292107085666
21.63817376458996
21.43520975999745
20.747045971237608
19.97177723248246
20.14662598423777
18.952857849407163
17.216895908994402
17.009808315310348
15.827873549104309
15.167192324433124
12.555064732834234
13.61788510056678
12.993208039701422
15.470639180802587
20.158853390062365
26.811717630608264
32.57604975114852
36.8640210081442
45.02231580134015
50.995294096363416
59.05707286786255
58.660547566796396
60.55522003937594
60.4147647946698
60.41857364397623
60.089614929990816
61.937586758414156
61.180638423363206
60.233260425015864
61.22465767778439
62.5942540551196
62.73794510577838
63.03602692897285
64.65480097349034
63.77640071249706
65.47176410843102
66.47095703338226
66.15388800073953
69.33943150706446
70.71349397668716
73.12647673927844
76.28789516710277
77.63450129957666
79.80662473158017
84.18930912943875
87.2515365431364
87.67566117788174
89.0962858309973
89.2358877949003
88.99188215570719
87.58009488760615
87.21908886389824
86.55839107984309
85.8326201157666
84.79964860130029
85.2102769020119
85.76178954682103
84.25012281077242
84.63000717257398
83.94847724334355
84.23575664322094
86.06246860800073
86.41180220960851
88.68080896794227
89.05824868689432
91.35470112802649
92.9453990800817
94.1680582692061
97.053568361577
98.05078248005825
99.83709870773136
100.45730699353274
99.36965915807863
98.21095125439442
97.56260740663306
95.79356240279182
93.40605683610467
91.0895611850035
89.81108238552221
88.47075832844872
84.65229899819771
83.83031689577017
81.42371642667946
81.74998706360789
81.91174871837227
84.05087605514441
85.98767309572969
88.8176254145141
91.02180809585437
93.34659413391975
97.51370563403744
100.60388077997654
103.87502943032953
103.63076771525189
103.82683075088224
104.4605511481088
103.64531974970193
104.14937227906988
102.8148841088567
103.29047358690836
103.59457257332237
104.46255854698161
104.0047412006149
104.6763727742711
105.23330587163329
105.14289703903282
104.65694662468155
104.60289647152774
104.84875051743965
105.63486771046658
106.34277638636634
109.83287102641586
111.65756145580504
115.53489034183069
117.8839533802378
120.95988965621001
124.7269789213407
125.69959262722698
126.29556545720023
126.65522670023239
127.6169373135891
128.0844459607339
128.10336117178295
130.45277326214168
129.59565557871568
129.54531906614304
130.54883583477636
131.07192649803204
131.0246308944019
131.83157306675142
133.55124363471262
132.68848559593764
134.72386386144714
136.015603193931
136.44185788426344
139.82762879045228
140.33965724313586
142.15321378690442
145.0127807627875
147.35466623691133
149.6797853574736
152.50782548591485
153.86022832190127
154.91890905976916
154.62161069615675
154.63452733587275
153.29008063454495
151.11924449179708
149.9718339912318
149.39056895210558
149.06082264337996
148.38055326255136
148.5090264465929
148.11765808607916
148.41360251354902
146.40919895918802
147.0918954571703
147.68772623420537
147.7094827472279
147.33974754175148
148.15122551459825
149.50498147178803
147.64217225178572
148.45500304202642
149.04107932158874
148.69148722214797
148.38620179269077
149.64254783970145
149.2804964258913
148.59107021748068
146.43021442151343
145.29085068718058
143.9431441551345
142.0813740318787
141.08342234958235
140.85429196197896
140.555958378748
139.47706853038778
138.4417250378469
137.74534603706903
137.34596138003752
135.37339133131132
132.5682923886483
125.7428231269947
122.3883372116844
116.80737261830365
109.71351491001512
103.62437398394331
96.58617566483613
95.01669732168985
93.97772385814237
92.53206866847279
92.47419557442305
92.79650754083683
92.05615692569802
92.5640174186045
91.05898832618813
91.80553002107956
90.12982801246514
87.69229195680495
86.43052648205321
85.15461051656439
83.83067777297481
83.40299810053402
82.54956045824487
83.00075893984148
85.28449549098399
85.8096432104499
87.11636623520728
88.93661198324263
89.0812730197517
90.83486199516724
91.28930353277578
92.84617569306633
93.11720345010728
92.3966977811798
93.4478006811825
91.82294257970207
91.16683627281961
88.92944937091367
86.50296915533552
85.90627463032482
84.380353167877
81.56142178179275
80.9744308953297
79.96635876254322
79.378010899984
78.95093040360292
78.90993157295948
77.80524644932592
77.10873346109868
77.26672694974273
77.06774554898787
77.38532304169246
76.43232373387637
76.1833662092417
75.31727747222929
75.74812496435297
75.4182483194705
74.93087252796911
75.51592459595834
72.66712905252976
70.93817073681721
67.11423392326928
63.560898268288476
58.779536697495026
