11
7
a
159.6313893362563
156.01998739527554
152.9214719636832
149.6093540488481
147.1443181231014
144.5702768560545
142.06691863515297
141.59831157587388
138.64275951586774
135.78111766371924
133.1296657536832
131.01185244072616
127.3625032441794
122.4700875225233
118.44755270746272
112.72358024518965
108.89757989089462
107.8007304262766
107.38616736064455
106.98342399341462
105.00187286203295
104.55406429383464
103.5112371268012
102.47298943421242
102.41006942040882
100.63985864314147
99.22374011196665
96.74944063471244
96.35355840211356
94.69216862907341
94.92091695536391
92.56752496917707
92.91003302281483
91.23594017419012
90.11959691853889
89.77739352997325
87.57214443415086
85.50178971256796
83.12449284132468
80.1842084422671
78.82162771865852
77.07146588571436
76.50434610328467
76.21596825214893
77.28138799621118
78.2283618328265
78.9769770879521
80.70035119140316
81.19180334587405
81.90640891689534
82.66287796713773
82.69421834272232
82.9102060500555
82.27199425043918
84.73315834018153
84.05390754317352
84.38703172968845
85.2438127550559
86.4584617717797
87.00718740808274
86.40669119861207
88.48787951100013
88.72254900048814
89.65147773841147
90.19573007032766
90.21314354521121
90.67814253638142
91.72216495565557
92.10690671511964
94.97330956992855
95.30573355189222
97.80842889525881
98.16758702930197
100.12957462084138
100.51952548754498
101.93318725840616
104.52043094020976
106.00081968680063
106.38808817878177
107.37385227309561
109.63950372707009
111.5571795930216
114.53056331243079
116.66775095421475
119.736868526779
122.95260686074664
125.26900776242618
127.83226371945328
130.42754031988036
132.30477451421416
133.77295614499045
136.4797442660382
138.94865749625075
140.47016543685976
142.8243269802423
144.54495381895651
148.621512368553
152.47107772255652
154.94060751240988
159.67468292990702
162.48740236523494
165.6193327529284
166.2277446639102
166.62817149288927
168.27306507670286
169.61668277523674
171.06323309634584
172.44392725012383
173.69116274753495
178.4467583140771
181.43315634590547
186.53350333971795
187.24713936377034
187.43653651002396
188.19442461177482
188.8295336339015
189.75685880631568
188.96316206372776
189.44760921781292
189.9618391545513
189.84520664543527
191.52145006388005
191.45874878779645
193.61041227240997
194.20208266988033
195.8340571450088
196.09823756751905
195.6400292084856
195.31038554462825
194.43384719896216
193.4695606740768
192.87756716770195
192.31954817760837
191.47197465768514
191.28752163616633
190.06766312072833
189.01852847692973
188.33187319593827
188.7456477731624
187.842096327254
189.84293563682021
190.9635954772066
192.27560137853197
192.65975787550954
195.70430608257848
197.14763157586194
198.94907107138357
199.7346947947078
201.21055492698335
203.1560781905039
204.15665320732234
202.9814414336934
203.34066369220523
202.1692858364435
201.99159283968953
200.98131610199212
201.90603164631372
201.53598480486636
200.91582672746446
202.48137179281275
201.23587893494306
201.70920228709235
200.52413039681477
201.41688510590853
202.0662568073637
201.6789407288673
201.4873214681218
199.3380944175458
198.10196007704562
199.10104930276478
198.87755334122923
199.29045694812217
198.7298201113256
197.77586265082783
198.20974900977646
196.60238951665315
197.18365514645765
195.86698509496978
194.93198304837355
194.98612666628796
193.77252739374165
193.17160980325104
192.28000353475943
190.7994938302538
190.41790385260617
190.06984393152646
189.04335176806538
188.77824297947404
188.58329385501725
189.15908896852673
188.32032805527055
188.41019346156608
187.83026490318377
188.0309012868031
187.16372959713783
186.88301976404702
186.34646092478943
186.27747830636028
185.96824041072196
185.0615357601084
185.30827217766353
185.1165740162222
184.85034786408588
183.10719515759592
184.625627189915
184.2057360805557
183.1416712377393
182.99472374705687
181.9067583916409
181.5960517531193
180.38415148210595
180.08399771850836
181.0480279247463
182.56132273842326
182.6831884362926
183.07350510361061
185.0950339482489
184.780968223727
185.2978968719155
186.2274258083191
186.09617920863917
186.53785617057832
186.725758539321
187.5252476840465
187.56467991600124
186.3353243636009
186.04769566379278
186.40563701182356
186.00919203215423
185.65649669536148
185.21709344722584
185.44673257086447
185.85981472057617
185.394792848242
184.31448940442252
185.52825275991844
185.31064205078317
187.8776543520194
190.39911726309177
191.3749960838178
193.1498289008854
196.7294415223553
199.35565921284274
201.93837849005558
202.53497061491274
202.9612863018412
202.93441307646384
202.8310109277197
202.9393702239703
203.2691372735859
203.92000404930707
203.0676926468736
202.35766552798415
204.6593271515159
204.4288721077546
205.43399760372608
205.99566351643503
206.30681652436525
206.8399701143342
206.61981385835145
206.4051292716986
205.8106682464583
203.3923406989511
201.6713145213543
201.3617022137004
201.10848184234635
200.74879723687542
199.39607617580646
198.7871543627749
198.6505859433412
198.70034816708437
197.44999255083167
197.04722486139633
193.96859318440525
191.16074265042815
189.87369065225514
186.1081615775837
183.23857918892983
181.00534403852507
179.79035332174197
177.51072929224142
175.31859984640585
172.85519773556112
172.86437102155477
169.95450036302242
167.470818375876
164.36096780788876
163.6813573946084
