25
11
d
62.52842653202998
61.15744617022309
60.28286633147279
59.132972049744524
58.52108666772778
58.236260577681755
57.79239640089038
56.96635194101825
53.83402831952339
51.84575568057726
46.53465826849673
43.88796452218907
38.79761989179929
33.01510726235214
27.385079688567135
21.127115355268888
19.92670045615869
20.342274635165303
18.80975620902773
18.8278683518113
18.967433722411783
18.96126846009432
18.519649244755875
19.165618616928036
19.659324095154513
17.78557008828487
16.232404251757313
14.790570947550687
14.813807104128493
14.02861246451531
12.730755765479202
12.48685000979562
13.73236950902647
14.25330012403
15.062487014343738
16.41977365550529
16.55635786366072
16.75750142354488
17.167673350802215
18.005124902700274
18.35523049066239
17.9152922236449
18.6994449246671
18.971739997766942
18.971739427365073
20.187869230200373
21.767359768222608
23.330092958542643
24.829353457559357
24.618882718884812
25.735593665013045
26.59655749261474
27.672006995256723
29.411722606329143
29.79009260220098
30.731555899131155
32.02725448999867
34.91488663017783
38.98942723410519
41.44215323315142
45.02281043652815
49.75209269545027
53.582661279490864
58.633737059939676
61.169188999374924
63.34961468240765
62.832621542999384
63.256860244818895
64.50909061111648
63.985013746850626
64.97755960314396
64.63541016835646
65.62926217961747
66.58157907306833
67.87445255530946
67.4392750263067
68.75534951018737
69.79126082405273
69.96563512383533
71.18130564863147
72.1571172302572
76.3256119699999
79.95056106229951
82.8866723736617
85.85288272956288
92.93642345926852
97.9569181910256
103.47380430259132
103.73783326527156
103.12249982586971
102.5619584507878
102.37362534278157
103.62370106586727
102.5902185664129
103.38163667884874
102.82458308665042
103.31721431919206
103.34278664550753
103.28416736037069
103.60077248609724
103.80393371639957
103.42023434743908
105.38121878615357
104.76620539660492
106.4890745760076
106.77081768991218
108.84122204523624
110.50324363059525
112.84037384969804
114.45734076737695
117.21232018530519
118.97441434502686
121.51459612155641
123.16976484403567
124.089943670637
122.84709031843256
122.22366302212764
120.51039490482235
119.87534222703158
118.83497615826215
117.77089813987517
118.0540763363245
117.44387527337157
116.85812336120792
117.41642232519904
116.38226451107711
117.10342296051957
116.56066224982366
115.0913292700869
115.20847990877992
114.03981364673405
113.47379780762668
112.11680966331006
111.33753212537442
109.73227459534215
109.92829552303986
106.28569486764572
106.14981624202126
105.4129459090854
105.6757965706463
107.72536174446434
109.87823850373756
112.47151400620176
114.81513440525217
118.03151384411983
120.03341434896365
121.21565418852886
124.3612511225023
124.56920406363632
125.99423367071394
127.16738724821806
128.9270423354018
130.74593604090714
133.96074869679836
136.70460335908527
140.93616560301723
144.4944113064886
148.11103970433282
152.49943922356712
158.19820520068
163.5054314382022
166.85893416413364
167.17588480163772
167.19653524271567
166.5763560491597
164.34932110519443
164.06026860691517
160.7102884072821
160.26781820635156
158.78462803068584
158.88946879282682
157.4406013724761
157.23252930165003
156.65861068408302
156.4107114625878
156.36623473391822
157.5160517594091
156.63748350357656
157.9111093296461
159.63554796579444
160.21649699531415
159.72025579341746
159.45711488201977
160.897511560404
161.68150963863056
162.2549593874861
162.02245719270016
161.84677231003755
162.38675819337013
161.21742553973687
160.28795133090418
160.0882465919747
159.87341237606708
158.87779064175893
158.24130644439575
155.90057545043504
155.28458101689822
154.5030063562286
153.5301510720917
153.83147292748976
155.83758374745298
158.84621394697015
164.8285650377064
168.57572321396202
172.81700957897993
176.40599464935076
181.49616385011848
187.78190002338096
193.97715576762667
197.7807483922373
198.91386578637278
199.06438342153555
193.3175901326301
185.45993002695573
173.91690163142454
163.46340156265055
154.18905519110055
136.29316248815977
122.80741951296895
112.58125318808888
113.78289700941286
116.03906449510515
117.10715472264657
116.46202540477523
117.01442905354163
117.58972950125163
117.13233643521707
116.75525741080322
118.74195141034859
117.56371429197259
118.39126710204961
117.81714774501293
116.6792427045955
117.11497924125332
116.27145985700614
116.24508634399754
115.65783227551572
114.59158486595645
113.6376268616682
111.9898435399379
108.1956481943686
106.91556468018773
104.16070917314266
100.34102884726286
100.28143306879345
100.40677712414065
99.17345576208851
99.83999364885307
99.06787174817809
100.0861644725415
99.16344528768684
99.7759993660868
98.38888005294078
98.98793144698709
98.9235856266729
99.06799001350034
98.41835821350473
98.83158763824572
97.53012470086811
97.92893436925435
97.6456033987044
95.3470188295723
94.01697093298516
91.57818984194743
89.03498169697168
88.1785105575322
87.53127294136549
84.66309659099632
83.65621981412984
81.68334206658524
81.13346204189381
80.4027396313837
79.70124280109621
78.89741518489758
77.61148417849465
76.03361547734526
74.95603368293831
72.69888801078571
71.46189134260979
68.12099018042002
68.54715194022806
66.78643081878164
66.5073301072227
65.46589734947692
65.43828030351895
64.37334312853311
63.691685027652504
62.34978676694916
