17
14
d
28.54651191019783
23.52431288210201
19.32385727745708
15.070602371956705
13.496393453799898
12.094888767864944
11.125490613912943
11.167252874543117
10.046020815471797
10.211418100541131
9.41902176297417
9.260693272739532
7.482478408324995
5.0813468951160425
3.3235044352620653
0.492501437879495
0.0
0.0
0.0
0.0
0.0
3.3643400335166342
10.581747490483572
16.291468713536997
21.359528802832283
27.71289772752679
32.403681838286516
41.156970661609606
47.60547398435968
52.03881588248463
53.203168555804545
53.162093146031346
49.247717789846334
43.64579927125883
35.21255083692281
30.442382011551555
19.850787770779004
14.403774635442753
10.480994005837477
2.87728559434298
0.0
0.0
0.15405052104654976
0.32301931173725934
0.2756418561287468
0.0
0.5132089010693148
0.0
2.277784095017605
3.9210369447531326
4.17610198587746
4.731502826213276
3.7596116266254618
4.555784718252444
5.777570624379355
5.355714695173743
8.52969970967761
10.148368909750118
17.225356994162787
21.78588191766514
27.278431323580126
32.511269191919176
33.61458591047579
36.473913583585045
39.55192572542131
42.05429703596107
45.74967363447108
48.148696329465224
57.22676658865544
67.92380936450506
84.60273440735153
96.70626179641592
111.92324193706034
130.19260205777255
145.92407274456374
172.8035390258045
192.30979116242383
207.88850842603
212.61086603486555
210.73876339596245
199.02371925700376
180.1470880384061
151.9648355623777
131.89837116507937
108.99803976098333
92.99796132471069
76.72765335780733
51.90725784196823
31.841938134833782
18.572270262929134
14.74363057279081
15.803634156596118
20.447167614362176
29.10575605116916
40.53155165215686
50.246291922562335
60.28234006618551
64.93825398836549
67.9210635873678
74.69393932791452
79.1038335650449
83.08505173051776
84.32126192472882
83.80547943628925
83.63356462175422
83.29595817384802
81.2992554021177
79.13811193542819
77.7114502595493
76.65561627749253
72.71311810461278
68.5539760047451
63.8507586144257
58.784655421012744
56.302608530158615
56.36327786546111
72.33727621205394
96.64058168645317
130.26988646560818
155.31404076816534
183.45759577941976
218.75101275224338
245.7177871892425
282.6763348796967
298.45988981937126
305.55635541384373
310.72408609155025
311.5728775953169
316.53394880691553
318.61515636730206
321.47911371095415
324.48748806382133
328.11066273217915
338.2420935334523
349.1314844206266
365.68260312447956
379.9112049043048
389.8098673969071
392.26868820783847
392.21610966128566
382.4683721240713
364.69565341564146
340.81104680299563
323.68558637497057
303.39015320394407
284.699693227937
269.1295726783031
250.40053709297788
236.49366887042328
229.62190932472302
227.42289161892472
225.72348997932076
221.006530403281
218.2796844561493
215.53437509524068
212.4379968279585
207.80972562995305
199.36084791231255
193.29400566823074
183.80104971027862
176.9721794690877
171.92632249386526
170.3170010609814
169.41643494663757
166.2388543544433
163.14052020731594
159.91663367748345
158.69493793393116
154.6987315770376
149.6410895506321
142.58787758144587
132.66610725679337
124.18656126674192
118.45383649032834
115.51386479701537
116.16400409369615
124.34832222981221
137.0892748782358
157.424978879988
170.68798002432877
187.2845634021329
201.72853418573703
216.0551200060136
238.50358102719693
256.67627025961883
270.8136110189338
274.0087085576517
274.3883775032568
259.6566056016213
238.31206097293077
205.46959303746894
182.28445595310902
155.10022527758997
133.1920399910952
112.34230769678457
78.9858967512567
55.357651310037234
37.318721525455615
33.158321598670405
32.814978384137056
43.04173524598359
56.47783875957405
76.57251481755758
92.28161493114773
108.87319438360595
119.85042610198948
129.45812470574697
145.9772665135084
156.75049069743955
165.7467377831553
167.79212364970658
167.89438310316106
162.0968945585175
151.36970966492711
137.89335897068364
128.4677935671183
116.88361564171291
106.84692430017483
96.1976930356285
80.59859036354781
66.92539931810006
55.55559116153301
53.35760064717696
52.107624932568925
70.05967346922333
95.2333054051531
133.38033911467474
159.17282276245197
190.13599090912987
216.9424256087872
243.48316031231764
283.0896631221785
313.5321397016866
334.8177793319635
339.58312951976205
340.7300296393877
330.7737024287903
315.52753014040053
294.0139824703552
278.7371726723067
260.95710220045106
255.74781274931257
249.6097489923896
247.48460332695691
241.80342387139277
235.06286884212713
230.77735350815826
225.63644767441625
212.2738815277671
196.9894279657326
171.85127800679405
153.84670245548003
130.924111080571
106.22804955465938
83.3409398988991
50.01439309906411
24.02319203087181
5.251322901579299
1.8003556819036914
1.6425255461407942
6.129284753037638
13.114008417750187
20.005616455232982
28.223614367196596
35.69460028621387
35.18041707942916
35.24638179388024
34.22677468055094
33.967883875425024
33.81157962573129
33.70617289460725
35.39310830656375
35.12947190741401
36.43844559870772
36.66997804628378
37.94069991878502
38.40263168438575
38.76576631327029
40.26653986831537
43.217920780526114
43.85449701707906
46.23488170950488
46.778246394624716
46.05767665162392
45.47032301925236
40.21552895023007
35.13814683193643
32.193612995576785
