17
13
c
13.912909978011365
13.348821626624044
13.451082014620555
13.445393982840653
14.088239894931911
14.014592594040629
13.612084096153959
13.134228561368143
11.601337019500857
11.122954514641307
9.685429416478126
6.944147196779302
5.61501464825968
4.720892570538366
0.4141211069997802
0.7409536483508131
0.10437446322256114
0.0
0.0
0.040619041795397104
3.2774740890956013
10.638433466421345
14.682833884277859
20.12603400019205
26.757755102768837
32.179993338314546
39.019233770164504
44.56840033577886
49.705194707027516
49.865685459114786
49.747284771333796
46.82256782733518
41.2656571251228
32.95268053889982
27.619423123088662
19.458540855699713
13.703725454725932
9.487757604812774
2.4517617108677334
0.9512561119259576
0.0
0.3533837305005339
0.38227913569237293
0.0
0.395217563281739
0.060446083514375595
0.0
2.3533785297320775
4.857519849733501
4.283094079343477
3.462474249540269
4.376334950522669
4.216546732175722
4.913755765203598
5.007497493082389
7.552629609808146
9.98405166988791
16.379826114358472
21.016777599677855
26.405103302127767
29.814071587269385
33.282321898789625
34.24095524165633
37.637888759952915
40.22164439858647
44.3409111759354
45.66521918044642
54.573373977885105
63.94270985381696
80.30844865766025
91.28505482296505
106.3835304692681
121.8843773228132
138.04980325474585
162.7003184129259
180.9347641231291
196.3997458787769
199.68387805296942
200.0121176249305
187.86984413504928
170.3477954103149
143.68355744782107
125.51202720784849
103.0305440584259
86.95791407789872
72.53550682558595
47.27031895570258
30.28226203277781
17.198826614113855
14.858035190471819
14.809500228051295
18.914986635866708
27.786046013741483
37.97623462444438
48.0855022273161
56.4197110344008
60.83343708136786
65.82310972307256
70.81080265709402
75.43829754991148
77.97258712792592
79.70562803283211
78.4838550153753
79.20146941082301
77.71971290410802
75.26199383274371
74.51410779416534
73.74633499475526
71.33967676260323
68.78575947059254
64.47029118719104
59.12863408944632
55.380605881416784
52.98270370881869
54.08564954450161
68.70524448277361
90.69596065706237
123.05012721577819
145.84640270489632
172.45513645542678
205.81090905198016
231.4477221590535
266.79724757722687
282.81904815258906
288.83831438814747
291.9778960160329
293.7657104360503
298.55575590759616
300.8779528184329
303.54423973414805
306.19058717876703
309.3798187297376
318.8223470669025
329.77854217786563
345.0636275475768
358.12570057703823
368.81203463115855
369.8173844451893
369.67043868308076
359.7534145939608
344.8209578342069
320.2423984222092
305.1716818913006
285.740132387459
268.1398750047235
254.20971781379367
235.64113888750043
222.76103450230136
216.98288257032993
215.19392814531352
212.94036139571062
209.4090444806023
205.65286611819403
203.647845642018
200.0219376386134
197.1694883229136
188.62157852221986
181.193035318531
173.50766472379053
167.50444342323138
162.36997979648777
161.0766129371541
158.92826355327566
156.04559661856462
154.53780053874686
152.76946795224023
148.95146080147617
146.4091098670978
140.9231858796727
133.40645832408077
125.02758947970963
117.53253157897217
112.01783234774494
110.19711368813341
109.0780730037896
116.76102751049237
130.91823605981693
147.73519029245637
160.37492937849723
176.04195354345654
189.49175375260322
203.95971944749456
225.64943250354594
242.26735165696917
257.2017725987027
259.12167746102773
260.102899051104
244.44112879455164
224.40497787507192
194.14838471043348
172.46591044072835
146.38543505698064
126.0250772689393
106.86808402222472
74.75038171280998
53.145504635665255
34.13843459580319
31.295685920612414
31.628907114670966
40.08040696783028
53.5806454007523
72.17257999421794
86.87946377210966
103.25911056029393
112.1834291258853
121.79942544856365
136.31904487807378
148.28190508187487
156.04507481262684
158.14112646545576
158.94721088355737
153.48658417044032
143.66176128342818
130.3666070816155
119.91594626938482
109.17856548668095
101.21775202781689
90.96545749566721
76.61257499994784
62.39624648539843
53.01398175950095
49.6199443823036
49.70112439557084
64.7975936250959
89.36886822018745
125.72105838860617
150.88227908498908
179.97894802113186
204.65897569299514
229.87988126392244
267.10023876248704
295.0255245433411
315.76185777719405
320.29010106254077
321.18406434081334
310.54551841981566
297.8110636817493
277.27676957886933
262.7242356413283
246.2771390724607
240.9278532921319
236.1849579414731
232.83366380167976
227.7151377067282
221.5928822076252
217.54254640289244
212.89006996525512
200.2259512855398
184.8083757401869
161.5293028175406
144.52534182535572
122.61860987167034
99.83882214665451
79.37397474929473
46.306254186842295
23.273114120923854
5.640663590910088
1.1252634555591774
1.5251405427520903
5.857262270103427
11.515169137310023
19.258719097712984
25.737820113551606
33.30364712851158
33.62548447126185
33.23639654203037
32.60006474606082
32.529788634715246
33.10731794443965
32.79840035158405
32.394355956121814
33.444183964154
33.667152689539776
35.010312148958796
35.74465963828443
36.40874653776194
37.71731760672275
39.232471529299325
41.453320390517
42.72655238863742
43.62109965578633
43.3633514035206
43.70863029167629
41.61291833528087
38.48991897228884
34.04851307068424
30.079651085857698
26.54304420853376
