26
16
d
51.02121541696121
51.898953121946704
51.91671622033832
52.17479107498438
52.06814660457666
50.81306384578869
52.01910537143873
51.26986456010304
51.0975012018675
49.77653670055488
49.11401934763998
48.02719607216841
47.070187022694434
47.39294783217224
45.95411547713271
44.91592422104591
44.93919760536855
44.00968295489099
44.76127063119238
44.409700179264014
45.97652200992665
46.41818535635137
46.65898823130582
48.57762271514951
48.32963994136095
49.65861383231135
52.11085349163062
54.059597829263794
54.91510355798067
55.35386495904184
55.507793864963716
52.68171055542491
49.49742910772382
44.303299027214244
40.473398461673604
36.8160837318844
33.1353524959348
30.836099668957942
24.082713024661686
20.894861861395228
17.864408022400752
16.65735471484799
16.505724818458855
17.28903420400084
19.54828550035451
23.38549835720201
25.27722133102432
28.6332084842403
29.81787208535014
30.37869355686232
29.222856185961962
30.589786019305187
30.60842133395967
32.345530780517244
32.88345724496686
35.77815032894783
39.402544184085954
49.777798253345445
57.90248343071991
67.44641259011907
76.85533696438638
85.63049538243841
97.5409481541014
107.14379073560298
112.73244050613177
114.06185232444528
114.04291315168916
113.43974616016347
110.1178410422621
107.96364177510071
105.68006562237377
102.90898535909119
102.25752810981778
101.8946185977529
100.06653551551813
99.39135026898785
98.85868050805468
98.93402959150411
98.20040274662692
101.30005193591975
106.82024402714536
112.64750863804838
117.92470894278252
125.47192460285456
131.9071797167197
135.79999577336847
141.87665956696947
145.30751950235114
150.22740847204543
152.27391945212509
153.07144603956814
157.14443576519352
159.5630468230679
161.09939730936372
165.16426469378194
167.953952057418
174.5207652756287
178.24399154911367
187.6416783002981
194.20417622679162
199.147367311723
200.8086672976578
200.67894721485436
196.02564010892655
186.72629373319097
177.0702311670062
169.31606977384408
160.18809815288327
152.81861959081658
144.25196697647965
132.53309510139962
124.21260013751372
117.59732976778925
115.91443463398775
116.68633432307941
121.0595503338765
128.98884550350914
140.00320139019476
146.75402795111003
156.15439616956976
163.06575082370586
168.24479710031508
178.63118321995174
185.2807584054718
190.2134442101684
191.787273686903
192.35967106961115
190.07098650869096
188.74184945749164
186.1975679566405
184.30588368916702
182.75778159953836
182.25481003533838
183.7147669799815
182.80112656414104
183.08188619600503
183.73783201859317
183.94487175437712
183.7459389370839
183.47236415321947
181.52399251263404
180.13304634479843
178.96862925374185
177.2730693744124
174.57655404056482
171.7585650804698
168.43949583432223
165.02404998447494
162.8724125477294
162.340193058866
161.97150788031627
167.25141523319633
175.98345349746776
187.05857162228688
195.78955028892076
205.70964112024177
213.9866508518016
223.1212094895347
236.15525211917895
248.2324196138219
256.7684613357595
259.64627782870764
258.6970039487586
252.26801264159377
241.6985649603685
225.79062906789554
214.80753188771013
201.9355215831027
193.07263527778352
183.97206373361996
169.47382041756208
160.19358334016871
152.35457978604794
150.5472511366428
150.90594351394012
152.74654548608626
158.10451214215013
163.81815161863375
169.11736520264046
173.0681998971496
176.01459024120268
177.92946800180223
182.01559695740752
184.37218737817693
186.342088809853
187.1392594488241
187.35904756524567
185.57941914381323
182.96597760752272
180.1241716718932
177.753925231861
173.80440472434523
171.35319854806497
166.61664210479947
161.01649730595426
155.93528355012543
150.6176641924634
150.2726010854138
148.95872695518048
159.10584784655484
173.3943211790203
195.4829871040042
209.10175025274114
227.46704191332194
244.64310161573843
261.84866156406093
286.7052557742325
307.2720992090975
321.3595009554654
325.7693116764531
326.02705927651715
313.623497180951
293.8067812527724
267.75827452120654
248.56703143058417
224.7977956229971
207.93608540802794
190.89123991651522
164.85611126151915
144.78389067121753
128.63976934830285
124.88779229320347
124.70600435614479
135.533032357109
154.33409514114905
179.05359071435436
198.7428337587004
219.01432341805045
235.04570951496254
250.23016727440765
274.03714866865676
292.73168605905335
305.65594958883156
310.13673549434924
310.4155806357768
300.1519864862684
286.37257440800585
263.9303254995522
248.68738710410776
230.38541054126594
217.4102996067317
207.28373936457803
193.71921632899475
183.88739193337798
175.3130095440156
174.61714758532375
170.46089734281543
166.0240506200832
161.51156036635257
158.70564838536845
153.83666143764685
148.00343632155665
139.51946451759486
130.64704727097404
117.5974030684054
107.69649464698749
100.41437773953483
98.23076409487021
98.2287504470377
102.76781241482905
108.82411256621414
119.37164437542145
125.85559903164409
134.20032048100617
140.0920250946733
144.04308964057344
152.59399683911576
159.52887884359814
163.94011396854768
164.18373417781137
164.39550300898242
161.21541362911685
156.72879103845503
147.58134679393427
144.47849549691963
136.08199694005256
133.35079451784563
130.67691022012704
127.97618785310192
126.48266394297411
122.78366993491751
120.63447798659926
117.89583312962847
111.82615618330799
106.63920053588987
99.40745042459794
92.23270629608625
85.43759067599768
