2
7
e
94.94971672442661
95.1060835597417
95.082756833123
95.65993730234976
95.65712778861051
95.60519245288252
95.46320191311143
92.10884527875794
88.11887778884211
82.29427044602869
77.598478371368
73.16613873151852
68.58344356222601
62.956488686689774
55.601721549095934
50.073661173737385
45.24270589048504
44.24433229682929
45.51146341388996
45.7506812147416
48.66430363606859
51.946384655935645
53.43383934840425
55.61613065279541
57.18053520667155
57.97912106287013
57.39507690434246
58.75076844196079
59.50542824515253
59.292337695105005
60.495962015514245
59.76146062156931
59.70407377700326
59.55862597890669
60.90024619820766
60.57319585258881
61.1139043987151
61.46684133796189
60.379344342708755
61.98221779927902
61.248253808127494
61.7908673564733
62.19193800729656
62.56136261660673
61.835585028051575
61.95315396549472
61.57699341498395
63.14642323632754
61.25550506182437
61.79255567192972
61.36282181420702
61.7930019057435
61.27747182530504
61.82344766829784
61.47463677402676
61.82345094763516
61.65218452870212
62.57213803249136
62.50914041486282
61.59392397937465
62.56684974663765
61.59373921447769
61.52987056807047
61.02428703699828
60.236783009418986
60.94508786080562
61.113225363256895
61.12158657523026
63.698597142813185
66.03101758278848
66.99854296322177
69.6536821360823
73.09843590227476
75.384726617909
78.26169544824721
78.58425523013032
79.15491944671382
78.04910711401996
79.32263513760658
78.69354725152712
79.54709709029362
78.75677440501158
79.64002546206362
79.5454256578367
79.08385390324901
78.56670798997246
79.52333861412897
78.81980929914239
79.54001585927577
80.3477142736413
80.27591452078052
81.18080591198394
82.07860833951253
86.56633320568064
92.86865281545468
98.39139831218274
104.10345628502758
107.97343131669672
114.57802188731169
119.37341006918135
123.56538535922652
124.54081089056211
125.64769978582791
123.88405818701006
122.0657794685845
120.42328025971976
119.4467220453106
117.13719772270277
118.00235935589166
117.79615342107661
119.21106087866853
118.78914256977443
118.78259013644308
118.93415402301017
119.22737478169516
118.64855052170753
116.94474254775093
114.9650975356133
113.4528669964212
111.73722777075515
109.06399885872172
108.43438106238025
106.17457618668907
105.00836127182455
103.0304107120546
103.22916675773324
103.37534915222624
103.101161264752
103.53714812618347
103.95342505567301
105.79431076610071
104.89452087381491
104.73240635757922
104.6914089085387
104.98522747672816
103.92881497044918
103.735801541762
103.73359889560689
103.0744431507021
105.41049329241203
107.03621382540676
109.53463827668037
111.381572441711
114.56053021047931
116.7659471643942
119.39064220719838
123.00122973578355
126.0662513561081
128.26191185977194
129.31694790065936
128.66077285521632
127.17504562434911
125.05291337138631
120.89566608900986
119.01254776610423
116.08063057972639
114.00679883526202
112.68516897268601
108.73796148702357
105.41715375833884
104.6204132094636
103.74519650668358
104.4865517037384
105.5150055246068
108.42516975622766
112.12399051710888
114.82675697714652
117.74667571963319
119.45699919721099
121.56496646528639
123.71781528816781
125.66617173282788
127.76022954301007
127.59747037549246
129.54269662955292
130.13592315820017
132.71522549791436
134.2398709939995
134.93823450316285
138.09640506286067
141.5981321239497
143.48933447240185
146.63541329084416
150.9696764414456
152.07537984848727
152.63898410113615
152.57161828492852
152.22859005613248
150.649235541082
149.79545416171794
147.84599427706888
146.29235901643753
144.13692965097718
143.79322446726923
142.73659319761308
141.93232140519453
140.3251869854458
139.34425626751528
139.9839980080552
141.65278869011618
142.69145749031162
145.53622570264056
148.34762307441864
150.39362895075064
151.89765845660736
154.14425774660816
157.18760943510154
159.2011695079667
160.7812191149963
161.60546352649666
161.52381834637413
160.73419413440402
160.5282616914583
157.8488238176123
157.96341747529934
157.07415310196072
157.32718288966188
156.93700284673952
155.84663556571843
155.64989790726108
156.34012797318306
155.35799374999579
155.19637656680578
154.8721363711685
153.26188567278083
151.3034102795188
149.03730890722736
145.5147045894904
142.29039037138514
139.7302396159741
136.1967326573001
136.08951977594828
134.51675388596274
135.1852139674171
134.96303680029143
133.2584483522141
134.7427168123568
134.38668097384266
133.5003364291395
132.78157374049007
133.30160733969979
131.81544755428916
131.1334914558201
131.09790404537816
130.63591871002842
129.79750576817057
130.235605479931
128.51028450711806
129.1562949530155
127.62448796270029
127.40427740353299
126.80222363698762
126.32069115780725
125.60838876695242
125.05992501343307
123.67142843728725
123.20203287574003
123.21837327626213
122.53179771769751
122.51108473493689
122.85036757569735
123.17269865273379
123.3985731172818
123.28973539229375
124.57278010529159
124.15340475364097
124.89921736599774
124.00358242486577
125.76602127623612
126.27043538717031
125.54163039741836
124.59278969319281
121.93160968780819
119.6591335530227
117.45879230540798
114.32019192516067
111.6434972317716
110.17248285386654
107.43057886603364
105.78594501250139
103.87100686703342
103.20804795742924
103.35714063134449
101.6817369113635
101.9398161762916
100.70507222631056
100.1657507004427
98.43617825099945
