11
27
d
63.60327316995229
63.935362142701
63.91448616723985
64.0799439566354
63.04839055870449
63.48572084332178
62.96320161948974
59.89680347459565
55.07795389062446
49.36356061520001
44.18467317341952
39.21252698392129
32.92126671946332
28.137823970787455
19.288288308038084
13.465472703429972
8.414462093682035
7.673614191031615
8.532640587706183
8.73102893788521
10.882906155165694
12.830289185458692
14.220341417898252
15.868054518964092
16.031654090242316
15.885707660306103
15.570586667273435
15.670889405428941
15.301820528132023
14.302907201513026
15.035527012793713
17.094355127754575
17.20285065077212
19.028358699677646
19.92015057253494
22.406998922895777
23.54486035307194
25.71051398971793
27.786139039037625
29.538822716440595
30.509982508214847
30.321164588999025
31.17342632794263
30.279181104758653
30.26319466931781
28.474756937995288
27.878348146163436
25.7419487877842
25.440483760333542
24.10593608633589
21.67799121107189
20.167927048930196
19.212265971219345
19.18886289034135
17.812645236955326
22.14899812785871
29.390190774118626
39.44393335132605
44.58449031062274
52.788759331693605
63.596766898917984
72.21959095188505
83.99914874625601
84.41834673350523
85.60484116808885
85.56380269138798
86.10187176702476
86.99677410524984
86.35877624513877
87.40631197928586
86.86167252250374
86.76440262891417
88.30637605740215
89.80122223224232
89.31192509452393
90.80979159582208
91.63056334262373
91.39711191701242
93.32449129479491
96.09526843052464
98.73229205014609
100.58209508810971
103.20193505026299
107.2719444667408
110.98793632152999
114.59562026981634
118.65856005169003
122.8824553976558
126.28928529396248
126.03517804684674
126.00173688738168
125.47787957892608
124.59141093054791
123.84873986112905
122.56120593683207
121.33643368532051
121.78791580883744
120.95841420761721
120.96598448019046
120.54601838484281
119.33299717452444
120.31316577732528
119.30450289578633
120.34606913361725
123.34070074517544
126.54768268500817
127.5694520389762
129.13088104710096
131.9835658265758
133.66041024023278
136.73615956363471
139.75984724663573
141.2367111431453
142.87262021203654
142.09463139970882
140.96654404378287
137.62983536363967
135.16649362422632
133.04656883799393
129.70169334675288
127.56413088864
124.07127073625253
121.36683588406453
118.81535577475037
116.21562825526738
116.42582665521581
116.51199408369672
118.91024689399495
121.5738653942798
126.53894679902642
130.1625553345523
133.9627961666127
138.80955971338577
143.1870330528514
146.91169544848037
147.82895612835011
147.85780353084425
147.6781966596618
147.87599877686054
147.4220224681469
148.0629166298194
146.94929595713305
148.0982407531886
148.01921105550366
148.56650541525454
148.4794807060015
147.85483556304618
148.88466781391017
148.4984641223181
148.9169671428357
148.62583757217186
149.80683781959647
152.30592891448242
156.14372658801787
159.15111215051593
164.02764667456896
169.1498391103135
172.3220759976865
176.5381347580094
178.56756205215495
180.74231682883385
180.79593394159008
181.90160606351637
182.5739867938648
182.68238940068858
183.12909276930102
183.03672742756154
184.1192698368343
185.31483226209446
186.73087812743856
187.71202673164257
188.2427457869792
189.34373399143348
189.37391674780412
190.89326827139632
192.04827540434047
194.82525598839186
197.53182635961687
199.91024806714734
202.46581901595854
204.88725688817092
208.75209185344153
213.5390799473241
216.13677792586503
218.46251743145285
218.48447317968217
219.36587094825887
217.71890208107678
218.08370110547412
215.41988874723208
213.55350535004868
213.76299119605932
212.18756050714043
211.69367756036826
211.63129180219175
210.7164451991231
209.44223090521436
209.08010147189128
209.58675228289965
210.71775140745802
209.7456742787519
210.20056542656548
210.59486533648393
210.91562961223195
210.8797819687308
210.95291895792585
212.50127963936336
211.88622127795915
212.06758718877805
211.79426723578652
212.89688130125052
211.59373769668426
208.58131251988917
207.35320638484282
205.0759529252574
203.17013782524958
201.97492390132805
200.44042060111977
199.0486304536779
198.65075810481054
197.48228701295915
197.23283315160552
194.9963722862956
191.18074743177533
186.7898016978338
179.92350337987153
173.74937476938743
166.3092783843174
156.07516571623253
147.70613487380024
137.33921836832818
134.48899873472968
133.05858701386867
131.90438842840197
132.50235652329388
130.6891287558318
131.0447859915868
130.30924219005936
129.45619600699067
129.36917381675576
127.07327281355299
125.156233325582
122.31986597301317
120.27217879013426
118.72166426790498
117.20971072042778
117.92503134604736
118.97797449890997
120.35626339565921
122.54616339968904
124.36074437685106
126.01688536310994
126.87044363001141
127.96974535048136
129.65260771235657
130.93178991667918
132.89429387585025
133.0766382433226
131.9233550601632
131.80111748195714
128.485105460434
126.04783112001186
123.8992245552678
120.82653311407171
118.6256007095669
117.87063200514174
114.53259766318251
112.64069038059411
112.23899962827366
111.37088005368913
111.3016586706297
111.53082429238742
110.56612315251103
110.34838372035837
109.57529280997794
108.64827047560387
108.81353501754424
108.94267701974402
108.89219063997788
108.1749867182982
106.68314311037678
107.46249894492476
106.69110281245533
103.75043539225086
101.74385152971543
94.54662705175889
90.19299000716788
83.91034632895676
