20
8
e
33.600629033777984
32.30212044492966
33.10525024034526
32.40713489068665
33.94370355447304
33.37803668880265
33.16280176390571
33.56487284202067
32.96947044710733
33.21218919755771
32.22669064857039
31.37474030415682
30.992290678520508
30.809782765010695
30.091791659556726
29.24303859954573
28.7580945894376
28.256847822037567
28.600627732809656
29.147190876492
29.358694555435783
29.879270867750513
30.836365827468857
31.29282713545909
32.50499569836252
32.47668902317129
34.26247921554622
34.931179763059
34.659496007877806
36.20233280657841
35.823075384906275
33.94434057320832
32.96680646296176
29.15470837988035
26.503842480031963
23.93434428683201
23.15260199526812
20.14139457874071
16.639722411537186
13.394122748484175
10.98241773852709
11.556409837534162
11.19858721259613
12.13657324374055
14.430900292996387
14.432553436581312
16.907647050221332
18.57974701726332
19.817009986114048
18.912373559526756
18.407544152676547
19.774390439752604
19.35428390478026
20.088938261703223
20.368755288270997
22.42255117641306
26.09315394775457
31.550023672260988
37.382584155092204
42.815769690732665
49.53577181752315
55.108417021318694
63.42231213346167
69.35539561068133
73.240104481576
74.68421424310283
74.47282632717629
73.04433487334342
72.22837452513882
69.68773775752496
67.64226374617297
66.28490832962044
66.09810342631144
66.52330948426115
65.25044544580496
64.83983232121622
65.14306302627317
63.517124239012404
63.49867192236175
66.49722629270396
68.76735053750517
74.49736727508319
77.06497448713279
81.10325805115727
84.98108317845637
88.68554130200461
92.07288141125466
94.47264895777127
98.49670299198054
98.56682543675903
99.67909879027792
101.26548095741188
101.96945613062782
105.95561995181026
107.65101631073071
108.97875660593958
113.27087814997766
115.80120039952716
120.83516703453404
126.83074851623827
129.08407911296143
129.65029804558253
130.3680558754752
127.38349255691516
122.27671772061528
115.38815862325323
109.68750342779228
104.01747842721093
99.28776491762645
93.71814854291954
86.3043256697215
80.1372910559153
76.34460556723876
74.99858561501932
75.0595212292384
77.97333097700508
83.13237547752689
89.523642941887
96.09039945105381
101.6726374029387
104.94345809462428
109.31633054152323
115.96489705801898
120.90307781950301
123.98101312636986
123.45618373206679
123.73511014600012
123.23351815267975
122.59448549602874
121.07811536267317
119.68613586020341
117.94544676953895
117.67743579676393
118.27036128395375
118.45021642903278
119.750797759511
118.68499177344422
119.57140990457566
118.89071825731024
117.63046221263669
117.8976799760087
116.55708554315432
116.51308891124708
115.26261384674225
113.85421389595761
111.66745666166413
109.50457835744405
108.28985219096906
106.34775363932104
106.15994709193974
105.05049807276833
109.53468648643783
114.51647863982745
121.05604834585216
127.37302478589733
133.20322079378985
139.22885683409422
144.70194620443922
154.02780333564115
161.42473785650932
166.36501783498352
168.29455259565376
167.58725044586316
163.58783814522317
156.27497809820517
146.48371895832884
139.81164015753532
131.08587095393997
125.69670298253932
119.54525656642899
110.50169387819471
103.5817438568974
100.10818908577698
97.48012230031598
97.62327826433871
99.00809808617903
102.46896919073855
105.94349603988029
109.1562326651605
112.5467330308401
114.83965476147769
116.04276794597942
117.76215358585584
119.44910779971555
120.8236356015326
121.45127022055777
122.05353962033844
120.20730617292068
119.00901183335098
116.74121541367845
114.77658084294819
113.41177864640746
111.66213835663292
109.60865647414906
104.0272547567079
100.60195526709384
97.2851938949573
98.34446750914084
97.4638291948193
103.7479403422706
113.10638733038734
127.42303927321544
137.07640820702713
148.1268146431356
158.38467914723574
169.3006775277701
186.80469334381863
198.94780910986466
208.8210907548969
211.19057685431255
211.7650876750348
202.8675855464185
191.71136385160784
174.2094400929189
162.03382958352196
145.82835341698663
134.62413603230587
123.77344923091972
106.62977690308257
92.22763244421914
82.96560164076394
81.53721341514202
81.37182363644584
88.64170390341215
99.28290455486236
116.92344396344782
128.54305130705504
142.19554469917577
153.04773986466395
161.87077712460422
178.48111523711304
188.93455257547737
199.3288827852125
200.87080111441026
201.18495281535513
194.59441668364235
185.27727864726285
171.88891782317933
160.6666709447803
148.70771894347843
141.82995417926003
134.69412073397172
126.07644658144793
120.3524242636852
114.05894799905087
111.917727996711
110.61632172998509
107.91765609959926
104.815008508479
101.70438497344337
100.13435533392001
96.32254641421356
91.32561770237406
85.31003795751666
76.48741081580857
70.29593264736862
65.13614463005415
63.30987373111134
63.16744576494623
65.53019297017346
71.8384921263289
76.41223448711305
81.47441854377504
86.32082107241395
90.20163712494654
93.0827941615216
99.24558227199657
103.20608487101092
105.78577919748722
107.17194042286692
106.04020006767371
104.9640200485923
100.44874500593677
96.54492205371517
91.98202155331008
88.69495542000345
86.85437393650624
85.14636248357513
83.34143511422958
80.46539199900378
79.38157336647077
77.98871535749298
77.80414106617918
73.61935520114653
69.5608075904263
64.70976720351192
60.77919652748371
55.37699415726536
