22
2
e
138.9753599546941
138.33248742848778
139.51906676402132
138.69668633686092
138.26543839095694
140.3329037469107
138.4280932992939
134.05188884026146
126.64744557380655
116.11184964144731
111.84595375279727
103.06099750188459
93.89347132401694
85.41453770881421
73.37903131339077
67.04207399494854
59.87167653786767
58.816388471945615
57.97203969908217
58.783348113435636
62.04712777344326
66.1833055868885
68.42843833284854
71.92875048307988
72.36181469926434
73.00370944920036
72.59760875137556
73.67948425496826
73.37215670866637
74.89802762976784
74.50056430721868
75.03116694173808
75.76777396017367
76.31429149035885
78.43202285442469
79.29269914174169
79.98254574180488
81.93329304443806
83.98450903988717
84.57459486192907
85.24916188802878
86.33443285616724
85.82232938972717
85.19592305279279
84.89881752400727
82.54203904701146
82.28063745474174
82.0722922424306
80.36945096957015
81.04668990805233
80.0047116681884
80.17461344446129
78.5083331139937
78.5580221154713
78.74074319756787
77.29421544513008
78.14574949679377
76.60134709145153
76.66591551978001
77.55011175463574
76.31594202287192
74.84589546646505
71.82132377514779
70.94549891303286
69.90694303406889
68.35453173735358
68.63221884818509
73.30439113428292
77.48448322330066
85.84404241994434
91.9550731312501
98.18402930834283
102.26556799114998
106.47784557829502
111.9817041224898
115.75243228952856
119.90753459609063
122.21590673047766
125.34041894804596
130.21474546021815
134.20600266938135
141.07991376825717
146.70908905340713
152.84851781187035
162.0735757907073
168.28606451476455
181.18664374019733
190.37042455093538
196.4165102599895
197.52028548936713
198.04756360158822
196.0925612420553
193.12032829904865
189.78579360229796
186.66347067604136
184.05026135038133
182.9875643240796
182.95583234130876
183.76082467973475
183.08272906364124
183.6440539235046
182.21665953929516
182.69894577077847
181.3496481845314
180.0616570151768
172.60336503747962
164.76097969425277
155.44279794257852
149.87728670801312
142.97746228745478
133.27983146274903
126.72606625143271
120.97574496372792
119.5414263817849
119.79795057291638
122.19032232273214
124.95511987439768
128.23432722421566
131.23007912017525
134.86598643918884
134.76748808086882
136.9274471495434
139.36526458678054
139.99924322971972
140.75214482093736
140.49616189259902
140.08973064567735
140.816270975614
141.27487334498548
142.05430339279968
141.6912179017558
141.2233625906259
141.88953216374136
142.0187984598054
141.6579482848129
141.68233680741315
142.49282730993994
143.23891296382445
143.88745720541016
145.11910338571414
146.64030441453846
150.17964734591638
154.5951306530792
158.07912031370915
161.24368796744537
165.2747903996761
170.02017725896903
173.95792053511536
176.3029832262518
176.7717723685308
176.6270578253175
176.04199220134325
174.764991188019
174.31244373236396
172.64455361375926
171.87583680799577
171.94306453430852
170.92325510643064
170.5977097302443
169.62094492066853
168.4595768985712
167.82866784402475
167.82645731477228
170.7054084684153
175.92887107918105
182.44275655161567
187.55336197771257
192.76835706831295
198.12429509629237
202.84530994873515
212.23292758939075
216.21591318845714
220.80394146760338
221.80750729244053
221.4489216155127
219.76337060647546
218.95319947667937
216.0449559672422
213.87000223783127
212.0759392038873
210.50989601584757
210.63373988192959
210.57196517684963
210.51175700107922
209.54545292304348
209.0764678766152
208.5072767801532
208.5431977208486
207.69509204387376
206.62541410687302
205.78333573840865
204.12874551806917
204.82051181168703
203.9863028287575
203.17976825729787
202.98057113191254
201.2036107480534
200.01306629175568
199.68442921738574
197.18261227477362
196.1633368259757
193.50565609838407
190.2887502201134
188.74250450548885
184.8613879970864
182.13530260159862
176.73064523467914
172.67713416319722
169.65737594366576
168.9338982004869
168.58337170954724
172.37122013279944
178.02654047949719
185.04129320346226
191.46321696298523
197.57172158555733
202.40215595334396
208.49102989040892
216.28118801596455
222.60894353583362
227.4832764444925
229.14269826808547
228.81449354632247
226.6310638446285
220.31336307106253
213.6749717731796
209.48826397519878
204.88065533252714
201.62221599153517
198.11083568001885
194.4591764736869
192.32602263282223
189.3382162099648
188.09045315656053
188.07922863677766
185.07906178614587
184.329695605874
181.52150142538568
180.93834214130501
178.58804496958408
175.31495088059413
172.4027475310622
170.2016932510226
166.3767872869553
166.24440559910244
164.55107476272022
164.9192532455117
164.11280439415142
163.41787141534735
161.85124555756042
161.51750806652117
159.68828640353237
158.74963317289036
156.6929316758503
153.8500664414021
151.43181724122627
148.85039113804703
147.8717873389886
148.29248865347472
150.6354888400901
155.2294708474209
159.7855054607063
163.0221126084305
167.54359816842882
171.26642182014282
175.40976312092732
181.64166187070487
186.10830983446385
188.81076200170006
189.90968740776978
189.74274201950814
186.3981927111254
181.2182130468871
174.05534141336656
170.00864164689105
161.97831459887874
155.62080453232542
150.85275889521955
143.36973699933327
142.1427832156129
141.92476857458686
140.38975318529816
141.7783624096402
139.3538234097813
139.88858501186164
140.01943799933915
140.47415238467974
138.42223212727185
