16
18
b
200.2768446886323
200.27693176980233
199.45235891626965
200.81480201319627
200.18861381641702
200.52204591352094
200.223861673274
193.7847635192572
185.14498634842303
172.73133413405515
163.89339441722734
152.73165470747932
141.32718282852807
132.67016843119217
116.16416911497502
105.2780600846147
95.7744760201764
94.32635060971971
94.92614730072349
96.7553368192075
100.46538403107105
106.67807738525529
112.07926714027
117.12703044713356
119.0600474904541
120.73734187621076
122.96503243566417
123.20479984989701
124.16308726389155
124.43903413496331
124.80422727419374
124.36342151018479
125.71515649357801
126.0773240683654
126.56859832078942
125.87779517536582
126.64278642275332
128.39303132953336
129.95778112513463
129.25924146248119
131.54284491971387
131.19757787826123
131.89619863622187
130.35605029005742
129.61864190654777
130.6798707852509
130.22597505859156
129.49825108352744
129.78882441015676
130.0844775866743
130.27269468055943
130.4650212207401
130.25744164139493
129.4731986554695
130.1022631704839
130.41971497487657
130.429367156219
129.9559782483405
131.10283808103662
130.26923726633459
129.97494719811536
129.40203333579336
128.61829484755825
129.1402428829687
126.78292380391193
126.62641591392104
128.03452500981518
129.13290375501558
133.26532654868328
138.15421173722228
141.82601769947428
145.35655114711378
153.1426680227303
158.19119639974028
164.9115311688384
164.35697496202712
165.66048176259991
165.529144014421
165.32211799666308
166.08037200883555
165.2288442076391
166.26922426847298
165.9408752831338
166.17195896774226
165.0639892326255
166.05912237998123
165.26321144764088
165.619812760544
166.5669352479695
167.0555351151198
167.38790093710782
169.04758503182222
170.43627512566553
183.316079955193
194.70201380692205
207.77710501580077
217.83678389144168
227.0387012958504
241.17005373619145
251.14022660178395
260.35657711936454
260.60720463279756
261.20511760112544
259.99770780615967
256.08068013859474
253.85078766252363
249.3244582300931
246.36865569450364
247.18567898155143
248.39327527099002
247.60879948215887
248.87045359651955
249.1051882637357
249.42460100887396
249.94077793424563
247.16675515635384
245.2637763600748
239.7016505354518
238.40691798346504
233.7444396983864
229.96032722484375
227.37412144317327
222.7021130661595
219.39084359261645
216.5569603138164
216.22593506211481
216.13714727909158
217.40253652109044
217.78837759875844
218.7055266247744
219.39745089588126
220.3934790101284
220.8162429535532
219.8397401787722
220.0937995124742
218.39850568951775
217.10337231078287
216.89534289393362
216.76653925739296
220.71073362382648
224.92393206018198
231.42212393855954
236.36196841726664
241.4133478157666
245.98997407050817
250.8300632228816
258.1810177770111
263.99600988930035
269.19658316244767
269.627399280112
269.8799770534722
267.29162484384517
262.10797960185664
254.89823556737133
248.9528936782649
244.37167395972813
238.77009678161505
235.12946354508182
228.23167299580112
222.77077769403286
218.525182612774
218.17662099156655
217.91149005189507
221.49804140372171
226.4099862073694
234.06866003901513
240.692115457226
246.18503666797247
251.34097265330712
254.6523188725553
258.895359733224
262.5593791420595
266.45508868401396
268.8702167766386
269.70164631511403
274.30678138019545
277.422725972349
281.67585960246527
284.65902929077083
288.78309500588534
294.9773884835379
300.1607646795722
309.4491217026201
314.8115545856636
319.8171945260587
321.5793346938645
320.93249779637625
318.7511596011252
316.9751937019614
312.93686585739454
308.75086970048307
305.6676138637111
302.62329530946494
301.3546699525745
299.03596723101276
296.552326235437
294.5669120170218
293.80399388124823
292.65272395157973
296.87813314526204
299.4016237786062
306.40556240436825
310.54246105129687
315.03714173673035
319.2549467732793
323.6300284511852
329.35255821615846
334.0659192364652
337.54956848038296
338.36914571320517
338.35423168402633
337.4294435757828
335.4479844607605
332.61019236600185
330.07649652417706
327.8191072246766
328.3678368812874
327.92258125176795
328.26715933212347
326.6852281521303
327.3008945869933
326.61707032395447
326.2737822259886
323.8334006214115
322.10650880667976
316.0005455213158
311.9450257811713
305.34171942688874
299.07462472019455
293.6790432791122
287.03721458811236
284.8477152231669
282.4508552862603
282.44080795231207
281.8353275646392
281.11139595769026
280.37155513202504
279.7005037807586
279.83530782126087
279.6103359792257
277.5465740409622
276.65208686588045
274.8265515169065
274.37885473752175
272.6236150365604
273.4453723379307
272.0232400085384
270.5708618431386
269.7551646514887
269.09769782223464
267.6277398039274
265.66017999562155
265.11099424155765
262.74407755478643
261.143368932871
259.70182386264213
256.7592838287742
257.48240786276483
257.6426494964964
258.2152511294938
258.13384867188245
259.2488746626931
259.9765723080226
260.36696561860373
259.7045833769046
260.58664297784793
261.93751811231243
262.6993186370736
263.41581919045717
263.8139367820447
263.91856629900013
260.6178161472194
256.24006008256407
249.39615144635957
244.18607990685774
240.46249053474347
235.47789345008064
230.85706721844147
225.5370123095256
220.35542883368393
218.74895283027908
217.2973310120247
216.56377850031686
214.92852020395378
214.2333669760142
211.3465771239436
209.97065540420664
207.41510911067982
