26
15
a
39.219102137452246
38.686131260139426
38.36941351323803
38.86104670262822
38.98567346128593
38.779499057474986
39.38073547657312
37.68183962085508
37.91215125457894
37.69905020918429
37.26787456191374
36.55272631432822
35.366123364646704
34.69176748956973
34.96993697171623
33.867508625242316
33.26108918815692
32.71564500971469
32.3144409456704
34.34277626436057
32.93696472008924
34.85211224795249
35.514266370972756
35.73533082024312
37.21829706105133
38.04108666496502
38.94203989273194
40.15893833267049
40.4713704113216
40.19870836955176
41.36321763258197
39.24258361377397
38.2836155268909
33.156698605655805
31.11369588948551
26.589942547646228
25.320442949060297
22.126098793491572
17.39096650713311
15.357857456735527
12.579675317288576
11.720338323650829
12.630719663804655
13.277874919775277
15.459823882386544
17.87700751240323
19.746961071926524
22.359323657316263
21.826501680543714
21.38662594992681
21.940512972496894
21.85498366416669
23.696452547565244
22.94973736937609
24.001341598189125
26.47673458871659
29.243206299317798
36.546264406758944
43.32805464840409
51.12039362696567
56.77939969143201
63.62941643482628
72.9025141479385
79.22349435990517
84.47573115372373
85.18986178406963
85.48035407872784
84.93628865005283
82.84568389123838
81.47260054493637
77.9278763796999
76.5486246040839
76.52976427236248
76.00240671870495
75.11823034397445
73.8722847523252
73.6904498740481
72.86269881062192
73.54564516133875
75.92787192635977
78.3698852011264
85.06753991570824
88.8025480057485
92.9711697308555
97.23124029142689
101.20994082073217
105.58894445485612
108.03268218772045
112.61893320991965
114.09616113716004
114.41748039157544
116.61676270320768
118.08737654334034
122.07926396309779
123.11046142124314
125.24906151008733
129.86172416873106
133.21201737315693
140.8040905788762
144.9897574409214
148.7861687645512
150.22216791445584
150.17932039486143
146.16994444984718
139.27533467716722
131.831933585953
126.57919978785937
119.43827216318076
113.04684116359836
108.13409323070904
99.1997544895776
92.89972449799986
87.76311766297444
86.65579020666009
86.97822275732494
90.99695822172906
95.41230235459851
103.87765368486251
109.40445740623979
116.78735897914903
120.98971167516717
125.46267219752932
133.19786166378807
137.9787869389343
141.91695746309642
142.96343067481783
144.19467171779692
141.30501783784123
141.84851015789576
138.68582415592437
137.05647564699748
134.97497537611315
135.98035304027334
135.83116452247035
136.69408210004744
136.595502614877
136.50538526134966
136.78704739216158
137.29929302797512
136.32616588578844
134.8860261794999
134.24557644795235
132.12591611884298
132.76329072526656
130.21662655916447
129.09088173764036
126.00781623058714
123.17315084365552
120.52396053185812
121.49299412661024
120.70942673707795
124.8099927794502
131.23170573470213
139.23686036844782
145.53069471753983
152.90273666271872
159.79852361632717
166.82339605954726
177.10433229438735
185.38751889444984
191.39796538469406
192.967946067064
193.52729538813517
187.77562786089442
178.8621320965547
168.83380531339412
160.52557634817242
151.36558109908592
143.3407697881497
137.7014643191332
127.17291076008777
119.2267599535775
112.69918638353703
111.8858293092168
111.59228099642573
113.5305182696605
117.17016378678896
121.5022000295322
125.99639810250177
129.41737826661742
130.7333964347153
132.9382976067036
135.79897297432612
137.8009842502817
139.69998399903207
139.59700150955658
139.66772077426086
138.7769553140515
136.20067956429614
133.2811905100161
132.89994216190667
130.2065723338195
126.53692075588864
123.91719090429464
119.52690011985229
116.25251717508468
112.92893916185203
111.13563734074802
111.53066530906993
118.81483742057397
129.63142597206112
146.53231616712088
156.75086738132742
170.73843750758604
182.94198328990663
194.571842932596
213.69594757058925
229.97774818454357
240.21289487243354
243.66758520899754
243.10001593694165
233.39701269043536
220.00621192469941
200.37177170138852
185.45999015036224
167.24784129036146
156.29689551005586
142.50432125431993
122.73387641645519
107.43988083407791
95.93445384180693
92.90987135851502
92.62224558924342
101.33685033274448
115.596569412489
133.17670145209772
147.70962261144442
162.93562160893174
175.04235306867344
187.93286547163336
204.95671839561402
217.73963414020702
228.720691187168
231.29590278720212
231.0300485931454
224.48398611557587
213.8290630304406
196.51414617592118
186.0188791292404
172.61217837546704
162.59263453210903
155.0671565699051
145.75913842065708
137.39934245941674
131.50189834743236
130.09069790319404
128.23612986227843
125.2255733895452
120.83523448722576
117.758781217351
114.22259244161066
111.0903469221969
103.73538056847657
97.68429142192927
87.87641421093129
80.03571261657798
74.0691647820433
72.9518039749988
74.23065868329667
75.9377976177002
81.20198324757756
88.8648706632831
94.17052522033278
99.1308550914781
103.99164805999717
108.39896662861433
113.44696279415041
117.80593811027128
121.90132180806573
122.75906206931
122.9336947348464
119.90829715871334
116.91233106582654
111.38586013181231
106.34228855776375
102.77043878914047
100.45601661196753
97.49448443512956
96.03732207220835
92.99375858229308
91.69553777680686
89.46003119396154
87.55257789726997
84.24264394881216
80.68929779302563
74.75915266359509
68.72772656677364
63.6434288730279
