8
2
d
5.989586197274763
7.382996003888305
7.025260651295017
6.359576609552026
7.649708752241729
6.328239575806271
7.062120188139338
5.808065397536777
5.764213986317361
5.178197722487237
4.080500044982885
2.700102247334848
3.346645911786342
1.8108327716421668
1.0655900210306015
0.0
0.09234586294185612
0.0
0.15381416465691566
0.0
1.7106383654444066
4.8504082649699
7.493378613892131
9.353993520680714
11.16433200470033
14.264928206373773
18.79347313811633
21.673744634745635
24.02589742544414
24.257342428163962
24.479711869278862
22.58577578139898
19.84962992699123
16.788493875189754
13.843743614411308
9.967641869300447
6.6580113248183945
4.052172061164943
1.411561849147933
0.0
0.8724224328141079
0.0
0.0
0.0
0.5462416116550758
0.4460100800283621
0.0
0.9505533353054824
2.045837256147448
2.11209313898555
1.4960862274143374
1.9614669798722972
1.9143063731157803
2.14230521861988
2.7150976688939803
3.9059835059338432
5.039036133991954
7.7570488968869356
10.15151857144055
13.039840120245335
14.666873083166104
15.833664999939026
16.161480843531717
18.37605203925877
19.777232575531308
21.354286228126156
22.438809980375037
25.740043600908923
30.130990846460588
38.566762599670454
44.56746816441118
50.69934979153485
58.557834697950156
67.22874658352153
78.41620577602467
87.51859681714835
94.45740462358684
96.20025955546845
96.24675058095205
91.3522224751087
81.90886220481939
69.49371563330612
60.711877704603296
49.70347496998214
41.743533083853066
34.592966571783236
23.27070770731049
14.753652370440092
8.726524910147477
7.0068821928885665
7.350417819576911
9.107016105874175
12.5692948222087
18.551030097412305
22.18595726127281
26.807167003265125
29.49942133630349
31.623845434754273
33.7517900501268
36.99143253599348
37.387674404230786
37.50890028406416
36.831889981021476
37.782779485610604
36.924627265557696
35.98255962416462
35.559617213999196
35.41558691726192
33.89706096745725
32.98207530487924
31.90669214023419
27.85669324608108
26.482819491758537
25.63940488326536
26.87336222583201
33.35219063903207
43.75143610838399
59.747654046602534
69.97323937307856
81.94749918780997
98.53378049415153
111.67138013883087
127.81714896331347
135.3557990964148
139.46051336982464
139.7414371594083
141.79594807172856
143.74055361904126
144.663120604884
144.90631525816855
146.60480638862518
148.88594600855188
153.53227538812982
158.50505811450347
166.35474999092733
172.96843915452942
176.19518504526235
178.3427000863115
178.48563884153313
172.72550142444828
166.07343089379356
154.56182689477208
146.59126892538816
137.4801381440401
128.68666735781403
122.36728283412945
113.25779737873442
107.96526218348416
104.4709954065965
103.30001171713023
102.23945252466795
100.94106127197807
98.07427229797283
97.71288889426103
96.67551775695797
94.37459659238391
89.96879096611885
88.36039650040286
83.30370520674009
80.57658256100125
78.13968674842647
77.65625417013023
76.54428481459831
75.3764440942888
74.40593674205451
71.56483433542914
71.8470160069488
70.19307899809607
66.96228326573393
64.64591268994937
59.76470505384609
56.23621223741012
53.87318131061866
52.52666464588062
52.87662508410551
56.38046955139222
62.43234270570225
70.81696357543511
77.66068929571564
85.88936548775432
91.1629527465155
98.18233866199232
109.58998513512645
116.75206768056724
122.36602472683069
124.24380750812377
124.25426718068796
118.39312506534363
107.1374237832334
92.46642222621381
83.06481437257918
70.30148953392332
60.53025025214467
51.5736318512551
36.21378323398799
25.107732938126126
16.789616807939197
15.063463938248816
14.537861545913985
19.6834158998124
26.25831112924063
35.88095259545614
41.85364845128902
49.262795031867086
54.01976553408258
59.14723014738729
65.95967997898794
70.58236257565315
75.27778596953904
76.33985401191708
76.19186664706862
72.26691218521827
68.56858679670978
63.18064492312603
58.3294359288337
51.938169436332196
48.70035946439661
43.83899800519135
35.46161771075037
30.394104141845865
24.641715949213857
23.19466617891375
24.263693393524886
32.17286102867032
43.14147597387335
60.628254742739664
71.64152099547061
86.68969518501518
98.3202687300809
110.87363021873335
128.89367014071118
142.7935891187984
152.05869756695657
154.72739840622015
154.90765166312468
150.3696549909917
142.32493683402663
134.2434608166169
126.66224373030563
117.82945042043858
115.79352352175927
114.05776967140781
111.28211330445363
109.4606994923809
106.25150610988943
105.07019942064653
102.65274672988637
95.8688104437443
89.23001754973309
77.91082055257809
69.43754979921356
60.07054600064341
48.434432789900576
38.66804918972835
23.1353149797985
11.38001238611694
3.018945206852757
0.512709940236385
1.3294346499023941
2.708641211047828
6.006102211721246
9.805847390371246
11.963540999473945
15.833845624160437
15.560431258459117
16.60810547792638
15.681315471688794
16.30077189245256
16.00566610871319
15.917088254639564
15.522426931905434
15.265980058828402
16.825601892131917
17.11700794662371
15.813878513069978
18.555402626579557
19.080011809655744
18.27224946981594
18.56513580427542
19.676752898264326
20.368110535505682
21.12535711480053
20.95989952618406
19.815636934652023
18.793024845892788
15.920500650148913
14.109346543151352
12.6707677798861
