19
20
c
117.86419932069911
118.9526338930446
118.66087237832608
117.88695387854904
118.03688832311725
118.4433345494742
117.22087352723868
113.5833355293616
106.3447636078666
98.11912437502339
91.66176909395378
83.05685820529368
69.03183926252143
59.131415238483164
47.81415018886079
47.590440745613
47.60311149182884
47.0952451562203
46.66493898667184
46.967074660793344
47.1300959059585
47.07358657677125
46.815899261399395
47.080123380735884
45.164573424212755
44.902285717436854
41.601962616744046
40.55564723683833
40.38391294726341
39.81566623386314
39.20989213464803
39.714084671610294
39.86158518092517
40.59277427399822
41.387577497298395
41.55973605808169
42.949716467675195
42.405777025353245
41.68973482641315
43.84048749969215
44.14585406670387
43.64746626011433
44.42885436215322
42.141441503013816
39.48967227763278
34.97336701443978
32.51969089319785
29.63055464561753
25.026308211253003
20.927455977755113
15.344799485630496
11.502185203142858
8.408053803140053
7.494228187087641
9.000625092909422
11.255228866644805
15.294482715336878
21.787544939332786
24.964427130636427
30.552937244664356
35.04093410352339
38.84282939400995
45.40158005359655
49.06293595256259
51.43691185058972
52.3653169374531
52.349632365273095
51.92542296768535
50.520719959070284
47.82336238828073
46.54950850492392
43.56216713811247
43.4137637953588
42.373393194414
41.07944358538677
40.26079994301541
40.582758251574035
39.022931189215406
39.15493027668788
40.843923721308755
42.48388277651774
43.45879536556229
44.593098546613675
46.68241959044677
47.4441621646959
48.83283454151276
49.252704131692866
50.7852956812018
49.63201195441102
52.81265022392783
52.172762159027386
53.57977888343253
56.06058409014379
59.727342708110655
62.5282487004447
64.51681739657239
68.44331655470862
71.04586733123939
76.34046869177199
79.91912193066541
82.71302917452775
82.4372405683438
84.25140290210122
82.04041063904111
80.82588264841118
76.749232265371
75.67583959549135
73.15122550047975
70.41489723014548
71.09336785584861
67.08618390772872
67.31508526489463
65.5931540671029
65.83904355234536
65.14489977815403
66.74967858147534
66.5806483747275
68.2543195934826
69.12090170153846
70.03959298176467
70.5546347780217
70.49340477826455
71.00255059494913
71.05624411028123
70.47451170983842
72.3792467084139
71.68651662124564
72.87956112979953
74.70433795185308
82.16390298418048
86.7507099643178
93.34890057083012
99.81280100205232
104.53174827089124
112.04671920535078
115.85898767981413
118.08119214105616
117.2619024740722
118.2653179130666
120.14015304031682
121.45136740944247
122.55570932133344
123.73519880084801
124.63118063094865
125.8270896214545
127.30690001646228
127.32946689635533
128.3089439344394
130.37008894508452
132.34312268678718
133.3337189410229
139.0720754347344
144.19583889658102
158.62732592696273
169.96620347938745
184.35347324100732
198.3809800038603
209.29136414818743
229.3462412649151
244.3670777071796
253.72698283625732
257.2696098297203
257.3416360210585
250.32637757412633
240.07572582694937
225.87803265993995
215.01669266520116
202.58367096588245
186.17946261129455
175.16054697596616
164.0468026154867
166.7771158996342
167.52525096899183
168.3754442688558
168.36548785071895
169.08092616980431
168.41861793842975
168.49905282724828
167.99269774517475
169.23357535843533
168.45433234792256
166.22470603850311
163.91035004842178
163.90980041038426
161.03787403033593
160.56351138483322
160.4905232682425
163.37178876459538
170.77835118394694
178.6389501474447
184.667605193514
192.89715873477797
199.3166403680403
203.58925224024816
209.12706202400258
215.87584858919715
220.64235930415464
222.55187637473628
224.53757385513978
227.44985206186502
230.8700990649772
233.96763562220437
237.82221453945496
241.95413063691078
248.50674259611753
255.19749053722404
266.6274868935875
274.5462480835529
280.5166541919241
281.82173294906534
281.86600978513434
274.6434060772226
261.97532205709035
246.5627762323386
235.24168602219862
220.4787834863757
209.42124234420376
199.80111522735538
187.49117874642943
177.84067045310346
170.07345609366232
168.46093310055977
166.04149530597257
163.2166654871956
158.63922100505948
155.20176719703463
152.0915436326927
148.1368923727118
140.52523372024797
134.25022029033022
123.0755625037812
116.33485012145469
110.93192941600444
109.66160313242517
109.40262302769058
110.53419935427183
112.33442041217556
116.13252728986333
117.76232938128484
122.71385938460573
123.50078238241089
125.05058638122705
124.90199436169752
126.58845144720415
127.75592610992224
129.1450711190841
128.90805439626186
125.90899065709975
122.55443250492195
117.95109988587755
115.34917365308102
111.37585835995354
107.21712457590975
105.6122608242863
100.98976078890539
98.11780256700315
96.93466363373099
96.33590761329195
95.59189207692265
94.03029514099998
92.67537137814742
92.81073335080828
92.06444328894398
89.74318519050507
89.39278362494493
86.22076359654608
83.37596307787369
80.27985087095165
78.18072591201889
77.87630839373827
77.8892228627791
80.80396797683271
82.99366910632578
88.70159889960506
92.28795291684649
96.0848909473678
101.7348349473502
106.0843090732653
110.77364944422645
111.197981404118
111.32377445779223
111.60677966651694
111.88284467337344
111.96250770690182
111.58175774082488
111.58048130644224
111.83089812763478
111.84485108884074
