2
21
b
187.98457834567506
188.4595373015428
188.11042876464543
187.88745934166
188.14834894833552
188.1015432947132
187.5370657987025
180.8513846538745
172.967881066513
159.37363372622062
150.73399401242727
139.03923858510115
128.60500589997014
115.81310200798661
102.08801153722393
88.58305145452125
80.19356417966196
77.73731922523682
77.53521297119782
81.04358850121184
84.47684646096171
89.20107554769926
93.83020997563457
96.982915656617
98.18853044293425
97.47627522106905
98.57555699075368
100.10161826410612
100.6688466344245
100.98226309011851
101.63429596049541
102.62087894796036
102.9394149864512
104.91415521906072
105.64560066706377
107.26786612899384
109.02235412895732
110.55368512730433
112.36713685480835
114.1800673809355
115.20695894504539
115.63552347456715
116.41390278275023
115.5049624571161
114.1020816432354
111.82856888762396
111.12008415647747
110.81647854682927
108.729154181878
109.29616624541416
108.96718043433098
106.77019623482207
106.89748413344546
106.86940088817146
106.28783065940813
106.19681732537853
106.43057927365395
105.32118313434478
105.42562839369012
103.61144178203068
102.66209189665975
102.03384643254441
98.50843107242572
96.19325594056475
94.14498801380397
92.63574788716082
91.9696440045365
98.22953832425661
105.90050050508324
116.42707194332962
123.40403406964649
132.23587094403453
138.59406032646584
144.52259517288832
151.09999213560712
154.9316529305719
162.42229876138106
165.58756644788494
169.53984894971018
175.84478958952752
182.959097498574
191.69050208724033
198.8350453057854
207.90555597305138
220.04575931723167
228.5891140756711
245.5854177661329
257.01333068466187
267.22404961328544
268.76885760618217
268.1208214506388
265.44853733057704
261.89115520531095
257.17834735465163
253.8544439285897
249.34418614869136
248.94126968936905
248.5733563564741
248.50948954294333
248.98086775566293
247.98912042847363
247.7190452883794
246.8453021336098
246.27465774229114
242.9721164789082
233.5789514296822
223.55634855402906
211.05050683904634
202.40203717907016
193.9019778890476
180.41221703469554
171.9387592618643
164.5018826028088
162.5046643005509
164.35668857038868
165.62446465370473
168.78560743239208
174.49335485429128
178.3842085612507
181.87886310015898
184.72268163698223
186.17476777831203
188.40191098628196
189.1791788041317
190.82551157401397
190.1353547193023
190.03048423901234
191.37763107132395
191.30465120605513
191.6234642488404
192.11062338107374
191.7254621524809
191.6171862577548
192.89354113747163
192.56391946287383
192.86295479196608
193.37876057109403
193.6450456554056
194.10810270197697
196.75475834035723
199.1734063228203
204.38335473124772
208.6827162419882
213.9465611038331
218.63623413733396
222.6389933315923
229.69728412373053
235.70659636399816
238.12434290606552
240.5110468516833
239.71527046292277
238.84964736314905
238.24080355916698
235.5596644011109
234.85884328850256
233.380816998619
232.60607656894845
231.58835361471415
230.73539787272765
229.48957448887577
227.73995369553685
227.50037451555642
227.54610350128212
231.03146017363778
237.5430307598991
247.4086833274633
254.27978400911707
260.86791861123095
268.5118993433643
275.44233664168996
285.80282331497983
293.12368434580696
299.423062197728
299.8421432270558
300.06606294411137
298.7313742302726
296.19940731784294
292.8024004376443
289.6149991804846
286.9503421692131
285.5716280922741
285.6344745951314
284.9423087500883
285.0886582305275
283.95801450818277
284.02883246737014
283.1278390526097
282.12120463300056
281.2749102811097
279.16551498192075
278.24905591181306
275.75616468100185
276.5411173262
275.5468061072781
275.2925841148504
273.69070779597786
272.70172813642785
271.171459803064
271.3546637785205
268.6398384124414
266.5197853678735
261.96633666579
259.6525258811904
255.3533335187632
250.12866727285652
246.960717198443
239.66482242940998
233.54782744253237
230.3138466701339
228.62061923970063
227.6188278829613
232.42572750100038
241.01464278187268
250.79935147649286
258.38485045992485
267.4905218174024
275.63058127639965
282.35613769955495
292.68269249741485
302.08021389950915
307.8235159921079
309.5588541965318
309.66068394096357
305.5551851293969
300.6122966788627
290.74594933248216
284.37846726828684
276.93693925543766
271.67261158572535
268.2045513709081
263.1131415773812
259.95460894434524
256.234940746481
254.8080266614947
254.33870004316543
252.33955342837928
249.75371066419552
246.80329629634866
245.37358654246617
243.16540788420454
238.95882510055614
234.8925708920816
229.70974430596357
226.7982694863399
224.4780690220972
224.2746188208985
223.1655124199695
221.78062489849754
220.87625535011284
220.24565259752387
218.25010116757326
217.36544932458816
214.73202051606765
211.55410959030237
207.96781171757854
204.4177925812717
201.73184605595304
199.8217492342388
200.97974169829942
203.87296174301835
208.9678780594322
215.64951534861527
221.14173255828683
227.76086525538292
232.3144549016828
237.08930298600822
244.7244780166293
250.71090526851216
257.3758600283335
256.89292309439327
257.46118758477115
252.56280922424438
245.33717449292192
236.43120287978675
228.77325900462748
220.63838364399112
211.4051986700806
203.51722896360832
194.5116849068531
192.41995767458187
191.48842664990545
191.7605481931774
190.58391789888915
190.80925583809136
189.45153861806025
190.25978629106268
190.10195008725702
189.30563599280887
