1
10
b
48.20691262747179
48.47057042598538
49.71932725225044
48.545797998957305
47.573793813615744
48.54631057223122
48.9459568493623
48.119359566119634
47.877148511889104
47.661468558749235
46.45253469154592
45.893054594034105
44.77002523346161
43.638814493501606
43.75252737625308
42.7814139521587
41.51466865218379
40.97113845752441
41.42299051503969
42.20837475758562
43.19466096693421
43.463573713673426
44.78402155348579
46.13277950081837
46.274328785752694
47.512610783080774
49.19695253063401
50.49859061626714
52.14565967819163
51.740107820152716
51.59284588496521
50.27087561070195
46.80768048932233
41.95107376737785
38.29504225213929
35.29992595852067
31.673870472012183
28.07440209797163
22.439660251771098
19.989679163245224
16.707262151751095
15.16307841653569
15.750266145783359
17.831546999727703
19.59859968193273
22.40351449033153
24.55440117395601
25.65891384461107
27.490997769109846
27.896371126372564
27.830308176431565
28.304494685563345
29.434514823696908
29.447504170331722
30.585197401454813
34.086610447488695
37.69889164938764
46.15686301492662
55.07757320066942
64.19395376086995
71.9230295457522
79.46556719479284
90.9159854391897
99.25975237342413
105.79569544786418
107.5585334055576
108.51175432022592
105.60463010092222
102.78994010761993
100.7606115898895
98.36261924299058
96.28002891407574
96.01659111102562
96.14930776723705
94.45791630185892
93.98971831660741
91.83602776742015
91.52816536245146
92.55290794326636
96.58334621148764
99.83930111412208
107.02490059189786
112.27893219115171
116.33447407836414
123.69553961737562
127.51564886291852
132.7788983701332
136.70307679224987
140.8998035705026
142.46428274479712
144.89440140156927
146.70754820207938
149.34437936265292
151.72354214828914
153.88453280513198
157.79104186055133
162.3521540500975
168.54250898337537
175.3144736947769
182.20531228300672
187.51437748397373
188.1943701662781
187.94121641061122
183.58723070564068
177.41942513842662
165.56453491162836
158.44774032422404
150.3795903173119
142.43984828523216
135.90410452637272
125.76118849809633
117.37504067534746
110.54211712509037
109.91312865185385
109.26285866244915
113.54663193828378
120.75086590886062
131.88013809215428
138.13948111946064
146.87584531391676
154.01033400800625
157.6986941030161
167.92434639998743
174.32334690873788
178.58516591897754
179.60967354321053
180.14579050586073
178.98562092936135
176.8059548625491
175.2010749737924
173.58284477470772
170.62964410750115
170.93241233181587
172.06859099593638
171.13101536415078
172.50034854383983
172.82469849904
172.76767725722607
172.49877886181918
171.77332027828916
170.11049902388856
168.00030765012337
167.5905959195772
166.16437130348532
163.83259138303296
161.95582990345125
158.11268088526822
155.76178513565344
153.50011780176854
151.7097283550675
151.86111678699515
156.1306401828263
165.35404303724565
175.63670216556727
183.70104589737525
193.84602492744358
201.2013727364147
209.45684992929893
222.72419741063777
232.93512225043463
241.4173554476563
242.8997756197534
243.03038625539287
236.75082367591966
226.62623422336264
212.23128101765587
201.74576224833353
191.19919713284867
180.84405589921099
172.80373332842498
159.50164349280624
149.72756408500183
143.624954798242
142.08285221369735
141.04500443434458
144.81270636622517
148.1695883479466
154.31196437163177
158.16635856833273
162.42710499664338
165.43498946840427
167.4289247580019
170.86847634531503
172.85474516505042
175.6286832508088
175.38192277608417
176.16428825166906
175.0439350187575
172.0826230775654
168.33666367382943
165.796141815843
162.97683021039433
161.3837118808673
156.8228705186477
150.89676753039257
145.23479668970958
141.91756214113602
140.36930484783107
140.29546066008126
149.62356902460215
163.63696233441726
184.08708986264884
197.59361139576683
214.3403058769111
229.22334832550132
245.50093108720813
269.37466082274085
288.49432935009054
301.5559259000849
304.87493930753106
306.3531788239499
294.50759058883034
276.8385136483285
252.11289167571076
233.12449197780586
211.32332332267922
195.1161682659306
179.43893177516378
154.18393516486776
134.81210305144063
121.21113173098128
116.90484729742589
116.45016911460031
128.83169407797965
145.0274148067251
168.9576400254369
186.20853991862447
206.01381133897343
220.7556965199634
234.68763317713672
257.55114367361546
274.2141185169171
287.3430974035351
290.3728576323646
291.3136489586667
281.3731100627147
268.55751925747643
248.32818255612375
234.09279320754453
217.80613098335073
204.488432879108
195.24760491668567
183.3688258566933
172.51348158721748
164.7740893172053
162.7261417670718
160.86615773183948
156.5542225593227
152.36895186437022
147.30544910134847
144.49863999312214
139.99548069830652
131.5110078638888
122.5408772730695
110.46725061147441
101.24568809465804
94.45243602065429
92.54675203951547
91.61078051410112
95.71547372764132
102.23826765396561
110.7470736582225
118.97708676051936
125.51894572191637
130.49846090612638
135.23588764320533
143.06799175499216
148.7986416884769
152.2450591769481
153.41464523849825
153.75875527114968
151.53617956161952
145.64010250856322
138.50877263291096
134.1217762108154
127.84030078950934
124.71230046793406
122.98282895794178
120.52663606049072
118.27138509814219
115.35918251921673
112.72446490355158
110.46958325809084
106.14821144156268
99.95190723317629
92.68183745741139
87.29828329772137
80.34725138471575
