5
6
c
156.63663743708037
156.2068071611596
156.5615302439229
156.31448467554137
156.73415746736342
156.20372657966055
156.0376892194022
153.08760423544265
149.4116316338925
143.99293577102037
140.66068294597386
135.40543890834323
130.0662521108706
125.73561574898366
119.60608578595613
116.68047603485371
114.22250686679736
114.59304764328681
112.53833349463774
111.81855552334305
111.0691489480014
111.35631858725581
110.4522305472238
109.76066952191422
107.37397445049487
105.92306248546049
104.1424828149634
102.97865189608773
100.68145990215412
99.65100161247234
100.19229131908538
98.55259328390882
96.81226958293202
95.58569875812589
95.0706829203442
92.945456766865
91.29988258076534
88.79374193073782
85.53352813880298
83.85834717113877
81.98301590282955
81.84994653344319
81.13177335187969
82.31482192461924
84.11977553991285
84.91273036116752
85.81416069148003
87.61903257079027
88.06121529914992
88.88810312032096
88.66006775712265
88.96331423945931
88.7806352217045
88.9758062254391
88.80104987264738
89.66996719393254
90.68060568453666
91.90350759025746
91.9330423646354
93.61132063979271
93.35697896308804
94.7098005056444
94.52599478529041
95.90623589273875
97.3609803137567
96.80468420794118
97.23628046859454
98.95548508133756
100.86699702811599
102.6608369642114
103.85461157716311
105.93443623910098
107.02083838598939
107.971559694865
109.72536498232999
110.89978487407603
113.23085190540887
113.05432378264221
115.27195518606953
116.78641246064124
118.61444691486003
121.94678124630518
124.78100989932769
127.47712062234942
131.62016744470384
134.15481641889693
136.01450759339474
139.10371758737344
141.54275533483062
143.21718331653202
145.36524383544315
146.49627948585223
150.39024131862652
152.2920075071061
155.93663702022607
157.55166121375103
162.09847099112963
164.93915826367717
169.56835649323634
172.34659612100825
176.13388339859807
176.31287936313115
177.27146316925158
179.1584291629319
181.5837713134431
182.05307134077
184.31573662410153
186.6254786408554
190.67080931570854
193.63172010292053
198.33807337589437
199.87942118682312
199.8177552380577
201.02044184026343
201.56522924926475
201.13483410308422
201.69846339739001
201.93807451521303
201.67231026665127
203.11845843337977
202.75839182178498
204.7129525268316
206.18306832876934
207.96061316980527
208.307627927182
208.45144959330813
209.06572520985262
208.24758421864587
206.9954298522897
206.80635929123417
205.33004974455747
204.14279396856298
203.2146093768374
203.06722817557582
202.50826209042174
202.13320592312266
201.47742640743087
201.10178019883895
200.91419677793616
202.00157954230127
203.95600712096555
205.42223418029448
206.3895314609011
208.57643205267067
209.44082440194185
211.57563252069545
213.35322050575056
215.47380203331127
216.2064942948242
216.1716432269142
216.1633266693086
216.63147046779497
215.1028271635242
216.09374469095022
214.6006072226406
214.85481148228936
215.12025552730665
214.69132556539068
214.6016282682986
214.96916061436823
214.9027009181633
214.47438597931378
214.63660393371168
215.81721409801534
214.48438534259267
213.36155279231238
213.30753983118086
212.62118437972782
212.71220046118043
212.1077661106598
211.46802307045544
212.02059858860486
211.97763687236062
210.59503558830366
210.2152798935716
209.96759259936536
209.64184760057287
208.95743254018427
207.43929611384712
205.85610734590716
205.7583220029963
203.581216534609
203.98036799001616
202.6403192846206
201.52765240796626
202.1676810388332
201.54651651748662
202.1275979743917
200.67656526636853
201.42779622577333
202.17543121926775
200.5117425656355
199.81843038128756
199.7634486266507
198.9127130918419
198.62610209480442
199.59849491181066
198.2642636770656
196.93221050655373
197.689918398626
197.93679393456878
196.88908836763045
196.3646716162289
197.34312524472261
195.90318086041916
194.92666071082058
194.31159003894476
194.77959944299377
193.7573261873395
193.64816756165916
193.6176626083307
193.61048826954647
193.36576912540755
194.97327711377244
195.54898780474676
197.17170707133158
196.54273682595374
197.32891966745498
198.69706942955446
198.53768123602543
200.1121879762531
199.29599321269987
199.42746706669504
199.8024239711869
199.3555340117543
198.51056275244727
198.8621417784071
198.50130320286047
198.51710485310548
198.47412214119046
198.03271111011674
197.84598116440782
197.27671319676904
196.6542306667389
197.6969773861016
198.21889204786302
199.8317192495928
202.9207109644508
204.82953254672105
207.3357100075132
210.47112080270202
210.7122753029703
214.7822263051648
215.255641825154
215.93188308514144
215.92779125972487
217.3057814500604
217.00407483430294
215.6014244757678
216.15404704075553
215.89832851221985
217.14401520253242
217.0406709507266
217.93104146064033
219.56625208824673
219.90938034099645
219.5438992910061
220.03479325403876
220.29182111449998
219.70643111240173
217.946073488021
217.04065073316133
215.94186042636133
214.40332663992749
214.2602382469667
213.29965504035582
212.9789525263098
212.6328399436918
211.3583339217452
212.17806326751298
209.8809857568908
208.63483097253197
206.42319299093253
204.4136638170332
201.81235216600763
198.5121560448327
195.45836097009257
193.95938347078953
191.4372369442387
189.09080997170028
187.63588128532382
185.60877942424466
184.49113786704504
182.20824146926844
179.05603668286872
175.70530769208432
174.23269662867875
170.8271529942461
