2
16
e
22.527123492448123
18.507368065977715
16.42891114347832
11.982537675074962
10.801895381712324
10.058959836945593
9.205988516577037
9.143457243591875
8.117796528390052
8.741969938762413
8.040991975995523
7.667467906538775
5.724164638925714
3.8854785065295654
3.5066237128278264
0.8709621771488145
0.13554927601982614
0.1543999398420082
0.0
0.0
0.46475127118167336
2.940601596802552
8.971425947348758
12.397661527231138
17.06806065138584
23.20998029857188
26.836503677697383
34.66718066847254
38.37884850721261
42.287900150714094
43.919187444557565
44.172199211821415
40.1937606238119
36.08165262203463
29.358912350218066
23.563909855505898
16.286879228957492
12.766020388262154
8.816935593702459
2.3139738827193526
0.0
0.0
0.5482755291657648
0.0
0.6241454246578889
1.6910734508855039
0.0
0.7287772464341864
1.8070995514456292
3.256231193628434
2.950523147760728
3.2226081809814797
4.067244279206167
3.312007262705176
4.40371034957928
4.636839553795096
6.565024085149049
9.246392843200498
13.695302172139797
18.0944254321039
23.158783643554273
26.021395143976644
28.9196333589296
29.37978991236723
32.262010923062775
36.33506330854401
38.001066818196456
40.11178494903027
47.15012295697909
54.98881872199416
69.08425356135226
79.84670115322483
92.694288770824
106.49972339107198
120.99112962887969
141.6188520841217
158.69541773297297
170.34195173603305
174.92591211792393
174.50223399843745
163.98113692106557
148.6207054605349
125.39757105926111
107.98430695936865
90.22911555834092
75.80967724252339
61.01751403929035
41.90542201414324
26.59189382536284
15.032792217974768
13.299257500895225
13.416367141586651
17.24244741742447
23.98255563410807
33.469592598917174
40.391503878022455
48.681971127567685
53.58769174184526
56.5600547506856
61.37663987508884
65.52210444055325
68.21601206263581
69.59307575111008
68.18656857394978
67.8981631735863
67.28682990803287
66.34879288203345
66.10645422489415
63.905441941399694
62.64193798163658
59.78667914708112
56.31721776816294
51.46291867558113
48.20547417167663
46.783209412852145
47.166777597400056
59.67733793943138
78.9398310814985
106.46362891776687
126.75932004163077
150.3556094063517
178.4238476549822
201.77980058654518
232.04194747273502
245.13165731313094
252.17898334219396
254.553547289199
256.5077394822616
259.5581910202036
262.98036613328946
264.66486751701115
266.71641583462736
270.23688628431296
278.9107012518866
286.44671830149053
302.1550976007322
311.4657460551336
321.08621576109624
322.9742887149997
323.0164990905795
314.11834145263975
300.55898628814816
280.0826022554806
266.27912301144414
249.55911972707403
233.64052724696526
220.54625461121768
204.89350126560612
194.26255977623484
190.7025652063232
187.17641467607874
186.0052240115366
182.71219821759482
178.35823248038568
176.3420004712293
174.516854469354
170.48275719065575
163.78114257890462
158.1236260643858
151.29651610583088
145.6302001611236
141.02154794446042
139.29129221120007
139.0431775967947
136.65178422014506
134.96210417157332
132.69834798859642
130.5152636201762
127.2883929269776
123.0993314004574
116.1726796993215
109.46745074566465
101.95139906390764
97.4551651135602
95.13211268077522
95.51284232031894
102.39805904656863
113.4528682674031
128.61626785891144
141.2466415353693
153.41914609981717
165.55641939216386
178.068784236009
196.09066049205316
211.2863779164838
223.34772760108828
226.1489091255759
226.58758306417656
213.91786147325294
195.11800606356954
169.56291596878106
150.35161702089331
127.21870501147161
109.76959075196525
91.99358916193852
65.73254897776361
45.29700280742257
31.446964154762963
26.47667543400903
28.203619713583734
34.851808297904604
46.92343428846744
62.664651789146966
75.80714331493988
89.80878971305398
97.81998938487521
106.64776584459966
118.41769470073875
128.4839601055353
136.86154038497452
138.62625371613123
138.35831163638136
133.371517186462
125.93069246473709
114.59374038950443
105.27830165478146
95.28183287075294
88.92006815956309
79.05274211336824
65.73635000633648
54.37191970484135
46.63312641251334
42.476412097340855
43.17697305425497
57.18380083764601
78.54622831551211
109.10435736740901
130.48672834661983
156.29091629652706
179.14836924326016
199.7302438186871
233.82948381899254
257.5049839365255
276.15464015060746
279.95706367584575
280.1910562782232
271.23770753535956
260.4002371504083
242.1185447992591
229.24623084327692
215.13072266549602
209.85172125045514
205.72200376780702
201.9879895154993
198.7047626423411
192.55675546445158
190.0034183387006
185.7508935648201
174.26441301178338
162.37002439098083
140.94933843661858
126.1348349779524
107.87216225535111
87.1029484680219
69.19070858609139
40.0936281653539
19.679958864932978
4.684824713636625
0.7022599328021482
0.9894730849790405
3.9553087739608586
10.147006396846393
16.07255253396671
22.029209762716874
28.40955660147759
29.19739019362739
29.655943653604794
28.711527791946597
28.47934286934678
28.70024760749259
27.71601643059558
28.38321081667163
28.3950239301531
29.166064958860943
30.276863774267746
32.05372878955615
31.470994001774862
32.95975087543913
34.19831107719824
35.20537261520523
35.6264034120178
37.947024315268536
38.61521245177141
38.04324437701107
36.42449904375513
33.62968665050664
29.449038619222172
26.718444485166863
