16
12
d
166.33699289016403
164.9530609956491
164.31124194677747
161.78285530657428
160.52343292157448
160.07536121388594
158.24067433224877
156.88258178379027
151.77680261911559
148.18880262693912
138.22071003739924
130.78597034814308
121.6155307289151
113.46924886737813
106.27536866770453
92.21987630202833
84.84146823948585
77.00172051476012
75.50257711693541
76.03254296360319
77.9448693603803
79.79671985063942
84.86020297666532
89.72106342931905
93.16960383351217
94.57332968364531
96.49168294562216
97.60016977996578
99.51857187435003
99.66616685383107
100.06006617436225
99.72210800452231
99.76334976165721
100.52625249541036
100.7735976343973
101.45060179324594
101.54540919006382
102.07281072763372
102.64457939467775
103.26196699314377
104.85729789785852
104.8113127218411
105.8455729958766
105.13889454939267
104.17466536415417
104.03769402904152
104.68373853807759
104.27384573722502
103.22252192915644
103.81585093826266
104.4161182552555
104.3815806856436
103.38434586765796
104.28374936754915
105.1853548643554
103.67336499650948
103.99898449606067
103.30153657198508
103.89159085370575
104.08125389581544
104.33288832730896
103.11936969685006
103.22379143211397
102.91996276858055
103.09275845964733
101.61820398834227
101.25744133884146
101.37756998636438
102.44947081949184
105.40420877834974
111.21746915464081
113.25877480731627
117.31064527735589
122.49123250378126
126.68374068890208
132.32534450993907
131.85209286555434
132.07535859948004
131.72891397100318
131.8027435639447
132.40516264109021
132.64002329688105
133.09259762451688
132.43695667287682
133.21176804120293
133.04824598000377
133.31926660156967
131.6066276715134
132.14462572437756
133.22302092946302
133.5889420694034
133.36114185885248
135.45659655054186
136.82437137466675
146.3141300724914
154.84393338576717
166.52438263703857
173.8160284559209
181.56107781554175
193.16360857374482
200.90084618249205
207.2895049411447
208.16498357554386
208.56020153762228
206.84391451806528
205.25706101475282
203.01582061823564
199.94863191723846
197.45632662189612
196.94880797643464
197.67012841297736
198.55431040278287
198.6230086560435
199.7275284408777
200.4644402004185
198.89006661205826
198.12942140466083
196.59119542594627
192.4861455232963
190.083266256179
186.94684833756105
185.23864716116978
181.7804750523836
178.33466446097916
174.42922158863163
173.9145903031584
172.71100136697845
172.75625357292054
173.27911438879406
174.1547282666812
174.48839164485213
176.02906534682256
176.29296257465256
176.56941134093856
176.06439459921808
174.97948634071747
175.04565200973659
174.39587020334625
172.84350783087268
174.0094399883649
176.70552639301388
179.37933495161403
184.36087085203397
187.83393161316576
192.80594785040452
197.18931120822998
200.0588552829043
206.78019749455032
211.59896421843243
215.0493881440495
215.75359110148278
216.2258549290213
213.7453135899338
209.03271152559054
203.8363773082513
199.8630871832645
194.51325006126453
191.20160763560273
188.59901398623637
182.69070774574368
177.87122373538472
175.19661779807575
173.89915854100573
173.86168100488004
176.8465101777614
181.85856808788054
187.62758067841847
192.56783589610126
198.51424108220408
201.6461213557628
204.26205857698355
207.0525265526269
210.23213842460683
213.9347483407232
214.73443497348157
216.64035828998894
219.65139718156553
222.12320632199544
225.95663934777153
228.03457940186144
231.312824251899
236.42861813971084
240.39634084551682
246.97555093571265
252.03365556505673
256.41201274620033
257.94586963684765
256.55616689586753
255.64099234021015
253.94368334174422
249.38340439579778
246.8693912430225
244.60641513959797
242.58580299780758
241.12579060751068
238.6099355240653
236.79601994451247
235.19875000309128
234.34623720103355
234.37675695567947
236.68990123932863
240.37968932171708
244.77318776230294
248.20992920867803
251.95177546041253
255.44070735948907
259.65507711206095
262.4957856651608
266.1475598309145
269.48577410011535
270.35300974749657
270.3571896077402
270.104852043029
267.42994183799476
266.99213210538795
264.0602521129099
262.6730212341652
263.03170132348305
261.9381705867686
260.8877541684947
262.28322490077545
262.0133651402058
261.42443472223204
260.2845940403849
259.22810034044034
257.9160406990947
254.45094847763
248.85430188971463
244.43644212663395
239.28061505993924
234.82362878460518
230.322319077139
227.00112437376157
226.17135519312376
225.6493271588782
225.07054089499545
224.57015788302314
224.57420880180615
224.38171293849126
224.5084924983668
223.61567757718367
222.78714338357753
221.31065493827666
220.14155971698742
218.37797864204035
217.09167871487801
217.84492024186363
217.23646820491084
216.11440883927057
215.14808916456562
214.79480008032266
213.97928865630718
212.99074061662236
212.0875089039151
211.22020512199606
208.97012164892357
208.20135273054024
206.2589213153902
206.6600073533108
205.75168897986603
206.5944333223641
206.90015586047568
206.81389053575649
207.15794633896266
207.7741759220602
208.41876844194076
208.46558931702143
208.65912135120212
209.50143289464268
211.17082578029104
211.46722887383655
210.85915972699064
209.51217373343803
205.21187857311475
199.79414933268473
197.15436721176502
191.83654020712135
188.19437434688135
185.32583333090707
181.42987133943964
177.52104120999184
174.79054654264675
173.92794516341763
173.1063269538715
171.98593247327778
171.22736750901436
169.54466100334773
168.10486885564637
