15
9
a
59.54960839627915
60.73855843462804
60.95118797015934
60.633840090464886
60.67870736158085
60.541550732955656
60.11193524676896
56.917717224548205
53.5420665077797
46.33920248366869
41.38005062363303
36.609352371632795
31.271263250065754
25.963072582669867
18.4540004776448
13.03951684850652
8.054527166784226
8.39874350431504
7.804480899301689
8.676846147449456
9.606927329058447
11.690141767209129
13.740888668832104
15.024324037197662
15.028007648492423
15.109276328669868
14.822919348330446
14.804465019401091
13.618120555159658
13.601433115123939
14.300981424298294
15.718357832853837
17.400718357617258
18.544298600144586
19.23311301119758
21.80693557564863
22.604906475363173
24.033788384589
26.322357433898762
28.1045923227286
29.87410132657633
29.179283751305714
29.290405867701384
29.26722259082291
28.780777035907267
27.766348186467084
25.99765709959056
24.812147280424178
23.484974968851336
22.404411566335956
20.727599766872594
19.202451063403117
17.582092587162883
17.77645945716034
17.6910545393745
20.60354747351973
27.38492201603489
36.359344488131704
42.627445974776535
49.86457684084019
60.670218076012766
68.64554257184379
78.71868982586092
80.94550966320632
80.8928613224838
81.71958221577337
81.31337724209487
82.97800334054678
82.55193755531477
83.18107174042595
82.48585692351209
82.79585321870596
83.43072969915985
84.15087005081253
85.97986991531538
86.88870650429608
87.53745345189643
88.1456016143124
88.41680879488578
91.77631908304804
93.4628130546301
96.92968211634968
99.1690705262082
101.55731398722318
105.22082692740186
108.50900257865851
113.376374942733
118.3469016184247
119.79935726846993
120.46947814839778
120.74858955072884
119.22802441997342
119.03254288765324
117.44894283963299
116.25492207359575
115.77447397991163
115.59713649384804
114.44165393914469
114.55488359490532
113.97498277087399
114.36289662786375
113.23629513115894
113.47941917631516
114.90329474226063
115.98397390527418
119.4251945459195
120.28547752262631
123.64645129291804
126.02898408802199
127.75369147668292
130.91470871284227
132.7843032042169
134.38332165115645
135.11687515187097
134.58877561218276
134.7979517779041
131.98860630115
128.0536705154523
126.048742849927
123.22764893676772
120.57547132207894
118.84021186198012
115.98996744140982
112.85353267241655
110.86353927413039
111.63128005225491
110.35805418243142
113.04658965968721
115.16397403380306
120.60057151354235
122.62591504242772
126.495512458984
131.91956677385477
136.2276531536321
139.35827686477109
140.32068015396175
140.39595843802658
140.83287976976666
140.480138941187
140.483439725819
140.13749670329761
140.17248620874912
141.63699849079228
139.8319471735489
140.64019796904148
140.3957137654901
141.6875487266673
140.88260467309513
141.47399189289933
141.3284162141199
142.27603014067316
142.64658025352156
143.9334288786409
148.0408827628173
151.77824000993803
156.20297632934677
160.16395602061658
163.33113892955933
167.56083473833905
170.8711935098663
171.36253814417614
172.01903949828738
172.49004210450082
172.93931960926676
173.14577468125046
174.16851240910663
174.31183689151433
175.01588511441554
176.13002899330053
176.6211470066492
177.53070252306705
178.87649195332762
180.72676174434974
179.79243096670118
180.91079754548747
182.8229316466197
185.75954156310758
188.09108869895306
190.26570625742866
193.28911941453293
195.311060998058
197.5915134265214
201.35176390821798
206.23625601757797
207.69313820526688
208.0637767664488
209.12841935829994
208.40639877433574
206.1687306557744
204.81217439785038
203.22004444907662
201.50097915915865
201.8212938505968
201.3840815155204
200.3163947931458
201.15257156477944
200.0144400325881
198.57320826761529
199.08353502274608
198.66050375314128
199.54333849907601
200.79038873372795
200.32734662207739
200.03550062780738
200.3335603028788
199.99532274033652
200.4229728498261
200.94158388315054
201.5774655815243
202.2037305126611
200.74773042817858
200.36774117348125
198.8745676412173
195.8994547517438
195.77315817407188
191.5633865481693
191.15666764430196
191.38389085946227
190.64898199157017
188.73781895583883
187.8246618966179
185.91029563605443
184.04169231241346
181.88777452877528
177.52713471962034
170.69426117555165
163.95224662994343
158.11404991841331
149.45124960153865
140.7560245335472
129.80587921783177
127.7244800441679
126.35802144388086
125.77300357511324
125.4846872753566
125.16970994915451
124.7478817793594
123.22973658929446
123.70274964155172
123.57596124100807
121.51753942650161
119.34244323691053
117.10676467848
113.67254033439168
112.88260654604846
111.89359188873962
111.86567068234535
112.75627865594195
114.39484439634512
116.7029872986429
117.66206705857708
119.99111043221008
121.22499881872731
121.46178492762003
124.14472623548623
124.94444209176106
124.66078595857813
126.62064502326432
125.77123105529063
124.2217512467782
122.13863587160695
120.87732616676523
117.5719230422655
115.51509803315902
112.60979589800375
112.1004094921031
109.0817424108144
107.85454329627257
105.80457990619257
107.01584335151612
106.23693955257836
105.0417708229286
105.08710876663653
105.00659838097441
103.89441295853983
103.64128503537101
103.22106931301231
103.136831833019
102.42610169719045
104.2030866612292
103.07767013891278
101.68224993175261
100.55647649124471
98.98674441300334
96.80303556430867
90.12921497414395
85.5480640351036
78.9303148842536
