14
22
b
219.55111808775976
219.94105699276156
220.8111539832413
218.76394071621763
219.58721588397106
220.2775141555992
219.4067618720361
211.4917696735733
200.81925160990497
186.60272341842906
176.21834654261667
162.6147457028128
148.26760867717616
137.4603982050885
117.41446067452958
104.2880522324893
94.5042889139116
92.22432165552952
91.10381404214588
93.98257203670269
98.82023164539673
104.57752569928535
107.92863363894587
113.89123264340446
115.1361971773473
115.77134466676233
115.9187174451381
116.35871806595404
116.87892983369892
117.4487169706798
117.90811814505186
119.08040287545607
120.23981310266308
121.78834329599641
123.33741450557169
125.82873315321801
126.8197015389979
129.5054900859333
131.67809315737117
133.58319049385406
134.92783860513785
135.91341402967657
135.40688583287948
133.99016608044948
132.66542411141126
131.17206501233
129.1902435680872
129.10875209871656
128.63608108430952
127.48259590610184
125.82954185989824
126.0894065123378
124.4286344346019
124.90724190195404
124.1088608796185
124.00770790056083
123.52207482093846
122.6534327090682
122.07827711168405
121.05956183457005
119.76035095524198
117.86113476721104
114.35134319521542
111.86650192822626
110.90909906204904
109.05359355406111
108.82638005541318
114.51505619839325
122.46134421839058
135.5714237269993
143.74887546575002
153.95274022612318
162.34470529292904
168.9648797305806
177.0389536561061
181.53375499501064
190.28832757758622
193.0825304615505
198.02740925040126
206.04531859008208
214.8371455534102
224.30635383771144
231.8042768378087
242.03900137640997
255.9588045156169
267.6711582004387
286.1652435791354
299.946505365777
310.614363443515
312.9206113140245
312.78111245318496
311.10686364797454
304.98298507658944
300.09666382898365
294.86652169217376
289.8288009744605
289.96639829431524
289.42608744216454
290.6096077179041
290.18129022853327
289.95175041033207
288.91045273469865
287.8578082398331
285.6214963638998
283.2384234209612
272.6784266629096
261.35760684250926
246.94579934232803
236.09217847793957
226.36081045056284
211.14059614305899
199.91914306226002
191.61492108905327
190.78852255072783
190.1068335236328
192.48624447775964
198.07115582813128
202.88097284187722
207.7763048455933
214.31362159640707
214.30823865232676
216.43604495001594
219.52764234947034
221.38804839380987
221.3821689033883
222.27558029988984
222.40371880261623
223.5173504469195
222.83302128289094
223.5097355630368
223.74467007161633
223.91185247015318
224.81933104481806
225.1566018092943
224.9233185310239
226.17117962182675
225.36724858047225
226.3747631346864
226.61317828064608
228.37296932024066
230.86948712299537
238.3400231722907
244.17992079081813
249.837399919839
255.3629055932195
261.1744219124757
268.92579530265743
275.17408593305555
279.5070739205866
280.23800872771693
279.47717735689423
279.21097685937343
277.6112625031363
276.33034180730664
273.8665980118714
271.6923922616156
271.64616223077223
270.0064472575446
269.8805341764889
268.0842345006557
266.41064387045316
265.90696673230417
265.0619657656507
270.2412159388813
278.32183485443295
289.0480468310149
296.18979522176517
304.5757927652171
312.9731275171192
321.1233786493596
333.15757260457474
342.4580075419875
350.3455192696811
350.45955290685066
350.19256839171925
348.76199673167633
345.3640992033275
341.22872043094
338.036257733065
334.97141966610076
333.87021717058894
332.08116154073366
332.6902072914421
331.89428370975725
330.99566260225083
331.32531090176974
331.21056305210493
329.16864700945604
328.4066696041367
325.4049537065676
324.76720834899464
323.8056645182733
322.2154104177627
321.20034028833606
319.50759173123635
318.9436332048019
317.0693977076111
317.2689911701821
315.7865775692052
312.8571173150468
310.3468882733176
304.7642418710214
302.6795047443512
297.4544508063189
292.83519277671866
286.5738279427723
278.1415838289143
272.94891428705046
268.0436881299208
265.93492967420735
265.35497173171433
272.2808519276857
280.7905474857269
292.0437557463418
301.84275538492153
311.9274067282497
320.995609594703
329.1458213213385
342.44309174075215
352.1914806100812
360.71588641603984
361.4101508769458
361.6615200294757
356.0226545715652
349.0728498172239
339.70359442989155
331.45657456184585
323.95283902715516
317.0641952946168
313.2340693437084
308.12529160455836
303.11694924684906
298.87905979577255
297.6486923290825
296.54527415135055
294.0966663744164
290.69280963484766
288.74168257608676
286.8714253194233
283.81514647792176
278.0643676192212
273.9178352431921
269.4176851283401
264.4170929477384
261.7792317596901
260.47051733588785
259.0481701897945
258.9803064640064
257.71931739740876
256.9095553178221
254.38593462395434
254.99079853624798
251.029903693995
247.21742012594726
242.62951217346946
238.74226094541166
234.62568061810816
234.12925490271235
234.24680253701047
238.4236872922507
243.9086209337821
252.09809884005904
257.9302223679262
264.2677819260156
271.34989737391743
276.7078908373625
285.8173183198078
293.5619914672965
299.505603262786
300.23998386849644
300.6411817780734
294.5413181450858
287.085275419893
274.8647046021877
267.04882783163436
257.1030155861363
246.32275207162758
238.23626615151636
225.64811895533032
224.38407670359658
223.426643108532
222.85774876275764
221.9202506834592
221.19519587764677
222.22166425600298
221.82995260358473
220.58638524936677
221.1912889883045
