9
6
a
269.27431730944187
268.48265918136246
269.36938038047174
269.2827177786678
269.6133957839604
270.5663315522378
269.3181594079026
264.2653647219725
258.7092321482682
249.21864131231908
242.30413511015044
234.97384378027076
224.52364816165087
216.87042979531543
206.88205259136802
200.9159083955918
198.29368891738284
196.42567627764728
196.13291641992214
193.04315820327372
192.42202185142162
190.76802170353395
190.42338733262346
189.9268372515118
186.60931945948602
182.91773774298423
179.23482793260865
178.11074135965333
174.08471258817784
173.04493240138288
171.14861256632418
170.11504863586612
168.05519270083008
165.77185877650925
163.94161710958272
161.29376162613403
158.17543946519183
154.41634874539753
148.60055912820962
144.80240119362526
141.55026987933388
141.94042726565453
141.02959732173989
142.9946707068701
143.73239761324356
146.4694254200751
148.84073047196446
150.2700535672462
151.11168089522042
151.92752226698622
152.2568626297632
153.2768763041861
153.4643818222591
154.19449970783782
154.3620569501252
155.59108835043926
156.47291679363173
159.52293947619958
159.34091156928727
161.23234202580568
162.6693429872442
163.72704995004833
164.92122411004846
165.24464107392777
167.65999249783678
168.25023265177094
168.5785646067146
170.55309801989884
172.5890580955301
175.67609607782705
179.10755052172232
180.983354797283
184.12396635202876
186.754347598522
188.8778028852463
191.75867946865904
194.91621172989912
196.17182314723456
198.05679589223598
201.3781779483409
206.02676357338484
211.02710453486208
215.89422475258024
219.60522049510683
226.67013705762773
230.57621322327176
236.45161370462685
240.1530552525488
245.977289347126
248.35611047937627
250.09163897365048
254.0950285906799
258.97105736993166
263.71211624616694
267.92592551234515
272.92727430473695
280.08178389461574
286.7358051418242
294.4302820491319
299.0993135298248
303.7113964605419
306.42815745569783
307.0976977649596
310.4404686417433
313.4163838752103
316.83638305648464
318.3272055662498
321.49139155598664
329.1660403719322
334.32845767871765
342.8082495071222
345.3416368564898
346.70530424049053
347.1785055343905
347.8941382951732
347.8318983385881
347.5126199349361
348.9657256874819
349.5093324209539
349.86835771437364
351.4887542727835
353.50877881545836
355.5993444819836
358.64315211861475
359.044767926856
360.14130398539413
360.249012297038
359.00540408289993
358.44370267116796
356.74955044676756
354.4523872718453
353.0845052859888
352.2844215023833
351.43378133820846
349.565272737089
348.0713946369927
346.5670036113519
345.77897764647645
346.7953648601758
348.6139997248486
350.9602475727391
354.88539267058883
357.05319200192395
360.1466973642526
363.22309986230704
364.55453367740154
369.11189971184973
371.79817598272103
373.5778416283426
373.74544430894895
374.194288241267
373.30096154505475
373.5913664913573
372.86987111539196
371.1965797102218
370.7930079179352
370.3018224585382
371.73652511939446
371.07968230745104
371.7602530508844
371.64374049148984
372.76613993945097
370.90962507251515
371.12209796301136
370.1325497333434
369.05574534389064
368.08711066901077
367.5363215861246
366.48128559669766
366.1967294523166
365.5182991771392
365.14219375035526
365.0489737520237
363.5950873460579
363.4846525456314
362.0031727257662
361.3255765102608
359.1443345667317
357.5945509896546
357.7955343882212
355.96806024176124
353.5246076265511
352.11896791598105
349.2732050241558
348.82156608338556
348.6722648615237
348.8411662007361
348.62399857210835
347.1999174518536
347.08550824586297
346.95420252597967
346.4266896934042
344.95818658687506
345.3606163844418
343.67129180187027
344.1588365805972
342.0111329232536
342.6805861801872
342.43295056522135
341.29772320462655
340.61387252091663
340.6982429575796
340.01426255098596
339.82253848867714
337.93942884939145
337.6533470918544
335.83005714006987
335.11893424534816
334.6288458680244
334.455805465291
335.41119849910854
333.9249342735022
336.01825431005386
337.3814639022602
339.32973487697313
339.4264896225363
340.6775854245916
341.1139589856574
341.87565108247725
343.130059813291
343.3627004728848
344.45373070046077
344.4179505638727
344.2935257290823
344.703455702942
344.15093600030497
343.4178119641517
342.31818493987026
343.1279587450849
342.1390670879868
341.2068363937712
341.14895149638994
340.49705682396956
339.4205953153028
340.60760606275124
342.50106879254866
344.9987982397017
350.0963851157493
352.9223907670895
357.51830308919557
363.8522513413219
366.4760924943038
372.1010270423978
371.56231224919026
373.03753039954233
372.9039818817153
372.55269438010066
374.9955282809345
374.72338065904023
374.4959965795589
374.8010645875409
375.0413975751213
375.6589614611764
376.6543671828288
377.94909791177776
379.09198698804306
380.4766674738422
380.5074780141982
379.9029534716559
379.18439978472514
376.8920747363168
374.8477441413442
373.1954621435931
370.6933684532076
369.7902709855005
368.90080167373696
367.6873178793776
367.198221083484
366.20980502752417
364.61068588154785
364.6394207829369
361.79497386286573
358.7893603898583
352.4107563550835
348.95407997184196
343.21998229017765
339.22351486860083
334.39454441353
331.03893172247086
326.75115630269215
322.8818829311214
320.79607619561216
317.61033442120737
313.08997612894757
309.54180672753427
303.47148019758026
298.7327748355944
294.33416399472463
