13
26
c
15.166264576956854
15.393616281253118
14.895304929672347
15.498021746309064
15.157131733546393
15.965774444396063
15.553672727497204
14.994129553217437
13.659364579371394
11.760563513894953
9.938563872449908
6.983319559802728
5.6974267996692465
4.878209268296967
0.9580302211393137
0.2499556076898954
0.42608711907960445
0.2525043623886075
0.0
0.04646103686536734
3.2359190401968467
12.189148503456984
15.258442776402003
22.410799291469935
28.418284454680933
33.63523528957594
43.098938072863966
48.519446278616236
53.37701208455694
53.8147927854734
54.0256641005314
50.7192199804052
44.56979968271735
36.46718740245091
30.16506252692077
20.4935327792415
15.442474820586893
9.639564698226371
2.3092372423748255
0.0
0.0
0.6205969715347281
0.047079670189299413
0.067255798929941
0.038925279192131554
0.0
0.0
2.2393375539493774
4.953254941126897
4.566833583834715
4.278201011464736
3.9159063229034285
4.9281825870180755
6.211451988763964
6.120592867104618
9.229790452008677
10.635847899429814
17.333230166020172
22.793045427321445
28.805644373455046
32.30212878842898
34.96435819486382
36.830095367592236
40.082338289297915
43.99608309097471
46.08180551308225
51.40398752542156
58.69008505754684
69.54443695344827
86.87430959042862
98.90509330061923
114.9129068156317
132.02413558896095
150.93679668383683
176.14813171344758
196.81987343129603
211.10833278830128
216.0492077292225
216.04952653181203
203.1007453137058
184.32291871164676
155.98592119110558
135.23962940787484
111.5934325543662
93.96327446616732
78.13060315692502
52.48758530362705
34.09686433126886
18.28826453772568
15.641965593532046
14.989953775970774
20.76635445277554
30.04464937334844
41.21264609679841
51.53505704862155
61.50731366743736
65.43234302517172
70.08820510499538
76.70526038257013
81.32572973634534
85.11666797885738
85.23500556862936
85.85572980077704
83.6290552894881
84.02356551333305
82.1709775192197
81.22606422444225
79.0044978788522
78.44634830729584
74.28608388002468
70.63104796118901
64.84360945050778
59.6471473784889
58.53931506140205
57.62951462014496
74.79849697820411
98.15938796495143
132.08659504597605
156.84499901164463
187.68168521127214
222.66386509807967
251.0021670729393
288.9081320292575
304.16951399015363
313.71477841945574
315.87216536381135
318.98501451811745
322.8647921006321
324.90519655190144
328.7532595397399
331.3274429097322
334.55227187608375
346.60332880935124
356.6839757320889
374.20497748865444
386.6978802375693
398.41738712496715
400.92514030159214
401.07458878089824
390.14215290877524
372.95854960641054
347.76816208271936
330.78585353649254
310.166652737353
289.99513604167356
275.519792990162
254.75499415510464
241.5064916003121
235.10556857301106
231.61356120253078
230.2725271751113
226.10029077416237
222.38122709482482
219.68279785557584
215.80863021936187
212.30897446394064
203.38281931307762
196.2607270081152
187.7440705862886
180.79815549742727
176.5412120405504
173.84124190276765
172.14172203328707
169.08769880010834
167.00494425079114
164.5958767465733
162.28585278244168
158.74922912086916
152.66634500495434
145.62169173691066
134.55728032798618
126.55058338200864
120.18626010783039
118.93351321680504
118.53393668009511
127.46805829100167
141.62513409721075
160.22024470690468
174.78793954981742
190.80144104927652
204.9333733862508
221.0321057939506
244.72013859622587
262.30930405594967
277.54518857353975
280.5511284085642
279.93962251558537
265.28799904118495
242.10063456036355
209.95198860553884
186.68153874402284
158.0609688213432
136.97539037519974
114.49595495371182
82.17469711826807
56.90935649245183
38.35728747101577
33.726722032170244
34.43192781441175
43.12647046455177
58.20087242940978
77.63629186334333
94.42742479795857
111.40384316335067
121.8147778803
132.21384252891318
149.16684099161313
160.06903069172577
168.6659662126855
172.40464568669043
171.14342662944134
164.5928923007254
154.72992106801115
140.9006933621629
131.1686517940587
118.12498412486953
109.3868796574844
98.50180598030558
81.17984441191783
68.48235146523314
56.877876562055796
53.72820498216048
54.12940250625057
71.03784445850519
97.21758283336408
135.3164274304279
161.44827404859745
193.7277122496621
221.59734671404485
247.33271404874938
288.30230961910297
319.87050651339734
343.06222456894005
348.1968092820079
347.86727982892745
338.0959577153685
322.53591792385794
301.64813630911493
284.00158675028746
265.44861476046447
260.958929524968
255.39846971158175
251.1997998628628
245.7991278516593
239.8253083120606
234.64310280013189
229.63137252300265
215.58988012886127
200.50749469538445
175.94867901041152
157.6439922231989
133.2051294588535
108.33542091585878
86.56960255669176
51.30915639271231
24.425429515123263
6.065302177708345
1.1670562468976233
1.3533699635386325
5.7284403568923965
12.217843534305599
20.23572278694107
28.260803365190316
37.24351810545941
36.64017044186441
36.54448765760812
35.561104479079795
35.196090878303366
36.03246403455371
35.79570201847038
34.763047271984426
35.33373449363684
36.6682098646216
38.110872416329386
38.80985177472679
39.293363042097546
40.47509107201814
42.404874626491434
44.50368992242558
45.11857324488967
47.260197894319944
48.09010770203959
47.55793007441445
45.60155201305811
42.20283740603744
37.33404313875448
33.336546686891204
29.310527462207325
